data/output/RUN203/ECOSPACE/ECOSPACE_in_PAR3/PAR-VarZ-VarK/PAR-VarZ-VarK_1987_10.asc
ncols        93
nrows        151 
xllcorner    -123.80739
yllcorner    48.29471 
cellsize     0.013497347 
NODATA_value  0.0
[rows 80 to 119 of 151, columns 0 to 89 of 93]
nan nan nan nan nan nan nan nan nan nan nan nan nan nan nan nan nan nan nan nan nan nan nan 22.3 21.3 22.4 23.8 24.1 24.0 24.0 24.0 23.8 23.7 23.6 23.6 23.6 23.7 23.8 23.9 24.0 24.0 23.9 23.7 23.3 22.7 22.1 21.5 21.0 20.4 19.8 19.1 18.5 17.9 17.5 nan nan nan nan nan nan nan nan nan nan nan nan 13.9 14.4 14.7 14.9 nan 14.5 14.5 14.6 14.8 15.1 15.1 14.8 14.6 15.0 15.6 15.9 15.8 nan nan nan nan nan nan nan
nan nan nan nan nan nan nan nan nan nan nan nan nan nan nan nan nan nan nan nan nan nan nan nan nan nan 23.9 23.8 23.8 23.8 23.8 23.7 23.6 23.5 23.5 23.5 23.6 23.7 23.8 23.9 23.9 23.9 23.7 23.3 22.8 22.2 21.7 21.2 20.7 20.0 19.4 18.8 18.2 17.7 17.1 nan nan nan nan nan nan nan nan nan nan nan 14.4 14.7 nan nan nan nan nan 14.8 15.2 15.5 nan 15.1 15.3 15.8 16.4 17.0 nan nan nan nan nan nan nan nan
nan nan nan nan nan nan nan nan nan nan nan nan nan nan nan nan nan nan nan nan nan nan nan nan nan nan nan 23.6 23.3 23.6 23.6 23.5 23.5 23.4 23.3 23.4 23.5 23.6 23.7 23.8 23.8 23.8 23.6 23.2 22.7 22.2 21.8 21.4 20.9 20.3 19.7 19.1 18.5 17.9 17.4 16.9 nan nan nan nan nan nan nan nan nan 14.3 14.9 nan nan nan nan nan nan 14.9 15.3 15.5 nan 15.4 16.2 16.7 17.1 nan nan nan nan nan nan nan nan nan
nan nan nan nan nan nan nan nan nan nan nan nan nan nan nan nan nan nan nan nan nan nan nan nan nan nan nan nan 22.6 23.1 23.4 23.3 23.2 23.1 23.1 23.2 23.3 23.4 23.5 23.6 23.6 23.6 23.5 23.1 22.6 22.2 21.8 21.4 21.1 20.6 20.1 19.5 18.9 18.3 17.7 17.2 16.8 nan nan nan nan nan nan nan nan 14.3 15.0 nan nan nan nan nan nan 14.9 15.4 15.9 16.5 17.1 17.2 17.3 nan nan nan nan nan nan nan nan nan nan
nan nan nan nan nan nan nan nan nan nan nan nan nan nan nan nan nan nan nan nan nan nan nan nan nan nan nan nan nan 8.6 23.1 23.0 23.0 22.9 22.9 23.0 23.1 23.2 23.3 23.4 23.4 23.4 23.2 22.9 22.5 22.1 21.8 21.5 21.3 21.0 20.5 20.0 19.5 18.9 18.2 17.6 17.0 16.7 nan nan nan nan nan nan 14.2 14.6 15.2 nan 15.9 16.0 16.2 nan nan 15.1 15.7 16.4 17.2 18.3 nan nan nan nan nan nan nan nan nan nan nan nan
nan nan nan nan nan nan nan nan nan nan nan nan nan nan nan nan nan nan nan nan nan nan nan nan nan nan nan nan nan nan 9.2 22.5 22.8 22.6 22.7 22.8 22.9 23.0 23.1 23.2 23.1 23.1 22.9 22.6 22.3 22.1 21.8 21.6 21.5 21.3 21.0 20.7 20.2 19.5 18.8 18.1 17.5 17.1 nan nan nan nan nan 14.4 14.7 15.2 15.6 15.8 15.9 16.0 16.1 7.5 nan 15.2 16.1 16.9 17.6 18.3 nan nan nan nan nan nan nan nan nan nan nan nan
nan nan nan nan nan nan nan nan nan nan nan nan nan nan nan nan nan nan nan nan nan nan nan nan nan nan nan nan nan nan nan 21.4 22.2 22.3 22.4 22.5 22.6 22.8 22.9 22.9 22.9 22.8 22.7 22.5 22.2 22.0 21.9 21.8 21.7 21.7 21.6 21.3 20.9 20.3 19.6 18.9 18.2 17.6 17.0 nan nan 15.1 15.6 15.7 15.7 16.1 16.3 16.5 16.4 16.4 16.4 nan nan 15.7 16.5 17.4 18.1 18.5 nan nan nan nan nan nan nan nan nan nan nan nan
nan nan nan nan nan nan nan nan nan nan nan nan nan nan nan nan nan nan nan nan nan nan nan nan nan nan nan nan nan nan nan nan 22.1 21.9 21.9 22.3 22.4 22.5 22.6 22.6 22.6 22.5 22.4 22.3 22.1 22.0 21.9 21.9 22.0 22.1 22.0 21.9 21.6 21.1 20.5 19.7 19.0 18.5 17.9 16.9 16.6 16.5 16.8 nan 16.5 17.1 17.6 17.8 17.8 17.6 17.2 16.6 16.6 16.7 17.1 17.7 18.3 nan nan nan nan nan nan nan nan nan nan nan nan nan
nan nan nan nan nan nan nan nan nan nan nan nan nan nan nan nan nan nan nan nan nan nan nan nan nan nan nan nan nan nan 22.1 22.0 21.8 21.7 21.6 21.8 22.1 22.3 22.4 22.4 22.4 22.3 22.2 22.1 21.9 21.8 21.9 22.0 22.2 22.5 22.5 22.5 22.3 21.9 21.4 20.8 20.1 19.5 18.9 18.4 18.0 17.7 17.8 18.2 18.1 18.7 19.3 19.4 19.3 19.1 18.3 17.5 17.4 17.3 17.7 18.2 18.4 nan nan nan nan nan nan nan nan nan nan nan nan nan
nan nan nan nan nan nan nan nan nan nan nan nan nan nan nan nan nan nan nan nan nan nan nan nan nan nan nan nan nan nan nan nan 21.5 21.4 21.4 21.5 21.8 22.0 22.1 22.2 22.2 22.1 22.0 21.9 21.8 21.8 21.9 22.1 22.5 22.8 22.9 22.9 22.8 22.6 22.2 21.8 21.3 20.8 20.3 19.8 19.3 19.0 19.1 19.3 19.2 19.4 19.9 nan nan nan 18.6 18.2 18.0 17.9 18.1 18.4 nan nan nan nan nan nan nan nan nan nan nan nan nan nan
nan nan nan nan nan nan nan nan nan nan nan nan nan nan nan nan nan nan nan nan nan nan nan nan nan nan nan nan nan nan 9.0 8.3 21.1 21.1 21.0 21.2 21.1 21.5 21.8 22.0 22.0 22.0 21.9 21.8 21.8 21.7 21.9 22.2 22.6 23.0 23.1 23.2 23.2 23.1 22.8 22.5 22.1 21.7 21.2 20.7 20.2 19.8 19.7 19.8 nan nan nan nan nan nan nan 18.6 18.3 18.1 18.3 18.4 nan nan nan nan nan nan nan nan nan nan nan nan nan nan
nan nan nan nan nan nan nan nan nan nan nan nan nan nan nan nan nan nan nan nan nan nan nan nan nan nan nan nan nan nan 9.2 20.6 20.8 21.0 20.8 10.3 21.3 21.7 21.8 21.9 21.9 21.9 21.9 21.8 21.8 21.8 21.9 22.2 22.7 23.1 23.3 23.4 23.5 23.4 23.3 23.0 22.7 22.4 21.9 21.4 20.8 20.3 19.9 nan nan nan nan nan nan 17.8 18.1 18.4 18.2 18.2 18.3 nan nan nan nan nan nan nan nan nan nan nan nan nan nan nan
nan nan nan nan nan nan nan nan nan nan nan nan nan nan nan nan nan nan nan nan nan nan nan nan nan nan nan nan nan nan 9.1 19.7 20.6 20.9 nan nan nan 21.2 21.6 21.7 21.8 21.8 21.8 21.8 21.8 21.8 21.9 22.2 22.7 23.1 23.4 23.5 23.7 23.7 23.6 23.4 23.2 22.9 22.5 22.0 21.4 20.9 20.4 nan nan nan nan nan 17.7 17.8 17.8 17.9 17.9 18.0 nan nan nan nan nan nan nan nan nan nan nan nan nan nan nan nan
nan nan nan nan nan nan nan nan nan nan nan nan nan nan nan nan nan nan nan nan nan nan nan nan nan nan nan nan nan nan 8.9 8.5 20.2 20.7 nan nan nan 19.7 21.0 21.3 21.6 21.6 21.7 21.7 21.7 21.8 21.9 22.2 22.6 23.0 23.3 23.6 23.7 23.8 23.8 23.7 23.5 23.4 23.0 22.6 22.1 21.5 20.9 19.5 18.9 nan 17.7 17.9 17.9 17.7 17.6 17.5 nan nan nan nan nan nan nan nan nan nan nan nan nan nan nan nan nan nan
nan nan nan nan nan nan nan nan nan nan nan nan nan nan nan nan nan nan nan nan nan nan nan nan nan nan nan nan nan nan nan nan 20.0 17.3 nan nan nan nan 20.8 21.0 21.2 21.5 21.7 21.7 21.7 21.7 21.8 22.1 22.5 22.9 23.2 23.5 23.7 23.8 23.8 23.8 23.7 23.6 23.4 23.1 22.6 22.0 21.3 20.5 19.8 19.0 18.5 18.2 18.0 17.6 17.3 nan nan nan nan nan nan nan nan nan nan nan nan nan nan nan nan nan nan nan
nan nan nan nan nan nan nan nan nan nan nan nan nan nan nan nan nan nan nan nan nan nan nan nan nan nan nan nan nan nan nan nan nan 18.3 9.3 nan nan nan 8.6 21.1 21.3 21.2 21.5 21.6 21.6 21.6 21.7 21.9 22.3 22.7 23.0 23.3 23.5 23.6 23.7 23.8 23.8 23.8 23.7 23.5 23.1 22.6 22.0 21.3 20.5 19.7 19.0 18.5 18.0 17.6 17.1 nan nan nan nan nan nan nan nan nan nan nan nan nan nan nan nan nan nan nan
nan nan nan nan nan nan nan nan nan nan nan nan nan nan nan nan nan nan nan nan nan nan nan nan nan nan nan nan nan nan nan nan nan nan 9.4 19.0 nan nan nan nan 20.9 21.7 21.7 21.6 21.5 21.5 21.6 21.8 22.1 22.5 22.9 23.1 23.3 23.4 23.5 23.6 23.7 23.8 23.8 23.8 23.6 23.3 22.7 21.9 21.0 20.2 19.4 18.7 18.0 17.5 17.2 16.8 nan nan nan nan nan nan nan nan nan nan nan nan nan nan nan nan nan nan
nan nan nan nan nan nan nan nan nan nan nan nan nan nan nan nan nan nan nan nan nan nan nan nan nan nan nan nan nan nan nan nan nan nan nan 14.4 9.2 nan nan nan nan 20.4 21.9 21.6 21.5 21.4 21.5 21.7 22.0 22.3 22.6 22.8 23.0 23.1 23.3 23.5 23.6 23.7 23.8 23.8 23.8 23.6 23.1 22.3 21.3 20.3 19.4 18.6 17.9 17.4 17.1 16.9 16.7 7.2 nan nan nan nan nan nan nan nan nan nan nan nan nan nan nan nan
nan nan nan nan nan nan nan nan nan nan nan nan nan nan nan nan nan nan nan nan nan nan nan nan nan nan nan nan nan nan nan nan nan nan 10.4 12.7 20.7 21.1 nan 9.2 nan 19.4 21.4 21.5 21.4 21.3 21.4 21.6 21.9 22.1 22.4 22.5 22.7 22.8 23.0 23.2 23.5 23.6 23.7 23.8 23.8 23.7 23.2 22.3 21.2 20.1 19.2 18.4 17.7 17.2 17.0 16.9 16.8 16.7 nan nan nan nan nan nan nan nan nan nan nan nan nan nan nan nan
nan nan nan nan nan nan nan nan nan nan nan nan nan nan nan nan nan nan nan nan nan nan nan nan nan nan nan nan nan nan nan nan nan nan 20.5 20.1 21.2 18.7 9.5 18.9 20.0 17.4 20.7 21.4 21.3 21.2 21.3 21.5 21.8 22.0 22.1 22.3 22.4 22.5 22.7 23.0 23.3 23.5 23.6 23.7 23.7 23.5 23.0 22.0 20.8 19.7 18.4 17.4 16.5 17.1 16.9 16.9 16.9 16.8 17.0 nan nan nan nan nan nan nan nan nan nan nan nan nan nan nan
nan nan nan nan nan nan nan nan nan nan nan nan nan nan nan nan nan nan nan nan nan nan nan nan nan nan nan nan nan nan nan nan nan nan 20.9 21.0 20.9 20.0 16.3 nan 21.1 19.8 21.1 21.3 21.3 21.2 21.3 21.5 21.7 21.9 22.0 22.0 22.1 22.3 22.5 22.8 23.0 23.3 23.4 23.5 23.5 23.2 -9999.0 -9999.0 -9999.0 -9999.0 -9999.0 -9999.0 -9999.0 7.4 16.9 16.9 17.0 16.8 16.9 nan nan nan nan nan nan nan nan nan nan nan nan nan nan -9999.0
nan nan nan nan nan nan nan nan nan nan nan nan nan nan nan nan nan nan nan nan nan nan nan nan nan nan nan nan nan nan nan nan nan nan 20.7 20.8 20.8 20.8 20.8 nan nan 20.5 21.1 21.2 21.3 21.3 21.3 21.5 21.7 21.8 21.9 21.9 22.0 22.1 22.3 22.6 22.8 23.0 23.2 23.3 23.2 -9999.0 -9999.0 -9999.0 -9999.0 -9999.0 -9999.0 -9999.0 -9999.0 nan 8.2 16.4 16.9 16.0 nan nan nan nan nan nan nan nan nan nan nan nan nan nan nan -9999.0
nan nan nan nan nan nan nan nan nan nan nan nan nan nan nan nan nan nan nan nan nan nan nan nan nan nan nan nan nan nan nan nan nan nan 20.5 20.6 21.1 21.2 20.1 nan 17.8 18.9 20.7 21.1 21.3 21.4 21.4 21.6 21.7 21.8 21.8 21.9 22.0 22.0 22.2 22.4 22.7 22.9 23.0 23.1 22.9 -9999.0 -9999.0 -9999.0 -9999.0 -9999.0 -9999.0 -9999.0 -9999.0 -9999.0 -9999.0 nan 7.2 7.2 nan nan nan nan nan nan nan nan nan nan nan nan nan nan nan -9999.0
nan nan nan nan nan nan nan nan nan nan nan nan nan nan nan nan nan nan nan nan nan nan nan nan nan nan nan nan nan nan nan nan nan nan 20.6 20.8 21.1 17.1 17.3 11.3 19.0 16.9 20.1 20.8 21.3 21.4 21.5 21.6 21.7 21.8 21.9 21.9 22.0 22.0 22.2 22.4 22.6 22.8 22.9 22.8 -9999.0 -9999.0 -9999.0 -9999.0 -9999.0 -9999.0 -9999.0 -9999.0 -9999.0 -9999.0 -9999.0 nan nan nan nan nan nan nan nan nan nan nan nan nan nan nan nan nan nan -9999.0
nan nan nan nan nan nan nan nan nan nan nan nan nan nan nan nan nan nan nan nan nan nan nan nan nan nan nan nan nan nan nan nan 17.6 18.1 19.1 20.8 20.9 19.5 16.4 16.4 nan 20.8 20.5 20.7 21.2 21.4 21.5 21.7 21.7 21.8 21.9 21.9 22.0 22.1 22.2 22.4 22.5 22.7 22.8 -9999.0 -9999.0 -9999.0 -9999.0 -9999.0 -9999.0 -9999.0 -9999.0 -9999.0 -9999.0 -9999.0 -9999.0 -9999.0 nan nan nan nan nan nan nan nan nan nan nan nan nan nan nan nan nan -9999.0
nan nan nan nan nan nan nan nan nan nan nan nan nan nan nan nan nan nan nan nan nan nan nan nan nan nan nan nan nan 9.2 nan nan 19.3 20.2 20.6 19.9 21.0 21.0 20.9 nan nan 20.2 20.4 20.8 21.1 21.3 21.5 21.6 21.7 21.8 21.9 22.0 22.0 22.1 22.2 22.4 22.5 22.7 22.7 -9999.0 -9999.0 -9999.0 -9999.0 -9999.0 -9999.0 -9999.0 -9999.0 -9999.0 -9999.0 -9999.0 -9999.0 -9999.0 -9999.0 -9999.0 nan nan nan nan nan nan nan nan nan nan nan nan nan nan nan -9999.0
nan nan nan nan nan nan nan nan nan nan nan nan nan nan nan nan nan nan nan nan nan nan nan nan nan nan nan nan nan 8.4 8.4 nan 20.7 20.8 17.7 19.4 18.8 21.0 21.1 20.1 nan 20.2 20.6 20.7 21.1 21.3 21.5 21.6 21.6 21.7 21.9 22.0 22.0 22.1 22.3 22.4 22.5 22.8 -9999.0 -9999.0 -9999.0 -9999.0 -9999.0 -9999.0 -9999.0 -9999.0 -9999.0 -9999.0 -9999.0 -9999.0 -9999.0 -9999.0 -9999.0 -9999.0 -9999.0 nan nan nan nan nan nan nan nan nan nan nan nan nan nan -9999.0
nan nan nan nan nan nan nan nan nan nan nan nan nan nan nan nan nan nan nan nan nan nan nan nan nan nan nan nan nan 8.8 21.1 21.4 21.4 21.8 21.6 nan 8.5 19.8 21.1 21.4 nan 19.9 21.2 21.1 21.1 21.3 21.5 21.5 21.6 21.8 21.9 22.0 22.0 22.1 22.3 22.5 22.6 22.9 -9999.0 -9999.0 -9999.0 -9999.0 -9999.0 -9999.0 -9999.0 -9999.0 -9999.0 -9999.0 -9999.0 -9999.0 -9999.0 -9999.0 -9999.0 -9999.0 -9999.0 -9999.0 nan nan nan nan nan nan nan nan nan nan nan nan nan -9999.0
nan nan nan nan nan nan nan nan nan nan nan nan nan nan nan nan nan nan nan nan nan nan nan nan nan nan nan nan nan nan 20.0 21.4 21.5 21.8 18.1 nan nan 18.2 19.4 19.2 nan 17.5 19.3 21.3 21.3 21.4 21.5 21.5 21.6 21.8 21.9 22.0 22.0 22.1 22.3 22.5 22.6 22.9 -9999.0 -9999.0 -9999.0 -9999.0 -9999.0 -9999.0 -9999.0 -9999.0 -9999.0 -9999.0 -9999.0 -9999.0 -9999.0 -9999.0 -9999.0 -9999.0 -9999.0 -9999.0 -9999.0 nan nan nan nan nan nan nan nan nan nan nan nan -9999.0
nan nan nan nan nan nan nan nan nan nan nan nan nan nan nan nan nan nan nan nan nan nan nan nan nan nan nan nan nan nan 19.6 21.4 21.5 22.0 19.8 nan 9.3 15.5 17.5 9.4 15.7 13.9 16.1 20.7 21.3 21.4 21.5 21.5 21.6 21.7 21.9 22.0 22.0 22.1 22.4 22.6 22.6 22.7 -9999.0 -9999.0 -9999.0 -9999.0 -9999.0 -9999.0 -9999.0 -9999.0 -9999.0 -9999.0 -9999.0 -9999.0 -9999.0 -9999.0 -9999.0 -9999.0 -9999.0 -9999.0 -9999.0 -9999.0 nan nan nan nan nan nan nan nan nan nan nan -9999.0
nan nan nan nan nan nan nan nan nan nan nan nan nan nan nan nan nan nan nan nan nan nan nan nan nan nan nan nan nan nan 20.0 20.7 21.7 22.2 18.5 9.3 nan 19.3 12.6 8.3 13.3 nan 20.4 21.2 21.2 21.4 21.4 21.5 21.6 21.7 21.8 21.9 21.9 22.1 22.4 22.6 22.0 17.6 -9999.0 -9999.0 -9999.0 -9999.0 -9999.0 -9999.0 -9999.0 -9999.0 -9999.0 -9999.0 -9999.0 -9999.0 -9999.0 -9999.0 -9999.0 -9999.0 -9999.0 -9999.0 -9999.0 -9999.0 -9999.0 -9999.0 nan nan nan nan nan nan nan nan nan -9999.0
nan nan nan nan nan nan nan nan nan nan nan nan nan nan nan nan nan nan nan nan nan nan nan nan nan nan nan nan nan nan nan 20.7 21.7 22.1 21.6 nan nan 14.0 12.7 9.0 nan nan 20.8 21.0 21.2 21.4 21.4 21.4 21.5 21.7 21.8 21.8 21.9 22.1 22.6 23.1 22.7 19.9 -9999.0 -9999.0 -9999.0 -9999.0 -9999.0 -9999.0 -9999.0 -9999.0 -9999.0 -9999.0 -9999.0 nan nan nan -9999.0 -9999.0 -9999.0 -9999.0 -9999.0 -9999.0 -9999.0 -9999.0 -9999.0 -9999.0 -9999.0 -9999.0 -9999.0 nan nan nan -9999.0 -9999.0
nan nan nan nan nan nan nan nan nan nan nan nan nan nan nan nan nan nan nan nan nan nan nan nan nan nan nan nan nan nan nan 19.3 20.8 21.9 22.2 nan 9.2 11.2 18.0 8.8 nan nan 20.5 20.8 21.1 21.3 21.4 21.4 21.5 21.6 21.7 21.8 21.9 22.3 22.9 23.5 23.8 19.6 -9999.0 -9999.0 -9999.0 -9999.0 -9999.0 -9999.0 -9999.0 -9999.0 -9999.0 -9999.0 -9999.0 nan nan nan nan nan -9999.0 -9999.0 -9999.0 -9999.0 -9999.0 -9999.0 -9999.0 -9999.0 -9999.0 -9999.0 -9999.0 -9999.0 -9999.0 -9999.0 -9999.0 -9999.0
nan nan nan nan nan nan nan nan nan nan nan nan nan nan nan nan nan nan nan nan nan nan nan nan nan nan nan nan nan nan nan 9.1 20.9 21.8 20.7 20.1 17.1 13.1 10.9 8.6 9.3 nan 20.2 20.7 21.0 21.3 21.4 21.4 21.5 21.6 21.7 21.7 22.0 22.4 23.0 23.6 23.7 19.2 -9999.0 -9999.0 -9999.0 -9999.0 -9999.0 -9999.0 -9999.0 -9999.0 -9999.0 -9999.0 -9999.0 -9999.0 -9999.0 -9999.0 -9999.0 -9999.0 -9999.0 -9999.0 -9999.0 -9999.0 -9999.0 -9999.0 -9999.0 -9999.0 -9999.0 -9999.0 -9999.0 -9999.0 -9999.0 -9999.0 -9999.0 -9999.0
nan nan nan nan nan nan nan nan nan nan nan nan nan nan nan nan nan nan nan nan nan nan nan nan nan nan nan nan nan nan nan 9.1 18.1 21.7 21.6 22.1 22.2 nan 13.2 14.6 8.1 nan 20.4 20.8 21.0 21.1 21.3 21.3 21.4 21.6 21.7 21.8 22.0 22.5 23.1 23.6 23.9 19.8 -9999.0 -9999.0 -9999.0 -9999.0 -9999.0 -9999.0 -9999.0 -9999.0 -9999.0 -9999.0 -9999.0 -9999.0 -9999.0 -9999.0 -9999.0 -9999.0 -9999.0 -9999.0 -9999.0 -9999.0 -9999.0 -9999.0 -9999.0 -9999.0 -9999.0 -9999.0 -9999.0 -9999.0 -9999.0 -9999.0 -9999.0 -9999.0
nan nan nan nan nan nan nan nan nan nan nan nan nan nan nan nan nan nan nan nan nan nan nan nan nan nan nan nan nan nan nan 9.1 18.0 19.5 21.9 22.1 22.1 nan nan 12.8 8.9 nan nan 20.5 20.9 21.1 21.2 21.3 21.4 21.5 21.6 21.8 22.1 22.6 23.2 23.7 24.0 18.3 -9999.0 -9999.0 -9999.0 -9999.0 -9999.0 -9999.0 -9999.0 -9999.0 -9999.0 -9999.0 -9999.0 -9999.0 -9999.0 -9999.0 -9999.0 -9999.0 -9999.0 -9999.0 -9999.0 -9999.0 -9999.0 -9999.0 -9999.0 -9999.0 -9999.0 -9999.0 -9999.0 -9999.0 -9999.0 -9999.0 -9999.0 -9999.0
nan nan nan nan nan nan nan nan nan nan nan nan nan nan nan nan nan nan nan nan nan nan nan nan nan nan nan nan nan nan nan nan 8.8 21.0 21.5 21.9 nan nan nan 12.8 8.9 8.9 nan nan 20.0 20.9 21.1 21.3 21.3 21.4 21.6 21.8 22.2 22.7 23.3 23.9 24.1 22.2 -9999.0 -9999.0 -9999.0 -9999.0 -9999.0 -9999.0 -9999.0 -9999.0 -9999.0 -9999.0 -9999.0 -9999.0 -9999.0 -9999.0 -9999.0 -9999.0 -9999.0 -9999.0 -9999.0 -9999.0 -9999.0 -9999.0 -9999.0 -9999.0 nan nan nan -9999.0 -9999.0 -9999.0 -9999.0 -9999.0
nan nan nan nan nan nan nan nan nan nan nan nan nan nan nan nan nan nan nan nan nan nan nan nan nan nan nan nan nan nan nan nan 19.6 20.5 21.2 21.7 nan nan nan nan 10.1 8.8 15.8 nan 19.6 20.6 20.9 21.1 21.3 21.5 21.5 21.7 22.1 22.7 23.4 24.0 24.2 23.4 -9999.0 -9999.0 -9999.0 -9999.0 -9999.0 -9999.0 -9999.0 -9999.0 -9999.0 -9999.0 -9999.0 -9999.0 -9999.0 -9999.0 -9999.0 -9999.0 -9999.0 -9999.0 -9999.0 -9999.0 -9999.0 -9999.0 nan nan nan nan nan nan nan nan -9999.0 -9999.0
nan nan nan nan nan nan nan nan nan nan nan nan nan nan nan nan nan nan nan nan nan nan nan nan nan nan nan nan nan nan nan nan nan 20.7 21.3 21.6 nan nan nan nan 13.7 9.9 12.3 11.4 nan 20.1 20.8 21.0 21.3 21.5 21.6 21.7 22.0 22.6 23.4 24.1 24.5 24.1 -9999.0 -9999.0 -9999.0 -9999.0 -9999.0 -9999.0 -9999.0 -9999.0 -9999.0 -9999.0 -9999.0 nan nan nan nan nan nan nan nan nan nan nan nan nan nan nan nan nan nan nan nan nan
nan nan nan nan nan nan nan nan nan nan nan nan nan nan nan nan nan nan nan nan nan nan nan nan nan nan nan nan nan nan nan nan nan 20.9 21.4 21.6 21.6 nan nan nan 19.2 10.9 11.7 18.4 nan nan 20.3 21.0 21.2 21.5 21.7 21.8 22.1 22.6 23.3 24.1 24.8 25.1 -9999.0 -9999.0 -9999.0 -9999.0 -9999.0 -9999.0 -9999.0 -9999.0 -9999.0 -9999.0 nan nan nan nan nan nan nan nan nan nan nan nan nan nan nan nan nan nan nan nan nan nan
