data/output/RUN203/ECOSPACE/ECOSPACE_in_PAR3/PAR-VarZ-VarK/PAR-VarZ-VarK_2009_04.asc
ncols        93
nrows        151 
xllcorner    -123.80739
yllcorner    48.29471 
cellsize     0.013497347 
NODATA_value  0.0
[rows 80 to 119 of 151, columns 0 to 89 of 93]
nan nan nan nan nan nan nan nan nan nan nan nan nan nan nan nan nan nan nan nan nan nan nan 45.6 45.6 45.0 46.0 47.5 46.9 46.5 45.7 44.7 43.8 42.8 42.3 41.8 41.4 40.9 40.5 40.0 39.8 39.5 39.1 38.5 37.8 37.0 36.1 35.3 34.6 33.8 32.7 31.5 30.1 29.2 nan nan nan nan nan nan nan nan nan nan nan nan 21.3 22.0 22.3 22.5 nan 21.8 21.8 21.9 22.0 22.2 22.2 21.9 21.8 22.2 23.0 23.3 23.3 nan nan nan nan nan nan nan
nan nan nan nan nan nan nan nan nan nan nan nan nan nan nan nan nan nan nan nan nan nan nan nan nan nan 47.0 47.6 47.7 47.0 46.1 45.1 44.1 43.3 42.7 42.3 41.6 41.2 40.9 40.5 40.2 39.8 39.3 38.7 38.1 37.5 36.8 36.1 35.3 34.5 33.5 32.4 31.3 30.0 28.3 nan nan nan nan nan nan nan nan nan nan nan 21.9 22.2 nan nan nan nan nan 22.1 22.3 22.6 nan 22.2 22.5 23.2 23.9 24.5 nan nan nan nan nan nan nan nan
nan nan nan nan nan nan nan nan nan nan nan nan nan nan nan nan nan nan nan nan nan nan nan nan nan nan nan 47.1 46.8 47.5 46.9 46.0 44.7 43.8 43.1 42.6 41.9 41.3 41.0 40.8 40.5 40.1 39.6 39.0 38.5 37.8 37.2 36.6 35.9 35.1 34.2 33.2 32.0 30.7 29.2 27.7 nan nan nan nan nan nan nan nan nan 22.0 22.8 nan nan nan nan nan nan 22.1 22.4 22.6 nan 22.6 23.5 24.2 24.7 nan nan nan nan nan nan nan nan nan
nan nan nan nan nan nan nan nan nan nan nan nan nan nan nan nan nan nan nan nan nan nan nan nan nan nan nan nan 46.7 46.3 47.1 46.3 45.3 44.5 43.7 42.9 42.2 41.5 41.1 40.9 40.7 40.1 39.7 39.3 38.8 38.0 37.5 36.9 36.3 35.7 34.8 33.9 32.8 31.5 30.0 28.5 27.4 nan nan nan nan nan nan nan nan 22.1 22.9 nan nan nan nan nan nan 22.2 22.6 23.0 23.7 24.4 24.6 24.7 nan nan nan nan nan nan nan nan nan nan
nan nan nan nan nan nan nan nan nan nan nan nan nan nan nan nan nan nan nan nan nan nan nan nan nan nan nan nan nan 15.9 47.1 46.8 45.7 44.9 44.1 43.5 42.8 41.9 41.3 41.0 40.6 40.3 39.9 39.5 39.1 38.5 37.9 37.4 36.9 36.4 35.7 34.7 33.5 32.2 30.8 29.4 28.1 27.2 nan nan nan nan nan nan 22.1 22.5 23.1 nan 24.0 24.1 24.2 nan nan 22.3 23.0 23.6 24.4 25.5 nan nan nan nan nan nan nan nan nan nan nan nan
nan nan nan nan nan nan nan nan nan nan nan nan nan nan nan nan nan nan nan nan nan nan nan nan nan nan nan nan nan nan 17.2 46.2 46.7 45.7 44.7 43.9 43.2 42.3 41.6 41.1 40.8 40.3 40.1 39.8 39.5 39.0 38.4 38.0 37.5 37.1 36.4 35.5 34.3 33.0 31.6 30.2 29.0 28.1 nan nan nan nan nan 22.4 22.7 23.3 23.7 24.0 24.1 24.1 24.2 12.6 nan 22.6 23.4 24.2 25.0 25.5 nan nan nan nan nan nan nan nan nan nan nan nan
nan nan nan nan nan nan nan nan nan nan nan nan nan nan nan nan nan nan nan nan nan nan nan nan nan nan nan nan nan nan nan 46.0 45.2 46.0 45.1 44.4 43.7 42.8 41.9 41.3 40.7 40.3 40.2 40.1 39.8 39.3 38.9 38.6 38.1 37.7 37.1 36.3 35.2 34.0 32.6 31.3 30.2 29.1 27.8 nan nan 23.4 24.1 24.0 23.8 24.3 24.6 24.8 24.7 24.6 24.6 nan nan 23.1 24.0 24.8 25.5 25.7 nan nan nan nan nan nan nan nan nan nan nan nan
nan nan nan nan nan nan nan nan nan nan nan nan nan nan nan nan nan nan nan nan nan nan nan nan nan nan nan nan nan nan nan nan 46.0 46.0 45.3 44.8 44.4 43.5 42.5 41.8 41.0 40.4 40.2 40.3 40.0 39.5 39.2 39.0 38.5 38.2 37.7 37.1 36.2 35.1 33.8 32.5 31.3 30.2 28.9 26.8 25.9 25.6 25.7 nan 24.9 25.6 26.1 26.4 26.3 26.1 25.6 24.7 24.5 24.5 24.8 25.3 25.7 nan nan nan nan nan nan nan nan nan nan nan nan nan
nan nan nan nan nan nan nan nan nan nan nan nan nan nan nan nan nan nan nan nan nan nan nan nan nan nan nan nan nan nan 47.5 47.8 46.1 46.0 45.5 44.9 44.5 44.0 43.5 42.6 41.9 40.8 40.3 40.4 40.2 39.8 39.5 39.2 38.8 38.5 38.3 37.9 37.1 36.1 35.1 34.0 32.8 31.5 30.2 28.9 27.9 27.1 27.0 27.3 27.1 27.6 28.3 28.4 28.1 28.1 27.1 26.0 25.6 25.3 25.4 25.7 25.8 nan nan nan nan nan nan nan nan nan nan nan nan nan
nan nan nan nan nan nan nan nan nan nan nan nan nan nan nan nan nan nan nan nan nan nan nan nan nan nan nan nan nan nan nan nan 45.3 45.1 45.1 45.0 44.8 44.6 44.0 43.3 42.5 41.6 40.9 40.7 40.4 40.0 39.7 39.4 39.0 38.8 38.7 38.4 37.8 37.0 36.2 35.3 34.4 33.3 32.1 30.9 29.9 29.0 28.7 28.8 28.6 28.7 29.1 nan nan nan 27.7 27.1 26.4 25.8 25.7 25.8 nan nan nan nan nan nan nan nan nan nan nan nan nan nan
nan nan nan nan nan nan nan nan nan nan nan nan nan nan nan nan nan nan nan nan nan nan nan nan nan nan nan nan nan nan 16.3 15.1 43.9 44.3 44.4 45.0 45.1 44.6 44.1 43.3 42.7 42.0 41.3 40.8 40.6 40.3 39.8 39.5 39.2 39.1 39.1 38.9 38.5 38.0 37.3 36.6 35.7 34.8 33.7 32.5 31.4 30.4 29.7 29.5 nan nan nan nan nan nan nan 27.5 26.6 26.0 25.8 25.7 nan nan nan nan nan nan nan nan nan nan nan nan nan nan
nan nan nan nan nan nan nan nan nan nan nan nan nan nan nan nan nan nan nan nan nan nan nan nan nan nan nan nan nan nan 17.3 44.3 43.7 44.7 44.6 20.0 44.1 44.7 44.5 43.7 43.3 42.5 41.8 41.2 40.7 40.5 40.0 39.7 39.5 39.4 39.3 39.2 39.1 38.7 38.3 37.7 36.9 36.0 35.0 33.8 32.5 31.4 30.3 nan nan nan nan nan nan 26.1 26.4 26.7 26.3 25.8 25.7 nan nan nan nan nan nan nan nan nan nan nan nan nan nan nan
nan nan nan nan nan nan nan nan nan nan nan nan nan nan nan nan nan nan nan nan nan nan nan nan nan nan nan nan nan nan 16.3 41.9 43.1 44.6 nan nan nan 44.0 44.2 43.8 43.3 42.6 42.0 41.4 41.0 40.8 40.3 39.9 39.7 39.6 39.5 39.6 39.5 39.3 39.0 38.6 38.0 37.2 36.2 35.0 33.7 32.4 31.3 nan nan nan nan nan 26.2 26.1 25.9 25.9 25.6 25.4 nan nan nan nan nan nan nan nan nan nan nan nan nan nan nan nan
nan nan nan nan nan nan nan nan nan nan nan nan nan nan nan nan nan nan nan nan nan nan nan nan nan nan nan nan nan nan 16.0 16.0 43.1 44.7 nan nan nan 43.0 43.2 43.9 43.7 43.0 42.4 41.8 41.3 41.1 40.8 40.3 40.0 39.8 39.7 39.8 39.7 39.7 39.6 39.3 38.7 38.0 37.1 36.0 34.5 33.2 31.7 29.2 28.1 nan 26.3 26.3 26.2 25.8 25.5 25.2 nan nan nan nan nan nan nan nan nan nan nan nan nan nan nan nan nan nan
nan nan nan nan nan nan nan nan nan nan nan nan nan nan nan nan nan nan nan nan nan nan nan nan nan nan nan nan nan nan nan nan 43.2 36.0 nan nan nan nan 42.6 42.6 43.3 43.0 42.5 42.0 41.5 41.3 41.1 40.6 40.2 39.9 39.8 39.9 39.9 39.8 39.8 39.6 39.2 38.6 37.9 36.8 35.4 33.8 32.1 30.6 29.2 27.9 27.1 26.5 26.0 25.5 24.8 nan nan nan nan nan nan nan nan nan nan nan nan nan nan nan nan nan nan nan
nan nan nan nan nan nan nan nan nan nan nan nan nan nan nan nan nan nan nan nan nan nan nan nan nan nan nan nan nan nan nan nan nan 41.0 21.7 nan nan nan 15.7 43.7 43.4 43.0 42.6 42.1 41.7 41.5 41.3 41.0 40.5 40.1 40.0 39.9 39.8 39.8 39.9 39.8 39.5 39.2 38.5 37.6 36.4 34.9 33.3 31.6 30.0 28.6 27.5 26.6 25.9 25.3 24.6 nan nan nan nan nan nan nan nan nan nan nan nan nan nan nan nan nan nan nan
nan nan nan nan nan nan nan nan nan nan nan nan nan nan nan nan nan nan nan nan nan nan nan nan nan nan nan nan nan nan nan nan nan nan 22.0 42.2 nan nan nan nan 42.5 43.2 42.5 42.3 42.3 41.9 41.8 41.5 40.8 40.3 40.2 40.0 39.8 39.8 40.0 40.0 39.9 39.7 39.0 38.1 37.1 35.7 34.1 32.5 30.7 29.1 27.7 26.6 25.7 25.0 24.6 24.2 nan nan nan nan nan nan nan nan nan nan nan nan nan nan nan nan nan nan
nan nan nan nan nan nan nan nan nan nan nan nan nan nan nan nan nan nan nan nan nan nan nan nan nan nan nan nan nan nan nan nan nan nan nan 33.0 16.6 nan nan nan nan 40.3 43.1 42.7 42.3 42.2 42.0 41.7 41.2 40.7 40.5 40.3 39.9 39.8 40.0 40.2 40.2 40.2 39.6 38.5 37.3 36.0 34.5 32.9 31.1 29.3 27.7 26.5 25.5 24.9 24.5 24.4 24.3 11.9 nan nan nan nan nan nan nan nan nan nan nan nan nan nan nan nan
nan nan nan nan nan nan nan nan nan nan nan nan nan nan nan nan nan nan nan nan nan nan nan nan nan nan nan nan nan nan nan nan nan nan 20.0 27.0 44.5 44.2 nan 16.6 nan 41.2 41.7 43.1 42.9 42.6 42.4 42.0 41.5 41.1 40.9 40.4 40.1 40.1 40.1 40.3 40.6 40.5 39.9 38.8 37.3 35.8 34.4 32.7 30.8 28.9 27.4 26.4 25.4 24.8 24.3 24.2 24.2 24.2 nan nan nan nan nan nan nan nan nan nan nan nan nan nan nan nan
nan nan nan nan nan nan nan nan nan nan nan nan nan nan nan nan nan nan nan nan nan nan nan nan nan nan nan nan nan nan nan nan nan nan 43.6 41.6 42.8 37.3 20.7 40.7 42.6 35.5 40.3 43.0 43.1 43.1 42.8 42.3 41.9 41.5 41.3 40.8 40.7 40.6 40.6 40.8 40.9 40.7 39.9 38.9 37.3 35.6 34.0 32.1 30.1 28.2 26.3 25.5 24.8 24.8 24.3 24.2 24.2 24.3 24.6 nan nan nan nan nan nan nan nan nan nan nan nan nan nan nan
nan nan nan nan nan nan nan nan nan nan nan nan nan nan nan nan nan nan nan nan nan nan nan nan nan nan nan nan nan nan nan nan nan nan 44.1 44.1 42.8 41.2 35.0 nan 45.3 38.7 42.2 43.5 43.4 43.2 43.2 42.7 42.1 41.9 41.5 41.3 41.1 41.1 41.1 41.2 41.2 40.8 39.9 38.6 37.1 35.5 -9999.0 -9999.0 -9999.0 -9999.0 -9999.0 -9999.0 -9999.0 12.5 24.5 24.2 24.4 24.2 24.3 nan nan nan nan nan nan nan nan nan nan nan nan nan nan -9999.0
nan nan nan nan nan nan nan nan nan nan nan nan nan nan nan nan nan nan nan nan nan nan nan nan nan nan nan nan nan nan nan nan nan nan 43.9 43.9 43.8 43.5 43.4 nan nan 42.5 42.9 43.4 43.3 43.3 43.3 43.0 42.5 42.3 41.8 41.6 41.5 41.5 41.3 41.2 41.2 40.7 39.8 38.4 36.9 -9999.0 -9999.0 -9999.0 -9999.0 -9999.0 -9999.0 -9999.0 -9999.0 nan 14.2 24.0 24.2 23.5 nan nan nan nan nan nan nan nan nan nan nan nan nan nan nan -9999.0
nan nan nan nan nan nan nan nan nan nan nan nan nan nan nan nan nan nan nan nan nan nan nan nan nan nan nan nan nan nan nan nan nan nan 43.4 43.4 43.7 44.2 43.3 nan 38.3 35.9 42.2 43.2 43.5 43.4 43.4 43.1 42.6 42.5 42.1 41.8 41.6 41.6 41.4 41.2 41.1 40.5 39.6 38.0 36.5 -9999.0 -9999.0 -9999.0 -9999.0 -9999.0 -9999.0 -9999.0 -9999.0 -9999.0 -9999.0 nan 12.1 12.2 nan nan nan nan nan nan nan nan nan nan nan nan nan nan nan -9999.0
nan nan nan nan nan nan nan nan nan nan nan nan nan nan nan nan nan nan nan nan nan nan nan nan nan nan nan nan nan nan nan nan nan nan 43.1 42.9 43.3 35.7 37.0 25.2 40.5 32.6 41.4 43.3 43.5 43.6 43.5 43.3 42.8 42.4 42.0 41.8 41.5 41.6 41.3 41.3 41.0 40.4 39.2 37.8 -9999.0 -9999.0 -9999.0 -9999.0 -9999.0 -9999.0 -9999.0 -9999.0 -9999.0 -9999.0 -9999.0 nan nan nan nan nan nan nan nan nan nan nan nan nan nan nan nan nan nan -9999.0
nan nan nan nan nan nan nan nan nan nan nan nan nan nan nan nan nan nan nan nan nan nan nan nan nan nan nan nan nan nan nan nan 34.3 36.4 37.5 43.6 43.6 42.1 33.8 34.3 nan 42.0 42.9 43.5 43.6 43.8 43.5 43.2 42.8 42.4 42.0 41.8 41.6 41.5 41.1 41.4 40.8 40.1 38.9 -9999.0 -9999.0 -9999.0 -9999.0 -9999.0 -9999.0 -9999.0 -9999.0 -9999.0 -9999.0 -9999.0 -9999.0 -9999.0 nan nan nan nan nan nan nan nan nan nan nan nan nan nan nan nan nan -9999.0
nan nan nan nan nan nan nan nan nan nan nan nan nan nan nan nan nan nan nan nan nan nan nan nan nan nan nan nan nan 16.4 nan nan 40.6 41.1 43.4 42.1 44.4 43.7 44.0 nan nan 42.5 43.1 43.7 43.8 43.7 43.4 43.2 42.8 42.4 42.1 41.9 41.7 41.4 41.3 41.3 40.6 39.9 38.8 -9999.0 -9999.0 -9999.0 -9999.0 -9999.0 -9999.0 -9999.0 -9999.0 -9999.0 -9999.0 -9999.0 -9999.0 -9999.0 -9999.0 -9999.0 nan nan nan nan nan nan nan nan nan nan nan nan nan nan nan -9999.0
nan nan nan nan nan nan nan nan nan nan nan nan nan nan nan nan nan nan nan nan nan nan nan nan nan nan nan nan nan 15.1 15.1 nan 43.0 43.8 37.8 40.8 39.4 43.9 43.9 41.1 nan 42.9 43.6 44.2 44.1 43.9 43.6 43.3 43.0 42.6 42.3 42.0 41.8 41.4 41.5 41.2 40.7 39.9 -9999.0 -9999.0 -9999.0 -9999.0 -9999.0 -9999.0 -9999.0 -9999.0 -9999.0 -9999.0 -9999.0 -9999.0 -9999.0 -9999.0 -9999.0 -9999.0 -9999.0 nan nan nan nan nan nan nan nan nan nan nan nan nan nan -9999.0
nan nan nan nan nan nan nan nan nan nan nan nan nan nan nan nan nan nan nan nan nan nan nan nan nan nan nan nan nan 16.0 43.2 43.6 44.2 44.7 44.8 nan 15.2 41.8 44.1 42.7 nan 39.3 43.9 44.3 44.1 43.9 43.8 43.5 43.2 42.8 42.5 42.3 42.0 41.6 41.6 41.4 40.6 39.7 -9999.0 -9999.0 -9999.0 -9999.0 -9999.0 -9999.0 -9999.0 -9999.0 -9999.0 -9999.0 -9999.0 -9999.0 -9999.0 -9999.0 -9999.0 -9999.0 -9999.0 -9999.0 nan nan nan nan nan nan nan nan nan nan nan nan nan -9999.0
nan nan nan nan nan nan nan nan nan nan nan nan nan nan nan nan nan nan nan nan nan nan nan nan nan nan nan nan nan nan 41.0 43.4 44.2 44.7 38.0 nan nan 37.4 37.8 37.4 nan 34.3 37.9 43.5 44.4 44.4 44.1 43.7 43.4 43.0 42.8 42.5 42.0 41.7 41.8 41.3 40.5 39.5 -9999.0 -9999.0 -9999.0 -9999.0 -9999.0 -9999.0 -9999.0 -9999.0 -9999.0 -9999.0 -9999.0 -9999.0 -9999.0 -9999.0 -9999.0 -9999.0 -9999.0 -9999.0 -9999.0 nan nan nan nan nan nan nan nan nan nan nan nan -9999.0
nan nan nan nan nan nan nan nan nan nan nan nan nan nan nan nan nan nan nan nan nan nan nan nan nan nan nan nan nan nan 40.6 43.2 43.9 44.6 40.2 nan 16.5 34.5 38.0 21.1 33.8 29.9 33.7 41.6 44.5 44.5 44.2 43.7 43.4 43.3 43.1 42.7 42.3 42.1 41.9 41.1 39.9 39.0 -9999.0 -9999.0 -9999.0 -9999.0 -9999.0 -9999.0 -9999.0 -9999.0 -9999.0 -9999.0 -9999.0 -9999.0 -9999.0 -9999.0 -9999.0 -9999.0 -9999.0 -9999.0 -9999.0 -9999.0 nan nan nan nan nan nan nan nan nan nan nan -9999.0
nan nan nan nan nan nan nan nan nan nan nan nan nan nan nan nan nan nan nan nan nan nan nan nan nan nan nan nan nan nan 41.4 42.2 43.7 44.3 36.6 16.5 nan 41.2 27.1 18.0 29.0 nan 41.1 43.7 44.2 44.4 44.2 43.9 43.6 43.4 43.2 43.0 42.8 42.4 42.0 41.0 37.5 30.9 -9999.0 -9999.0 -9999.0 -9999.0 -9999.0 -9999.0 -9999.0 -9999.0 -9999.0 -9999.0 -9999.0 -9999.0 -9999.0 -9999.0 -9999.0 -9999.0 -9999.0 -9999.0 -9999.0 -9999.0 -9999.0 -9999.0 nan nan nan nan nan nan nan nan nan -9999.0
nan nan nan nan nan nan nan nan nan nan nan nan nan nan nan nan nan nan nan nan nan nan nan nan nan nan nan nan nan nan nan 41.9 43.1 43.5 43.2 nan nan 30.8 27.7 18.9 nan nan 42.9 43.5 43.9 44.1 44.0 43.7 43.6 43.6 43.7 43.4 43.2 42.7 42.3 41.6 37.1 35.8 -9999.0 -9999.0 -9999.0 -9999.0 -9999.0 -9999.0 -9999.0 -9999.0 -9999.0 -9999.0 -9999.0 nan nan nan -9999.0 -9999.0 -9999.0 -9999.0 -9999.0 -9999.0 -9999.0 -9999.0 -9999.0 -9999.0 -9999.0 -9999.0 -9999.0 nan nan nan -9999.0 -9999.0
nan nan nan nan nan nan nan nan nan nan nan nan nan nan nan nan nan nan nan nan nan nan nan nan nan nan nan nan nan nan nan 36.8 40.9 43.1 43.5 nan 16.7 24.5 38.3 18.8 nan nan 42.6 43.4 43.8 43.8 43.9 43.6 43.5 43.5 43.8 43.6 43.4 42.9 42.6 42.1 40.8 35.5 -9999.0 -9999.0 -9999.0 -9999.0 -9999.0 -9999.0 -9999.0 -9999.0 -9999.0 -9999.0 -9999.0 nan nan nan nan nan -9999.0 -9999.0 -9999.0 -9999.0 -9999.0 -9999.0 -9999.0 -9999.0 -9999.0 -9999.0 -9999.0 -9999.0 -9999.0 -9999.0 -9999.0 -9999.0
nan nan nan nan nan nan nan nan nan nan nan nan nan nan nan nan nan nan nan nan nan nan nan nan nan nan nan nan nan nan nan 16.0 41.0 42.5 40.4 37.8 36.1 28.2 24.1 19.0 20.7 nan 41.9 43.2 43.6 43.8 43.6 43.4 43.3 43.3 43.6 43.6 43.5 43.0 42.6 41.7 40.2 32.0 -9999.0 -9999.0 -9999.0 -9999.0 -9999.0 -9999.0 -9999.0 -9999.0 -9999.0 -9999.0 -9999.0 -9999.0 -9999.0 -9999.0 -9999.0 -9999.0 -9999.0 -9999.0 -9999.0 -9999.0 -9999.0 -9999.0 -9999.0 -9999.0 -9999.0 -9999.0 -9999.0 -9999.0 -9999.0 -9999.0 -9999.0 -9999.0
nan nan nan nan nan nan nan nan nan nan nan nan nan nan nan nan nan nan nan nan nan nan nan nan nan nan nan nan nan nan nan 15.9 33.5 42.5 43.7 43.8 43.6 nan 28.7 31.7 17.6 nan 43.2 42.6 43.6 43.7 43.7 43.3 43.2 43.4 43.6 43.5 43.4 43.1 42.7 41.4 39.7 32.3 -9999.0 -9999.0 -9999.0 -9999.0 -9999.0 -9999.0 -9999.0 -9999.0 -9999.0 -9999.0 -9999.0 -9999.0 -9999.0 -9999.0 -9999.0 -9999.0 -9999.0 -9999.0 -9999.0 -9999.0 -9999.0 -9999.0 -9999.0 -9999.0 -9999.0 -9999.0 -9999.0 -9999.0 -9999.0 -9999.0 -9999.0 -9999.0
nan nan nan nan nan nan nan nan nan nan nan nan nan nan nan nan nan nan nan nan nan nan nan nan nan nan nan nan nan nan nan 15.9 35.6 38.1 43.1 43.4 43.3 nan nan 28.1 19.0 nan nan 42.8 43.2 43.4 43.4 43.3 43.2 43.2 43.3 43.2 43.1 43.0 42.6 41.5 38.7 29.9 -9999.0 -9999.0 -9999.0 -9999.0 -9999.0 -9999.0 -9999.0 -9999.0 -9999.0 -9999.0 -9999.0 -9999.0 -9999.0 -9999.0 -9999.0 -9999.0 -9999.0 -9999.0 -9999.0 -9999.0 -9999.0 -9999.0 -9999.0 -9999.0 -9999.0 -9999.0 -9999.0 -9999.0 -9999.0 -9999.0 -9999.0 -9999.0
nan nan nan nan nan nan nan nan nan nan nan nan nan nan nan nan nan nan nan nan nan nan nan nan nan nan nan nan nan nan nan nan 15.6 41.4 42.3 42.8 nan nan nan 27.8 19.1 16.9 nan nan 40.7 42.8 43.4 43.0 43.0 43.4 43.4 43.4 43.2 43.0 42.6 41.8 40.0 33.6 -9999.0 -9999.0 -9999.0 -9999.0 -9999.0 -9999.0 -9999.0 -9999.0 -9999.0 -9999.0 -9999.0 -9999.0 -9999.0 -9999.0 -9999.0 -9999.0 -9999.0 -9999.0 -9999.0 -9999.0 -9999.0 -9999.0 -9999.0 -9999.0 nan nan nan -9999.0 -9999.0 -9999.0 -9999.0 -9999.0
nan nan nan nan nan nan nan nan nan nan nan nan nan nan nan nan nan nan nan nan nan nan nan nan nan nan nan nan nan nan nan nan 38.2 40.2 41.5 42.5 nan nan nan nan 21.9 16.7 30.5 nan 40.3 41.3 43.2 43.0 42.8 43.1 43.1 43.4 43.2 43.1 42.8 42.2 41.0 38.3 -9999.0 -9999.0 -9999.0 -9999.0 -9999.0 -9999.0 -9999.0 -9999.0 -9999.0 -9999.0 -9999.0 -9999.0 -9999.0 -9999.0 -9999.0 -9999.0 -9999.0 -9999.0 -9999.0 -9999.0 -9999.0 -9999.0 nan nan nan nan nan nan nan nan -9999.0 -9999.0
nan nan nan nan nan nan nan nan nan nan nan nan nan nan nan nan nan nan nan nan nan nan nan nan nan nan nan nan nan nan nan nan nan 40.6 41.8 42.5 nan nan nan nan 28.8 18.8 22.5 21.1 nan 42.4 42.9 42.7 42.6 43.0 43.0 43.2 43.1 43.0 42.8 42.7 41.4 39.1 -9999.0 -9999.0 -9999.0 -9999.0 -9999.0 -9999.0 -9999.0 -9999.0 -9999.0 -9999.0 -9999.0 nan nan nan nan nan nan nan nan nan nan nan nan nan nan nan nan nan nan nan nan nan
nan nan nan nan nan nan nan nan nan nan nan nan nan nan nan nan nan nan nan nan nan nan nan nan nan nan nan nan nan nan nan nan nan 40.9 42.0 42.6 42.7 nan nan nan 39.8 21.9 20.2 37.0 nan nan 40.9 43.1 43.5 43.0 42.9 43.0 43.3 43.2 43.1 43.0 42.6 41.4 -9999.0 -9999.0 -9999.0 -9999.0 -9999.0 -9999.0 -9999.0 -9999.0 -9999.0 -9999.0 nan nan nan nan nan nan nan nan nan nan nan nan nan nan nan nan nan nan nan nan nan nan
