data/output/RUN203/ECOSPACE/ECOSPACE_in_PAR3/PAR-VarZ-VarK/PAR-VarZ-VarK_2014_04.asc
ncols        93
nrows        151 
xllcorner    -123.80739
yllcorner    48.29471 
cellsize     0.013497347 
NODATA_value  0.0
[rows 80 to 119 of 151, columns 0 to 89 of 93]
nan nan nan nan nan nan nan nan nan nan nan nan nan nan nan nan nan nan nan nan nan nan nan 38.9 37.8 40.0 41.4 41.4 39.3 37.0 34.8 32.7 30.8 28.8 26.8 25.3 24.2 23.4 22.7 22.3 22.1 22.0 22.0 22.0 22.2 22.4 22.6 22.7 22.6 22.3 21.5 20.5 19.5 18.9 nan nan nan nan nan nan nan nan nan nan nan nan 16.1 16.5 16.6 16.8 nan 16.3 16.4 16.5 16.6 16.8 16.9 16.6 16.5 16.8 17.1 17.4 17.5 nan nan nan nan nan nan nan
nan nan nan nan nan nan nan nan nan nan nan nan nan nan nan nan nan nan nan nan nan nan nan nan nan nan 43.3 42.5 40.6 38.3 36.0 33.7 31.5 29.2 27.1 25.5 24.3 23.4 22.7 22.2 21.9 21.7 21.7 21.8 21.9 22.1 22.3 22.4 22.4 22.1 21.5 20.7 19.9 19.1 18.5 nan nan nan nan nan nan nan nan nan nan nan 16.5 16.6 nan nan nan nan nan 16.6 16.8 17.1 nan 16.9 17.0 17.4 17.7 18.1 nan nan nan nan nan nan nan nan
nan nan nan nan nan nan nan nan nan nan nan nan nan nan nan nan nan nan nan nan nan nan nan nan nan nan nan 43.2 41.7 40.0 37.5 34.9 32.3 29.8 27.6 25.8 24.5 23.5 22.7 22.2 21.8 21.6 21.6 21.6 21.7 21.9 22.1 22.2 22.1 21.8 21.5 20.8 20.1 19.4 18.8 18.3 nan nan nan nan nan nan nan nan nan 16.5 16.9 nan nan nan nan nan nan 16.6 16.9 17.1 nan 17.1 17.6 17.9 18.2 nan nan nan nan nan nan nan nan nan
nan nan nan nan nan nan nan nan nan nan nan nan nan nan nan nan nan nan nan nan nan nan nan nan nan nan nan nan 40.9 41.4 39.2 36.2 33.3 30.6 28.3 26.3 24.8 23.7 22.9 22.3 21.9 21.6 21.5 21.5 21.6 21.7 21.8 21.9 21.8 21.5 21.1 20.6 20.1 19.5 19.0 18.5 18.1 nan nan nan nan nan nan nan nan 16.6 16.9 nan nan nan nan nan nan 16.6 17.0 17.3 17.8 18.3 18.2 18.2 nan nan nan nan nan nan nan nan nan nan
nan nan nan nan nan nan nan nan nan nan nan nan nan nan nan nan nan nan nan nan nan nan nan nan nan nan nan nan nan 13.3 40.7 37.6 34.4 31.5 29.1 27.0 25.3 24.1 23.1 22.4 22.0 21.6 21.5 21.4 21.5 21.5 21.6 21.5 21.4 21.1 20.8 20.4 20.0 19.5 19.0 18.6 18.2 18.0 nan nan nan nan nan nan 16.6 16.9 17.1 nan 17.5 17.5 17.6 nan nan 16.7 17.1 17.6 18.2 18.9 nan nan nan nan nan nan nan nan nan nan nan nan
nan nan nan nan nan nan nan nan nan nan nan nan nan nan nan nan nan nan nan nan nan nan nan nan nan nan nan nan nan nan 14.3 38.8 35.6 32.4 29.8 27.7 25.9 24.5 23.5 22.7 22.2 21.8 21.5 21.4 21.4 21.4 21.4 21.2 21.0 20.8 20.5 20.2 19.8 19.4 19.0 18.7 18.4 18.2 nan nan nan nan nan 16.9 17.0 17.2 17.4 17.5 17.6 17.6 17.6 9.8 nan 16.8 17.4 17.9 18.4 18.8 nan nan nan nan nan nan nan nan nan nan nan nan
nan nan nan nan nan nan nan nan nan nan nan nan nan nan nan nan nan nan nan nan nan nan nan nan nan nan nan nan nan nan nan 36.9 36.5 33.3 30.6 28.5 26.6 25.2 24.0 23.1 22.5 22.0 21.7 21.5 21.4 21.3 21.2 21.0 20.8 20.6 20.4 20.1 19.8 19.5 19.3 19.0 18.8 18.5 18.3 nan nan 17.4 17.7 17.6 17.5 17.7 17.8 17.8 17.8 17.7 17.8 nan nan 17.2 17.8 18.2 18.7 18.8 nan nan nan nan nan nan nan nan nan nan nan nan
nan nan nan nan nan nan nan nan nan nan nan nan nan nan nan nan nan nan nan nan nan nan nan nan nan nan nan nan nan nan nan nan 36.6 33.8 31.5 29.4 27.6 26.0 24.6 23.6 22.9 22.3 21.9 21.7 21.5 21.3 21.1 20.9 20.8 20.5 20.4 20.2 20.0 19.9 19.7 19.5 19.2 18.9 18.7 18.4 18.2 18.1 18.2 nan 18.0 18.3 18.5 18.5 18.4 18.3 18.2 17.9 17.9 18.0 18.2 18.5 18.8 nan nan nan nan nan nan nan nan nan nan nan nan nan
nan nan nan nan nan nan nan nan nan nan nan nan nan nan nan nan nan nan nan nan nan nan nan nan nan nan nan nan nan nan 36.1 36.4 36.1 34.3 32.5 30.6 28.8 27.0 25.5 24.3 23.4 22.7 22.2 21.9 21.6 21.4 21.2 21.1 20.9 20.7 20.6 20.5 20.4 20.4 20.3 20.1 19.9 19.6 19.4 19.1 18.8 18.5 18.5 18.7 18.8 19.0 19.3 19.3 19.1 19.0 18.7 18.4 18.4 18.4 18.6 18.9 18.9 nan nan nan nan nan nan nan nan nan nan nan nan nan
nan nan nan nan nan nan nan nan nan nan nan nan nan nan nan nan nan nan nan nan nan nan nan nan nan nan nan nan nan nan nan nan 36.2 35.1 33.8 32.2 30.4 28.3 26.5 25.1 24.1 23.3 22.7 22.3 21.9 21.6 21.5 21.4 21.3 21.2 21.1 21.0 21.0 21.0 21.0 20.8 20.6 20.4 20.2 19.9 19.5 19.2 19.2 19.4 19.4 19.4 19.6 nan nan nan 18.8 18.7 18.7 18.7 18.8 19.0 nan nan nan nan nan nan nan nan nan nan nan nan nan nan
nan nan nan nan nan nan nan nan nan nan nan nan nan nan nan nan nan nan nan nan nan nan nan nan nan nan nan nan nan nan 13.6 12.6 36.5 36.3 35.5 34.4 32.6 30.0 27.7 26.2 25.0 24.1 23.4 22.9 22.5 22.2 22.0 22.0 22.0 21.9 21.9 21.8 21.8 21.8 21.8 21.7 21.5 21.2 20.9 20.5 20.1 19.7 19.5 19.6 nan nan nan nan nan nan nan 19.0 18.9 18.9 19.0 19.0 nan nan nan nan nan nan nan nan nan nan nan nan nan nan
nan nan nan nan nan nan nan nan nan nan nan nan nan nan nan nan nan nan nan nan nan nan nan nan nan nan nan nan nan nan 14.4 36.5 37.3 37.6 37.1 16.3 35.2 31.7 28.8 27.3 26.0 25.0 24.2 23.6 23.2 22.9 22.8 22.8 22.8 22.8 22.7 22.7 22.8 22.8 22.8 22.7 22.4 22.1 21.6 21.1 20.6 20.1 19.8 nan nan nan nan nan nan 18.5 18.8 19.1 19.1 19.0 19.1 nan nan nan nan nan nan nan nan nan nan nan nan nan nan nan
nan nan nan nan nan nan nan nan nan nan nan nan nan nan nan nan nan nan nan nan nan nan nan nan nan nan nan nan nan nan 13.7 36.0 37.8 38.2 nan nan nan 31.6 29.8 28.3 27.0 25.9 25.0 24.4 24.0 23.7 23.7 23.7 23.7 23.7 23.7 23.7 23.8 23.9 23.9 23.8 23.5 23.1 22.5 21.8 21.1 20.6 20.2 nan nan nan nan nan 18.7 18.8 19.0 19.3 19.1 18.9 nan nan nan nan nan nan nan nan nan nan nan nan nan nan nan nan
nan nan nan nan nan nan nan nan nan nan nan nan nan nan nan nan nan nan nan nan nan nan nan nan nan nan nan nan nan nan 13.6 13.6 37.4 38.0 nan nan nan 29.6 30.9 29.6 28.2 27.0 25.9 25.2 24.8 24.5 24.5 24.5 24.5 24.5 24.6 24.7 24.9 25.0 25.1 25.0 24.7 24.2 23.5 22.8 21.9 21.2 20.7 19.8 19.5 nan 18.6 18.8 19.0 19.0 19.2 19.3 nan nan nan nan nan nan nan nan nan nan nan nan nan nan nan nan nan nan
nan nan nan nan nan nan nan nan nan nan nan nan nan nan nan nan nan nan nan nan nan nan nan nan nan nan nan nan nan nan nan nan 37.7 31.8 nan nan nan nan 31.0 31.0 29.7 28.1 27.0 26.1 25.6 25.3 25.2 25.2 25.3 25.4 25.5 25.7 25.8 26.0 26.2 26.1 25.9 25.4 24.7 23.9 23.0 22.1 21.4 20.7 20.1 19.6 19.3 19.1 19.1 19.1 19.0 nan nan nan nan nan nan nan nan nan nan nan nan nan nan nan nan nan nan nan
nan nan nan nan nan nan nan nan nan nan nan nan nan nan nan nan nan nan nan nan nan nan nan nan nan nan nan nan nan nan nan nan nan 35.2 18.4 nan nan nan 12.8 32.8 31.4 29.5 28.0 27.1 26.5 26.1 25.9 25.9 26.0 26.2 26.3 26.5 26.7 27.0 27.1 27.1 26.9 26.4 25.8 25.0 24.1 23.1 22.3 21.5 20.9 20.2 19.7 19.4 19.3 19.1 18.9 nan nan nan nan nan nan nan nan nan nan nan nan nan nan nan nan nan nan nan
nan nan nan nan nan nan nan nan nan nan nan nan nan nan nan nan nan nan nan nan nan nan nan nan nan nan nan nan nan nan nan nan nan nan 19.3 32.3 nan nan nan nan 32.5 30.9 29.3 28.2 27.4 26.9 26.6 26.5 26.6 26.8 27.0 27.3 27.5 27.8 28.0 28.0 27.8 27.4 26.8 26.0 25.1 24.2 23.2 22.2 21.4 20.6 20.0 19.5 19.3 19.1 19.0 18.8 nan nan nan nan nan nan nan nan nan nan nan nan nan nan nan nan nan nan
nan nan nan nan nan nan nan nan nan nan nan nan nan nan nan nan nan nan nan nan nan nan nan nan nan nan nan nan nan nan nan nan nan nan nan 24.5 13.9 nan nan nan nan 30.0 30.4 29.1 28.1 27.5 27.2 27.1 27.2 27.4 27.7 27.9 28.2 28.5 28.8 28.8 28.6 28.3 27.7 27.0 26.1 25.1 24.0 22.9 22.0 21.0 20.2 19.6 19.2 19.0 18.9 18.9 18.9 9.8 nan nan nan nan nan nan nan nan nan nan nan nan nan nan nan nan
nan nan nan nan nan nan nan nan nan nan nan nan nan nan nan nan nan nan nan nan nan nan nan nan nan nan nan nan nan nan nan nan nan nan 16.0 22.8 32.4 32.3 nan 14.0 nan 28.9 28.7 29.5 28.6 28.0 27.7 27.6 27.8 28.0 28.3 28.6 28.9 29.2 29.4 29.5 29.4 29.0 28.5 27.7 26.8 25.8 24.6 23.5 22.3 21.2 20.3 19.7 19.3 19.0 18.9 18.9 18.9 19.0 nan nan nan nan nan nan nan nan nan nan nan nan nan nan nan nan
nan nan nan nan nan nan nan nan nan nan nan nan nan nan nan nan nan nan nan nan nan nan nan nan nan nan nan nan nan nan nan nan nan nan 33.5 33.2 33.1 29.7 19.7 29.8 31.4 25.6 30.4 30.3 29.4 28.6 28.3 28.2 28.3 28.6 28.9 29.2 29.6 29.9 30.1 30.2 30.0 29.7 29.1 28.4 27.3 26.2 24.9 23.6 22.4 21.2 20.1 19.6 19.4 19.6 19.1 19.0 19.0 19.1 19.4 nan nan nan nan nan nan nan nan nan nan nan nan nan nan nan
nan nan nan nan nan nan nan nan nan nan nan nan nan nan nan nan nan nan nan nan nan nan nan nan nan nan nan nan nan nan nan nan nan nan 33.6 33.5 33.3 33.1 30.9 nan 32.4 30.3 32.3 31.4 30.4 29.5 29.0 28.8 28.9 29.1 29.5 29.9 30.3 30.6 30.8 30.9 30.8 30.4 29.8 28.9 27.8 26.5 -9999.0 -9999.0 -9999.0 -9999.0 -9999.0 -9999.0 -9999.0 10.4 19.4 19.2 19.3 19.3 19.5 nan nan nan nan nan nan nan nan nan nan nan nan nan nan -9999.0
nan nan nan nan nan nan nan nan nan nan nan nan nan nan nan nan nan nan nan nan nan nan nan nan nan nan nan nan nan nan nan nan nan nan 33.6 33.5 33.3 33.3 33.4 nan nan 34.3 33.5 32.5 31.3 30.3 29.7 29.4 29.5 29.7 30.0 30.5 31.0 31.4 31.6 31.6 31.5 31.1 30.4 29.4 28.2 -9999.0 -9999.0 -9999.0 -9999.0 -9999.0 -9999.0 -9999.0 -9999.0 nan 11.8 19.4 19.6 19.1 nan nan nan nan nan nan nan nan nan nan nan nan nan nan nan -9999.0
nan nan nan nan nan nan nan nan nan nan nan nan nan nan nan nan nan nan nan nan nan nan nan nan nan nan nan nan nan nan nan nan nan nan 33.5 33.3 33.3 33.4 33.7 nan 27.9 31.3 34.3 33.3 32.1 31.1 30.4 30.1 30.2 30.3 30.6 31.0 31.6 32.0 32.3 32.3 32.2 31.8 31.1 30.0 28.6 -9999.0 -9999.0 -9999.0 -9999.0 -9999.0 -9999.0 -9999.0 -9999.0 -9999.0 -9999.0 nan 10.1 10.1 nan nan nan nan nan nan nan nan nan nan nan nan nan nan nan -9999.0
nan nan nan nan nan nan nan nan nan nan nan nan nan nan nan nan nan nan nan nan nan nan nan nan nan nan nan nan nan nan nan nan nan nan 33.1 33.2 33.7 31.9 29.3 20.5 31.7 28.2 34.1 33.8 32.8 31.8 31.2 30.9 30.8 31.0 31.2 31.5 32.0 32.5 32.8 32.9 32.7 32.5 31.8 30.6 -9999.0 -9999.0 -9999.0 -9999.0 -9999.0 -9999.0 -9999.0 -9999.0 -9999.0 -9999.0 -9999.0 nan nan nan nan nan nan nan nan nan nan nan nan nan nan nan nan nan nan -9999.0
nan nan nan nan nan nan nan nan nan nan nan nan nan nan nan nan nan nan nan nan nan nan nan nan nan nan nan nan nan nan nan nan 29.2 30.3 32.2 33.7 34.2 34.7 33.5 30.5 nan 35.3 34.9 34.2 33.4 32.6 32.0 31.6 31.5 31.5 31.7 32.0 32.5 32.9 33.2 33.3 33.2 33.0 32.3 -9999.0 -9999.0 -9999.0 -9999.0 -9999.0 -9999.0 -9999.0 -9999.0 -9999.0 -9999.0 -9999.0 -9999.0 -9999.0 nan nan nan nan nan nan nan nan nan nan nan nan nan nan nan nan nan -9999.0
nan nan nan nan nan nan nan nan nan nan nan nan nan nan nan nan nan nan nan nan nan nan nan nan nan nan nan nan nan 13.9 nan nan 33.5 33.5 33.6 33.7 34.6 35.2 35.8 nan nan 35.7 35.4 34.8 34.0 33.3 32.7 32.3 32.1 32.0 32.1 32.4 32.8 33.3 33.5 33.7 33.7 33.5 32.8 -9999.0 -9999.0 -9999.0 -9999.0 -9999.0 -9999.0 -9999.0 -9999.0 -9999.0 -9999.0 -9999.0 -9999.0 -9999.0 -9999.0 -9999.0 nan nan nan nan nan nan nan nan nan nan nan nan nan nan nan -9999.0
nan nan nan nan nan nan nan nan nan nan nan nan nan nan nan nan nan nan nan nan nan nan nan nan nan nan nan nan nan 12.7 12.7 nan 33.8 34.0 31.1 31.0 32.8 35.2 35.8 34.4 nan 36.2 36.2 35.5 34.7 33.9 33.3 32.8 32.5 32.5 32.6 32.8 33.2 33.6 33.9 34.0 34.0 34.0 -9999.0 -9999.0 -9999.0 -9999.0 -9999.0 -9999.0 -9999.0 -9999.0 -9999.0 -9999.0 -9999.0 -9999.0 -9999.0 -9999.0 -9999.0 -9999.0 -9999.0 nan nan nan nan nan nan nan nan nan nan nan nan nan nan -9999.0
nan nan nan nan nan nan nan nan nan nan nan nan nan nan nan nan nan nan nan nan nan nan nan nan nan nan nan nan nan 13.4 33.5 33.8 34.1 34.3 34.6 nan 12.9 34.8 35.5 35.8 nan 35.0 37.0 36.4 35.5 34.6 34.0 33.5 33.1 33.0 33.2 33.3 33.6 34.0 34.3 34.3 34.4 34.4 -9999.0 -9999.0 -9999.0 -9999.0 -9999.0 -9999.0 -9999.0 -9999.0 -9999.0 -9999.0 -9999.0 -9999.0 -9999.0 -9999.0 -9999.0 -9999.0 -9999.0 -9999.0 nan nan nan nan nan nan nan nan nan nan nan nan nan -9999.0
nan nan nan nan nan nan nan nan nan nan nan nan nan nan nan nan nan nan nan nan nan nan nan nan nan nan nan nan nan nan 32.9 33.8 34.3 34.9 31.5 nan nan 33.2 34.4 35.2 nan 30.8 33.6 37.0 36.2 35.4 34.8 34.2 33.9 33.8 33.8 33.9 34.1 34.5 34.8 34.8 34.8 34.8 -9999.0 -9999.0 -9999.0 -9999.0 -9999.0 -9999.0 -9999.0 -9999.0 -9999.0 -9999.0 -9999.0 -9999.0 -9999.0 -9999.0 -9999.0 -9999.0 -9999.0 -9999.0 -9999.0 nan nan nan nan nan nan nan nan nan nan nan nan -9999.0
nan nan nan nan nan nan nan nan nan nan nan nan nan nan nan nan nan nan nan nan nan nan nan nan nan nan nan nan nan nan 31.1 34.0 34.6 35.1 31.2 nan 14.2 26.9 31.3 19.7 30.7 26.2 28.2 35.9 36.5 35.8 35.3 34.9 34.6 34.4 34.4 34.4 34.6 34.9 35.4 35.3 35.0 35.2 -9999.0 -9999.0 -9999.0 -9999.0 -9999.0 -9999.0 -9999.0 -9999.0 -9999.0 -9999.0 -9999.0 -9999.0 -9999.0 -9999.0 -9999.0 -9999.0 -9999.0 -9999.0 -9999.0 -9999.0 nan nan nan nan nan nan nan nan nan nan nan -9999.0
nan nan nan nan nan nan nan nan nan nan nan nan nan nan nan nan nan nan nan nan nan nan nan nan nan nan nan nan nan nan 31.8 33.6 34.5 34.9 31.4 14.1 nan 31.9 24.4 17.8 26.6 nan 36.6 37.2 36.8 36.2 35.7 35.4 35.1 35.0 35.0 35.0 35.1 35.4 35.8 35.9 35.3 27.4 -9999.0 -9999.0 -9999.0 -9999.0 -9999.0 -9999.0 -9999.0 -9999.0 -9999.0 -9999.0 -9999.0 -9999.0 -9999.0 -9999.0 -9999.0 -9999.0 -9999.0 -9999.0 -9999.0 -9999.0 -9999.0 -9999.0 nan nan nan nan nan nan nan nan nan -9999.0
nan nan nan nan nan nan nan nan nan nan nan nan nan nan nan nan nan nan nan nan nan nan nan nan nan nan nan nan nan nan nan 33.7 34.0 34.4 34.4 nan nan 24.3 23.4 19.9 nan nan 37.5 37.7 37.3 36.7 36.1 35.9 35.7 35.5 35.5 35.5 35.6 35.9 36.2 36.8 36.2 31.7 -9999.0 -9999.0 -9999.0 -9999.0 -9999.0 -9999.0 -9999.0 -9999.0 -9999.0 -9999.0 -9999.0 nan nan nan -9999.0 -9999.0 -9999.0 -9999.0 -9999.0 -9999.0 -9999.0 -9999.0 -9999.0 -9999.0 -9999.0 -9999.0 -9999.0 nan nan nan -9999.0 -9999.0
nan nan nan nan nan nan nan nan nan nan nan nan nan nan nan nan nan nan nan nan nan nan nan nan nan nan nan nan nan nan nan 31.3 33.3 34.2 35.1 nan 14.2 20.1 31.8 18.4 nan nan 37.9 38.2 38.0 37.4 36.8 36.4 36.2 36.0 36.0 36.0 36.1 36.4 36.7 37.2 37.3 32.1 -9999.0 -9999.0 -9999.0 -9999.0 -9999.0 -9999.0 -9999.0 -9999.0 -9999.0 -9999.0 -9999.0 nan nan nan nan nan -9999.0 -9999.0 -9999.0 -9999.0 -9999.0 -9999.0 -9999.0 -9999.0 -9999.0 -9999.0 -9999.0 -9999.0 -9999.0 -9999.0 -9999.0 -9999.0
nan nan nan nan nan nan nan nan nan nan nan nan nan nan nan nan nan nan nan nan nan nan nan nan nan nan nan nan nan nan nan 13.9 33.3 34.2 33.8 32.5 29.8 23.4 19.9 16.7 18.9 nan 37.8 38.5 38.3 37.9 37.3 36.8 36.6 36.5 36.4 36.4 36.5 36.7 37.1 37.3 36.9 28.2 -9999.0 -9999.0 -9999.0 -9999.0 -9999.0 -9999.0 -9999.0 -9999.0 -9999.0 -9999.0 -9999.0 -9999.0 -9999.0 -9999.0 -9999.0 -9999.0 -9999.0 -9999.0 -9999.0 -9999.0 -9999.0 -9999.0 -9999.0 -9999.0 -9999.0 -9999.0 -9999.0 -9999.0 -9999.0 -9999.0 -9999.0 -9999.0
nan nan nan nan nan nan nan nan nan nan nan nan nan nan nan nan nan nan nan nan nan nan nan nan nan nan nan nan nan nan nan 13.8 30.8 34.2 35.1 35.4 35.0 nan 23.1 26.9 16.0 nan 37.6 38.5 38.7 38.3 37.8 37.3 37.0 36.9 36.8 36.8 36.8 37.1 37.5 37.5 37.0 30.0 -9999.0 -9999.0 -9999.0 -9999.0 -9999.0 -9999.0 -9999.0 -9999.0 -9999.0 -9999.0 -9999.0 -9999.0 -9999.0 -9999.0 -9999.0 -9999.0 -9999.0 -9999.0 -9999.0 -9999.0 -9999.0 -9999.0 -9999.0 -9999.0 -9999.0 -9999.0 -9999.0 -9999.0 -9999.0 -9999.0 -9999.0 -9999.0
nan nan nan nan nan nan nan nan nan nan nan nan nan nan nan nan nan nan nan nan nan nan nan nan nan nan nan nan nan nan nan 13.9 29.4 32.2 34.7 34.9 34.6 nan nan 24.0 17.8 nan nan 38.7 39.2 38.9 38.4 37.9 37.5 37.3 37.2 37.2 37.2 37.4 37.9 38.0 37.7 27.9 -9999.0 -9999.0 -9999.0 -9999.0 -9999.0 -9999.0 -9999.0 -9999.0 -9999.0 -9999.0 -9999.0 -9999.0 -9999.0 -9999.0 -9999.0 -9999.0 -9999.0 -9999.0 -9999.0 -9999.0 -9999.0 -9999.0 -9999.0 -9999.0 -9999.0 -9999.0 -9999.0 -9999.0 -9999.0 -9999.0 -9999.0 -9999.0
nan nan nan nan nan nan nan nan nan nan nan nan nan nan nan nan nan nan nan nan nan nan nan nan nan nan nan nan nan nan nan nan 13.5 33.7 34.4 34.7 nan nan nan 24.6 17.6 16.9 nan nan 38.1 39.2 38.9 38.4 37.9 37.7 37.6 37.6 37.6 37.8 38.2 38.5 38.6 27.4 -9999.0 -9999.0 -9999.0 -9999.0 -9999.0 -9999.0 -9999.0 -9999.0 -9999.0 -9999.0 -9999.0 -9999.0 -9999.0 -9999.0 -9999.0 -9999.0 -9999.0 -9999.0 -9999.0 -9999.0 -9999.0 -9999.0 -9999.0 -9999.0 nan nan nan -9999.0 -9999.0 -9999.0 -9999.0 -9999.0
nan nan nan nan nan nan nan nan nan nan nan nan nan nan nan nan nan nan nan nan nan nan nan nan nan nan nan nan nan nan nan nan 31.8 33.1 33.9 34.4 nan nan nan nan 19.9 16.5 29.5 nan 36.7 38.7 39.2 38.7 38.3 38.0 37.9 37.9 38.0 38.2 38.6 39.1 39.1 34.3 -9999.0 -9999.0 -9999.0 -9999.0 -9999.0 -9999.0 -9999.0 -9999.0 -9999.0 -9999.0 -9999.0 -9999.0 -9999.0 -9999.0 -9999.0 -9999.0 -9999.0 -9999.0 -9999.0 -9999.0 -9999.0 -9999.0 nan nan nan nan nan nan nan nan -9999.0 -9999.0
nan nan nan nan nan nan nan nan nan nan nan nan nan nan nan nan nan nan nan nan nan nan nan nan nan nan nan nan nan nan nan nan nan 33.5 34.2 34.6 nan nan nan nan 26.5 18.6 22.5 19.0 nan 39.3 39.8 39.5 39.0 38.6 38.3 38.2 38.3 38.6 39.1 39.8 39.9 36.6 -9999.0 -9999.0 -9999.0 -9999.0 -9999.0 -9999.0 -9999.0 -9999.0 -9999.0 -9999.0 -9999.0 nan nan nan nan nan nan nan nan nan nan nan nan nan nan nan nan nan nan nan nan nan
nan nan nan nan nan nan nan nan nan nan nan nan nan nan nan nan nan nan nan nan nan nan nan nan nan nan nan nan nan nan nan nan nan 33.8 34.5 35.0 35.0 nan nan nan 36.0 21.2 20.4 35.3 nan nan 39.4 39.6 39.3 39.0 38.7 38.6 38.7 38.9 39.5 40.4 41.0 39.0 -9999.0 -9999.0 -9999.0 -9999.0 -9999.0 -9999.0 -9999.0 -9999.0 -9999.0 -9999.0 nan nan nan nan nan nan nan nan nan nan nan nan nan nan nan nan nan nan nan nan nan nan
