data/output/RUN203/ECOSPACE/ECOSPACE_in_PAR3/PAR-VarZ-VarK/PAR-VarZ-VarK_2014_05.asc
ncols        93
nrows        151 
xllcorner    -123.80739
yllcorner    48.29471 
cellsize     0.013497347 
NODATA_value  0.0
[rows 80 to 119 of 151, columns 0 to 89 of 93]
nan nan nan nan nan nan nan nan nan nan nan nan nan nan nan nan nan nan nan nan nan nan nan 31.7 31.7 30.9 33.2 32.1 29.8 27.4 25.2 23.1 21.3 19.6 18.4 17.3 16.5 15.9 15.4 15.2 15.0 14.9 14.9 14.9 14.9 15.1 15.2 15.3 15.4 15.5 15.4 15.4 15.2 14.9 nan nan nan nan nan nan nan nan nan nan nan nan 13.6 13.7 13.7 13.7 nan 13.4 13.4 13.4 13.3 13.3 13.3 13.1 13.1 13.2 13.5 13.6 13.5 nan nan nan nan nan nan nan
nan nan nan nan nan nan nan nan nan nan nan nan nan nan nan nan nan nan nan nan nan nan nan nan nan nan 34.0 33.2 31.5 29.1 26.8 24.5 22.4 20.6 19.1 17.9 16.9 16.2 15.6 15.3 15.0 14.9 14.8 14.8 14.8 14.9 15.0 15.1 15.2 15.2 15.3 15.3 15.2 15.0 14.7 nan nan nan nan nan nan nan nan nan nan nan 13.8 13.8 nan nan nan nan nan 13.5 13.5 13.5 nan 13.2 13.2 13.5 13.7 13.8 nan nan nan nan nan nan nan nan
nan nan nan nan nan nan nan nan nan nan nan nan nan nan nan nan nan nan nan nan nan nan nan nan nan nan nan 34.0 32.7 30.9 28.6 26.1 23.8 21.8 20.0 18.5 17.4 16.6 15.9 15.4 15.1 15.0 14.8 14.8 14.7 14.8 14.8 14.9 15.0 15.1 15.1 15.1 15.1 14.9 14.7 14.6 nan nan nan nan nan nan nan nan nan 13.8 14.0 nan nan nan nan nan nan 13.5 13.5 13.5 nan 13.4 13.5 13.7 13.9 nan nan nan nan nan nan nan nan nan
nan nan nan nan nan nan nan nan nan nan nan nan nan nan nan nan nan nan nan nan nan nan nan nan nan nan nan nan 31.6 32.0 30.5 28.0 25.5 23.2 21.2 19.5 18.1 17.1 16.3 15.7 15.3 15.1 14.9 14.8 14.7 14.7 14.8 14.9 14.9 14.9 14.9 14.9 14.9 14.8 14.7 14.6 14.5 nan nan nan nan nan nan nan nan 13.9 13.9 nan nan nan nan nan nan 13.5 13.5 13.5 13.7 14.0 13.9 13.8 nan nan nan nan nan nan nan nan nan nan
nan nan nan nan nan nan nan nan nan nan nan nan nan nan nan nan nan nan nan nan nan nan nan nan nan nan nan nan nan 14.7 32.4 30.1 27.4 24.9 22.5 20.5 19.0 17.7 16.8 16.1 15.6 15.3 15.1 14.9 14.8 14.8 14.8 14.8 14.8 14.8 14.8 14.8 14.8 14.8 14.7 14.6 14.6 14.5 nan nan nan nan nan nan 14.0 14.0 14.0 nan 14.1 14.0 14.0 nan nan 13.6 13.6 13.7 14.0 14.3 nan nan nan nan nan nan nan nan nan nan nan nan
nan nan nan nan nan nan nan nan nan nan nan nan nan nan nan nan nan nan nan nan nan nan nan nan nan nan nan nan nan nan 15.3 31.8 29.3 26.5 24.0 21.8 20.0 18.5 17.4 16.6 16.0 15.6 15.3 15.1 15.0 14.9 14.8 14.8 14.9 14.9 14.9 14.8 14.8 14.8 14.7 14.7 14.6 14.6 nan nan nan nan nan 14.1 14.1 14.1 14.1 14.1 14.1 14.1 14.0 9.7 nan 13.6 13.8 13.9 14.1 14.2 nan nan nan nan nan nan nan nan nan nan nan nan
nan nan nan nan nan nan nan nan nan nan nan nan nan nan nan nan nan nan nan nan nan nan nan nan nan nan nan nan nan nan nan 29.6 30.6 28.1 25.5 23.2 21.2 19.5 18.2 17.2 16.5 16.0 15.6 15.4 15.2 15.1 15.0 15.0 15.0 15.0 15.0 14.9 14.9 14.9 14.8 14.8 14.7 14.7 14.6 nan nan 14.2 14.3 14.2 14.1 14.2 14.2 14.1 14.1 14.1 14.0 nan nan 13.8 13.9 14.1 14.2 14.2 nan nan nan nan nan nan nan nan nan nan nan nan
nan nan nan nan nan nan nan nan nan nan nan nan nan nan nan nan nan nan nan nan nan nan nan nan nan nan nan nan nan nan nan nan 31.4 29.4 27.1 24.8 22.6 20.7 19.2 18.0 17.2 16.5 16.1 15.8 15.6 15.4 15.3 15.2 15.2 15.2 15.1 15.1 15.0 15.0 14.9 14.9 14.8 14.8 14.7 14.6 14.5 14.4 14.4 nan 14.3 14.3 14.3 14.3 14.2 14.2 14.1 14.0 14.0 14.1 14.1 14.2 14.2 nan nan nan nan nan nan nan nan nan nan nan nan nan
nan nan nan nan nan nan nan nan nan nan nan nan nan nan nan nan nan nan nan nan nan nan nan nan nan nan nan nan nan nan 30.2 31.0 31.5 30.2 28.4 26.5 24.2 22.2 20.4 19.0 18.0 17.2 16.6 16.3 16.0 15.8 15.6 15.6 15.5 15.4 15.4 15.3 15.2 15.2 15.1 15.0 14.9 14.8 14.7 14.7 14.6 14.5 14.5 14.5 14.5 14.5 14.5 14.5 14.4 14.4 14.3 14.2 14.1 14.1 14.2 14.3 14.2 nan nan nan nan nan nan nan nan nan nan nan nan nan
nan nan nan nan nan nan nan nan nan nan nan nan nan nan nan nan nan nan nan nan nan nan nan nan nan nan nan nan nan nan nan nan 31.5 30.9 29.8 28.2 26.1 23.8 21.7 20.1 18.9 18.0 17.3 16.8 16.5 16.2 16.0 15.9 15.8 15.7 15.6 15.6 15.5 15.4 15.3 15.2 15.1 15.0 14.9 14.8 14.7 14.6 14.6 14.6 14.6 14.5 14.5 nan nan nan 14.4 14.3 14.3 14.2 14.3 14.3 nan nan nan nan nan nan nan nan nan nan nan nan nan nan
nan nan nan nan nan nan nan nan nan nan nan nan nan nan nan nan nan nan nan nan nan nan nan nan nan nan nan nan nan nan 16.2 14.7 31.8 31.7 31.0 30.0 28.2 25.9 23.3 21.5 20.0 18.9 18.0 17.4 17.0 16.7 16.5 16.3 16.2 16.1 15.9 15.8 15.7 15.6 15.5 15.4 15.3 15.2 15.1 15.0 14.9 14.8 14.7 14.7 nan nan nan nan nan nan nan 14.5 14.4 14.4 14.4 14.3 nan nan nan nan nan nan nan nan nan nan nan nan nan nan
nan nan nan nan nan nan nan nan nan nan nan nan nan nan nan nan nan nan nan nan nan nan nan nan nan nan nan nan nan nan 15.6 31.4 32.3 32.6 32.0 16.9 30.5 27.9 24.9 22.9 21.2 19.9 18.9 18.1 17.6 17.2 16.9 16.7 16.6 16.4 16.3 16.1 16.0 15.9 15.8 15.7 15.6 15.4 15.3 15.1 15.0 14.9 14.8 nan nan nan nan nan nan 14.4 14.5 14.6 14.5 14.5 14.5 nan nan nan nan nan nan nan nan nan nan nan nan nan nan nan
nan nan nan nan nan nan nan nan nan nan nan nan nan nan nan nan nan nan nan nan nan nan nan nan nan nan nan nan nan nan 16.2 30.4 32.5 33.0 nan nan nan 27.9 26.2 24.2 22.4 20.9 19.8 18.8 18.2 17.7 17.4 17.2 17.0 16.8 16.7 16.5 16.4 16.2 16.1 15.9 15.8 15.7 15.5 15.4 15.2 15.1 14.9 nan nan nan nan nan 14.5 14.5 14.5 14.6 14.6 14.5 nan nan nan nan nan nan nan nan nan nan nan nan nan nan nan nan
nan nan nan nan nan nan nan nan nan nan nan nan nan nan nan nan nan nan nan nan nan nan nan nan nan nan nan nan nan nan 16.1 14.9 33.0 33.3 nan nan nan 25.9 27.1 25.4 23.7 22.1 20.8 19.7 18.9 18.3 17.9 17.6 17.4 17.3 17.1 16.9 16.8 16.6 16.4 16.2 16.1 15.9 15.8 15.6 15.4 15.2 15.1 14.8 14.6 nan 14.5 14.5 14.6 14.5 14.6 14.6 nan nan nan nan nan nan nan nan nan nan nan nan nan nan nan nan nan nan
nan nan nan nan nan nan nan nan nan nan nan nan nan nan nan nan nan nan nan nan nan nan nan nan nan nan nan nan nan nan nan nan 33.1 27.1 nan nan nan nan 27.4 26.7 25.3 23.5 21.9 20.6 19.7 19.0 18.5 18.1 17.9 17.7 17.5 17.3 17.1 17.0 16.8 16.6 16.4 16.2 16.0 15.9 15.7 15.5 15.3 15.1 14.9 14.7 14.6 14.5 14.5 14.5 14.6 nan nan nan nan nan nan nan nan nan nan nan nan nan nan nan nan nan nan nan
nan nan nan nan nan nan nan nan nan nan nan nan nan nan nan nan nan nan nan nan nan nan nan nan nan nan nan nan nan nan nan nan nan 27.5 14.9 nan nan nan 14.4 28.2 27.1 25.2 23.3 21.8 20.6 19.7 19.1 18.7 18.4 18.2 18.0 17.8 17.6 17.4 17.1 16.9 16.7 16.5 16.3 16.1 15.9 15.7 15.4 15.2 15.1 14.9 14.7 14.6 14.6 14.6 14.4 nan nan nan nan nan nan nan nan nan nan nan nan nan nan nan nan nan nan nan
nan nan nan nan nan nan nan nan nan nan nan nan nan nan nan nan nan nan nan nan nan nan nan nan nan nan nan nan nan nan nan nan nan nan 17.8 28.5 nan nan nan nan 28.0 26.8 24.7 23.0 21.6 20.5 19.8 19.3 19.0 18.7 18.5 18.3 18.0 17.7 17.5 17.2 17.0 16.8 16.6 16.4 16.1 15.9 15.6 15.4 15.1 14.9 14.7 14.6 14.6 14.6 14.5 14.4 nan nan nan nan nan nan nan nan nan nan nan nan nan nan nan nan nan nan
nan nan nan nan nan nan nan nan nan nan nan nan nan nan nan nan nan nan nan nan nan nan nan nan nan nan nan nan nan nan nan nan nan nan nan 21.4 16.3 nan nan nan nan 25.2 25.6 23.9 22.5 21.3 20.5 19.9 19.5 19.2 19.0 18.7 18.5 18.2 17.9 17.6 17.3 17.1 16.8 16.6 16.3 16.1 15.8 15.5 15.2 14.9 14.7 14.6 14.6 14.5 14.5 14.5 14.4 9.8 nan nan nan nan nan nan nan nan nan nan nan nan nan nan nan nan
nan nan nan nan nan nan nan nan nan nan nan nan nan nan nan nan nan nan nan nan nan nan nan nan nan nan nan nan nan nan nan nan nan nan 16.5 22.8 29.0 28.7 nan 16.2 nan 23.4 25.3 24.6 23.2 22.0 21.1 20.5 20.1 19.8 19.5 19.2 18.9 18.6 18.3 17.9 17.6 17.3 17.1 16.8 16.5 16.2 15.9 15.5 15.2 14.9 14.7 14.6 14.6 14.5 14.4 14.4 14.4 14.3 nan nan nan nan nan nan nan nan nan nan nan nan nan nan nan nan
nan nan nan nan nan nan nan nan nan nan nan nan nan nan nan nan nan nan nan nan nan nan nan nan nan nan nan nan nan nan nan nan nan nan 29.1 29.6 30.0 29.5 21.1 26.6 27.3 21.8 26.8 25.5 24.1 22.8 21.8 21.1 20.6 20.2 19.9 19.6 19.4 19.0 18.7 18.3 18.0 17.6 17.3 17.0 16.7 16.3 15.9 15.5 15.1 14.9 14.4 14.2 13.8 14.3 14.4 14.4 14.4 14.4 14.5 nan nan nan nan nan nan nan nan nan nan nan nan nan nan nan
nan nan nan nan nan nan nan nan nan nan nan nan nan nan nan nan nan nan nan nan nan nan nan nan nan nan nan nan nan nan nan nan nan nan 29.5 30.1 30.3 30.4 30.6 nan 27.2 26.0 27.7 26.4 24.9 23.5 22.4 21.6 21.1 20.8 20.4 20.1 19.8 19.5 19.1 18.7 18.3 17.9 17.6 17.3 16.9 16.5 -9999.0 -9999.0 -9999.0 -9999.0 -9999.0 -9999.0 -9999.0 10.7 14.6 14.4 14.5 14.4 14.5 nan nan nan nan nan nan nan nan nan nan nan nan nan nan -9999.0
nan nan nan nan nan nan nan nan nan nan nan nan nan nan nan nan nan nan nan nan nan nan nan nan nan nan nan nan nan nan nan nan nan nan 29.6 30.1 30.2 30.0 30.1 nan nan 28.5 28.4 27.2 25.7 24.2 23.1 22.3 21.8 21.3 21.0 20.7 20.4 20.0 19.5 19.1 18.7 18.3 18.0 17.6 17.2 -9999.0 -9999.0 -9999.0 -9999.0 -9999.0 -9999.0 -9999.0 -9999.0 nan 12.9 14.5 14.6 14.2 nan nan nan nan nan nan nan nan nan nan nan nan nan nan nan -9999.0
nan nan nan nan nan nan nan nan nan nan nan nan nan nan nan nan nan nan nan nan nan nan nan nan nan nan nan nan nan nan nan nan nan nan 29.5 29.7 29.7 29.8 30.6 nan 23.0 25.2 29.0 27.9 26.4 25.0 23.9 23.0 22.4 22.0 21.6 21.3 20.9 20.5 20.0 19.6 19.2 18.8 18.5 18.1 17.5 -9999.0 -9999.0 -9999.0 -9999.0 -9999.0 -9999.0 -9999.0 -9999.0 -9999.0 -9999.0 nan 10.4 10.4 nan nan nan nan nan nan nan nan nan nan nan nan nan nan nan -9999.0
nan nan nan nan nan nan nan nan nan nan nan nan nan nan nan nan nan nan nan nan nan nan nan nan nan nan nan nan nan nan nan nan nan nan 29.1 29.3 29.8 30.6 27.4 19.4 28.3 23.7 29.1 28.3 27.0 25.7 24.6 23.8 23.1 22.6 22.3 21.9 21.5 21.0 20.6 20.2 19.8 19.4 19.1 18.6 -9999.0 -9999.0 -9999.0 -9999.0 -9999.0 -9999.0 -9999.0 -9999.0 -9999.0 -9999.0 -9999.0 nan nan nan nan nan nan nan nan nan nan nan nan nan nan nan nan nan nan -9999.0
nan nan nan nan nan nan nan nan nan nan nan nan nan nan nan nan nan nan nan nan nan nan nan nan nan nan nan nan nan nan nan nan 28.0 28.5 29.3 29.8 30.6 31.6 32.4 31.0 nan 30.3 29.7 28.7 27.5 26.3 25.3 24.5 23.9 23.4 22.9 22.5 22.0 21.5 21.1 20.8 20.4 20.1 19.8 -9999.0 -9999.0 -9999.0 -9999.0 -9999.0 -9999.0 -9999.0 -9999.0 -9999.0 -9999.0 -9999.0 -9999.0 -9999.0 nan nan nan nan nan nan nan nan nan nan nan nan nan nan nan nan nan -9999.0
nan nan nan nan nan nan nan nan nan nan nan nan nan nan nan nan nan nan nan nan nan nan nan nan nan nan nan nan nan 16.3 nan nan 29.3 29.5 29.6 30.3 31.4 32.5 33.6 nan nan 30.1 29.9 29.1 28.1 26.9 26.0 25.1 24.5 24.0 23.6 23.1 22.6 22.1 21.7 21.4 21.1 20.9 20.5 -9999.0 -9999.0 -9999.0 -9999.0 -9999.0 -9999.0 -9999.0 -9999.0 -9999.0 -9999.0 -9999.0 -9999.0 -9999.0 -9999.0 -9999.0 nan nan nan nan nan nan nan nan nan nan nan nan nan nan nan -9999.0
nan nan nan nan nan nan nan nan nan nan nan nan nan nan nan nan nan nan nan nan nan nan nan nan nan nan nan nan nan 14.2 14.2 nan 29.8 30.4 29.1 27.3 30.9 32.5 33.1 32.2 nan 30.5 30.4 29.7 28.7 27.6 26.6 25.8 25.1 24.6 24.2 23.8 23.2 22.7 22.3 22.0 21.8 21.7 -9999.0 -9999.0 -9999.0 -9999.0 -9999.0 -9999.0 -9999.0 -9999.0 -9999.0 -9999.0 -9999.0 -9999.0 -9999.0 -9999.0 -9999.0 -9999.0 -9999.0 nan nan nan nan nan nan nan nan nan nan nan nan nan nan -9999.0
nan nan nan nan nan nan nan nan nan nan nan nan nan nan nan nan nan nan nan nan nan nan nan nan nan nan nan nan nan 14.9 30.0 30.3 30.6 31.2 32.2 nan 15.0 32.2 32.9 33.3 nan 30.1 31.1 30.4 29.4 28.3 27.3 26.5 25.8 25.3 24.8 24.3 23.8 23.3 22.9 22.6 22.5 22.4 -9999.0 -9999.0 -9999.0 -9999.0 -9999.0 -9999.0 -9999.0 -9999.0 -9999.0 -9999.0 -9999.0 -9999.0 -9999.0 -9999.0 -9999.0 -9999.0 -9999.0 -9999.0 nan nan nan nan nan nan nan nan nan nan nan nan nan -9999.0
nan nan nan nan nan nan nan nan nan nan nan nan nan nan nan nan nan nan nan nan nan nan nan nan nan nan nan nan nan nan 29.5 30.3 31.0 31.7 30.9 nan nan 32.3 33.0 34.1 nan 27.3 29.0 30.8 30.0 28.9 28.0 27.2 26.5 25.9 25.3 24.9 24.4 23.9 23.5 23.2 23.1 23.0 -9999.0 -9999.0 -9999.0 -9999.0 -9999.0 -9999.0 -9999.0 -9999.0 -9999.0 -9999.0 -9999.0 -9999.0 -9999.0 -9999.0 -9999.0 -9999.0 -9999.0 -9999.0 -9999.0 nan nan nan nan nan nan nan nan nan nan nan nan -9999.0
nan nan nan nan nan nan nan nan nan nan nan nan nan nan nan nan nan nan nan nan nan nan nan nan nan nan nan nan nan nan 27.1 30.2 31.0 31.9 28.6 nan 16.7 25.5 29.6 18.5 28.4 22.5 25.4 30.8 30.5 29.5 28.6 27.8 27.0 26.4 25.9 25.4 24.9 24.5 24.2 23.8 23.4 22.7 -9999.0 -9999.0 -9999.0 -9999.0 -9999.0 -9999.0 -9999.0 -9999.0 -9999.0 -9999.0 -9999.0 -9999.0 -9999.0 -9999.0 -9999.0 -9999.0 -9999.0 -9999.0 -9999.0 -9999.0 nan nan nan nan nan nan nan nan nan nan nan -9999.0
nan nan nan nan nan nan nan nan nan nan nan nan nan nan nan nan nan nan nan nan nan nan nan nan nan nan nan nan nan nan 27.5 29.8 31.0 31.8 31.2 16.7 nan 30.0 24.2 18.3 24.8 nan 31.9 32.0 31.2 30.2 29.2 28.4 27.7 27.0 26.4 25.9 25.4 25.1 24.9 24.4 23.0 17.2 -9999.0 -9999.0 -9999.0 -9999.0 -9999.0 -9999.0 -9999.0 -9999.0 -9999.0 -9999.0 -9999.0 -9999.0 -9999.0 -9999.0 -9999.0 -9999.0 -9999.0 -9999.0 -9999.0 -9999.0 -9999.0 -9999.0 nan nan nan nan nan nan nan nan nan -9999.0
nan nan nan nan nan nan nan nan nan nan nan nan nan nan nan nan nan nan nan nan nan nan nan nan nan nan nan nan nan nan nan 30.3 30.9 31.7 32.5 nan nan 23.0 23.5 22.6 nan nan 32.4 32.6 31.9 31.0 30.0 29.1 28.3 27.6 27.0 26.5 26.0 25.6 25.5 25.2 23.0 20.4 -9999.0 -9999.0 -9999.0 -9999.0 -9999.0 -9999.0 -9999.0 -9999.0 -9999.0 -9999.0 -9999.0 nan nan nan -9999.0 -9999.0 -9999.0 -9999.0 -9999.0 -9999.0 -9999.0 -9999.0 -9999.0 -9999.0 -9999.0 -9999.0 -9999.0 nan nan nan -9999.0 -9999.0
nan nan nan nan nan nan nan nan nan nan nan nan nan nan nan nan nan nan nan nan nan nan nan nan nan nan nan nan nan nan nan 29.6 30.7 31.6 32.7 nan 15.9 21.1 31.4 19.2 nan nan 32.8 33.1 32.6 31.8 30.8 29.8 29.0 28.2 27.6 27.1 26.6 26.2 26.1 26.0 25.4 21.6 -9999.0 -9999.0 -9999.0 -9999.0 -9999.0 -9999.0 -9999.0 -9999.0 -9999.0 -9999.0 -9999.0 nan nan nan nan nan -9999.0 -9999.0 -9999.0 -9999.0 -9999.0 -9999.0 -9999.0 -9999.0 -9999.0 -9999.0 -9999.0 -9999.0 -9999.0 -9999.0 -9999.0 -9999.0
nan nan nan nan nan nan nan nan nan nan nan nan nan nan nan nan nan nan nan nan nan nan nan nan nan nan nan nan nan nan nan 16.3 30.5 31.6 32.9 32.5 28.5 24.4 19.7 16.4 19.7 nan 32.9 33.5 33.2 32.5 31.5 30.5 29.6 28.9 28.3 27.7 27.2 26.9 26.6 26.4 25.7 18.9 -9999.0 -9999.0 -9999.0 -9999.0 -9999.0 -9999.0 -9999.0 -9999.0 -9999.0 -9999.0 -9999.0 -9999.0 -9999.0 -9999.0 -9999.0 -9999.0 -9999.0 -9999.0 -9999.0 -9999.0 -9999.0 -9999.0 -9999.0 -9999.0 -9999.0 -9999.0 -9999.0 -9999.0 -9999.0 -9999.0 -9999.0 -9999.0
nan nan nan nan nan nan nan nan nan nan nan nan nan nan nan nan nan nan nan nan nan nan nan nan nan nan nan nan nan nan nan 16.2 30.2 31.7 33.0 33.8 33.7 nan 21.1 25.9 15.7 nan 33.0 33.8 33.8 33.2 32.4 31.4 30.5 29.6 29.0 28.4 27.8 27.5 27.3 26.9 26.2 22.0 -9999.0 -9999.0 -9999.0 -9999.0 -9999.0 -9999.0 -9999.0 -9999.0 -9999.0 -9999.0 -9999.0 -9999.0 -9999.0 -9999.0 -9999.0 -9999.0 -9999.0 -9999.0 -9999.0 -9999.0 -9999.0 -9999.0 -9999.0 -9999.0 -9999.0 -9999.0 -9999.0 -9999.0 -9999.0 -9999.0 -9999.0 -9999.0
nan nan nan nan nan nan nan nan nan nan nan nan nan nan nan nan nan nan nan nan nan nan nan nan nan nan nan nan nan nan nan 16.3 27.9 31.4 32.9 33.7 33.8 nan nan 23.8 18.8 nan nan 34.0 34.5 34.0 33.2 32.2 31.2 30.4 29.7 29.1 28.5 28.2 27.9 27.5 27.0 21.2 -9999.0 -9999.0 -9999.0 -9999.0 -9999.0 -9999.0 -9999.0 -9999.0 -9999.0 -9999.0 -9999.0 -9999.0 -9999.0 -9999.0 -9999.0 -9999.0 -9999.0 -9999.0 -9999.0 -9999.0 -9999.0 -9999.0 -9999.0 -9999.0 -9999.0 -9999.0 -9999.0 -9999.0 -9999.0 -9999.0 -9999.0 -9999.0
nan nan nan nan nan nan nan nan nan nan nan nan nan nan nan nan nan nan nan nan nan nan nan nan nan nan nan nan nan nan nan nan 15.7 31.9 32.9 33.7 nan nan nan 24.9 18.4 20.0 nan nan 34.1 34.2 33.7 32.9 32.0 31.1 30.4 29.8 29.2 28.9 28.5 28.3 28.3 25.9 -9999.0 -9999.0 -9999.0 -9999.0 -9999.0 -9999.0 -9999.0 -9999.0 -9999.0 -9999.0 -9999.0 -9999.0 -9999.0 -9999.0 -9999.0 -9999.0 -9999.0 -9999.0 -9999.0 -9999.0 -9999.0 -9999.0 -9999.0 -9999.0 nan nan nan -9999.0 -9999.0 -9999.0 -9999.0 -9999.0
nan nan nan nan nan nan nan nan nan nan nan nan nan nan nan nan nan nan nan nan nan nan nan nan nan nan nan nan nan nan nan nan 30.3 31.6 32.8 33.7 nan nan nan nan 20.9 19.5 32.9 nan 32.8 34.4 34.2 33.4 32.7 31.9 31.1 30.5 30.1 29.7 29.3 29.1 29.0 28.9 -9999.0 -9999.0 -9999.0 -9999.0 -9999.0 -9999.0 -9999.0 -9999.0 -9999.0 -9999.0 -9999.0 -9999.0 -9999.0 -9999.0 -9999.0 -9999.0 -9999.0 -9999.0 -9999.0 -9999.0 -9999.0 -9999.0 nan nan nan nan nan nan nan nan -9999.0 -9999.0
nan nan nan nan nan nan nan nan nan nan nan nan nan nan nan nan nan nan nan nan nan nan nan nan nan nan nan nan nan nan nan nan nan 31.7 33.1 34.1 nan nan nan nan 27.8 22.8 27.7 21.5 nan 35.0 35.3 34.4 33.5 32.7 32.0 31.4 30.9 30.5 30.2 30.0 30.0 30.1 -9999.0 -9999.0 -9999.0 -9999.0 -9999.0 -9999.0 -9999.0 -9999.0 -9999.0 -9999.0 -9999.0 nan nan nan nan nan nan nan nan nan nan nan nan nan nan nan nan nan nan nan nan nan
nan nan nan nan nan nan nan nan nan nan nan nan nan nan nan nan nan nan nan nan nan nan nan nan nan nan nan nan nan nan nan nan nan 31.8 33.4 34.7 34.5 nan nan nan 35.9 23.7 24.6 36.8 nan nan 35.3 34.9 34.3 33.5 32.8 32.3 31.8 31.4 31.1 30.8 30.8 31.4 -9999.0 -9999.0 -9999.0 -9999.0 -9999.0 -9999.0 -9999.0 -9999.0 -9999.0 -9999.0 nan nan nan nan nan nan nan nan nan nan nan nan nan nan nan nan nan nan nan nan nan nan
