data/output/RUN203/ECOSPACE/ECOSPACE_in_PAR3/PAR-VarZ-VarK/PAR-VarZ-VarK_2002_09.asc
ncols        93
nrows        151 
xllcorner    -123.80739
yllcorner    48.29471 
cellsize     0.013497347 
NODATA_value  0.0
[rows 80 to 119 of 151, columns 0 to 89 of 93]
nan nan nan nan nan nan nan nan nan nan nan nan nan nan nan nan nan nan nan nan nan nan nan 28.2 27.3 28.1 29.6 29.5 29.2 28.8 28.3 27.9 27.4 26.9 26.4 26.0 25.7 25.5 25.4 25.4 25.3 25.1 24.9 24.6 24.0 23.5 22.9 22.3 21.6 20.9 20.2 19.5 18.9 18.3 nan nan nan nan nan nan nan nan nan nan nan nan 14.7 15.0 15.2 15.3 nan 14.9 14.9 14.9 14.9 15.0 14.9 14.7 14.5 14.7 15.1 15.3 15.2 nan nan nan nan nan nan nan
nan nan nan nan nan nan nan nan nan nan nan nan nan nan nan nan nan nan nan nan nan nan nan nan nan nan 29.8 29.6 29.2 28.7 28.4 28.0 27.6 27.0 26.5 26.0 25.6 25.4 25.2 25.2 25.1 24.9 24.7 24.4 23.9 23.4 22.8 22.2 21.6 21.0 20.4 19.7 19.1 18.4 17.7 nan nan nan nan nan nan nan nan nan nan nan 15.1 15.2 nan nan nan nan nan 15.0 15.1 15.2 nan 14.8 14.9 15.2 15.6 15.9 nan nan nan nan nan nan nan nan
nan nan nan nan nan nan nan nan nan nan nan nan nan nan nan nan nan nan nan nan nan nan nan nan nan nan nan 29.4 29.0 28.9 28.5 28.1 27.6 27.1 26.6 26.1 25.7 25.3 25.1 25.0 24.9 24.7 24.5 24.1 23.6 23.2 22.7 22.2 21.6 21.1 20.5 19.9 19.3 18.6 18.0 17.4 nan nan nan nan nan nan nan nan nan 15.1 15.6 nan nan nan nan nan nan 15.0 15.1 15.2 nan 15.1 15.4 15.8 16.0 nan nan nan nan nan nan nan nan nan
nan nan nan nan nan nan nan nan nan nan nan nan nan nan nan nan nan nan nan nan nan nan nan nan nan nan nan nan 27.7 28.5 28.8 28.2 27.7 27.1 26.6 26.1 25.7 25.3 25.0 24.8 24.6 24.5 24.2 23.8 23.4 23.0 22.5 22.1 21.6 21.1 20.6 20.1 19.6 19.0 18.3 17.7 17.2 nan nan nan nan nan nan nan nan 15.2 15.6 nan nan nan nan nan nan 15.1 15.2 15.4 15.8 16.2 16.1 16.0 nan nan nan nan nan nan nan nan nan nan
nan nan nan nan nan nan nan nan nan nan nan nan nan nan nan nan nan nan nan nan nan nan nan nan nan nan nan nan nan 11.9 28.8 28.4 27.8 27.2 26.6 26.1 25.6 25.2 24.9 24.6 24.4 24.2 23.9 23.5 23.2 22.8 22.4 22.0 21.6 21.3 20.9 20.4 19.9 19.4 18.8 18.2 17.6 17.2 nan nan nan nan nan nan 15.2 15.4 15.6 nan 15.8 15.8 15.9 nan nan 15.2 15.5 15.8 16.1 16.7 nan nan nan nan nan nan nan nan nan nan nan nan
nan nan nan nan nan nan nan nan nan nan nan nan nan nan nan nan nan nan nan nan nan nan nan nan nan nan nan nan nan nan 12.6 28.1 27.7 27.1 26.5 26.1 25.6 25.1 24.8 24.4 24.2 23.9 23.6 23.3 23.0 22.6 22.3 22.0 21.7 21.4 21.1 20.7 20.3 19.8 19.3 18.7 18.1 17.7 nan nan nan nan nan 15.3 15.4 15.7 15.8 15.9 15.9 15.9 15.9 9.1 nan 15.3 15.7 16.0 16.3 16.5 nan nan nan nan nan nan nan nan nan nan nan nan
nan nan nan nan nan nan nan nan nan nan nan nan nan nan nan nan nan nan nan nan nan nan nan nan nan nan nan nan nan nan nan 26.8 27.7 27.1 26.6 26.0 25.6 25.1 24.7 24.3 23.9 23.6 23.4 23.1 22.8 22.5 22.3 22.0 21.8 21.6 21.4 21.1 20.7 20.3 19.8 19.2 18.7 18.1 17.4 nan nan 15.7 16.0 15.9 15.9 16.1 16.2 16.2 16.2 16.1 16.0 nan nan 15.6 15.9 16.2 16.5 16.5 nan nan nan nan nan nan nan nan nan nan nan nan
nan nan nan nan nan nan nan nan nan nan nan nan nan nan nan nan nan nan nan nan nan nan nan nan nan nan nan nan nan nan nan nan 27.5 26.8 26.3 26.0 25.5 25.1 24.6 24.2 23.8 23.5 23.2 23.0 22.7 22.4 22.2 22.0 21.9 21.7 21.6 21.4 21.2 20.8 20.4 19.8 19.2 18.6 18.1 17.2 16.8 16.7 16.7 nan 16.3 16.6 16.9 17.0 16.9 16.8 16.5 16.2 16.1 16.2 16.2 16.4 16.5 nan nan nan nan nan nan nan nan nan nan nan nan nan
nan nan nan nan nan nan nan nan nan nan nan nan nan nan nan nan nan nan nan nan nan nan nan nan nan nan nan nan nan nan 26.9 27.1 27.1 26.6 26.1 25.8 25.5 25.1 24.6 24.2 23.8 23.5 23.2 23.0 22.7 22.4 22.2 22.1 21.9 21.8 21.8 21.7 21.6 21.4 21.0 20.5 20.0 19.3 18.7 18.1 17.7 17.3 17.2 17.2 17.2 17.4 17.7 17.7 17.6 17.5 17.1 16.6 16.5 16.5 16.5 16.6 16.6 nan nan nan nan nan nan nan nan nan nan nan nan nan
nan nan nan nan nan nan nan nan nan nan nan nan nan nan nan nan nan nan nan nan nan nan nan nan nan nan nan nan nan nan nan nan 26.7 26.5 26.1 25.9 25.6 25.1 24.6 24.2 23.8 23.5 23.3 23.0 22.7 22.5 22.3 22.1 22.0 22.0 21.9 21.9 21.9 21.8 21.5 21.1 20.6 20.1 19.5 19.0 18.4 18.1 17.9 17.9 17.8 17.7 17.9 nan nan nan 17.2 17.0 16.8 16.7 16.6 16.7 nan nan nan nan nan nan nan nan nan nan nan nan nan nan
nan nan nan nan nan nan nan nan nan nan nan nan nan nan nan nan nan nan nan nan nan nan nan nan nan nan nan nan nan nan 12.9 11.7 26.5 26.4 26.4 26.4 26.0 25.4 24.9 24.4 23.9 23.6 23.4 23.1 22.9 22.6 22.4 22.2 22.1 22.1 22.0 22.0 22.1 22.0 21.8 21.5 21.1 20.6 20.0 19.5 19.0 18.6 18.3 18.2 nan nan nan nan nan nan nan 17.2 16.9 16.7 16.7 16.6 nan nan nan nan nan nan nan nan nan nan nan nan nan nan
nan nan nan nan nan nan nan nan nan nan nan nan nan nan nan nan nan nan nan nan nan nan nan nan nan nan nan nan nan nan 12.8 26.1 26.5 26.8 26.7 13.9 26.5 26.0 25.1 24.6 24.1 23.7 23.4 23.2 23.0 22.7 22.5 22.3 22.1 22.1 22.1 22.2 22.2 22.2 22.0 21.8 21.4 21.0 20.5 19.9 19.4 18.9 18.5 nan nan nan nan nan nan 16.7 16.9 17.1 16.8 16.7 16.6 nan nan nan nan nan nan nan nan nan nan nan nan nan nan nan
nan nan nan nan nan nan nan nan nan nan nan nan nan nan nan nan nan nan nan nan nan nan nan nan nan nan nan nan nan nan 12.9 25.4 26.6 27.1 nan nan nan 25.5 25.2 24.8 24.3 23.9 23.6 23.3 23.1 22.9 22.6 22.5 22.3 22.2 22.2 22.3 22.4 22.4 22.2 22.0 21.7 21.3 20.9 20.4 19.8 19.3 18.8 nan nan nan nan nan 16.8 16.8 16.7 16.7 16.6 16.5 nan nan nan nan nan nan nan nan nan nan nan nan nan nan nan nan
nan nan nan nan nan nan nan nan nan nan nan nan nan nan nan nan nan nan nan nan nan nan nan nan nan nan nan nan nan nan 12.9 12.0 26.6 27.0 nan nan nan 24.0 25.2 24.8 24.4 24.0 23.7 23.5 23.2 23.0 22.8 22.6 22.5 22.4 22.4 22.4 22.5 22.5 22.4 22.3 22.0 21.7 21.3 20.8 20.2 19.7 19.1 18.1 17.6 nan 16.9 16.9 16.9 16.7 16.5 16.4 nan nan nan nan nan nan nan nan nan nan nan nan nan nan nan nan nan nan
nan nan nan nan nan nan nan nan nan nan nan nan nan nan nan nan nan nan nan nan nan nan nan nan nan nan nan nan nan nan nan nan 26.5 22.5 nan nan nan nan 24.8 24.9 24.7 24.3 23.9 23.7 23.4 23.2 23.0 22.8 22.6 22.5 22.5 22.5 22.6 22.7 22.6 22.6 22.4 22.1 21.7 21.3 20.7 20.1 19.5 18.8 18.3 17.8 17.4 17.0 16.8 16.6 16.3 nan nan nan nan nan nan nan nan nan nan nan nan nan nan nan nan nan nan nan
nan nan nan nan nan nan nan nan nan nan nan nan nan nan nan nan nan nan nan nan nan nan nan nan nan nan nan nan nan nan nan nan nan 22.6 11.9 nan nan nan 11.9 25.1 25.0 24.6 24.2 23.9 23.6 23.4 23.2 23.0 22.8 22.7 22.6 22.7 22.8 22.8 22.9 22.8 22.7 22.5 22.2 21.8 21.3 20.8 20.1 19.4 18.7 18.1 17.6 17.2 16.8 16.5 16.1 nan nan nan nan nan nan nan nan nan nan nan nan nan nan nan nan nan nan nan
nan nan nan nan nan nan nan nan nan nan nan nan nan nan nan nan nan nan nan nan nan nan nan nan nan nan nan nan nan nan nan nan nan nan 12.9 23.3 nan nan nan nan 25.1 25.0 24.6 24.2 23.9 23.6 23.4 23.1 22.9 22.8 22.7 22.8 22.9 23.0 23.0 23.1 23.0 22.9 22.6 22.3 21.9 21.3 20.6 19.9 19.1 18.4 17.7 17.2 16.9 16.5 16.2 15.9 nan nan nan nan nan nan nan nan nan nan nan nan nan nan nan nan nan nan
nan nan nan nan nan nan nan nan nan nan nan nan nan nan nan nan nan nan nan nan nan nan nan nan nan nan nan nan nan nan nan nan nan nan nan 17.8 13.1 nan nan nan nan 24.3 24.9 24.4 24.1 23.8 23.5 23.2 23.0 22.9 22.8 22.9 23.0 23.1 23.2 23.3 23.3 23.2 23.0 22.8 22.3 21.7 21.0 20.2 19.4 18.5 17.9 17.4 16.9 16.5 16.2 16.0 15.9 8.9 nan nan nan nan nan nan nan nan nan nan nan nan nan nan nan nan
nan nan nan nan nan nan nan nan nan nan nan nan nan nan nan nan nan nan nan nan nan nan nan nan nan nan nan nan nan nan nan nan nan nan 13.8 18.3 25.3 25.2 nan 13.2 nan 22.4 24.9 24.6 24.3 23.9 23.6 23.3 23.1 22.9 22.8 22.9 23.0 23.1 23.2 23.4 23.5 23.6 23.5 23.2 22.7 22.0 21.3 20.4 19.4 18.5 17.9 17.5 17.0 16.5 16.1 16.0 15.9 15.8 nan nan nan nan nan nan nan nan nan nan nan nan nan nan nan nan
nan nan nan nan nan nan nan nan nan nan nan nan nan nan nan nan nan nan nan nan nan nan nan nan nan nan nan nan nan nan nan nan nan nan 25.4 25.4 25.6 23.9 15.7 22.5 23.8 21.0 25.0 24.8 24.4 24.0 23.6 23.3 23.0 22.9 22.8 22.8 22.9 23.0 23.2 23.4 23.7 23.8 23.8 23.5 23.0 22.2 21.3 20.3 19.3 18.4 17.6 17.3 16.6 16.7 16.2 16.0 16.0 16.0 16.0 nan nan nan nan nan nan nan nan nan nan nan nan nan nan nan
nan nan nan nan nan nan nan nan nan nan nan nan nan nan nan nan nan nan nan nan nan nan nan nan nan nan nan nan nan nan nan nan nan nan 25.5 25.6 25.7 25.2 24.6 nan 24.7 23.6 25.2 24.8 24.3 23.9 23.6 23.3 23.0 22.9 22.8 22.8 22.9 23.0 23.2 23.5 23.8 24.1 24.1 23.7 23.1 22.3 -9999.0 -9999.0 -9999.0 -9999.0 -9999.0 -9999.0 -9999.0 9.5 16.3 16.1 16.1 15.9 15.9 nan nan nan nan nan nan nan nan nan nan nan nan nan nan -9999.0
nan nan nan nan nan nan nan nan nan nan nan nan nan nan nan nan nan nan nan nan nan nan nan nan nan nan nan nan nan nan nan nan nan nan 25.5 25.5 25.5 25.5 25.6 nan nan 25.1 25.2 24.7 24.3 23.9 23.6 23.2 23.0 22.9 22.9 22.9 22.9 23.0 23.3 23.6 24.0 24.3 24.3 23.9 23.2 -9999.0 -9999.0 -9999.0 -9999.0 -9999.0 -9999.0 -9999.0 -9999.0 nan 10.9 15.9 16.0 15.3 nan nan nan nan nan nan nan nan nan nan nan nan nan nan nan -9999.0
nan nan nan nan nan nan nan nan nan nan nan nan nan nan nan nan nan nan nan nan nan nan nan nan nan nan nan nan nan nan nan nan nan nan 25.2 25.2 25.3 25.3 25.5 nan 21.2 22.7 25.0 24.6 24.3 23.9 23.6 23.3 23.1 23.0 23.0 22.9 23.0 23.1 23.4 23.8 24.2 24.5 24.4 24.0 23.2 -9999.0 -9999.0 -9999.0 -9999.0 -9999.0 -9999.0 -9999.0 -9999.0 -9999.0 -9999.0 nan 9.2 9.2 nan nan nan nan nan nan nan nan nan nan nan nan nan nan nan -9999.0
nan nan nan nan nan nan nan nan nan nan nan nan nan nan nan nan nan nan nan nan nan nan nan nan nan nan nan nan nan nan nan nan nan nan 24.9 25.0 25.3 24.5 22.2 15.1 23.4 20.4 24.8 24.4 24.2 23.9 23.5 23.3 23.1 23.1 23.1 23.1 23.1 23.3 23.6 24.0 24.4 24.6 24.5 24.0 -9999.0 -9999.0 -9999.0 -9999.0 -9999.0 -9999.0 -9999.0 -9999.0 -9999.0 -9999.0 -9999.0 nan nan nan nan nan nan nan nan nan nan nan nan nan nan nan nan nan nan -9999.0
nan nan nan nan nan nan nan nan nan nan nan nan nan nan nan nan nan nan nan nan nan nan nan nan nan nan nan nan nan nan nan nan 23.7 24.1 24.9 25.2 25.5 25.8 25.5 23.6 nan 25.3 24.8 24.4 24.1 23.7 23.5 23.3 23.2 23.2 23.2 23.2 23.3 23.5 23.8 24.2 24.5 24.7 24.6 -9999.0 -9999.0 -9999.0 -9999.0 -9999.0 -9999.0 -9999.0 -9999.0 -9999.0 -9999.0 -9999.0 -9999.0 -9999.0 nan nan nan nan nan nan nan nan nan nan nan nan nan nan nan nan nan -9999.0
nan nan nan nan nan nan nan nan nan nan nan nan nan nan nan nan nan nan nan nan nan nan nan nan nan nan nan nan nan 13.1 nan nan 25.1 25.3 25.3 25.5 25.9 26.1 26.4 nan nan 24.9 24.6 24.4 24.0 23.7 23.5 23.3 23.2 23.2 23.2 23.3 23.4 23.7 24.0 24.4 24.7 24.8 24.6 -9999.0 -9999.0 -9999.0 -9999.0 -9999.0 -9999.0 -9999.0 -9999.0 -9999.0 -9999.0 -9999.0 -9999.0 -9999.0 -9999.0 -9999.0 nan nan nan nan nan nan nan nan nan nan nan nan nan nan nan -9999.0
nan nan nan nan nan nan nan nan nan nan nan nan nan nan nan nan nan nan nan nan nan nan nan nan nan nan nan nan nan 11.6 11.6 nan 25.4 25.6 23.8 22.8 24.8 26.0 26.2 25.3 nan 24.8 24.8 24.5 24.2 23.9 23.6 23.4 23.2 23.2 23.2 23.3 23.5 23.8 24.2 24.6 24.9 25.0 -9999.0 -9999.0 -9999.0 -9999.0 -9999.0 -9999.0 -9999.0 -9999.0 -9999.0 -9999.0 -9999.0 -9999.0 -9999.0 -9999.0 -9999.0 -9999.0 -9999.0 nan nan nan nan nan nan nan nan nan nan nan nan nan nan -9999.0
nan nan nan nan nan nan nan nan nan nan nan nan nan nan nan nan nan nan nan nan nan nan nan nan nan nan nan nan nan 12.2 25.4 25.4 25.6 25.9 26.4 nan 12.0 25.8 25.9 26.0 nan 24.3 25.3 24.9 24.6 24.2 24.0 23.6 23.4 23.2 23.2 23.3 23.6 24.0 24.4 24.8 25.1 25.2 -9999.0 -9999.0 -9999.0 -9999.0 -9999.0 -9999.0 -9999.0 -9999.0 -9999.0 -9999.0 -9999.0 -9999.0 -9999.0 -9999.0 -9999.0 -9999.0 -9999.0 -9999.0 nan nan nan nan nan nan nan nan nan nan nan nan nan -9999.0
nan nan nan nan nan nan nan nan nan nan nan nan nan nan nan nan nan nan nan nan nan nan nan nan nan nan nan nan nan nan 24.9 25.4 25.7 26.2 24.5 nan nan 25.5 25.1 25.3 nan 21.9 23.5 25.2 25.1 24.7 24.2 23.8 23.5 23.4 23.4 23.5 23.8 24.1 24.6 25.0 25.2 25.1 -9999.0 -9999.0 -9999.0 -9999.0 -9999.0 -9999.0 -9999.0 -9999.0 -9999.0 -9999.0 -9999.0 -9999.0 -9999.0 -9999.0 -9999.0 -9999.0 -9999.0 -9999.0 -9999.0 nan nan nan nan nan nan nan nan nan nan nan nan -9999.0
nan nan nan nan nan nan nan nan nan nan nan nan nan nan nan nan nan nan nan nan nan nan nan nan nan nan nan nan nan nan 23.2 25.5 25.9 26.3 23.5 nan 13.2 19.6 22.3 12.6 20.3 17.1 19.9 24.5 25.2 24.9 24.4 24.0 23.7 23.5 23.5 23.6 24.0 24.3 24.8 25.1 25.3 25.1 -9999.0 -9999.0 -9999.0 -9999.0 -9999.0 -9999.0 -9999.0 -9999.0 -9999.0 -9999.0 -9999.0 -9999.0 -9999.0 -9999.0 -9999.0 -9999.0 -9999.0 -9999.0 -9999.0 -9999.0 nan nan nan nan nan nan nan nan nan nan nan -9999.0
nan nan nan nan nan nan nan nan nan nan nan nan nan nan nan nan nan nan nan nan nan nan nan nan nan nan nan nan nan nan 23.5 25.1 25.9 26.3 24.9 13.3 nan 23.0 17.2 12.3 17.3 nan 25.0 25.4 25.2 24.8 24.5 24.0 23.8 23.6 23.6 23.8 24.1 24.5 24.9 25.1 24.9 20.7 -9999.0 -9999.0 -9999.0 -9999.0 -9999.0 -9999.0 -9999.0 -9999.0 -9999.0 -9999.0 -9999.0 -9999.0 -9999.0 -9999.0 -9999.0 -9999.0 -9999.0 -9999.0 -9999.0 -9999.0 -9999.0 -9999.0 nan nan nan nan nan nan nan nan nan -9999.0
nan nan nan nan nan nan nan nan nan nan nan nan nan nan nan nan nan nan nan nan nan nan nan nan nan nan nan nan nan nan nan 25.4 25.8 26.1 26.5 nan nan 17.6 16.4 14.1 nan nan 25.3 25.3 25.1 24.8 24.5 24.2 23.9 23.8 23.8 24.0 24.3 24.6 25.0 25.4 25.2 22.6 -9999.0 -9999.0 -9999.0 -9999.0 -9999.0 -9999.0 -9999.0 -9999.0 -9999.0 -9999.0 -9999.0 nan nan nan -9999.0 -9999.0 -9999.0 -9999.0 -9999.0 -9999.0 -9999.0 -9999.0 -9999.0 -9999.0 -9999.0 -9999.0 -9999.0 nan nan nan -9999.0 -9999.0
nan nan nan nan nan nan nan nan nan nan nan nan nan nan nan nan nan nan nan nan nan nan nan nan nan nan nan nan nan nan nan 24.5 25.6 26.0 26.6 nan 12.6 15.1 22.8 12.8 nan nan 25.2 25.2 25.1 24.9 24.6 24.3 24.2 24.1 24.1 24.2 24.5 24.8 25.3 25.8 25.9 23.5 -9999.0 -9999.0 -9999.0 -9999.0 -9999.0 -9999.0 -9999.0 -9999.0 -9999.0 -9999.0 -9999.0 nan nan nan nan nan -9999.0 -9999.0 -9999.0 -9999.0 -9999.0 -9999.0 -9999.0 -9999.0 -9999.0 -9999.0 -9999.0 -9999.0 -9999.0 -9999.0 -9999.0 -9999.0
nan nan nan nan nan nan nan nan nan nan nan nan nan nan nan nan nan nan nan nan nan nan nan nan nan nan nan nan nan nan nan 13.2 25.5 25.9 26.5 26.2 24.0 17.5 14.2 11.4 13.2 nan 25.2 25.2 25.0 24.9 24.7 24.5 24.3 24.3 24.3 24.5 24.7 25.1 25.6 26.0 26.5 22.9 -9999.0 -9999.0 -9999.0 -9999.0 -9999.0 -9999.0 -9999.0 -9999.0 -9999.0 -9999.0 -9999.0 -9999.0 -9999.0 -9999.0 -9999.0 -9999.0 -9999.0 -9999.0 -9999.0 -9999.0 -9999.0 -9999.0 -9999.0 -9999.0 -9999.0 -9999.0 -9999.0 -9999.0 -9999.0 -9999.0 -9999.0 -9999.0
nan nan nan nan nan nan nan nan nan nan nan nan nan nan nan nan nan nan nan nan nan nan nan nan nan nan nan nan nan nan nan 13.1 25.4 25.9 26.5 26.9 27.0 nan 16.2 18.6 10.9 nan 24.9 25.3 25.1 24.9 24.8 24.6 24.5 24.5 24.5 24.7 25.0 25.3 25.8 26.1 26.6 23.1 -9999.0 -9999.0 -9999.0 -9999.0 -9999.0 -9999.0 -9999.0 -9999.0 -9999.0 -9999.0 -9999.0 -9999.0 -9999.0 -9999.0 -9999.0 -9999.0 -9999.0 -9999.0 -9999.0 -9999.0 -9999.0 -9999.0 -9999.0 -9999.0 -9999.0 -9999.0 -9999.0 -9999.0 -9999.0 -9999.0 -9999.0 -9999.0
nan nan nan nan nan nan nan nan nan nan nan nan nan nan nan nan nan nan nan nan nan nan nan nan nan nan nan nan nan nan nan 13.1 22.8 25.2 26.5 26.9 26.9 nan nan 16.5 12.6 nan nan 25.1 25.3 25.0 24.9 24.7 24.6 24.6 24.6 24.8 25.1 25.4 25.8 26.4 26.9 22.2 -9999.0 -9999.0 -9999.0 -9999.0 -9999.0 -9999.0 -9999.0 -9999.0 -9999.0 -9999.0 -9999.0 -9999.0 -9999.0 -9999.0 -9999.0 -9999.0 -9999.0 -9999.0 -9999.0 -9999.0 -9999.0 -9999.0 -9999.0 -9999.0 -9999.0 -9999.0 -9999.0 -9999.0 -9999.0 -9999.0 -9999.0 -9999.0
nan nan nan nan nan nan nan nan nan nan nan nan nan nan nan nan nan nan nan nan nan nan nan nan nan nan nan nan nan nan nan nan 12.7 25.9 26.4 26.9 nan nan nan 17.1 12.3 13.7 nan nan 24.9 24.9 24.9 24.8 24.7 24.7 24.7 24.9 25.1 25.4 26.0 26.5 27.1 26.5 -9999.0 -9999.0 -9999.0 -9999.0 -9999.0 -9999.0 -9999.0 -9999.0 -9999.0 -9999.0 -9999.0 -9999.0 -9999.0 -9999.0 -9999.0 -9999.0 -9999.0 -9999.0 -9999.0 -9999.0 -9999.0 -9999.0 -9999.0 -9999.0 nan nan nan -9999.0 -9999.0 -9999.0 -9999.0 -9999.0
nan nan nan nan nan nan nan nan nan nan nan nan nan nan nan nan nan nan nan nan nan nan nan nan nan nan nan nan nan nan nan nan 25.3 25.8 26.3 26.8 nan nan nan nan 14.0 13.0 22.4 nan 24.1 24.9 25.0 24.9 24.9 24.9 25.0 25.0 25.2 25.5 26.1 26.7 27.3 27.2 -9999.0 -9999.0 -9999.0 -9999.0 -9999.0 -9999.0 -9999.0 -9999.0 -9999.0 -9999.0 -9999.0 -9999.0 -9999.0 -9999.0 -9999.0 -9999.0 -9999.0 -9999.0 -9999.0 -9999.0 -9999.0 -9999.0 nan nan nan nan nan nan nan nan -9999.0 -9999.0
nan nan nan nan nan nan nan nan nan nan nan nan nan nan nan nan nan nan nan nan nan nan nan nan nan nan nan nan nan nan nan nan nan 25.9 26.5 27.0 nan nan nan nan 18.4 15.0 19.1 15.8 nan 25.0 25.3 25.1 25.1 25.1 25.1 25.2 25.4 25.6 26.1 26.7 27.3 28.0 -9999.0 -9999.0 -9999.0 -9999.0 -9999.0 -9999.0 -9999.0 -9999.0 -9999.0 -9999.0 -9999.0 nan nan nan nan nan nan nan nan nan nan nan nan nan nan nan nan nan nan nan nan nan
nan nan nan nan nan nan nan nan nan nan nan nan nan nan nan nan nan nan nan nan nan nan nan nan nan nan nan nan nan nan nan nan nan 26.2 26.6 27.0 26.9 nan nan nan 24.7 15.5 17.6 23.8 nan nan 24.9 25.0 25.0 25.0 25.1 25.2 25.4 25.6 26.2 26.8 27.3 27.9 -9999.0 -9999.0 -9999.0 -9999.0 -9999.0 -9999.0 -9999.0 -9999.0 -9999.0 -9999.0 nan nan nan nan nan nan nan nan nan nan nan nan nan nan nan nan nan nan nan nan nan nan
