data/output/RUN203/ECOSPACE/ECOSPACE_in_PAR3/PAR-VarZ-VarK/PAR-VarZ-VarK_1983_05.asc
ncols        93
nrows        151 
xllcorner    -123.80739
yllcorner    48.29471 
cellsize     0.013497347 
NODATA_value  0.0
[rows 80 to 119 of 151, columns 0 to 89 of 93]
nan nan nan nan nan nan nan nan nan nan nan nan nan nan nan nan nan nan nan nan nan nan nan 37.5 36.9 36.0 38.2 38.0 37.0 36.0 35.0 34.0 33.1 32.2 31.4 30.6 29.9 29.3 28.7 28.2 27.9 27.6 27.3 27.0 26.6 26.2 25.7 25.1 24.3 23.4 22.3 21.2 20.2 19.5 nan nan nan nan nan nan nan nan nan nan nan nan 17.1 17.4 17.5 17.7 nan 17.4 17.4 17.5 17.6 17.8 17.8 17.6 17.6 17.9 18.4 18.5 18.4 nan nan nan nan nan nan nan
nan nan nan nan nan nan nan nan nan nan nan nan nan nan nan nan nan nan nan nan nan nan nan nan nan nan 38.6 38.4 37.8 36.9 35.9 34.9 33.9 33.0 32.1 31.4 30.6 29.9 29.2 28.6 28.2 27.9 27.5 27.1 26.7 26.2 25.6 25.0 24.4 23.7 22.7 21.6 20.6 19.7 19.0 nan nan nan nan nan nan nan nan nan nan nan 17.4 17.5 nan nan nan nan nan 17.6 17.9 18.1 nan 17.8 18.0 18.5 18.9 19.1 nan nan nan nan nan nan nan nan
nan nan nan nan nan nan nan nan nan nan nan nan nan nan nan nan nan nan nan nan nan nan nan nan nan nan nan 38.5 38.2 37.6 36.7 35.7 34.7 33.8 33.0 32.1 31.4 30.5 29.8 29.2 28.6 28.1 27.7 27.2 26.7 26.1 25.5 25.0 24.4 23.7 22.8 21.9 20.9 20.0 19.2 18.6 nan nan nan nan nan nan nan nan nan 17.4 17.7 nan nan nan nan nan nan 17.6 17.9 18.1 nan 18.1 18.6 19.0 19.2 nan nan nan nan nan nan nan nan nan
nan nan nan nan nan nan nan nan nan nan nan nan nan nan nan nan nan nan nan nan nan nan nan nan nan nan nan nan 35.8 37.6 37.5 36.6 35.6 34.6 33.7 32.9 32.0 31.2 30.4 29.6 29.0 28.4 27.8 27.2 26.6 26.0 25.4 24.8 24.3 23.7 22.8 22.0 21.1 20.1 19.4 18.8 18.5 nan nan nan nan nan nan nan nan 17.4 17.7 nan nan nan nan nan nan 17.7 18.0 18.2 18.7 19.2 19.2 19.1 nan nan nan nan nan nan nan nan nan nan
nan nan nan nan nan nan nan nan nan nan nan nan nan nan nan nan nan nan nan nan nan nan nan nan nan nan nan nan nan 16.9 38.0 37.3 36.3 35.4 34.4 33.5 32.7 31.8 30.9 30.0 29.2 28.5 27.8 27.1 26.4 25.8 25.2 24.6 24.1 23.5 22.8 22.0 21.2 20.4 19.6 19.0 18.6 18.3 nan nan nan nan nan nan 17.4 17.6 17.7 nan 18.1 18.1 18.2 nan nan 17.7 18.1 18.5 19.0 19.7 nan nan nan nan nan nan nan nan nan nan nan nan
nan nan nan nan nan nan nan nan nan nan nan nan nan nan nan nan nan nan nan nan nan nan nan nan nan nan nan nan nan nan 17.6 37.7 37.0 36.0 35.1 34.2 33.2 32.2 31.2 30.3 29.3 28.5 27.7 26.9 26.2 25.6 25.0 24.4 23.9 23.3 22.7 22.0 21.3 20.5 19.8 19.2 18.8 18.5 nan nan nan nan nan 17.5 17.6 17.8 18.0 18.1 18.1 18.1 18.1 12.0 nan 17.8 18.3 18.8 19.2 19.4 nan nan nan nan nan nan nan nan nan nan nan nan
nan nan nan nan nan nan nan nan nan nan nan nan nan nan nan nan nan nan nan nan nan nan nan nan nan nan nan nan nan nan nan 34.6 37.1 36.6 35.6 34.6 33.6 32.6 31.5 30.4 29.3 28.4 27.5 26.7 26.1 25.5 24.9 24.3 23.8 23.2 22.6 22.0 21.4 20.7 20.1 19.5 19.0 18.7 18.4 nan nan 17.8 18.0 17.9 17.9 18.1 18.2 18.3 18.3 18.3 18.2 nan nan 18.1 18.6 19.0 19.4 19.4 nan nan nan nan nan nan nan nan nan nan nan nan
nan nan nan nan nan nan nan nan nan nan nan nan nan nan nan nan nan nan nan nan nan nan nan nan nan nan nan nan nan nan nan nan 37.4 36.6 35.7 34.7 33.8 32.7 31.6 30.5 29.4 28.4 27.5 26.7 26.0 25.5 24.9 24.3 23.8 23.2 22.6 22.0 21.5 20.9 20.3 19.8 19.3 19.0 18.7 18.4 18.3 18.3 18.4 nan 18.2 18.4 18.6 18.7 18.7 18.7 18.5 18.4 18.4 18.7 18.8 19.1 19.3 nan nan nan nan nan nan nan nan nan nan nan nan nan
nan nan nan nan nan nan nan nan nan nan nan nan nan nan nan nan nan nan nan nan nan nan nan nan nan nan nan nan nan nan 36.4 36.6 36.9 36.3 35.5 34.7 33.8 32.9 31.9 30.7 29.6 28.5 27.5 26.7 26.1 25.5 24.9 24.4 23.9 23.2 22.7 22.2 21.6 21.2 20.7 20.3 19.8 19.5 19.1 18.9 18.7 18.6 18.6 18.7 18.8 19.0 19.2 19.3 19.2 19.2 18.9 18.6 18.6 18.8 19.0 19.2 19.2 nan nan nan nan nan nan nan nan nan nan nan nan nan
nan nan nan nan nan nan nan nan nan nan nan nan nan nan nan nan nan nan nan nan nan nan nan nan nan nan nan nan nan nan nan nan 36.3 35.7 35.0 34.4 33.8 33.1 32.1 31.0 29.8 28.6 27.6 26.8 26.1 25.5 25.0 24.5 23.9 23.4 22.8 22.3 21.9 21.4 21.0 20.6 20.2 19.9 19.6 19.3 19.1 19.0 19.0 19.2 19.2 19.1 19.3 nan nan nan 19.0 18.9 18.8 18.9 19.0 19.1 nan nan nan nan nan nan nan nan nan nan nan nan nan nan
nan nan nan nan nan nan nan nan nan nan nan nan nan nan nan nan nan nan nan nan nan nan nan nan nan nan nan nan nan nan 18.6 16.9 35.8 35.3 34.7 34.2 33.8 33.3 32.3 31.2 29.9 28.8 27.8 26.9 26.2 25.6 25.0 24.6 24.0 23.5 23.0 22.6 22.1 21.7 21.3 21.0 20.6 20.3 20.0 19.7 19.5 19.3 19.3 19.4 nan nan nan nan nan nan nan 19.0 19.0 18.9 19.0 19.0 nan nan nan nan nan nan nan nan nan nan nan nan nan nan
nan nan nan nan nan nan nan nan nan nan nan nan nan nan nan nan nan nan nan nan nan nan nan nan nan nan nan nan nan nan 18.1 35.2 35.6 35.5 34.9 19.0 34.2 33.6 32.4 31.2 30.0 28.9 27.9 27.0 26.2 25.6 25.1 24.6 24.2 23.7 23.3 22.9 22.5 22.1 21.8 21.4 21.1 20.8 20.5 20.1 19.8 19.6 19.4 nan nan nan nan nan nan 18.6 18.8 19.0 18.9 18.9 19.0 nan nan nan nan nan nan nan nan nan nan nan nan nan nan nan
nan nan nan nan nan nan nan nan nan nan nan nan nan nan nan nan nan nan nan nan nan nan nan nan nan nan nan nan nan nan 18.6 33.8 35.6 35.5 nan nan nan 33.1 32.5 31.4 30.2 29.1 28.0 27.1 26.4 25.8 25.2 24.8 24.4 24.0 23.6 23.2 22.9 22.5 22.2 21.9 21.6 21.3 21.0 20.6 20.2 19.9 19.5 nan nan nan nan nan 18.7 18.8 18.8 18.9 18.8 18.8 nan nan nan nan nan nan nan nan nan nan nan nan nan nan nan nan
nan nan nan nan nan nan nan nan nan nan nan nan nan nan nan nan nan nan nan nan nan nan nan nan nan nan nan nan nan nan 18.4 17.0 35.7 35.3 nan nan nan 31.0 32.5 31.7 30.6 29.4 28.3 27.3 26.6 25.9 25.4 25.0 24.6 24.2 23.9 23.6 23.3 23.0 22.6 22.4 22.1 21.7 21.4 21.0 20.6 20.2 19.8 19.1 18.9 nan 18.6 18.7 18.8 18.8 18.8 18.8 nan nan nan nan nan nan nan nan nan nan nan nan nan nan nan nan nan nan
nan nan nan nan nan nan nan nan nan nan nan nan nan nan nan nan nan nan nan nan nan nan nan nan nan nan nan nan nan nan nan nan 35.5 29.6 nan nan nan nan 32.1 32.1 31.2 29.9 28.6 27.6 26.8 26.2 25.7 25.2 24.9 24.6 24.2 23.9 23.6 23.4 23.1 22.8 22.5 22.2 21.9 21.5 21.1 20.6 20.1 19.7 19.4 19.1 18.9 18.7 18.7 18.6 18.5 nan nan nan nan nan nan nan nan nan nan nan nan nan nan nan nan nan nan nan
nan nan nan nan nan nan nan nan nan nan nan nan nan nan nan nan nan nan nan nan nan nan nan nan nan nan nan nan nan nan nan nan nan 28.0 14.9 nan nan nan 16.7 32.9 32.1 30.5 28.9 27.8 27.0 26.4 26.0 25.6 25.2 25.0 24.6 24.4 24.1 23.8 23.6 23.3 23.0 22.7 22.4 21.9 21.5 21.0 20.5 20.0 19.6 19.2 18.9 18.7 18.7 18.6 18.3 nan nan nan nan nan nan nan nan nan nan nan nan nan nan nan nan nan nan nan
nan nan nan nan nan nan nan nan nan nan nan nan nan nan nan nan nan nan nan nan nan nan nan nan nan nan nan nan nan nan nan nan nan nan 17.5 28.2 nan nan nan nan 32.3 31.2 29.3 28.1 27.2 26.7 26.3 26.0 25.7 25.4 25.1 24.9 24.6 24.4 24.2 24.0 23.7 23.4 23.0 22.5 22.0 21.5 20.9 20.3 19.8 19.4 19.0 18.8 18.7 18.6 18.5 18.2 nan nan nan nan nan nan nan nan nan nan nan nan nan nan nan nan nan nan
nan nan nan nan nan nan nan nan nan nan nan nan nan nan nan nan nan nan nan nan nan nan nan nan nan nan nan nan nan nan nan nan nan nan nan 20.9 18.3 nan nan nan nan 29.8 29.6 28.3 27.5 26.9 26.5 26.3 26.1 25.9 25.7 25.5 25.3 25.1 25.0 24.7 24.4 24.1 23.6 23.1 22.5 21.9 21.2 20.6 20.0 19.5 19.1 18.9 18.7 18.5 18.5 18.5 18.3 11.9 nan nan nan nan nan nan nan nan nan nan nan nan nan nan nan nan
nan nan nan nan nan nan nan nan nan nan nan nan nan nan nan nan nan nan nan nan nan nan nan nan nan nan nan nan nan nan nan nan nan nan 18.0 23.6 29.8 29.6 nan 18.1 nan 26.9 29.5 28.5 27.7 27.1 26.8 26.6 26.5 26.4 26.3 26.2 26.1 25.9 25.8 25.5 25.2 24.8 24.3 23.8 23.1 22.4 21.6 20.8 20.1 19.5 19.2 19.0 18.8 18.5 18.4 18.4 18.4 18.2 nan nan nan nan nan nan nan nan nan nan nan nan nan nan nan nan
nan nan nan nan nan nan nan nan nan nan nan nan nan nan nan nan nan nan nan nan nan nan nan nan nan nan nan nan nan nan nan nan nan nan 30.1 30.3 30.6 29.6 20.3 26.6 28.1 24.4 29.0 28.4 27.8 27.2 26.9 26.8 26.8 26.9 26.8 26.8 26.8 26.7 26.5 26.3 26.0 25.5 24.9 24.3 23.5 22.7 21.8 20.9 20.1 19.5 18.6 18.4 17.5 18.4 18.3 18.3 18.3 18.3 18.4 nan nan nan nan nan nan nan nan nan nan nan nan nan nan nan
nan nan nan nan nan nan nan nan nan nan nan nan nan nan nan nan nan nan nan nan nan nan nan nan nan nan nan nan nan nan nan nan nan nan 30.3 30.5 30.6 30.6 30.4 nan 28.8 28.5 29.4 28.6 27.8 27.3 27.1 27.0 27.1 27.1 27.2 27.3 27.3 27.3 27.3 27.1 26.7 26.2 25.6 24.8 23.9 22.9 -9999.0 -9999.0 -9999.0 -9999.0 -9999.0 -9999.0 -9999.0 12.8 18.3 18.1 18.3 18.2 18.2 nan nan nan nan nan nan nan nan nan nan nan nan nan nan -9999.0
nan nan nan nan nan nan nan nan nan nan nan nan nan nan nan nan nan nan nan nan nan nan nan nan nan nan nan nan nan nan nan nan nan nan 30.2 30.3 30.3 30.1 30.1 nan nan 30.3 29.6 28.7 27.9 27.4 27.1 27.1 27.1 27.2 27.3 27.5 27.6 27.8 27.8 27.7 27.3 26.8 26.1 25.2 24.0 -9999.0 -9999.0 -9999.0 -9999.0 -9999.0 -9999.0 -9999.0 -9999.0 nan 15.1 17.7 18.0 17.4 nan nan nan nan nan nan nan nan nan nan nan nan nan nan nan -9999.0
nan nan nan nan nan nan nan nan nan nan nan nan nan nan nan nan nan nan nan nan nan nan nan nan nan nan nan nan nan nan nan nan nan nan 29.9 29.8 29.8 29.9 30.5 nan 23.7 28.4 29.8 28.8 27.9 27.4 27.1 27.0 27.0 27.1 27.3 27.5 27.7 28.0 28.1 28.1 27.7 27.2 26.4 25.3 24.0 -9999.0 -9999.0 -9999.0 -9999.0 -9999.0 -9999.0 -9999.0 -9999.0 -9999.0 -9999.0 nan 12.5 12.5 nan nan nan nan nan nan nan nan nan nan nan nan nan nan nan -9999.0
nan nan nan nan nan nan nan nan nan nan nan nan nan nan nan nan nan nan nan nan nan nan nan nan nan nan nan nan nan nan nan nan nan nan 29.5 29.6 30.0 30.6 27.8 18.6 28.1 24.7 29.3 28.6 27.8 27.2 27.0 26.8 26.8 26.9 27.1 27.3 27.6 27.9 28.1 28.2 28.0 27.4 26.5 25.3 -9999.0 -9999.0 -9999.0 -9999.0 -9999.0 -9999.0 -9999.0 -9999.0 -9999.0 -9999.0 -9999.0 nan nan nan nan nan nan nan nan nan nan nan nan nan nan nan nan nan nan -9999.0
nan nan nan nan nan nan nan nan nan nan nan nan nan nan nan nan nan nan nan nan nan nan nan nan nan nan nan nan nan nan nan nan 28.1 28.6 29.6 30.2 30.9 31.8 32.5 30.9 nan 30.4 29.3 28.4 27.7 27.1 26.8 26.6 26.5 26.6 26.8 27.1 27.4 27.8 28.0 28.2 28.0 27.5 26.5 -9999.0 -9999.0 -9999.0 -9999.0 -9999.0 -9999.0 -9999.0 -9999.0 -9999.0 -9999.0 -9999.0 -9999.0 -9999.0 nan nan nan nan nan nan nan nan nan nan nan nan nan nan nan nan nan -9999.0
nan nan nan nan nan nan nan nan nan nan nan nan nan nan nan nan nan nan nan nan nan nan nan nan nan nan nan nan nan 18.5 nan nan 29.8 30.1 30.2 30.8 31.8 32.8 33.5 nan nan 30.0 29.2 28.3 27.6 27.0 26.6 26.4 26.3 26.4 26.5 26.8 27.2 27.6 27.9 28.1 28.1 27.5 26.6 -9999.0 -9999.0 -9999.0 -9999.0 -9999.0 -9999.0 -9999.0 -9999.0 -9999.0 -9999.0 -9999.0 -9999.0 -9999.0 -9999.0 -9999.0 nan nan nan nan nan nan nan nan nan nan nan nan nan nan nan -9999.0
nan nan nan nan nan nan nan nan nan nan nan nan nan nan nan nan nan nan nan nan nan nan nan nan nan nan nan nan nan 15.9 15.9 nan 30.4 31.0 29.0 27.6 30.8 32.7 33.0 31.4 nan 30.0 29.6 28.6 27.8 27.0 26.5 26.2 26.1 26.1 26.3 26.6 27.1 27.5 27.9 28.2 28.2 27.7 -9999.0 -9999.0 -9999.0 -9999.0 -9999.0 -9999.0 -9999.0 -9999.0 -9999.0 -9999.0 -9999.0 -9999.0 -9999.0 -9999.0 -9999.0 -9999.0 -9999.0 nan nan nan nan nan nan nan nan nan nan nan nan nan nan -9999.0
nan nan nan nan nan nan nan nan nan nan nan nan nan nan nan nan nan nan nan nan nan nan nan nan nan nan nan nan nan 16.7 30.4 30.6 31.1 31.8 32.4 nan 16.8 32.4 32.5 32.5 nan 29.8 30.1 29.2 28.2 27.2 26.6 26.1 25.9 25.9 26.2 26.6 27.1 27.5 28.0 28.2 28.4 28.0 -9999.0 -9999.0 -9999.0 -9999.0 -9999.0 -9999.0 -9999.0 -9999.0 -9999.0 -9999.0 -9999.0 -9999.0 -9999.0 -9999.0 -9999.0 -9999.0 -9999.0 -9999.0 nan nan nan nan nan nan nan nan nan nan nan nan nan -9999.0
nan nan nan nan nan nan nan nan nan nan nan nan nan nan nan nan nan nan nan nan nan nan nan nan nan nan nan nan nan nan 30.0 30.6 31.4 32.3 31.0 nan nan 31.4 32.1 33.0 nan 26.6 28.0 29.3 28.5 27.5 26.8 26.2 26.0 26.0 26.2 26.6 27.1 27.5 28.0 28.4 28.5 28.0 -9999.0 -9999.0 -9999.0 -9999.0 -9999.0 -9999.0 -9999.0 -9999.0 -9999.0 -9999.0 -9999.0 -9999.0 -9999.0 -9999.0 -9999.0 -9999.0 -9999.0 -9999.0 -9999.0 nan nan nan nan nan nan nan nan nan nan nan nan -9999.0
nan nan nan nan nan nan nan nan nan nan nan nan nan nan nan nan nan nan nan nan nan nan nan nan nan nan nan nan nan nan 27.4 30.7 31.5 32.5 28.8 nan 18.7 24.8 28.1 17.1 26.4 21.2 23.6 28.2 28.6 27.8 27.0 26.5 26.2 26.2 26.4 26.8 27.2 27.7 28.1 28.3 28.4 27.5 -9999.0 -9999.0 -9999.0 -9999.0 -9999.0 -9999.0 -9999.0 -9999.0 -9999.0 -9999.0 -9999.0 -9999.0 -9999.0 -9999.0 -9999.0 -9999.0 -9999.0 -9999.0 -9999.0 -9999.0 nan nan nan nan nan nan nan nan nan nan nan -9999.0
nan nan nan nan nan nan nan nan nan nan nan nan nan nan nan nan nan nan nan nan nan nan nan nan nan nan nan nan nan nan 27.7 30.2 31.6 32.4 31.3 18.7 nan 28.7 23.4 17.8 23.3 nan 30.2 29.9 29.0 28.2 27.5 26.9 26.6 26.6 26.7 27.1 27.5 27.9 28.3 28.5 28.0 20.3 -9999.0 -9999.0 -9999.0 -9999.0 -9999.0 -9999.0 -9999.0 -9999.0 -9999.0 -9999.0 -9999.0 -9999.0 -9999.0 -9999.0 -9999.0 -9999.0 -9999.0 -9999.0 -9999.0 -9999.0 -9999.0 -9999.0 nan nan nan nan nan nan nan nan nan -9999.0
nan nan nan nan nan nan nan nan nan nan nan nan nan nan nan nan nan nan nan nan nan nan nan nan nan nan nan nan nan nan nan 30.6 31.4 32.1 32.6 nan nan 22.2 22.3 20.3 nan nan 30.8 30.5 29.8 29.1 28.3 27.7 27.3 27.2 27.3 27.6 28.0 28.4 28.7 29.0 27.8 22.7 -9999.0 -9999.0 -9999.0 -9999.0 -9999.0 -9999.0 -9999.0 -9999.0 -9999.0 -9999.0 -9999.0 nan nan nan -9999.0 -9999.0 -9999.0 -9999.0 -9999.0 -9999.0 -9999.0 -9999.0 -9999.0 -9999.0 -9999.0 -9999.0 -9999.0 nan nan nan -9999.0 -9999.0
nan nan nan nan nan nan nan nan nan nan nan nan nan nan nan nan nan nan nan nan nan nan nan nan nan nan nan nan nan nan nan 29.6 31.0 31.8 32.6 nan 17.2 20.2 29.5 18.3 nan nan 31.1 31.1 30.6 29.9 29.2 28.6 28.1 27.9 28.0 28.1 28.5 28.9 29.3 29.6 29.5 23.8 -9999.0 -9999.0 -9999.0 -9999.0 -9999.0 -9999.0 -9999.0 -9999.0 -9999.0 -9999.0 -9999.0 nan nan nan nan nan -9999.0 -9999.0 -9999.0 -9999.0 -9999.0 -9999.0 -9999.0 -9999.0 -9999.0 -9999.0 -9999.0 -9999.0 -9999.0 -9999.0 -9999.0 -9999.0
nan nan nan nan nan nan nan nan nan nan nan nan nan nan nan nan nan nan nan nan nan nan nan nan nan nan nan nan nan nan nan 18.3 30.6 31.6 32.6 31.5 27.7 23.4 18.8 15.3 18.5 nan 31.0 31.5 31.2 30.7 30.1 29.5 29.0 28.7 28.7 28.8 29.1 29.5 29.8 30.0 29.7 21.0 -9999.0 -9999.0 -9999.0 -9999.0 -9999.0 -9999.0 -9999.0 -9999.0 -9999.0 -9999.0 -9999.0 -9999.0 -9999.0 -9999.0 -9999.0 -9999.0 -9999.0 -9999.0 -9999.0 -9999.0 -9999.0 -9999.0 -9999.0 -9999.0 -9999.0 -9999.0 -9999.0 -9999.0 -9999.0 -9999.0 -9999.0 -9999.0
nan nan nan nan nan nan nan nan nan nan nan nan nan nan nan nan nan nan nan nan nan nan nan nan nan nan nan nan nan nan nan 18.3 30.2 31.5 32.8 33.6 33.8 nan 20.4 24.0 14.7 nan 31.0 31.8 31.9 31.6 31.1 30.5 30.0 29.6 29.5 29.5 29.7 30.0 30.2 30.3 30.1 22.8 -9999.0 -9999.0 -9999.0 -9999.0 -9999.0 -9999.0 -9999.0 -9999.0 -9999.0 -9999.0 -9999.0 -9999.0 -9999.0 -9999.0 -9999.0 -9999.0 -9999.0 -9999.0 -9999.0 -9999.0 -9999.0 -9999.0 -9999.0 -9999.0 -9999.0 -9999.0 -9999.0 -9999.0 -9999.0 -9999.0 -9999.0 -9999.0
nan nan nan nan nan nan nan nan nan nan nan nan nan nan nan nan nan nan nan nan nan nan nan nan nan nan nan nan nan nan nan 18.3 27.7 31.1 32.6 33.4 33.7 nan nan 21.8 17.3 nan nan 31.9 32.3 32.3 31.9 31.4 30.9 30.6 30.3 30.2 30.3 30.6 30.8 30.9 30.8 21.0 -9999.0 -9999.0 -9999.0 -9999.0 -9999.0 -9999.0 -9999.0 -9999.0 -9999.0 -9999.0 -9999.0 -9999.0 -9999.0 -9999.0 -9999.0 -9999.0 -9999.0 -9999.0 -9999.0 -9999.0 -9999.0 -9999.0 -9999.0 -9999.0 -9999.0 -9999.0 -9999.0 -9999.0 -9999.0 -9999.0 -9999.0 -9999.0
nan nan nan nan nan nan nan nan nan nan nan nan nan nan nan nan nan nan nan nan nan nan nan nan nan nan nan nan nan nan nan nan 17.5 31.5 32.5 33.5 nan nan nan 23.3 16.9 18.6 nan nan 31.7 32.1 32.0 31.8 31.6 31.4 31.1 30.9 31.0 31.2 31.4 31.7 31.8 28.3 -9999.0 -9999.0 -9999.0 -9999.0 -9999.0 -9999.0 -9999.0 -9999.0 -9999.0 -9999.0 -9999.0 -9999.0 -9999.0 -9999.0 -9999.0 -9999.0 -9999.0 -9999.0 -9999.0 -9999.0 -9999.0 -9999.0 -9999.0 -9999.0 nan nan nan -9999.0 -9999.0 -9999.0 -9999.0 -9999.0
nan nan nan nan nan nan nan nan nan nan nan nan nan nan nan nan nan nan nan nan nan nan nan nan nan nan nan nan nan nan nan nan 29.8 31.1 32.3 33.4 nan nan nan nan 18.9 18.2 30.9 nan 31.0 32.1 32.3 32.2 32.2 32.0 31.7 31.5 31.5 31.7 32.0 32.3 32.4 31.6 -9999.0 -9999.0 -9999.0 -9999.0 -9999.0 -9999.0 -9999.0 -9999.0 -9999.0 -9999.0 -9999.0 -9999.0 -9999.0 -9999.0 -9999.0 -9999.0 -9999.0 -9999.0 -9999.0 -9999.0 -9999.0 -9999.0 nan nan nan nan nan nan nan nan -9999.0 -9999.0
nan nan nan nan nan nan nan nan nan nan nan nan nan nan nan nan nan nan nan nan nan nan nan nan nan nan nan nan nan nan nan nan nan 31.3 32.5 33.3 nan nan nan nan 25.0 20.5 26.4 22.4 nan 32.5 33.2 33.1 32.9 32.6 32.3 32.2 32.2 32.3 32.6 33.0 33.3 33.4 -9999.0 -9999.0 -9999.0 -9999.0 -9999.0 -9999.0 -9999.0 -9999.0 -9999.0 -9999.0 -9999.0 nan nan nan nan nan nan nan nan nan nan nan nan nan nan nan nan nan nan nan nan nan
nan nan nan nan nan nan nan nan nan nan nan nan nan nan nan nan nan nan nan nan nan nan nan nan nan nan nan nan nan nan nan nan nan 31.4 32.6 34.0 34.2 nan nan nan 33.1 22.1 23.6 33.7 nan nan 33.1 33.2 33.2 33.0 32.9 32.8 32.7 33.0 33.3 33.7 34.1 34.7 -9999.0 -9999.0 -9999.0 -9999.0 -9999.0 -9999.0 -9999.0 -9999.0 -9999.0 -9999.0 nan nan nan nan nan nan nan nan nan nan nan nan nan nan nan nan nan nan nan nan nan nan
