data/output/RUN203/ECOSPACE/ECOSPACE_in_PAR3/PAR-VarZ-VarK/PAR-VarZ-VarK_1995_04.asc
ncols        93
nrows        151 
xllcorner    -123.80739
yllcorner    48.29471 
cellsize     0.013497347 
NODATA_value  0.0
[rows 80 to 119 of 151, columns 0 to 89 of 93]
nan nan nan nan nan nan nan nan nan nan nan nan nan nan nan nan nan nan nan nan nan nan nan 38.2 37.4 37.8 40.1 40.4 39.5 38.1 36.9 35.8 34.8 33.8 32.8 32.0 31.4 31.1 31.0 30.8 30.8 30.9 31.0 30.8 30.2 29.4 28.5 27.5 26.3 25.0 23.7 22.5 21.5 20.8 nan nan nan nan nan nan nan nan nan nan nan nan 17.9 18.3 18.5 18.7 nan 18.3 18.3 18.4 18.5 18.8 18.8 18.5 18.4 18.6 19.1 19.3 19.3 nan nan nan nan nan nan nan
nan nan nan nan nan nan nan nan nan nan nan nan nan nan nan nan nan nan nan nan nan nan nan nan nan nan 41.1 40.8 40.1 38.9 37.7 36.5 35.3 34.1 33.1 32.2 31.7 31.3 31.0 30.8 30.8 30.8 30.7 30.5 30.1 29.4 28.5 27.5 26.4 25.2 24.0 22.8 21.9 21.1 20.5 nan nan nan nan nan nan nan nan nan nan nan 18.2 18.5 nan nan nan nan nan 18.5 18.8 19.1 nan 18.8 19.0 19.3 19.7 20.1 nan nan nan nan nan nan nan nan
nan nan nan nan nan nan nan nan nan nan nan nan nan nan nan nan nan nan nan nan nan nan nan nan nan nan nan 41.0 40.4 39.9 38.7 37.3 35.9 34.7 33.6 32.7 32.0 31.5 31.1 30.9 30.6 30.4 30.4 30.3 30.1 29.4 28.6 27.5 26.5 25.4 24.2 23.1 22.2 21.5 20.9 20.3 nan nan nan nan nan nan nan nan nan 18.2 18.6 nan nan nan nan nan nan 18.5 18.9 19.1 nan 19.2 19.7 20.0 20.3 nan nan nan nan nan nan nan nan nan
nan nan nan nan nan nan nan nan nan nan nan nan nan nan nan nan nan nan nan nan nan nan nan nan nan nan nan nan 38.8 39.7 39.7 38.2 36.8 35.5 34.3 33.3 32.4 31.8 31.4 31.0 30.5 30.3 30.2 30.2 29.7 29.4 28.6 27.6 26.5 25.4 24.4 23.4 22.5 21.8 21.2 20.7 20.2 nan nan nan nan nan nan nan nan 18.3 18.7 nan nan nan nan nan nan 18.6 19.0 19.3 19.9 20.4 20.4 20.3 nan nan nan nan nan nan nan nan nan nan
nan nan nan nan nan nan nan nan nan nan nan nan nan nan nan nan nan nan nan nan nan nan nan nan nan nan nan nan nan 14.6 40.2 39.1 37.7 36.2 35.0 33.9 33.0 32.2 31.5 31.1 30.7 30.4 30.2 29.9 29.7 29.4 28.6 27.6 26.6 25.5 24.6 23.7 23.0 22.3 21.6 21.1 20.6 20.2 nan nan nan nan nan nan 18.3 18.5 18.9 nan 19.5 19.5 19.7 nan nan 18.7 19.2 19.7 20.3 21.0 nan nan nan nan nan nan nan nan nan nan nan nan
nan nan nan nan nan nan nan nan nan nan nan nan nan nan nan nan nan nan nan nan nan nan nan nan nan nan nan nan nan nan 15.6 39.5 38.2 36.8 35.5 34.5 33.5 32.7 31.8 31.2 30.7 30.3 30.0 29.8 29.6 29.2 28.6 27.7 26.6 25.7 24.8 24.0 23.4 22.8 22.1 21.6 21.1 20.7 nan nan nan nan nan 18.5 18.7 19.0 19.3 19.5 19.6 19.5 19.6 11.2 nan 18.9 19.5 20.0 20.5 20.9 nan nan nan nan nan nan nan nan nan nan nan nan
nan nan nan nan nan nan nan nan nan nan nan nan nan nan nan nan nan nan nan nan nan nan nan nan nan nan nan nan nan nan nan 37.1 38.1 37.2 36.0 35.0 34.0 33.1 32.2 31.4 30.8 30.3 29.9 29.7 29.3 28.9 28.4 27.7 26.8 26.0 25.2 24.5 23.9 23.4 22.8 22.2 21.7 21.2 20.6 nan nan 19.0 19.4 19.2 19.3 19.6 19.8 19.9 19.9 19.8 19.7 nan nan 19.2 19.8 20.4 20.8 21.0 nan nan nan nan nan nan nan nan nan nan nan nan
nan nan nan nan nan nan nan nan nan nan nan nan nan nan nan nan nan nan nan nan nan nan nan nan nan nan nan nan nan nan nan nan 38.5 37.2 36.2 35.3 34.4 33.4 32.5 31.6 31.0 30.4 30.0 29.6 29.1 28.8 28.4 27.8 27.0 26.2 25.6 25.0 24.5 24.1 23.6 23.0 22.5 21.9 21.4 20.6 20.2 20.0 20.1 nan 19.8 20.2 20.5 20.6 20.6 20.5 20.2 19.8 19.8 20.0 20.2 20.6 20.9 nan nan nan nan nan nan nan nan nan nan nan nan nan
nan nan nan nan nan nan nan nan nan nan nan nan nan nan nan nan nan nan nan nan nan nan nan nan nan nan nan nan nan nan 37.7 37.9 37.8 37.0 36.2 35.5 34.6 33.7 32.8 32.0 31.2 30.6 30.1 29.6 29.2 28.9 28.4 27.8 27.1 26.5 26.0 25.6 25.2 24.8 24.4 24.0 23.5 23.0 22.5 21.9 21.4 20.9 20.8 20.7 20.7 21.1 21.4 21.5 21.4 21.3 20.8 20.4 20.3 20.4 20.6 21.0 21.0 nan nan nan nan nan nan nan nan nan nan nan nan nan
nan nan nan nan nan nan nan nan nan nan nan nan nan nan nan nan nan nan nan nan nan nan nan nan nan nan nan nan nan nan nan nan 37.4 36.9 36.3 35.8 35.1 34.2 33.2 32.3 31.6 30.9 30.3 29.8 29.4 28.9 28.4 27.9 27.3 26.8 26.4 26.1 25.8 25.5 25.3 25.0 24.6 24.2 23.7 23.2 22.5 21.9 21.5 21.5 21.4 21.5 21.7 nan nan nan 21.0 20.8 20.7 20.7 20.9 21.1 nan nan nan nan nan nan nan nan nan nan nan nan nan nan
nan nan nan nan nan nan nan nan nan nan nan nan nan nan nan nan nan nan nan nan nan nan nan nan nan nan nan nan nan nan 15.2 14.0 36.8 36.7 36.5 36.3 35.8 34.9 33.7 32.7 31.9 31.2 30.5 30.0 29.5 29.0 28.5 28.0 27.5 27.1 26.8 26.6 26.4 26.3 26.2 26.0 25.6 25.2 24.7 24.1 23.3 22.5 22.1 21.8 nan nan nan nan nan nan nan 21.0 20.9 20.9 21.0 21.0 nan nan nan nan nan nan nan nan nan nan nan nan nan nan
nan nan nan nan nan nan nan nan nan nan nan nan nan nan nan nan nan nan nan nan nan nan nan nan nan nan nan nan nan nan 15.6 35.8 36.6 36.8 36.7 17.5 36.5 35.6 34.3 33.2 32.3 31.6 30.9 30.3 29.8 29.3 28.8 28.4 28.0 27.6 27.3 27.2 27.1 27.1 27.1 27.0 26.6 26.2 25.6 24.7 23.8 23.0 22.3 nan nan nan nan nan nan 20.4 20.6 20.9 20.9 20.9 21.1 nan nan nan nan nan nan nan nan nan nan nan nan nan nan nan
nan nan nan nan nan nan nan nan nan nan nan nan nan nan nan nan nan nan nan nan nan nan nan nan nan nan nan nan nan nan 15.2 33.7 36.4 36.7 nan nan nan 35.5 34.9 34.0 33.0 32.1 31.2 30.5 29.9 29.4 29.0 28.6 28.2 27.9 27.7 27.7 27.8 28.0 28.0 27.9 27.7 27.3 26.4 25.5 24.4 23.4 22.6 nan nan nan nan nan 20.4 20.5 20.6 20.9 20.9 20.8 nan nan nan nan nan nan nan nan nan nan nan nan nan nan nan nan
nan nan nan nan nan nan nan nan nan nan nan nan nan nan nan nan nan nan nan nan nan nan nan nan nan nan nan nan nan nan 15.0 14.5 35.8 36.3 nan nan nan 32.7 35.0 34.7 33.7 32.7 31.7 30.9 30.1 29.6 29.1 28.7 28.3 28.0 28.0 28.2 28.4 28.7 28.9 28.8 28.7 28.1 27.2 26.2 25.2 24.0 23.0 21.7 21.2 nan 20.3 20.4 20.5 20.5 20.6 20.8 nan nan nan nan nan nan nan nan nan nan nan nan nan nan nan nan nan nan
nan nan nan nan nan nan nan nan nan nan nan nan nan nan nan nan nan nan nan nan nan nan nan nan nan nan nan nan nan nan nan nan 35.6 29.5 nan nan nan nan 33.8 35.1 34.4 33.3 32.1 31.1 30.3 29.7 29.2 28.7 28.4 28.1 28.2 28.6 28.9 29.4 29.6 29.6 29.4 28.9 28.0 27.1 26.0 24.9 23.7 22.7 21.9 21.2 20.8 20.6 20.5 20.5 20.4 nan nan nan nan nan nan nan nan nan nan nan nan nan nan nan nan nan nan nan
nan nan nan nan nan nan nan nan nan nan nan nan nan nan nan nan nan nan nan nan nan nan nan nan nan nan nan nan nan nan nan nan nan 32.4 16.3 nan nan nan 14.3 36.3 35.2 33.9 32.6 31.4 30.5 29.8 29.2 28.8 28.5 28.4 28.6 29.0 29.5 29.9 30.1 30.2 29.9 29.4 28.7 27.9 26.9 25.6 24.5 23.5 22.6 21.8 21.2 20.9 20.6 20.5 20.4 nan nan nan nan nan nan nan nan nan nan nan nan nan nan nan nan nan nan nan
nan nan nan nan nan nan nan nan nan nan nan nan nan nan nan nan nan nan nan nan nan nan nan nan nan nan nan nan nan nan nan nan nan nan 17.0 31.8 nan nan nan nan 35.6 34.5 33.0 31.7 30.8 29.9 29.3 28.9 28.6 28.6 28.9 29.3 29.8 30.2 30.5 30.5 30.3 29.9 29.3 28.6 27.5 26.4 25.2 24.2 23.2 22.2 21.5 21.0 20.7 20.5 20.4 20.3 nan nan nan nan nan nan nan nan nan nan nan nan nan nan nan nan nan nan
nan nan nan nan nan nan nan nan nan nan nan nan nan nan nan nan nan nan nan nan nan nan nan nan nan nan nan nan nan nan nan nan nan nan nan 23.8 15.4 nan nan nan nan 33.2 33.1 31.8 30.8 30.0 29.4 29.0 28.7 28.8 29.0 29.5 29.9 30.2 30.5 30.6 30.6 30.3 29.8 29.1 28.1 27.0 25.8 24.7 23.6 22.5 21.7 21.1 20.7 20.4 20.3 20.4 20.3 11.0 nan nan nan nan nan nan nan nan nan nan nan nan nan nan nan nan
nan nan nan nan nan nan nan nan nan nan nan nan nan nan nan nan nan nan nan nan nan nan nan nan nan nan nan nan nan nan nan nan nan nan 17.3 22.2 33.9 33.7 nan 15.4 nan 30.5 32.7 31.8 30.8 30.1 29.5 29.1 28.9 28.8 29.0 29.3 29.7 30.0 30.3 30.6 30.7 30.5 30.1 29.5 28.6 27.5 26.4 25.1 23.8 22.6 21.8 21.3 20.8 20.4 20.2 20.2 20.2 20.2 nan nan nan nan nan nan nan nan nan nan nan nan nan nan nan nan
nan nan nan nan nan nan nan nan nan nan nan nan nan nan nan nan nan nan nan nan nan nan nan nan nan nan nan nan nan nan nan nan nan nan 34.5 33.9 34.1 30.3 18.4 30.1 32.0 26.1 32.0 31.7 30.9 30.1 29.4 29.1 28.8 28.7 28.8 29.0 29.3 29.6 30.0 30.4 30.6 30.5 30.2 29.7 28.9 27.8 26.5 25.2 23.9 22.6 21.5 21.6 21.0 20.8 20.3 20.2 20.2 20.3 20.5 nan nan nan nan nan nan nan nan nan nan nan nan nan nan nan
nan nan nan nan nan nan nan nan nan nan nan nan nan nan nan nan nan nan nan nan nan nan nan nan nan nan nan nan nan nan nan nan nan nan 34.5 34.4 34.4 34.1 30.9 nan 33.2 31.6 33.0 31.8 30.9 30.2 29.5 28.9 28.6 28.5 28.4 28.6 28.8 29.2 29.6 30.1 30.4 30.5 30.2 29.8 29.0 27.8 -9999.0 -9999.0 -9999.0 -9999.0 -9999.0 -9999.0 -9999.0 11.4 20.3 20.2 20.3 20.2 20.4 nan nan nan nan nan nan nan nan nan nan nan nan nan nan -9999.0
nan nan nan nan nan nan nan nan nan nan nan nan nan nan nan nan nan nan nan nan nan nan nan nan nan nan nan nan nan nan nan nan nan nan 34.4 34.4 34.3 34.3 34.4 nan nan 34.3 33.2 32.1 31.0 30.2 29.6 28.9 28.4 28.2 28.0 28.0 28.3 28.8 29.2 29.8 30.2 30.4 30.2 29.8 28.8 -9999.0 -9999.0 -9999.0 -9999.0 -9999.0 -9999.0 -9999.0 -9999.0 nan 13.1 20.1 20.3 19.8 nan nan nan nan nan nan nan nan nan nan nan nan nan nan nan -9999.0
nan nan nan nan nan nan nan nan nan nan nan nan nan nan nan nan nan nan nan nan nan nan nan nan nan nan nan nan nan nan nan nan nan nan 34.1 34.0 34.0 34.0 34.1 nan 27.6 30.4 33.4 32.4 31.3 30.3 29.5 28.8 28.2 27.9 27.6 27.6 27.9 28.4 28.9 29.5 30.0 30.2 30.1 29.6 28.5 -9999.0 -9999.0 -9999.0 -9999.0 -9999.0 -9999.0 -9999.0 -9999.0 -9999.0 -9999.0 nan 11.2 11.2 nan nan nan nan nan nan nan nan nan nan nan nan nan nan nan -9999.0
nan nan nan nan nan nan nan nan nan nan nan nan nan nan nan nan nan nan nan nan nan nan nan nan nan nan nan nan nan nan nan nan nan nan 33.6 33.7 34.1 31.9 29.0 19.2 31.1 25.8 32.8 32.4 31.3 30.4 29.5 28.7 28.1 27.6 27.4 27.4 27.7 28.2 28.7 29.3 29.8 30.1 29.9 29.3 -9999.0 -9999.0 -9999.0 -9999.0 -9999.0 -9999.0 -9999.0 -9999.0 -9999.0 -9999.0 -9999.0 nan nan nan nan nan nan nan nan nan nan nan nan nan nan nan nan nan nan -9999.0
nan nan nan nan nan nan nan nan nan nan nan nan nan nan nan nan nan nan nan nan nan nan nan nan nan nan nan nan nan nan nan nan 29.0 30.2 32.3 34.0 34.4 34.8 33.2 30.6 nan 33.9 33.0 32.3 31.3 30.3 29.4 28.6 28.0 27.6 27.3 27.3 27.6 28.1 28.6 29.2 29.8 30.0 29.9 -9999.0 -9999.0 -9999.0 -9999.0 -9999.0 -9999.0 -9999.0 -9999.0 -9999.0 -9999.0 -9999.0 -9999.0 -9999.0 nan nan nan nan nan nan nan nan nan nan nan nan nan nan nan nan nan -9999.0
nan nan nan nan nan nan nan nan nan nan nan nan nan nan nan nan nan nan nan nan nan nan nan nan nan nan nan nan nan 15.3 nan nan 34.0 34.0 34.2 33.8 34.8 35.2 35.8 nan nan 33.7 33.0 32.2 31.2 30.3 29.4 28.6 28.1 27.6 27.3 27.2 27.5 28.0 28.6 29.3 29.9 30.2 29.9 -9999.0 -9999.0 -9999.0 -9999.0 -9999.0 -9999.0 -9999.0 -9999.0 -9999.0 -9999.0 -9999.0 -9999.0 -9999.0 -9999.0 -9999.0 nan nan nan nan nan nan nan nan nan nan nan nan nan nan nan -9999.0
nan nan nan nan nan nan nan nan nan nan nan nan nan nan nan nan nan nan nan nan nan nan nan nan nan nan nan nan nan 13.8 13.8 nan 34.2 34.6 31.0 31.2 32.7 35.6 35.6 33.7 nan 33.7 33.3 32.4 31.5 30.5 29.5 28.7 28.2 27.7 27.4 27.3 27.6 28.0 28.7 29.4 30.1 30.5 -9999.0 -9999.0 -9999.0 -9999.0 -9999.0 -9999.0 -9999.0 -9999.0 -9999.0 -9999.0 -9999.0 -9999.0 -9999.0 -9999.0 -9999.0 -9999.0 -9999.0 nan nan nan nan nan nan nan nan nan nan nan nan nan nan -9999.0
nan nan nan nan nan nan nan nan nan nan nan nan nan nan nan nan nan nan nan nan nan nan nan nan nan nan nan nan nan 14.5 34.0 34.3 34.8 35.2 35.7 nan 14.0 35.4 35.7 35.6 nan 32.7 33.8 33.0 31.9 30.8 29.8 28.9 28.3 27.8 27.6 27.5 27.7 28.1 28.8 29.6 30.3 30.6 -9999.0 -9999.0 -9999.0 -9999.0 -9999.0 -9999.0 -9999.0 -9999.0 -9999.0 -9999.0 -9999.0 -9999.0 -9999.0 -9999.0 -9999.0 -9999.0 -9999.0 -9999.0 nan nan nan nan nan nan nan nan nan nan nan nan nan -9999.0
nan nan nan nan nan nan nan nan nan nan nan nan nan nan nan nan nan nan nan nan nan nan nan nan nan nan nan nan nan nan 33.0 34.4 35.1 35.8 33.3 nan nan 32.7 33.6 33.0 nan 27.4 29.5 33.0 32.1 31.1 30.0 29.1 28.5 28.1 27.9 27.8 28.0 28.4 29.1 29.7 30.5 30.8 -9999.0 -9999.0 -9999.0 -9999.0 -9999.0 -9999.0 -9999.0 -9999.0 -9999.0 -9999.0 -9999.0 -9999.0 -9999.0 -9999.0 -9999.0 -9999.0 -9999.0 -9999.0 -9999.0 nan nan nan nan nan nan nan nan nan nan nan nan -9999.0
nan nan nan nan nan nan nan nan nan nan nan nan nan nan nan nan nan nan nan nan nan nan nan nan nan nan nan nan nan nan 31.2 34.5 35.3 36.1 32.0 nan 15.4 26.1 29.5 16.0 26.2 22.2 25.3 31.9 32.2 31.3 30.2 29.4 28.8 28.5 28.2 28.2 28.3 28.8 29.4 30.1 30.6 30.8 -9999.0 -9999.0 -9999.0 -9999.0 -9999.0 -9999.0 -9999.0 -9999.0 -9999.0 -9999.0 -9999.0 -9999.0 -9999.0 -9999.0 -9999.0 -9999.0 -9999.0 -9999.0 -9999.0 -9999.0 nan nan nan nan nan nan nan nan nan nan nan -9999.0
nan nan nan nan nan nan nan nan nan nan nan nan nan nan nan nan nan nan nan nan nan nan nan nan nan nan nan nan nan nan 32.1 33.8 35.2 35.9 32.7 15.4 nan 31.6 21.2 14.0 22.4 nan 33.4 33.4 32.6 31.6 30.6 29.7 29.2 28.8 28.6 28.5 28.7 29.1 29.8 30.4 30.3 24.0 -9999.0 -9999.0 -9999.0 -9999.0 -9999.0 -9999.0 -9999.0 -9999.0 -9999.0 -9999.0 -9999.0 -9999.0 -9999.0 -9999.0 -9999.0 -9999.0 -9999.0 -9999.0 -9999.0 -9999.0 -9999.0 -9999.0 nan nan nan nan nan nan nan nan nan -9999.0
nan nan nan nan nan nan nan nan nan nan nan nan nan nan nan nan nan nan nan nan nan nan nan nan nan nan nan nan nan nan nan 34.3 34.8 35.2 35.5 nan nan 23.2 21.1 15.7 nan nan 34.0 33.7 32.9 32.0 31.0 30.2 29.6 29.2 29.0 29.0 29.1 29.5 30.3 31.2 31.0 27.7 -9999.0 -9999.0 -9999.0 -9999.0 -9999.0 -9999.0 -9999.0 -9999.0 -9999.0 -9999.0 -9999.0 nan nan nan -9999.0 -9999.0 -9999.0 -9999.0 -9999.0 -9999.0 -9999.0 -9999.0 -9999.0 -9999.0 -9999.0 -9999.0 -9999.0 nan nan nan -9999.0 -9999.0
nan nan nan nan nan nan nan nan nan nan nan nan nan nan nan nan nan nan nan nan nan nan nan nan nan nan nan nan nan nan nan 31.5 34.1 34.8 35.6 nan 15.0 19.0 30.2 15.1 nan nan 34.0 33.8 33.3 32.5 31.5 30.7 30.0 29.6 29.4 29.4 29.6 30.0 30.8 31.6 32.1 28.7 -9999.0 -9999.0 -9999.0 -9999.0 -9999.0 -9999.0 -9999.0 -9999.0 -9999.0 -9999.0 -9999.0 nan nan nan nan nan -9999.0 -9999.0 -9999.0 -9999.0 -9999.0 -9999.0 -9999.0 -9999.0 -9999.0 -9999.0 -9999.0 -9999.0 -9999.0 -9999.0 -9999.0 -9999.0
nan nan nan nan nan nan nan nan nan nan nan nan nan nan nan nan nan nan nan nan nan nan nan nan nan nan nan nan nan nan nan 14.9 33.6 34.7 35.1 34.5 31.0 22.8 18.3 14.3 15.8 nan 33.8 34.0 33.5 32.8 32.0 31.2 30.5 30.0 29.8 29.8 29.9 30.3 31.1 31.8 32.4 25.7 -9999.0 -9999.0 -9999.0 -9999.0 -9999.0 -9999.0 -9999.0 -9999.0 -9999.0 -9999.0 -9999.0 -9999.0 -9999.0 -9999.0 -9999.0 -9999.0 -9999.0 -9999.0 -9999.0 -9999.0 -9999.0 -9999.0 -9999.0 -9999.0 -9999.0 -9999.0 -9999.0 -9999.0 -9999.0 -9999.0 -9999.0 -9999.0
nan nan nan nan nan nan nan nan nan nan nan nan nan nan nan nan nan nan nan nan nan nan nan nan nan nan nan nan nan nan nan 14.9 31.0 34.8 35.8 36.3 36.2 nan 21.9 24.8 13.6 nan 33.8 34.1 33.8 33.1 32.4 31.6 30.9 30.4 30.1 30.0 30.2 30.5 31.3 31.9 32.2 30.0 -9999.0 -9999.0 -9999.0 -9999.0 -9999.0 -9999.0 -9999.0 -9999.0 -9999.0 -9999.0 -9999.0 -9999.0 -9999.0 -9999.0 -9999.0 -9999.0 -9999.0 -9999.0 -9999.0 -9999.0 -9999.0 -9999.0 -9999.0 -9999.0 -9999.0 -9999.0 -9999.0 -9999.0 -9999.0 -9999.0 -9999.0 -9999.0
nan nan nan nan nan nan nan nan nan nan nan nan nan nan nan nan nan nan nan nan nan nan nan nan nan nan nan nan nan nan nan 14.9 29.3 32.7 35.5 35.8 35.8 nan nan 21.7 14.9 nan nan 34.5 34.4 33.6 32.8 32.1 31.3 30.7 30.4 30.3 30.4 30.7 31.4 32.2 32.5 28.1 -9999.0 -9999.0 -9999.0 -9999.0 -9999.0 -9999.0 -9999.0 -9999.0 -9999.0 -9999.0 -9999.0 -9999.0 -9999.0 -9999.0 -9999.0 -9999.0 -9999.0 -9999.0 -9999.0 -9999.0 -9999.0 -9999.0 -9999.0 -9999.0 -9999.0 -9999.0 -9999.0 -9999.0 -9999.0 -9999.0 -9999.0 -9999.0
nan nan nan nan nan nan nan nan nan nan nan nan nan nan nan nan nan nan nan nan nan nan nan nan nan nan nan nan nan nan nan nan 14.5 34.1 35.0 35.4 nan nan nan 21.9 14.9 13.9 nan nan 33.6 33.7 33.1 32.4 31.7 31.1 30.8 30.6 30.6 30.9 31.5 32.4 33.0 30.1 -9999.0 -9999.0 -9999.0 -9999.0 -9999.0 -9999.0 -9999.0 -9999.0 -9999.0 -9999.0 -9999.0 -9999.0 -9999.0 -9999.0 -9999.0 -9999.0 -9999.0 -9999.0 -9999.0 -9999.0 -9999.0 -9999.0 -9999.0 -9999.0 nan nan nan -9999.0 -9999.0 -9999.0 -9999.0 -9999.0
nan nan nan nan nan nan nan nan nan nan nan nan nan nan nan nan nan nan nan nan nan nan nan nan nan nan nan nan nan nan nan nan 32.0 33.3 34.4 35.1 nan nan nan nan 17.3 13.6 25.4 nan 31.7 34.0 33.5 32.6 32.0 31.4 31.1 30.9 30.8 31.1 31.7 32.6 33.6 32.7 -9999.0 -9999.0 -9999.0 -9999.0 -9999.0 -9999.0 -9999.0 -9999.0 -9999.0 -9999.0 -9999.0 -9999.0 -9999.0 -9999.0 -9999.0 -9999.0 -9999.0 -9999.0 -9999.0 -9999.0 -9999.0 -9999.0 nan nan nan nan nan nan nan nan -9999.0 -9999.0
nan nan nan nan nan nan nan nan nan nan nan nan nan nan nan nan nan nan nan nan nan nan nan nan nan nan nan nan nan nan nan nan nan 33.5 34.6 35.2 nan nan nan nan 23.3 15.4 18.3 19.4 nan 34.5 34.4 33.4 32.6 31.9 31.4 31.1 31.1 31.3 31.8 32.8 33.9 33.7 -9999.0 -9999.0 -9999.0 -9999.0 -9999.0 -9999.0 -9999.0 -9999.0 -9999.0 -9999.0 -9999.0 nan nan nan nan nan nan nan nan nan nan nan nan nan nan nan nan nan nan nan nan nan
nan nan nan nan nan nan nan nan nan nan nan nan nan nan nan nan nan nan nan nan nan nan nan nan nan nan nan nan nan nan nan nan nan 33.8 34.8 35.4 35.4 nan nan nan 33.2 17.7 16.5 31.1 nan nan 33.8 33.6 33.0 32.3 31.8 31.4 31.3 31.5 32.1 33.0 34.1 35.3 -9999.0 -9999.0 -9999.0 -9999.0 -9999.0 -9999.0 -9999.0 -9999.0 -9999.0 -9999.0 nan nan nan nan nan nan nan nan nan nan nan nan nan nan nan nan nan nan nan nan nan nan
