data/output/RUN203/ECOSPACE/ECOSPACE_in_PAR3/PAR-VarZ-VarK/PAR-VarZ-VarK_1981_10.asc
ncols        93
nrows        151 
xllcorner    -123.80739
yllcorner    48.29471 
cellsize     0.013497347 
NODATA_value  0.0
[rows 80 to 119 of 151, columns 0 to 89 of 93]
nan nan nan nan nan nan nan nan nan nan nan nan nan nan nan nan nan nan nan nan nan nan nan 18.9 18.1 18.9 19.6 20.0 19.3 18.7 18.2 17.7 17.3 17.0 16.6 16.3 16.1 15.9 15.8 15.6 15.5 15.3 15.1 15.0 14.9 14.6 14.3 14.0 13.5 12.8 12.6 12.2 11.5 11.0 nan nan nan nan nan nan nan nan nan nan nan nan 8.7 8.9 9.0 9.1 nan 8.9 9.0 9.0 9.1 9.2 9.3 9.1 9.1 9.3 9.6 9.7 9.7 nan nan nan nan nan nan nan
nan nan nan nan nan nan nan nan nan nan nan nan nan nan nan nan nan nan nan nan nan nan nan nan nan nan 20.5 20.1 19.7 19.0 18.5 18.0 17.6 17.3 16.8 16.6 16.3 16.1 15.9 15.8 15.6 15.4 15.2 15.1 14.9 14.7 14.5 14.2 13.9 13.4 12.9 12.5 12.1 11.3 10.5 nan nan nan nan nan nan nan nan nan nan nan 8.9 9.0 nan nan nan nan nan 9.1 9.3 9.4 nan 9.2 9.4 9.7 10.0 10.2 nan nan nan nan nan nan nan nan
nan nan nan nan nan nan nan nan nan nan nan nan nan nan nan nan nan nan nan nan nan nan nan nan nan nan nan 20.4 19.9 19.7 18.9 18.3 17.9 17.5 17.1 16.8 16.5 16.3 16.1 15.9 15.8 15.6 15.2 15.1 15.0 14.9 14.6 14.4 14.1 13.7 13.2 12.9 12.6 11.9 11.1 10.6 nan nan nan nan nan nan nan nan nan 8.9 9.1 nan nan nan nan nan nan 9.1 9.3 9.4 nan 9.5 9.8 10.1 10.3 nan nan nan nan nan nan nan nan nan
nan nan nan nan nan nan nan nan nan nan nan nan nan nan nan nan nan nan nan nan nan nan nan nan nan nan nan nan 19.2 19.7 19.5 18.7 18.1 17.8 17.3 17.0 16.7 16.5 16.3 16.2 16.0 15.8 15.5 15.3 15.1 14.7 14.6 14.4 14.3 14.1 13.7 13.3 13.0 12.6 11.8 11.1 10.6 nan nan nan nan nan nan nan nan 8.9 9.2 nan nan nan nan nan nan 9.2 9.4 9.6 9.9 10.2 10.3 10.3 nan nan nan nan nan nan nan nan nan nan
nan nan nan nan nan nan nan nan nan nan nan nan nan nan nan nan nan nan nan nan nan nan nan nan nan nan nan nan nan 7.5 19.8 19.2 18.5 18.0 17.6 17.2 17.0 16.8 16.6 16.4 16.2 16.0 15.7 15.6 15.2 14.9 14.6 14.4 14.4 14.3 14.2 13.8 13.5 13.0 12.5 11.8 11.0 10.6 nan nan nan nan nan nan 8.9 9.1 9.3 nan 9.6 9.6 9.7 nan nan 9.3 9.6 9.9 10.2 10.7 nan nan nan nan nan nan nan nan nan nan nan nan
nan nan nan nan nan nan nan nan nan nan nan nan nan nan nan nan nan nan nan nan nan nan nan nan nan nan nan nan nan nan 8.0 19.5 19.0 18.4 17.9 17.4 17.3 17.1 16.9 16.7 16.6 16.4 16.1 15.8 15.5 15.1 14.8 14.7 14.6 14.5 14.4 14.2 13.8 13.4 13.0 12.4 11.6 10.9 nan nan nan nan nan 9.0 9.2 9.4 9.5 9.6 9.6 9.7 9.7 5.9 nan 9.4 9.8 10.1 10.4 10.7 nan nan nan nan nan nan nan nan nan nan nan nan
nan nan nan nan nan nan nan nan nan nan nan nan nan nan nan nan nan nan nan nan nan nan nan nan nan nan nan nan nan nan nan 18.1 18.8 18.7 18.2 17.8 17.6 17.4 17.2 17.0 16.9 16.8 16.5 16.2 15.8 15.4 15.0 14.7 14.6 14.5 14.5 14.4 14.2 13.9 13.4 12.8 12.0 11.2 10.4 nan nan 9.3 9.5 9.6 9.6 9.8 9.9 9.9 9.9 9.9 9.9 nan nan 9.6 10.0 10.4 10.6 10.8 nan nan nan nan nan nan nan nan nan nan nan nan
nan nan nan nan nan nan nan nan nan nan nan nan nan nan nan nan nan nan nan nan nan nan nan nan nan nan nan nan nan nan nan nan 19.4 18.9 18.5 18.2 17.9 17.6 17.5 17.4 17.3 17.2 16.8 16.4 16.0 15.6 15.1 14.8 14.6 14.6 14.4 14.4 14.4 14.2 13.8 13.3 12.6 11.7 10.9 10.2 10.0 10.0 10.1 nan 10.0 10.3 10.5 10.5 10.5 10.4 10.2 10.0 10.0 10.1 10.3 10.6 10.8 nan nan nan nan nan nan nan nan nan nan nan nan nan
nan nan nan nan nan nan nan nan nan nan nan nan nan nan nan nan nan nan nan nan nan nan nan nan nan nan nan nan nan nan 19.1 19.2 19.2 19.0 18.7 18.5 18.2 18.0 17.8 17.7 17.6 17.5 17.1 16.7 16.2 15.7 15.2 14.9 14.6 14.5 14.5 14.5 14.5 14.4 14.2 13.8 13.3 12.5 11.7 11.3 11.0 10.8 10.8 10.8 10.8 11.0 11.2 11.3 11.2 11.1 10.8 10.5 10.4 10.5 10.6 10.8 10.8 nan nan nan nan nan nan nan nan nan nan nan nan nan
nan nan nan nan nan nan nan nan nan nan nan nan nan nan nan nan nan nan nan nan nan nan nan nan nan nan nan nan nan nan nan nan 19.1 18.9 18.8 18.7 18.5 18.3 18.1 18.0 17.9 17.7 17.3 16.9 16.4 15.8 15.3 14.9 14.7 14.5 14.4 14.5 14.5 14.5 14.4 14.2 13.9 13.5 12.8 12.4 11.9 11.6 11.5 11.5 11.4 11.4 11.7 nan nan nan 11.0 10.9 10.8 10.7 10.8 10.9 nan nan nan nan nan nan nan nan nan nan nan nan nan nan
nan nan nan nan nan nan nan nan nan nan nan nan nan nan nan nan nan nan nan nan nan nan nan nan nan nan nan nan nan nan 8.0 7.4 18.8 18.8 18.8 18.8 18.7 18.5 18.3 18.2 18.1 17.9 17.5 17.0 16.5 15.9 15.3 15.0 14.8 14.6 14.5 14.5 14.5 14.5 14.5 14.4 14.2 14.0 13.7 13.2 12.7 12.2 12.0 12.0 nan nan nan nan nan nan nan 11.0 10.9 10.9 10.9 10.9 nan nan nan nan nan nan nan nan nan nan nan nan nan nan
nan nan nan nan nan nan nan nan nan nan nan nan nan nan nan nan nan nan nan nan nan nan nan nan nan nan nan nan nan nan 8.3 18.5 19.0 19.1 19.0 9.2 18.8 18.9 18.8 18.6 18.4 18.1 17.6 17.1 16.6 16.0 15.5 15.0 14.8 14.6 14.5 14.5 14.6 14.6 14.6 14.6 14.4 14.3 14.0 13.6 13.1 12.6 12.1 nan nan nan nan nan nan 10.6 10.7 10.8 10.9 10.8 10.9 nan nan nan nan nan nan nan nan nan nan nan nan nan nan nan
nan nan nan nan nan nan nan nan nan nan nan nan nan nan nan nan nan nan nan nan nan nan nan nan nan nan nan nan nan nan 8.1 17.8 19.0 19.2 nan nan nan 18.8 19.0 18.9 18.6 18.3 17.8 17.2 16.6 16.0 15.5 15.1 14.8 14.6 14.6 14.5 14.6 14.6 14.6 14.6 14.6 14.4 14.2 13.9 13.4 12.7 12.3 nan nan nan nan nan 10.7 10.7 10.7 10.7 10.7 10.7 nan nan nan nan nan nan nan nan nan nan nan nan nan nan nan nan
nan nan nan nan nan nan nan nan nan nan nan nan nan nan nan nan nan nan nan nan nan nan nan nan nan nan nan nan nan nan 8.0 7.8 19.0 19.3 nan nan nan 17.8 18.9 19.1 18.9 18.4 17.8 17.3 16.7 16.1 15.6 15.2 14.9 14.6 14.6 14.6 14.6 14.6 14.6 14.6 14.6 14.5 14.3 13.9 13.6 12.9 12.3 11.6 11.3 nan 10.8 10.9 10.9 10.6 10.5 10.5 nan nan nan nan nan nan nan nan nan nan nan nan nan nan nan nan nan nan
nan nan nan nan nan nan nan nan nan nan nan nan nan nan nan nan nan nan nan nan nan nan nan nan nan nan nan nan nan nan nan nan 19.2 15.5 nan nan nan nan 18.0 19.0 19.0 18.5 17.9 17.2 16.7 16.1 15.6 15.1 14.9 14.7 14.6 14.6 14.6 14.6 14.6 14.6 14.6 14.5 14.4 14.0 13.7 13.1 12.6 12.1 11.8 11.5 11.3 11.1 10.9 10.6 10.4 nan nan nan nan nan nan nan nan nan nan nan nan nan nan nan nan nan nan nan
nan nan nan nan nan nan nan nan nan nan nan nan nan nan nan nan nan nan nan nan nan nan nan nan nan nan nan nan nan nan nan nan nan 16.6 8.3 nan nan nan 7.7 19.2 19.0 18.6 17.9 17.3 16.7 16.1 15.6 15.1 14.8 14.7 14.6 14.5 14.5 14.5 14.5 14.5 14.5 14.4 14.3 14.1 13.8 13.4 13.1 12.7 12.3 11.9 11.5 11.2 10.9 10.6 10.4 nan nan nan nan nan nan nan nan nan nan nan nan nan nan nan nan nan nan nan
nan nan nan nan nan nan nan nan nan nan nan nan nan nan nan nan nan nan nan nan nan nan nan nan nan nan nan nan nan nan nan nan nan nan 8.6 16.5 nan nan nan nan 19.3 18.9 18.0 17.4 16.9 16.2 15.6 15.1 14.9 14.7 14.6 14.5 14.5 14.5 14.4 14.4 14.4 14.4 14.3 14.2 13.9 13.6 13.3 12.9 12.5 12.1 11.6 11.2 10.9 10.7 10.5 10.3 nan nan nan nan nan nan nan nan nan nan nan nan nan nan nan nan nan nan
nan nan nan nan nan nan nan nan nan nan nan nan nan nan nan nan nan nan nan nan nan nan nan nan nan nan nan nan nan nan nan nan nan nan nan 12.4 8.2 nan nan nan nan 17.7 18.1 17.5 16.9 16.2 15.6 15.1 14.9 14.7 14.5 14.4 14.4 14.4 14.4 14.3 14.3 14.3 14.3 14.2 14.1 13.8 13.4 13.0 12.5 12.0 11.6 11.2 10.9 10.7 10.5 10.4 10.3 5.9 nan nan nan nan nan nan nan nan nan nan nan nan nan nan nan nan
nan nan nan nan nan nan nan nan nan nan nan nan nan nan nan nan nan nan nan nan nan nan nan nan nan nan nan nan nan nan nan nan nan nan 9.1 11.6 17.1 17.1 nan 8.2 nan 16.6 17.6 17.4 16.9 16.2 15.6 15.1 14.9 14.6 14.5 14.4 14.4 14.3 14.3 14.3 14.2 14.3 14.3 14.3 14.1 13.8 13.4 13.0 12.4 11.9 11.5 11.1 10.9 10.6 10.5 10.4 10.4 10.4 nan nan nan nan nan nan nan nan nan nan nan nan nan nan nan nan
nan nan nan nan nan nan nan nan nan nan nan nan nan nan nan nan nan nan nan nan nan nan nan nan nan nan nan nan nan nan nan nan nan nan 17.4 16.7 17.0 15.4 9.7 15.8 16.8 14.2 17.1 17.3 16.9 16.2 15.6 15.1 14.8 14.6 14.4 14.3 14.3 14.2 14.1 14.2 14.2 14.2 14.3 14.3 14.1 13.8 13.3 12.9 12.3 11.7 11.1 11.1 10.7 10.7 10.6 10.5 10.5 10.5 10.6 nan nan nan nan nan nan nan nan nan nan nan nan nan nan nan
nan nan nan nan nan nan nan nan nan nan nan nan nan nan nan nan nan nan nan nan nan nan nan nan nan nan nan nan nan nan nan nan nan nan 17.6 17.7 17.4 17.1 15.6 nan 17.8 16.8 17.5 17.2 16.7 16.2 15.6 15.1 14.8 14.6 14.4 14.3 14.2 14.1 14.1 14.1 14.2 14.2 14.3 14.2 14.0 13.7 -9999.0 -9999.0 -9999.0 -9999.0 -9999.0 -9999.0 -9999.0 6.3 10.8 10.7 10.7 10.6 10.7 nan nan nan nan nan nan nan nan nan nan nan nan nan nan -9999.0
nan nan nan nan nan nan nan nan nan nan nan nan nan nan nan nan nan nan nan nan nan nan nan nan nan nan nan nan nan nan nan nan nan nan 17.8 17.8 17.6 17.5 17.2 nan nan 17.9 17.5 17.2 16.6 16.1 15.6 15.1 14.8 14.6 14.4 14.2 14.1 14.0 14.0 14.1 14.2 14.3 14.2 14.1 13.9 -9999.0 -9999.0 -9999.0 -9999.0 -9999.0 -9999.0 -9999.0 -9999.0 nan 7.3 10.7 10.9 10.4 nan nan nan nan nan nan nan nan nan nan nan nan nan nan nan -9999.0
nan nan nan nan nan nan nan nan nan nan nan nan nan nan nan nan nan nan nan nan nan nan nan nan nan nan nan nan nan nan nan nan nan nan 17.7 17.6 17.5 17.4 17.0 nan 14.5 15.6 17.5 17.1 16.5 16.0 15.6 15.1 14.8 14.6 14.4 14.2 14.1 14.0 14.0 14.1 14.2 14.2 14.2 14.1 13.8 -9999.0 -9999.0 -9999.0 -9999.0 -9999.0 -9999.0 -9999.0 -9999.0 -9999.0 -9999.0 nan 6.2 6.2 nan nan nan nan nan nan nan nan nan nan nan nan nan nan nan -9999.0
nan nan nan nan nan nan nan nan nan nan nan nan nan nan nan nan nan nan nan nan nan nan nan nan nan nan nan nan nan nan nan nan nan nan 17.4 17.4 17.4 15.9 15.1 10.3 16.2 13.8 17.1 17.0 16.5 16.0 15.5 15.1 14.8 14.6 14.3 14.1 14.0 14.0 14.0 14.1 14.3 14.4 14.2 14.0 -9999.0 -9999.0 -9999.0 -9999.0 -9999.0 -9999.0 -9999.0 -9999.0 -9999.0 -9999.0 -9999.0 nan nan nan nan nan nan nan nan nan nan nan nan nan nan nan nan nan nan -9999.0
nan nan nan nan nan nan nan nan nan nan nan nan nan nan nan nan nan nan nan nan nan nan nan nan nan nan nan nan nan nan nan nan 15.4 16.0 16.7 17.5 17.6 17.4 17.0 15.6 nan 17.6 17.2 16.8 16.4 15.9 15.5 15.1 14.8 14.5 14.3 14.1 14.0 14.0 14.1 14.2 14.3 14.4 14.2 -9999.0 -9999.0 -9999.0 -9999.0 -9999.0 -9999.0 -9999.0 -9999.0 -9999.0 -9999.0 -9999.0 -9999.0 -9999.0 nan nan nan nan nan nan nan nan nan nan nan nan nan nan nan nan nan -9999.0
nan nan nan nan nan nan nan nan nan nan nan nan nan nan nan nan nan nan nan nan nan nan nan nan nan nan nan nan nan 8.2 nan nan 17.8 17.5 17.6 17.4 17.9 17.9 17.9 nan nan 17.3 17.2 16.9 16.4 15.9 15.5 15.1 14.7 14.4 14.2 14.1 14.0 14.0 14.1 14.3 14.4 14.5 14.2 -9999.0 -9999.0 -9999.0 -9999.0 -9999.0 -9999.0 -9999.0 -9999.0 -9999.0 -9999.0 -9999.0 -9999.0 -9999.0 -9999.0 -9999.0 nan nan nan nan nan nan nan nan nan nan nan nan nan nan nan -9999.0
nan nan nan nan nan nan nan nan nan nan nan nan nan nan nan nan nan nan nan nan nan nan nan nan nan nan nan nan nan 7.3 7.4 nan 17.9 18.1 16.2 16.2 16.8 18.0 17.9 17.2 nan 17.2 17.3 16.9 16.4 15.9 15.5 15.1 14.7 14.4 14.1 14.0 14.0 14.1 14.3 14.5 14.7 14.7 -9999.0 -9999.0 -9999.0 -9999.0 -9999.0 -9999.0 -9999.0 -9999.0 -9999.0 -9999.0 -9999.0 -9999.0 -9999.0 -9999.0 -9999.0 -9999.0 -9999.0 nan nan nan nan nan nan nan nan nan nan nan nan nan nan -9999.0
nan nan nan nan nan nan nan nan nan nan nan nan nan nan nan nan nan nan nan nan nan nan nan nan nan nan nan nan nan 7.8 17.7 17.9 18.1 18.3 18.5 nan 7.5 17.8 17.8 17.9 nan 16.5 17.4 17.0 16.5 15.9 15.5 15.1 14.7 14.3 14.1 14.0 14.1 14.2 14.5 14.8 15.0 15.0 -9999.0 -9999.0 -9999.0 -9999.0 -9999.0 -9999.0 -9999.0 -9999.0 -9999.0 -9999.0 -9999.0 -9999.0 -9999.0 -9999.0 -9999.0 -9999.0 -9999.0 -9999.0 nan nan nan nan nan nan nan nan nan nan nan nan nan -9999.0
nan nan nan nan nan nan nan nan nan nan nan nan nan nan nan nan nan nan nan nan nan nan nan nan nan nan nan nan nan nan 17.4 18.0 18.4 18.7 16.6 nan nan 16.5 16.9 16.4 nan 14.4 15.5 17.0 16.6 16.0 15.6 15.2 14.7 14.3 14.1 14.1 14.2 14.4 14.7 15.0 15.3 15.4 -9999.0 -9999.0 -9999.0 -9999.0 -9999.0 -9999.0 -9999.0 -9999.0 -9999.0 -9999.0 -9999.0 -9999.0 -9999.0 -9999.0 -9999.0 -9999.0 -9999.0 -9999.0 -9999.0 nan nan nan nan nan nan nan nan nan nan nan nan -9999.0
nan nan nan nan nan nan nan nan nan nan nan nan nan nan nan nan nan nan nan nan nan nan nan nan nan nan nan nan nan nan 16.7 18.3 18.6 18.9 16.7 nan 8.3 13.4 15.3 8.6 13.4 11.6 13.3 16.4 16.8 16.1 15.7 15.3 14.8 14.4 14.2 14.2 14.3 14.6 15.0 15.4 15.6 15.9 -9999.0 -9999.0 -9999.0 -9999.0 -9999.0 -9999.0 -9999.0 -9999.0 -9999.0 -9999.0 -9999.0 -9999.0 -9999.0 -9999.0 -9999.0 -9999.0 -9999.0 -9999.0 -9999.0 -9999.0 nan nan nan nan nan nan nan nan nan nan nan -9999.0
nan nan nan nan nan nan nan nan nan nan nan nan nan nan nan nan nan nan nan nan nan nan nan nan nan nan nan nan nan nan 17.1 18.1 18.7 18.8 16.9 8.3 nan 16.0 11.5 7.8 11.7 nan 17.1 17.1 16.7 16.3 15.9 15.4 14.9 14.5 14.3 14.4 14.6 14.9 15.4 15.9 16.0 13.8 -9999.0 -9999.0 -9999.0 -9999.0 -9999.0 -9999.0 -9999.0 -9999.0 -9999.0 -9999.0 -9999.0 -9999.0 -9999.0 -9999.0 -9999.0 -9999.0 -9999.0 -9999.0 -9999.0 -9999.0 -9999.0 -9999.0 nan nan nan nan nan nan nan nan nan -9999.0
nan nan nan nan nan nan nan nan nan nan nan nan nan nan nan nan nan nan nan nan nan nan nan nan nan nan nan nan nan nan nan 18.1 18.5 18.6 18.6 nan nan 12.1 11.2 8.8 nan nan 17.3 17.2 16.9 16.5 16.1 15.6 15.2 14.8 14.6 14.6 14.9 15.2 15.9 16.4 16.3 15.0 -9999.0 -9999.0 -9999.0 -9999.0 -9999.0 -9999.0 -9999.0 -9999.0 -9999.0 -9999.0 -9999.0 nan nan nan -9999.0 -9999.0 -9999.0 -9999.0 -9999.0 -9999.0 -9999.0 -9999.0 -9999.0 -9999.0 -9999.0 -9999.0 -9999.0 nan nan nan -9999.0 -9999.0
nan nan nan nan nan nan nan nan nan nan nan nan nan nan nan nan nan nan nan nan nan nan nan nan nan nan nan nan nan nan nan 17.1 18.2 18.5 18.9 nan 8.0 10.3 15.6 8.6 nan nan 17.4 17.3 17.0 16.7 16.3 15.9 15.5 15.2 15.0 15.0 15.2 15.6 16.3 17.0 17.1 15.5 -9999.0 -9999.0 -9999.0 -9999.0 -9999.0 -9999.0 -9999.0 -9999.0 -9999.0 -9999.0 -9999.0 nan nan nan nan nan -9999.0 -9999.0 -9999.0 -9999.0 -9999.0 -9999.0 -9999.0 -9999.0 -9999.0 -9999.0 -9999.0 -9999.0 -9999.0 -9999.0 -9999.0 -9999.0
nan nan nan nan nan nan nan nan nan nan nan nan nan nan nan nan nan nan nan nan nan nan nan nan nan nan nan nan nan nan nan 8.1 18.2 18.5 18.4 17.7 15.7 12.0 9.8 7.7 8.7 nan 17.5 17.4 17.2 16.9 16.5 16.2 15.9 15.7 15.5 15.4 15.6 16.0 16.7 17.3 17.8 15.5 -9999.0 -9999.0 -9999.0 -9999.0 -9999.0 -9999.0 -9999.0 -9999.0 -9999.0 -9999.0 -9999.0 -9999.0 -9999.0 -9999.0 -9999.0 -9999.0 -9999.0 -9999.0 -9999.0 -9999.0 -9999.0 -9999.0 -9999.0 -9999.0 -9999.0 -9999.0 -9999.0 -9999.0 -9999.0 -9999.0 -9999.0 -9999.0
nan nan nan nan nan nan nan nan nan nan nan nan nan nan nan nan nan nan nan nan nan nan nan nan nan nan nan nan nan nan nan 8.1 17.2 18.6 19.0 19.2 19.2 nan 11.4 12.9 7.3 nan 17.4 17.6 17.5 17.2 16.9 16.6 16.3 16.1 16.0 15.9 16.0 16.3 17.0 17.6 17.9 14.9 -9999.0 -9999.0 -9999.0 -9999.0 -9999.0 -9999.0 -9999.0 -9999.0 -9999.0 -9999.0 -9999.0 -9999.0 -9999.0 -9999.0 -9999.0 -9999.0 -9999.0 -9999.0 -9999.0 -9999.0 -9999.0 -9999.0 -9999.0 -9999.0 -9999.0 -9999.0 -9999.0 -9999.0 -9999.0 -9999.0 -9999.0 -9999.0
nan nan nan nan nan nan nan nan nan nan nan nan nan nan nan nan nan nan nan nan nan nan nan nan nan nan nan nan nan nan nan 8.1 16.1 17.7 19.1 19.3 19.3 nan nan 11.3 8.1 nan nan 17.8 17.8 17.5 17.3 17.0 16.7 16.5 16.4 16.3 16.4 16.7 17.2 17.9 18.2 14.4 -9999.0 -9999.0 -9999.0 -9999.0 -9999.0 -9999.0 -9999.0 -9999.0 -9999.0 -9999.0 -9999.0 -9999.0 -9999.0 -9999.0 -9999.0 -9999.0 -9999.0 -9999.0 -9999.0 -9999.0 -9999.0 -9999.0 -9999.0 -9999.0 -9999.0 -9999.0 -9999.0 -9999.0 -9999.0 -9999.0 -9999.0 -9999.0
nan nan nan nan nan nan nan nan nan nan nan nan nan nan nan nan nan nan nan nan nan nan nan nan nan nan nan nan nan nan nan nan 7.9 18.6 19.1 19.4 nan nan nan 11.4 7.9 7.7 nan nan 17.5 17.6 17.4 17.3 17.1 16.9 16.8 16.6 16.7 16.9 17.4 18.0 18.4 17.3 -9999.0 -9999.0 -9999.0 -9999.0 -9999.0 -9999.0 -9999.0 -9999.0 -9999.0 -9999.0 -9999.0 -9999.0 -9999.0 -9999.0 -9999.0 -9999.0 -9999.0 -9999.0 -9999.0 -9999.0 -9999.0 -9999.0 -9999.0 -9999.0 nan nan nan -9999.0 -9999.0 -9999.0 -9999.0 -9999.0
nan nan nan nan nan nan nan nan nan nan nan nan nan nan nan nan nan nan nan nan nan nan nan nan nan nan nan nan nan nan nan nan 18.0 18.4 18.9 19.3 nan nan nan nan 9.1 7.5 13.9 nan 16.3 17.5 17.5 17.4 17.3 17.2 17.1 17.0 17.0 17.2 17.6 18.1 18.8 18.7 -9999.0 -9999.0 -9999.0 -9999.0 -9999.0 -9999.0 -9999.0 -9999.0 -9999.0 -9999.0 -9999.0 -9999.0 -9999.0 -9999.0 -9999.0 -9999.0 -9999.0 -9999.0 -9999.0 -9999.0 -9999.0 -9999.0 nan nan nan nan nan nan nan nan -9999.0 -9999.0
nan nan nan nan nan nan nan nan nan nan nan nan nan nan nan nan nan nan nan nan nan nan nan nan nan nan nan nan nan nan nan nan nan 18.6 19.1 19.4 nan nan nan nan 12.3 8.6 10.8 10.4 nan 17.9 17.9 17.8 17.7 17.6 17.5 17.5 17.4 17.5 17.8 18.2 18.8 19.0 -9999.0 -9999.0 -9999.0 -9999.0 -9999.0 -9999.0 -9999.0 -9999.0 -9999.0 -9999.0 -9999.0 nan nan nan nan nan nan nan nan nan nan nan nan nan nan nan nan nan nan nan nan nan
nan nan nan nan nan nan nan nan nan nan nan nan nan nan nan nan nan nan nan nan nan nan nan nan nan nan nan nan nan nan nan nan nan 18.9 19.3 19.5 19.5 nan nan nan 17.1 9.7 10.2 16.3 nan nan 17.6 18.0 17.9 17.9 17.9 17.9 17.8 17.8 18.0 18.3 18.8 19.5 -9999.0 -9999.0 -9999.0 -9999.0 -9999.0 -9999.0 -9999.0 -9999.0 -9999.0 -9999.0 nan nan nan nan nan nan nan nan nan nan nan nan nan nan nan nan nan nan nan nan nan nan
