data/output/RUN203/ECOSPACE/ECOSPACE_in_PAR3/PAR-VarZ-VarK/PAR-VarZ-VarK_2015_08.asc
ncols        93
nrows        151 
xllcorner    -123.80739
yllcorner    48.29471 
cellsize     0.013497347 
NODATA_value  0.0
[rows 80 to 119 of 151, columns 0 to 89 of 93]
nan nan nan nan nan nan nan nan nan nan nan nan nan nan nan nan nan nan nan nan nan nan nan 34.6 33.9 34.9 36.6 36.9 36.5 36.2 35.8 35.3 34.7 34.1 33.6 33.2 32.8 32.5 32.2 32.0 31.7 31.3 30.7 30.0 29.3 28.6 27.9 27.2 26.4 25.5 24.6 23.6 22.7 21.9 nan nan nan nan nan nan nan nan nan nan nan nan 17.0 17.3 17.4 17.5 nan 17.1 17.0 17.0 16.9 17.0 16.8 16.5 16.4 16.6 17.1 17.2 17.0 nan nan nan nan nan nan nan
nan nan nan nan nan nan nan nan nan nan nan nan nan nan nan nan nan nan nan nan nan nan nan nan nan nan 36.7 36.7 36.5 36.2 35.8 35.4 34.9 34.3 33.7 33.2 32.8 32.5 32.2 32.0 31.8 31.4 30.9 30.3 29.6 29.0 28.4 27.8 27.1 26.3 25.3 24.3 23.3 22.4 21.3 nan nan nan nan nan nan nan nan nan nan nan 17.5 17.5 nan nan nan nan nan 17.1 17.2 17.2 nan 16.6 16.7 17.1 17.5 17.7 nan nan nan nan nan nan nan nan
nan nan nan nan nan nan nan nan nan nan nan nan nan nan nan nan nan nan nan nan nan nan nan nan nan nan nan 36.4 36.2 36.0 35.8 35.4 35.0 34.5 33.9 33.3 32.8 32.5 32.2 32.0 31.8 31.4 30.9 30.4 29.9 29.4 28.9 28.3 27.7 27.0 26.1 25.1 24.0 22.9 21.9 21.1 nan nan nan nan nan nan nan nan nan 17.5 18.1 nan nan nan nan nan nan 17.2 17.2 17.2 nan 16.9 17.3 17.6 17.9 nan nan nan nan nan nan nan nan nan
nan nan nan nan nan nan nan nan nan nan nan nan nan nan nan nan nan nan nan nan nan nan nan nan nan nan nan nan 34.2 35.7 35.8 35.5 35.0 34.6 34.0 33.4 32.8 32.5 32.2 32.0 31.7 31.4 30.9 30.4 30.0 29.6 29.2 28.7 28.2 27.6 26.9 25.9 24.8 23.6 22.6 21.8 21.2 nan nan nan nan nan nan nan nan 17.6 18.0 nan nan nan nan nan nan 17.2 17.3 17.4 17.8 18.1 18.0 17.9 nan nan nan nan nan nan nan nan nan nan
nan nan nan nan nan nan nan nan nan nan nan nan nan nan nan nan nan nan nan nan nan nan nan nan nan nan nan nan nan 15.2 35.8 35.5 35.0 34.5 34.1 33.4 32.9 32.5 32.2 31.9 31.6 31.3 30.9 30.5 30.1 29.9 29.5 29.1 28.7 28.2 27.5 26.7 25.7 24.6 23.5 22.6 21.9 21.3 nan nan nan nan nan nan 17.7 17.9 18.2 nan 18.5 18.5 18.5 nan nan 17.3 17.6 17.8 18.2 18.8 nan nan nan nan nan nan nan nan nan nan nan nan
nan nan nan nan nan nan nan nan nan nan nan nan nan nan nan nan nan nan nan nan nan nan nan nan nan nan nan nan nan nan 15.9 35.4 35.0 34.5 34.1 33.5 33.0 32.5 32.1 31.8 31.5 31.2 30.8 30.5 30.2 30.0 29.7 29.4 29.0 28.6 28.1 27.4 26.5 25.5 24.6 23.6 22.9 22.2 nan nan nan nan nan 17.9 18.1 18.3 18.5 18.6 18.5 18.5 18.5 11.4 nan 17.5 17.9 18.2 18.5 18.8 nan nan nan nan nan nan nan nan nan nan nan nan
nan nan nan nan nan nan nan nan nan nan nan nan nan nan nan nan nan nan nan nan nan nan nan nan nan nan nan nan nan nan nan 33.1 34.8 34.4 34.0 33.5 33.0 32.5 32.0 31.7 31.4 31.2 30.8 30.6 30.4 30.2 29.9 29.6 29.2 29.0 28.7 28.1 27.4 26.5 25.6 24.7 23.9 23.0 21.7 nan nan 18.6 18.9 18.9 18.7 18.8 18.9 18.9 18.9 18.8 18.8 nan nan 17.9 18.2 18.6 18.9 18.9 nan nan nan nan nan nan nan nan nan nan nan nan
nan nan nan nan nan nan nan nan nan nan nan nan nan nan nan nan nan nan nan nan nan nan nan nan nan nan nan nan nan nan nan nan 34.6 34.0 33.7 33.4 33.0 32.5 32.0 31.7 31.4 31.1 30.9 30.6 30.4 30.3 30.0 29.7 29.5 29.4 29.2 28.8 28.2 27.5 26.7 25.7 24.7 23.7 22.7 21.1 20.3 20.1 20.0 nan 19.3 19.5 19.8 19.9 19.8 19.7 19.5 19.1 18.9 18.8 18.7 18.9 19.0 nan nan nan nan nan nan nan nan nan nan nan nan nan
nan nan nan nan nan nan nan nan nan nan nan nan nan nan nan nan nan nan nan nan nan nan nan nan nan nan nan nan nan nan 33.7 34.0 34.1 33.6 33.2 33.0 32.8 32.5 32.0 31.7 31.4 31.2 31.0 30.8 30.6 30.4 30.1 29.9 29.8 29.7 29.7 29.4 29.0 28.5 27.7 26.8 25.8 24.7 23.6 22.5 21.8 21.1 20.9 20.9 20.6 20.6 21.0 21.1 21.0 20.9 20.5 19.8 19.5 19.2 19.1 19.2 19.1 nan nan nan nan nan nan nan nan nan nan nan nan nan
nan nan nan nan nan nan nan nan nan nan nan nan nan nan nan nan nan nan nan nan nan nan nan nan nan nan nan nan nan nan nan nan 33.3 32.9 32.7 32.8 32.7 32.5 32.1 31.8 31.4 31.2 31.0 30.8 30.6 30.4 30.2 30.0 29.9 29.9 29.9 29.8 29.5 29.1 28.5 27.9 27.1 26.2 25.2 24.2 23.3 22.6 22.3 22.1 21.7 21.4 21.6 nan nan nan 20.8 20.4 19.9 19.5 19.4 19.3 nan nan nan nan nan nan nan nan nan nan nan nan nan nan
nan nan nan nan nan nan nan nan nan nan nan nan nan nan nan nan nan nan nan nan nan nan nan nan nan nan nan nan nan nan 16.5 15.0 32.5 32.4 32.3 32.4 32.5 32.5 32.3 31.9 31.6 31.3 31.0 30.9 30.7 30.5 30.4 30.2 30.0 30.0 30.0 30.0 30.0 29.7 29.3 28.9 28.3 27.5 26.7 25.8 24.8 24.1 23.5 23.1 nan nan nan nan nan nan nan 20.9 20.1 19.6 19.4 19.3 nan nan nan nan nan nan nan nan nan nan nan nan nan nan
nan nan nan nan nan nan nan nan nan nan nan nan nan nan nan nan nan nan nan nan nan nan nan nan nan nan nan nan nan nan 16.1 31.3 31.9 31.8 31.6 17.2 32.1 32.3 32.1 31.9 31.6 31.4 31.1 30.9 30.8 30.6 30.4 30.3 30.1 30.1 30.1 30.1 30.1 30.1 29.9 29.6 29.2 28.5 27.8 27.0 26.0 25.2 24.5 nan nan nan nan nan nan 20.4 20.5 20.6 20.0 19.6 19.4 nan nan nan nan nan nan nan nan nan nan nan nan nan nan nan
nan nan nan nan nan nan nan nan nan nan nan nan nan nan nan nan nan nan nan nan nan nan nan nan nan nan nan nan nan nan 16.5 30.0 31.5 31.6 nan nan nan 31.5 31.8 31.8 31.7 31.5 31.3 31.1 30.9 30.7 30.5 30.4 30.2 30.2 30.2 30.2 30.2 30.3 30.3 30.2 30.0 29.5 28.8 28.0 27.0 26.1 25.5 nan nan nan nan nan 20.8 20.6 20.3 20.1 19.7 19.4 nan nan nan nan nan nan nan nan nan nan nan nan nan nan nan nan
nan nan nan nan nan nan nan nan nan nan nan nan nan nan nan nan nan nan nan nan nan nan nan nan nan nan nan nan nan nan 16.4 15.1 31.4 31.6 nan nan nan 29.3 31.2 31.5 31.5 31.5 31.4 31.2 31.0 30.8 30.6 30.4 30.3 30.2 30.2 30.2 30.3 30.5 30.6 30.6 30.5 30.1 29.6 28.9 27.9 26.9 25.9 23.9 22.9 nan 21.1 21.1 21.0 20.6 20.2 19.8 nan nan nan nan nan nan nan nan nan nan nan nan nan nan nan nan nan nan
nan nan nan nan nan nan nan nan nan nan nan nan nan nan nan nan nan nan nan nan nan nan nan nan nan nan nan nan nan nan nan nan 31.4 27.2 nan nan nan nan 30.3 30.9 31.3 31.4 31.4 31.3 31.1 30.9 30.6 30.5 30.3 30.3 30.2 30.3 30.4 30.6 30.8 30.9 30.9 30.7 30.4 29.9 28.9 27.7 26.5 25.3 24.2 23.0 22.2 21.5 21.0 20.4 19.8 nan nan nan nan nan nan nan nan nan nan nan nan nan nan nan nan nan nan nan
nan nan nan nan nan nan nan nan nan nan nan nan nan nan nan nan nan nan nan nan nan nan nan nan nan nan nan nan nan nan nan nan nan 26.0 13.6 nan nan nan 15.2 30.8 31.1 31.4 31.4 31.4 31.2 30.9 30.7 30.4 30.3 30.3 30.3 30.4 30.6 30.7 30.9 31.1 31.2 31.1 30.9 30.4 29.8 28.9 27.7 26.5 25.3 24.0 22.9 22.0 21.2 20.5 19.6 nan nan nan nan nan nan nan nan nan nan nan nan nan nan nan nan nan nan nan
nan nan nan nan nan nan nan nan nan nan nan nan nan nan nan nan nan nan nan nan nan nan nan nan nan nan nan nan nan nan nan nan nan nan 14.1 26.3 nan nan nan nan 31.1 31.7 31.7 31.6 31.4 31.1 30.7 30.5 30.4 30.3 30.4 30.5 30.7 30.9 31.1 31.2 31.4 31.5 31.3 31.1 30.6 29.7 28.7 27.4 26.1 24.7 23.5 22.4 21.4 20.5 19.8 19.3 nan nan nan nan nan nan nan nan nan nan nan nan nan nan nan nan nan nan
nan nan nan nan nan nan nan nan nan nan nan nan nan nan nan nan nan nan nan nan nan nan nan nan nan nan nan nan nan nan nan nan nan nan nan 20.0 16.7 nan nan nan nan 30.6 31.9 31.7 31.5 31.1 30.8 30.6 30.5 30.4 30.5 30.6 30.8 31.0 31.1 31.3 31.6 31.7 31.7 31.5 31.0 30.4 29.4 28.1 26.7 25.2 23.9 22.6 21.6 20.7 20.0 19.6 19.4 11.4 nan nan nan nan nan nan nan nan nan nan nan nan nan nan nan nan
nan nan nan nan nan nan nan nan nan nan nan nan nan nan nan nan nan nan nan nan nan nan nan nan nan nan nan nan nan nan nan nan nan nan 17.0 21.9 29.6 29.6 nan 16.7 nan 28.1 31.5 31.6 31.6 31.3 31.0 30.7 30.6 30.5 30.5 30.7 30.8 31.0 31.2 31.4 31.7 31.8 31.9 31.9 31.6 30.9 29.8 28.5 26.9 25.2 24.0 23.0 22.0 20.9 20.1 19.8 19.5 19.3 nan nan nan nan nan nan nan nan nan nan nan nan nan nan nan nan
nan nan nan nan nan nan nan nan nan nan nan nan nan nan nan nan nan nan nan nan nan nan nan nan nan nan nan nan nan nan nan nan nan nan 29.4 29.6 29.9 29.1 20.0 26.2 28.0 26.4 31.5 31.6 31.6 31.5 31.2 31.0 30.8 30.6 30.7 30.8 31.0 31.1 31.3 31.5 31.8 31.9 32.0 32.2 31.9 31.1 30.1 28.6 26.8 24.9 23.5 23.2 22.5 21.4 20.3 20.0 19.7 19.5 19.6 nan nan nan nan nan nan nan nan nan nan nan nan nan nan nan
nan nan nan nan nan nan nan nan nan nan nan nan nan nan nan nan nan nan nan nan nan nan nan nan nan nan nan nan nan nan nan nan nan nan 29.2 29.4 29.6 29.5 28.7 nan 28.1 29.5 31.5 31.8 31.7 31.6 31.4 31.1 30.9 30.8 30.9 31.0 31.1 31.2 31.4 31.6 31.8 32.0 32.2 32.3 32.0 31.1 -9999.0 -9999.0 -9999.0 -9999.0 -9999.0 -9999.0 -9999.0 12.5 20.5 20.1 19.9 19.5 19.5 nan nan nan nan nan nan nan nan nan nan nan nan nan nan -9999.0
nan nan nan nan nan nan nan nan nan nan nan nan nan nan nan nan nan nan nan nan nan nan nan nan nan nan nan nan nan nan nan nan nan nan 28.8 28.9 29.0 29.0 29.0 nan nan 30.7 31.5 31.8 31.8 31.7 31.5 31.2 31.0 30.9 30.9 30.9 31.0 31.1 31.3 31.5 31.8 32.1 32.3 32.3 31.7 -9999.0 -9999.0 -9999.0 -9999.0 -9999.0 -9999.0 -9999.0 -9999.0 nan 14.3 20.1 19.8 18.8 nan nan nan nan nan nan nan nan nan nan nan nan nan nan nan -9999.0
nan nan nan nan nan nan nan nan nan nan nan nan nan nan nan nan nan nan nan nan nan nan nan nan nan nan nan nan nan nan nan nan nan nan 28.4 28.3 28.5 28.7 29.1 nan 25.4 28.3 31.3 31.6 31.7 31.6 31.5 31.3 31.1 30.9 30.9 30.8 30.9 31.0 31.2 31.4 31.8 32.0 32.3 32.0 31.4 -9999.0 -9999.0 -9999.0 -9999.0 -9999.0 -9999.0 -9999.0 -9999.0 -9999.0 -9999.0 nan 12.0 12.0 nan nan nan nan nan nan nan nan nan nan nan nan nan nan nan -9999.0
nan nan nan nan nan nan nan nan nan nan nan nan nan nan nan nan nan nan nan nan nan nan nan nan nan nan nan nan nan nan nan nan nan nan 27.9 28.0 28.5 28.6 26.7 18.6 27.0 24.7 30.6 31.1 31.4 31.4 31.3 31.1 31.0 30.8 30.7 30.7 30.8 31.0 31.2 31.6 31.9 32.1 32.3 31.8 -9999.0 -9999.0 -9999.0 -9999.0 -9999.0 -9999.0 -9999.0 -9999.0 -9999.0 -9999.0 -9999.0 nan nan nan nan nan nan nan nan nan nan nan nan nan nan nan nan nan nan -9999.0
nan nan nan nan nan nan nan nan nan nan nan nan nan nan nan nan nan nan nan nan nan nan nan nan nan nan nan nan nan nan nan nan 25.8 26.4 27.5 28.2 29.0 29.7 29.9 29.3 nan 30.0 30.4 30.8 31.0 31.1 31.0 30.9 30.8 30.8 30.7 30.7 30.8 31.0 31.2 31.6 31.9 32.2 32.1 -9999.0 -9999.0 -9999.0 -9999.0 -9999.0 -9999.0 -9999.0 -9999.0 -9999.0 -9999.0 -9999.0 -9999.0 -9999.0 nan nan nan nan nan nan nan nan nan nan nan nan nan nan nan nan nan -9999.0
nan nan nan nan nan nan nan nan nan nan nan nan nan nan nan nan nan nan nan nan nan nan nan nan nan nan nan nan nan 16.4 nan nan 27.6 27.8 27.8 28.4 29.4 30.1 30.7 nan nan 29.6 30.1 30.5 30.7 30.9 30.9 30.8 30.8 30.8 30.7 30.8 31.0 31.1 31.3 31.7 32.0 32.0 31.9 -9999.0 -9999.0 -9999.0 -9999.0 -9999.0 -9999.0 -9999.0 -9999.0 -9999.0 -9999.0 -9999.0 -9999.0 -9999.0 -9999.0 -9999.0 nan nan nan nan nan nan nan nan nan nan nan nan nan nan nan -9999.0
nan nan nan nan nan nan nan nan nan nan nan nan nan nan nan nan nan nan nan nan nan nan nan nan nan nan nan nan nan 14.1 14.1 nan 27.8 28.2 26.6 25.5 28.5 29.9 30.2 29.2 nan 29.4 30.0 30.5 30.7 30.8 30.9 30.8 30.8 30.9 30.9 31.0 31.1 31.2 31.4 31.7 31.9 31.8 -9999.0 -9999.0 -9999.0 -9999.0 -9999.0 -9999.0 -9999.0 -9999.0 -9999.0 -9999.0 -9999.0 -9999.0 -9999.0 -9999.0 -9999.0 -9999.0 -9999.0 nan nan nan nan nan nan nan nan nan nan nan nan nan nan -9999.0
nan nan nan nan nan nan nan nan nan nan nan nan nan nan nan nan nan nan nan nan nan nan nan nan nan nan nan nan nan 14.9 27.4 27.7 28.1 28.6 29.1 nan 15.1 29.5 29.8 30.0 nan 28.8 30.2 30.5 30.7 30.8 30.8 30.8 30.9 31.0 31.0 31.1 31.2 31.4 31.6 31.8 32.0 31.8 -9999.0 -9999.0 -9999.0 -9999.0 -9999.0 -9999.0 -9999.0 -9999.0 -9999.0 -9999.0 -9999.0 -9999.0 -9999.0 -9999.0 -9999.0 -9999.0 -9999.0 -9999.0 nan nan nan nan nan nan nan nan nan nan nan nan nan -9999.0
nan nan nan nan nan nan nan nan nan nan nan nan nan nan nan nan nan nan nan nan nan nan nan nan nan nan nan nan nan nan 26.9 27.5 28.2 28.9 27.9 nan nan 29.1 29.5 30.2 nan 26.4 28.4 30.2 30.5 30.6 30.7 30.7 30.8 30.9 31.1 31.2 31.2 31.4 31.7 31.9 31.9 31.8 -9999.0 -9999.0 -9999.0 -9999.0 -9999.0 -9999.0 -9999.0 -9999.0 -9999.0 -9999.0 -9999.0 -9999.0 -9999.0 -9999.0 -9999.0 -9999.0 -9999.0 -9999.0 -9999.0 nan nan nan nan nan nan nan nan nan nan nan nan -9999.0
nan nan nan nan nan nan nan nan nan nan nan nan nan nan nan nan nan nan nan nan nan nan nan nan nan nan nan nan nan nan 24.6 27.5 28.2 28.9 26.3 nan 16.8 23.4 26.8 16.2 24.3 20.3 23.9 29.5 30.2 30.4 30.5 30.6 30.7 30.8 31.0 31.1 31.3 31.6 32.0 32.2 32.0 31.8 -9999.0 -9999.0 -9999.0 -9999.0 -9999.0 -9999.0 -9999.0 -9999.0 -9999.0 -9999.0 -9999.0 -9999.0 -9999.0 -9999.0 -9999.0 -9999.0 -9999.0 -9999.0 -9999.0 -9999.0 nan nan nan nan nan nan nan nan nan nan nan -9999.0
nan nan nan nan nan nan nan nan nan nan nan nan nan nan nan nan nan nan nan nan nan nan nan nan nan nan nan nan nan nan 24.8 27.2 28.1 28.7 28.0 16.7 nan 26.3 22.2 16.0 20.8 nan 29.4 30.0 30.0 30.2 30.3 30.4 30.5 30.6 30.9 31.0 31.3 31.8 32.2 32.1 31.7 28.5 -9999.0 -9999.0 -9999.0 -9999.0 -9999.0 -9999.0 -9999.0 -9999.0 -9999.0 -9999.0 -9999.0 -9999.0 -9999.0 -9999.0 -9999.0 -9999.0 -9999.0 -9999.0 -9999.0 -9999.0 -9999.0 -9999.0 nan nan nan nan nan nan nan nan nan -9999.0
nan nan nan nan nan nan nan nan nan nan nan nan nan nan nan nan nan nan nan nan nan nan nan nan nan nan nan nan nan nan nan 27.3 27.9 28.5 29.1 nan nan 20.6 20.7 18.8 nan nan 29.4 29.8 29.8 29.9 30.1 30.2 30.3 30.5 30.8 31.0 31.4 31.9 32.4 32.7 31.7 29.9 -9999.0 -9999.0 -9999.0 -9999.0 -9999.0 -9999.0 -9999.0 -9999.0 -9999.0 -9999.0 -9999.0 nan nan nan -9999.0 -9999.0 -9999.0 -9999.0 -9999.0 -9999.0 -9999.0 -9999.0 -9999.0 -9999.0 -9999.0 -9999.0 -9999.0 nan nan nan -9999.0 -9999.0
nan nan nan nan nan nan nan nan nan nan nan nan nan nan nan nan nan nan nan nan nan nan nan nan nan nan nan nan nan nan nan 26.4 27.7 28.4 29.2 nan 15.6 18.6 26.5 16.9 nan nan 29.3 29.5 29.7 29.7 29.8 30.0 30.2 30.5 30.7 31.0 31.5 32.1 32.8 33.5 33.4 30.5 -9999.0 -9999.0 -9999.0 -9999.0 -9999.0 -9999.0 -9999.0 -9999.0 -9999.0 -9999.0 -9999.0 nan nan nan nan nan -9999.0 -9999.0 -9999.0 -9999.0 -9999.0 -9999.0 -9999.0 -9999.0 -9999.0 -9999.0 -9999.0 -9999.0 -9999.0 -9999.0 -9999.0 -9999.0
nan nan nan nan nan nan nan nan nan nan nan nan nan nan nan nan nan nan nan nan nan nan nan nan nan nan nan nan nan nan nan 16.5 27.6 28.3 29.2 29.7 27.3 21.6 17.0 13.8 17.0 nan 29.1 29.4 29.5 29.5 29.6 29.8 30.1 30.4 30.7 31.0 31.6 32.4 33.4 34.3 34.6 31.2 -9999.0 -9999.0 -9999.0 -9999.0 -9999.0 -9999.0 -9999.0 -9999.0 -9999.0 -9999.0 -9999.0 -9999.0 -9999.0 -9999.0 -9999.0 -9999.0 -9999.0 -9999.0 -9999.0 -9999.0 -9999.0 -9999.0 -9999.0 -9999.0 -9999.0 -9999.0 -9999.0 -9999.0 -9999.0 -9999.0 -9999.0 -9999.0
nan nan nan nan nan nan nan nan nan nan nan nan nan nan nan nan nan nan nan nan nan nan nan nan nan nan nan nan nan nan nan 16.5 27.2 28.3 29.3 29.7 29.9 nan 18.5 21.6 13.8 nan 28.8 29.2 29.5 29.5 29.6 29.8 30.0 30.3 30.6 31.0 31.7 32.7 33.9 34.8 35.3 31.3 -9999.0 -9999.0 -9999.0 -9999.0 -9999.0 -9999.0 -9999.0 -9999.0 -9999.0 -9999.0 -9999.0 -9999.0 -9999.0 -9999.0 -9999.0 -9999.0 -9999.0 -9999.0 -9999.0 -9999.0 -9999.0 -9999.0 -9999.0 -9999.0 -9999.0 -9999.0 -9999.0 -9999.0 -9999.0 -9999.0 -9999.0 -9999.0
nan nan nan nan nan nan nan nan nan nan nan nan nan nan nan nan nan nan nan nan nan nan nan nan nan nan nan nan nan nan nan 16.5 25.5 27.7 29.0 29.6 29.7 nan nan 19.6 16.8 nan nan 29.2 29.4 29.5 29.7 29.8 30.0 30.3 30.6 31.1 31.8 32.9 34.2 35.4 36.1 29.6 -9999.0 -9999.0 -9999.0 -9999.0 -9999.0 -9999.0 -9999.0 -9999.0 -9999.0 -9999.0 -9999.0 -9999.0 -9999.0 -9999.0 -9999.0 -9999.0 -9999.0 -9999.0 -9999.0 -9999.0 -9999.0 -9999.0 -9999.0 -9999.0 -9999.0 -9999.0 -9999.0 -9999.0 -9999.0 -9999.0 -9999.0 -9999.0
nan nan nan nan nan nan nan nan nan nan nan nan nan nan nan nan nan nan nan nan nan nan nan nan nan nan nan nan nan nan nan nan 15.8 28.2 28.9 29.5 nan nan nan 21.7 16.0 18.9 nan nan 29.0 29.3 29.5 29.6 30.0 30.3 30.6 31.1 31.9 33.0 34.4 35.9 36.3 35.3 -9999.0 -9999.0 -9999.0 -9999.0 -9999.0 -9999.0 -9999.0 -9999.0 -9999.0 -9999.0 -9999.0 -9999.0 -9999.0 -9999.0 -9999.0 -9999.0 -9999.0 -9999.0 -9999.0 -9999.0 -9999.0 -9999.0 -9999.0 -9999.0 nan nan nan -9999.0 -9999.0 -9999.0 -9999.0 -9999.0
nan nan nan nan nan nan nan nan nan nan nan nan nan nan nan nan nan nan nan nan nan nan nan nan nan nan nan nan nan nan nan nan 27.7 28.1 28.7 29.4 nan nan nan nan 18.0 18.1 29.1 nan 28.2 29.1 29.4 29.7 30.0 30.2 30.6 31.1 32.0 33.1 34.5 36.0 36.7 36.1 -9999.0 -9999.0 -9999.0 -9999.0 -9999.0 -9999.0 -9999.0 -9999.0 -9999.0 -9999.0 -9999.0 -9999.0 -9999.0 -9999.0 -9999.0 -9999.0 -9999.0 -9999.0 -9999.0 -9999.0 -9999.0 -9999.0 nan nan nan nan nan nan nan nan -9999.0 -9999.0
nan nan nan nan nan nan nan nan nan nan nan nan nan nan nan nan nan nan nan nan nan nan nan nan nan nan nan nan nan nan nan nan nan 28.2 28.9 29.7 nan nan nan nan 23.1 20.7 25.6 19.8 nan 29.1 29.6 29.8 30.0 30.2 30.6 31.2 32.0 33.0 34.4 36.0 36.8 37.0 -9999.0 -9999.0 -9999.0 -9999.0 -9999.0 -9999.0 -9999.0 -9999.0 -9999.0 -9999.0 -9999.0 nan nan nan nan nan nan nan nan nan nan nan nan nan nan nan nan nan nan nan nan nan
nan nan nan nan nan nan nan nan nan nan nan nan nan nan nan nan nan nan nan nan nan nan nan nan nan nan nan nan nan nan nan nan nan 28.4 28.9 30.1 30.1 nan nan nan 29.6 21.0 24.1 29.9 nan nan 29.3 29.5 29.8 30.1 30.5 31.1 31.7 32.9 34.3 35.9 37.0 37.9 -9999.0 -9999.0 -9999.0 -9999.0 -9999.0 -9999.0 -9999.0 -9999.0 -9999.0 -9999.0 nan nan nan nan nan nan nan nan nan nan nan nan nan nan nan nan nan nan nan nan nan nan
