data/output/RUN203/ECOSPACE/ECOSPACE_in_PAR3/PAR-VarZ-VarK/PAR-VarZ-VarK_2006_03.asc
ncols        93
nrows        151 
xllcorner    -123.80739
yllcorner    48.29471 
cellsize     0.013497347 
NODATA_value  0.0
[rows 80 to 119 of 151, columns 0 to 89 of 93]
nan nan nan nan nan nan nan nan nan nan nan nan nan nan nan nan nan nan nan nan nan nan nan 22.8 22.1 23.9 25.1 25.8 25.1 24.1 23.2 22.5 21.9 21.4 20.6 20.0 19.5 19.1 18.9 18.7 18.4 18.2 18.1 18.0 17.9 17.7 17.4 17.5 17.3 17.4 16.4 15.6 14.2 13.4 nan nan nan nan nan nan nan nan nan nan nan nan 11.1 11.4 11.5 11.5 nan 11.3 11.3 11.4 11.4 11.6 11.6 11.4 11.4 11.6 11.9 12.0 12.1 nan nan nan nan nan nan nan
nan nan nan nan nan nan nan nan nan nan nan nan nan nan nan nan nan nan nan nan nan nan nan nan nan nan 26.5 26.4 25.9 25.1 24.4 23.4 22.6 21.9 21.0 20.4 19.9 19.5 19.1 18.9 18.6 18.2 18.1 17.9 17.8 17.7 17.4 17.5 17.4 17.4 16.9 15.9 14.9 13.8 13.1 nan nan nan nan nan nan nan nan nan nan nan 11.4 11.5 nan nan nan nan nan 11.4 11.6 11.7 nan 11.6 11.7 12.0 12.3 12.6 nan nan nan nan nan nan nan nan
nan nan nan nan nan nan nan nan nan nan nan nan nan nan nan nan nan nan nan nan nan nan nan nan nan nan nan 26.7 26.1 26.1 25.2 24.2 23.3 22.4 21.5 20.8 20.2 19.8 19.4 19.0 18.6 18.3 18.0 17.8 17.5 17.5 17.4 17.4 17.1 17.1 16.9 16.4 15.6 14.6 13.6 12.9 nan nan nan nan nan nan nan nan nan 11.3 11.6 nan nan nan nan nan nan 11.4 11.6 11.8 nan 11.8 12.1 12.4 12.6 nan nan nan nan nan nan nan nan nan
nan nan nan nan nan nan nan nan nan nan nan nan nan nan nan nan nan nan nan nan nan nan nan nan nan nan nan nan 25.6 26.1 26.2 25.1 24.1 23.2 22.1 21.3 20.7 20.1 19.5 19.1 18.7 18.3 17.9 17.7 17.5 17.3 17.3 17.2 17.2 17.3 17.0 16.6 15.9 15.1 14.3 13.4 12.9 nan nan nan nan nan nan nan nan 11.4 11.6 nan nan nan nan nan nan 11.5 11.7 12.0 12.4 12.7 12.7 12.6 nan nan nan nan nan nan nan nan nan nan
nan nan nan nan nan nan nan nan nan nan nan nan nan nan nan nan nan nan nan nan nan nan nan nan nan nan nan nan nan 9.1 26.7 26.2 25.2 24.1 23.0 21.9 21.2 20.5 19.7 19.2 18.8 18.3 17.9 17.7 17.6 17.4 17.1 17.2 17.4 17.3 17.1 16.7 16.2 15.5 14.8 14.0 13.3 12.9 nan nan nan nan nan nan 11.5 11.6 11.7 nan 11.8 11.8 11.9 nan nan 11.6 11.9 12.3 12.7 13.2 nan nan nan nan nan nan nan nan nan nan nan nan
nan nan nan nan nan nan nan nan nan nan nan nan nan nan nan nan nan nan nan nan nan nan nan nan nan nan nan nan nan nan 9.8 26.2 25.8 24.7 23.6 22.5 21.7 20.8 20.0 19.4 18.8 18.4 18.0 17.7 17.5 17.4 17.2 17.3 17.4 17.3 17.1 16.7 16.2 15.7 15.1 14.5 13.9 13.3 nan nan nan nan nan 11.6 11.8 12.0 12.0 12.0 12.0 12.0 11.9 6.9 nan 11.7 12.1 12.6 13.0 13.2 nan nan nan nan nan nan nan nan nan nan nan nan
nan nan nan nan nan nan nan nan nan nan nan nan nan nan nan nan nan nan nan nan nan nan nan nan nan nan nan nan nan nan nan 25.5 25.4 25.2 24.2 23.1 22.1 21.1 20.3 19.5 18.9 18.4 18.0 17.6 17.4 17.3 17.4 17.4 17.3 17.2 16.9 16.7 16.4 16.0 15.6 15.0 14.4 13.7 13.1 nan nan 11.9 12.3 12.3 12.3 12.5 12.5 12.4 12.3 12.2 12.1 nan nan 12.0 12.4 12.9 13.2 13.3 nan nan nan nan nan nan nan nan nan nan nan nan
nan nan nan nan nan nan nan nan nan nan nan nan nan nan nan nan nan nan nan nan nan nan nan nan nan nan nan nan nan nan nan nan 26.4 25.5 24.5 23.5 22.5 21.4 20.6 19.7 19.0 18.4 18.0 17.6 17.4 17.4 17.4 17.3 17.2 17.1 16.9 16.8 16.6 16.3 16.0 15.5 14.8 14.2 13.7 13.1 12.9 12.8 12.9 nan 12.7 12.9 13.0 13.0 12.8 12.6 12.4 12.2 12.3 12.5 12.7 13.1 13.3 nan nan nan nan nan nan nan nan nan nan nan nan nan
nan nan nan nan nan nan nan nan nan nan nan nan nan nan nan nan nan nan nan nan nan nan nan nan nan nan nan nan nan nan 27.0 27.0 26.3 25.5 24.7 23.9 22.9 21.9 20.8 19.9 19.1 18.5 18.0 17.8 17.6 17.5 17.4 17.4 17.3 17.2 17.1 17.1 16.9 16.6 16.3 16.0 15.5 15.0 14.5 14.1 13.9 13.6 13.4 13.4 13.3 13.5 13.6 13.6 13.4 13.3 12.9 12.7 12.7 12.9 13.1 13.4 13.4 nan nan nan nan nan nan nan nan nan nan nan nan nan
nan nan nan nan nan nan nan nan nan nan nan nan nan nan nan nan nan nan nan nan nan nan nan nan nan nan nan nan nan nan nan nan 26.3 25.6 25.0 24.4 23.4 22.3 21.2 20.3 19.4 18.7 18.2 18.0 17.8 17.6 17.5 17.5 17.4 17.4 17.4 17.3 17.1 16.9 16.7 16.4 16.0 15.7 15.3 14.9 14.6 14.2 14.0 13.9 13.8 13.8 13.9 nan nan nan 13.2 13.0 13.1 13.1 13.3 13.4 nan nan nan nan nan nan nan nan nan nan nan nan nan nan
nan nan nan nan nan nan nan nan nan nan nan nan nan nan nan nan nan nan nan nan nan nan nan nan nan nan nan nan nan nan 9.3 8.6 25.8 25.5 25.3 24.9 24.2 22.9 21.7 20.6 19.7 18.9 18.4 18.1 17.9 17.8 17.7 17.7 17.6 17.6 17.6 17.5 17.4 17.3 17.1 16.8 16.4 16.1 15.8 15.4 15.0 14.5 14.1 14.0 nan nan nan nan nan nan nan 13.3 13.3 13.4 13.5 13.5 nan nan nan nan nan nan nan nan nan nan nan nan nan nan
nan nan nan nan nan nan nan nan nan nan nan nan nan nan nan nan nan nan nan nan nan nan nan nan nan nan nan nan nan nan 10.0 25.2 25.9 25.9 25.6 11.3 24.6 23.6 22.4 21.2 20.2 19.3 18.7 18.4 18.1 17.9 18.0 18.0 18.0 18.0 17.9 17.9 17.8 17.6 17.5 17.2 16.9 16.5 16.0 15.6 15.1 14.6 14.1 nan nan nan nan nan nan 13.1 13.3 13.4 13.4 13.5 13.6 nan nan nan nan nan nan nan nan nan nan nan nan nan nan nan
nan nan nan nan nan nan nan nan nan nan nan nan nan nan nan nan nan nan nan nan nan nan nan nan nan nan nan nan nan nan 9.3 24.2 25.9 26.1 nan nan nan 23.7 23.1 21.9 20.9 19.9 19.2 18.7 18.4 18.3 18.3 18.3 18.3 18.4 18.3 18.2 18.1 18.0 17.7 17.5 17.2 16.9 16.5 15.9 15.4 14.8 14.3 nan nan nan nan nan 13.3 13.3 13.4 13.6 13.5 13.4 nan nan nan nan nan nan nan nan nan nan nan nan nan nan nan nan
nan nan nan nan nan nan nan nan nan nan nan nan nan nan nan nan nan nan nan nan nan nan nan nan nan nan nan nan nan nan 9.2 9.4 25.6 25.9 nan nan nan 22.5 23.5 22.9 21.7 20.6 19.8 19.2 18.8 18.7 18.7 18.7 18.7 18.6 18.6 18.5 18.4 18.2 18.0 17.8 17.5 17.2 16.8 16.3 15.7 15.1 14.4 13.8 13.7 nan 13.3 13.4 13.5 13.5 13.5 13.5 nan nan nan nan nan nan nan nan nan nan nan nan nan nan nan nan nan nan
nan nan nan nan nan nan nan nan nan nan nan nan nan nan nan nan nan nan nan nan nan nan nan nan nan nan nan nan nan nan nan nan 26.1 20.7 nan nan nan nan 22.8 23.2 22.5 21.3 20.4 19.7 19.3 19.2 19.1 19.0 19.0 18.9 18.8 18.7 18.6 18.5 18.3 18.1 17.8 17.5 17.2 16.7 16.1 15.5 14.9 14.4 14.1 13.9 13.7 13.6 13.6 13.4 13.4 nan nan nan nan nan nan nan nan nan nan nan nan nan nan nan nan nan nan nan
nan nan nan nan nan nan nan nan nan nan nan nan nan nan nan nan nan nan nan nan nan nan nan nan nan nan nan nan nan nan nan nan nan 24.2 12.5 nan nan nan 9.0 24.4 23.5 22.2 21.0 20.2 19.8 19.5 19.4 19.3 19.2 19.1 18.9 18.7 18.7 18.7 18.6 18.3 18.1 17.8 17.5 17.1 16.6 15.9 15.4 15.0 14.6 14.2 14.0 13.8 13.6 13.5 13.3 nan nan nan nan nan nan nan nan nan nan nan nan nan nan nan nan nan nan nan
nan nan nan nan nan nan nan nan nan nan nan nan nan nan nan nan nan nan nan nan nan nan nan nan nan nan nan nan nan nan nan nan nan nan 12.5 22.8 nan nan nan nan 24.2 23.2 21.9 20.9 20.2 19.9 19.6 19.5 19.3 19.1 18.9 18.7 18.7 18.7 18.6 18.6 18.4 18.1 17.8 17.5 17.0 16.4 15.9 15.3 14.9 14.4 14.1 13.8 13.6 13.4 13.3 13.3 nan nan nan nan nan nan nan nan nan nan nan nan nan nan nan nan nan nan
nan nan nan nan nan nan nan nan nan nan nan nan nan nan nan nan nan nan nan nan nan nan nan nan nan nan nan nan nan nan nan nan nan nan nan 17.1 9.4 nan nan nan nan 22.5 22.6 21.4 20.7 20.1 19.7 19.5 19.3 19.1 18.9 18.8 18.7 18.7 18.8 18.8 18.6 18.3 18.1 17.8 17.4 16.9 16.3 15.6 15.1 14.6 14.2 13.8 13.6 13.4 13.4 13.4 13.5 7.0 nan nan nan nan nan nan nan nan nan nan nan nan nan nan nan nan
nan nan nan nan nan nan nan nan nan nan nan nan nan nan nan nan nan nan nan nan nan nan nan nan nan nan nan nan nan nan nan nan nan nan 11.0 12.2 21.0 21.6 nan 9.5 nan 21.8 22.6 21.8 20.9 20.4 19.9 19.6 19.4 19.2 19.0 18.9 18.8 18.9 19.0 19.0 18.8 18.6 18.4 18.2 17.8 17.3 16.6 16.0 15.3 14.8 14.3 14.0 13.8 13.6 13.4 13.5 13.6 13.6 nan nan nan nan nan nan nan nan nan nan nan nan nan nan nan nan
nan nan nan nan nan nan nan nan nan nan nan nan nan nan nan nan nan nan nan nan nan nan nan nan nan nan nan nan nan nan nan nan nan nan 22.3 21.2 21.5 19.4 10.5 20.8 21.9 18.2 21.9 22.3 21.5 20.8 20.2 19.8 19.6 19.3 19.2 19.0 19.0 19.1 19.2 19.2 19.1 18.8 18.7 18.5 18.1 17.6 17.0 16.2 15.5 14.9 14.3 14.3 14.2 14.0 13.7 13.7 13.7 13.8 14.1 nan nan nan nan nan nan nan nan nan nan nan nan nan nan nan
nan nan nan nan nan nan nan nan nan nan nan nan nan nan nan nan nan nan nan nan nan nan nan nan nan nan nan nan nan nan nan nan nan nan 22.8 22.6 21.9 21.4 18.6 nan 23.1 21.5 23.2 22.6 21.9 21.1 20.5 20.0 19.8 19.5 19.3 19.2 19.2 19.3 19.4 19.4 19.3 19.1 19.0 18.8 18.4 17.9 -9999.0 -9999.0 -9999.0 -9999.0 -9999.0 -9999.0 -9999.0 7.4 14.1 14.0 13.9 13.9 14.2 nan nan nan nan nan nan nan nan nan nan nan nan nan nan -9999.0
nan nan nan nan nan nan nan nan nan nan nan nan nan nan nan nan nan nan nan nan nan nan nan nan nan nan nan nan nan nan nan nan nan nan 22.9 22.6 22.4 22.3 21.7 nan nan 24.2 23.7 23.1 22.2 21.4 20.7 20.2 19.9 19.6 19.4 19.3 19.3 19.4 19.5 19.6 19.6 19.4 19.4 19.1 18.6 -9999.0 -9999.0 -9999.0 -9999.0 -9999.0 -9999.0 -9999.0 -9999.0 nan 8.4 14.2 14.2 13.8 nan nan nan nan nan nan nan nan nan nan nan nan nan nan nan -9999.0
nan nan nan nan nan nan nan nan nan nan nan nan nan nan nan nan nan nan nan nan nan nan nan nan nan nan nan nan nan nan nan nan nan nan 22.8 22.6 22.5 22.0 20.2 nan 19.8 21.2 23.9 23.3 22.5 21.7 21.0 20.4 20.1 19.8 19.5 19.4 19.4 19.5 19.6 19.7 19.7 19.8 19.7 19.4 18.9 -9999.0 -9999.0 -9999.0 -9999.0 -9999.0 -9999.0 -9999.0 -9999.0 -9999.0 -9999.0 nan 7.3 7.3 nan nan nan nan nan nan nan nan nan nan nan nan nan nan nan -9999.0
nan nan nan nan nan nan nan nan nan nan nan nan nan nan nan nan nan nan nan nan nan nan nan nan nan nan nan nan nan nan nan nan nan nan 22.8 22.7 22.5 18.0 19.3 13.1 21.6 18.9 23.2 23.3 22.6 21.8 21.1 20.6 20.2 19.9 19.7 19.4 19.5 19.6 19.7 19.8 19.9 20.1 20.0 19.6 -9999.0 -9999.0 -9999.0 -9999.0 -9999.0 -9999.0 -9999.0 -9999.0 -9999.0 -9999.0 -9999.0 nan nan nan nan nan nan nan nan nan nan nan nan nan nan nan nan nan nan -9999.0
nan nan nan nan nan nan nan nan nan nan nan nan nan nan nan nan nan nan nan nan nan nan nan nan nan nan nan nan nan nan nan nan 18.4 19.6 20.1 22.5 22.6 22.1 18.4 18.4 nan 24.3 24.1 23.3 22.8 22.0 21.2 20.7 20.3 20.0 19.7 19.6 19.5 19.6 19.7 19.8 20.3 20.3 20.2 -9999.0 -9999.0 -9999.0 -9999.0 -9999.0 -9999.0 -9999.0 -9999.0 -9999.0 -9999.0 -9999.0 -9999.0 -9999.0 nan nan nan nan nan nan nan nan nan nan nan nan nan nan nan nan nan -9999.0
nan nan nan nan nan nan nan nan nan nan nan nan nan nan nan nan nan nan nan nan nan nan nan nan nan nan nan nan nan 9.5 nan nan 21.2 21.8 22.9 22.1 22.9 22.8 22.5 nan nan 24.6 24.2 23.6 22.9 22.1 21.4 20.8 20.3 20.0 19.7 19.5 19.5 19.6 19.7 20.0 20.5 20.7 20.4 -9999.0 -9999.0 -9999.0 -9999.0 -9999.0 -9999.0 -9999.0 -9999.0 -9999.0 -9999.0 -9999.0 -9999.0 -9999.0 -9999.0 -9999.0 nan nan nan nan nan nan nan nan nan nan nan nan nan nan nan -9999.0
nan nan nan nan nan nan nan nan nan nan nan nan nan nan nan nan nan nan nan nan nan nan nan nan nan nan nan nan nan 8.7 8.7 nan 23.1 22.9 19.3 20.9 20.6 22.6 22.5 22.1 nan 24.7 24.6 24.0 23.1 22.3 21.5 20.8 20.2 19.9 19.7 19.6 19.6 19.7 19.7 20.2 20.8 20.9 -9999.0 -9999.0 -9999.0 -9999.0 -9999.0 -9999.0 -9999.0 -9999.0 -9999.0 -9999.0 -9999.0 -9999.0 -9999.0 -9999.0 -9999.0 -9999.0 -9999.0 nan nan nan nan nan nan nan nan nan nan nan nan nan nan -9999.0
nan nan nan nan nan nan nan nan nan nan nan nan nan nan nan nan nan nan nan nan nan nan nan nan nan nan nan nan nan 9.2 23.2 23.3 23.2 23.3 22.6 nan 8.8 21.9 22.7 22.4 nan 22.8 25.0 24.3 23.5 22.5 21.7 21.0 20.4 20.0 19.7 19.6 19.7 19.8 19.7 20.4 20.9 20.9 -9999.0 -9999.0 -9999.0 -9999.0 -9999.0 -9999.0 -9999.0 -9999.0 -9999.0 -9999.0 -9999.0 -9999.0 -9999.0 -9999.0 -9999.0 -9999.0 -9999.0 -9999.0 nan nan nan nan nan nan nan nan nan nan nan nan nan -9999.0
nan nan nan nan nan nan nan nan nan nan nan nan nan nan nan nan nan nan nan nan nan nan nan nan nan nan nan nan nan nan 22.2 23.5 23.4 23.4 18.8 nan nan 20.0 21.1 20.0 nan 19.3 21.0 24.1 23.4 22.6 21.7 21.0 20.5 20.0 19.8 19.7 19.7 19.8 20.0 20.6 21.0 21.1 -9999.0 -9999.0 -9999.0 -9999.0 -9999.0 -9999.0 -9999.0 -9999.0 -9999.0 -9999.0 -9999.0 -9999.0 -9999.0 -9999.0 -9999.0 -9999.0 -9999.0 -9999.0 -9999.0 nan nan nan nan nan nan nan nan nan nan nan nan -9999.0
nan nan nan nan nan nan nan nan nan nan nan nan nan nan nan nan nan nan nan nan nan nan nan nan nan nan nan nan nan nan 21.4 23.4 23.6 23.6 20.7 nan 9.6 17.4 19.9 11.4 18.6 16.4 18.1 22.7 23.4 22.5 21.6 20.9 20.5 20.1 19.8 19.8 19.7 19.9 20.3 20.9 21.2 21.5 -9999.0 -9999.0 -9999.0 -9999.0 -9999.0 -9999.0 -9999.0 -9999.0 -9999.0 -9999.0 -9999.0 -9999.0 -9999.0 -9999.0 -9999.0 -9999.0 -9999.0 -9999.0 -9999.0 -9999.0 nan nan nan nan nan nan nan nan nan nan nan -9999.0
nan nan nan nan nan nan nan nan nan nan nan nan nan nan nan nan nan nan nan nan nan nan nan nan nan nan nan nan nan nan 22.0 23.0 23.5 23.6 19.5 9.5 nan 21.2 14.4 9.7 15.7 nan 23.6 24.2 23.3 22.5 21.7 21.0 20.5 20.2 19.9 19.8 19.8 20.1 20.6 21.2 21.4 17.9 -9999.0 -9999.0 -9999.0 -9999.0 -9999.0 -9999.0 -9999.0 -9999.0 -9999.0 -9999.0 -9999.0 -9999.0 -9999.0 -9999.0 -9999.0 -9999.0 -9999.0 -9999.0 -9999.0 -9999.0 -9999.0 -9999.0 nan nan nan nan nan nan nan nan nan -9999.0
nan nan nan nan nan nan nan nan nan nan nan nan nan nan nan nan nan nan nan nan nan nan nan nan nan nan nan nan nan nan nan 22.5 23.4 23.4 22.7 nan nan 15.7 14.2 10.4 nan nan 24.9 24.5 23.8 22.9 22.0 21.2 20.6 20.3 20.1 19.9 20.0 20.3 21.0 21.8 22.0 19.9 -9999.0 -9999.0 -9999.0 -9999.0 -9999.0 -9999.0 -9999.0 -9999.0 -9999.0 -9999.0 -9999.0 nan nan nan -9999.0 -9999.0 -9999.0 -9999.0 -9999.0 -9999.0 -9999.0 -9999.0 -9999.0 -9999.0 -9999.0 -9999.0 -9999.0 nan nan nan -9999.0 -9999.0
nan nan nan nan nan nan nan nan nan nan nan nan nan nan nan nan nan nan nan nan nan nan nan nan nan nan nan nan nan nan nan 19.9 21.9 23.2 23.5 nan 9.6 12.7 20.0 10.2 nan nan 25.2 25.0 24.3 23.3 22.4 21.5 20.9 20.5 20.3 20.2 20.3 20.5 21.3 22.0 22.4 20.3 -9999.0 -9999.0 -9999.0 -9999.0 -9999.0 -9999.0 -9999.0 -9999.0 -9999.0 -9999.0 -9999.0 nan nan nan nan nan -9999.0 -9999.0 -9999.0 -9999.0 -9999.0 -9999.0 -9999.0 -9999.0 -9999.0 -9999.0 -9999.0 -9999.0 -9999.0 -9999.0 -9999.0 -9999.0
nan nan nan nan nan nan nan nan nan nan nan nan nan nan nan nan nan nan nan nan nan nan nan nan nan nan nan nan nan nan nan 9.3 22.2 23.4 21.3 20.0 19.4 14.7 12.2 9.8 10.7 nan 24.8 25.4 24.7 23.7 22.9 22.0 21.2 20.8 20.5 20.4 20.4 20.7 21.5 22.1 22.3 18.6 -9999.0 -9999.0 -9999.0 -9999.0 -9999.0 -9999.0 -9999.0 -9999.0 -9999.0 -9999.0 -9999.0 -9999.0 -9999.0 -9999.0 -9999.0 -9999.0 -9999.0 -9999.0 -9999.0 -9999.0 -9999.0 -9999.0 -9999.0 -9999.0 -9999.0 -9999.0 -9999.0 -9999.0 -9999.0 -9999.0 -9999.0 -9999.0
nan nan nan nan nan nan nan nan nan nan nan nan nan nan nan nan nan nan nan nan nan nan nan nan nan nan nan nan nan nan nan 9.3 18.3 23.3 23.7 23.6 23.4 nan 14.6 16.4 9.1 nan 25.2 25.5 25.2 24.2 23.4 22.5 21.7 21.1 20.8 20.6 20.6 21.0 21.7 22.2 22.5 20.3 -9999.0 -9999.0 -9999.0 -9999.0 -9999.0 -9999.0 -9999.0 -9999.0 -9999.0 -9999.0 -9999.0 -9999.0 -9999.0 -9999.0 -9999.0 -9999.0 -9999.0 -9999.0 -9999.0 -9999.0 -9999.0 -9999.0 -9999.0 -9999.0 -9999.0 -9999.0 -9999.0 -9999.0 -9999.0 -9999.0 -9999.0 -9999.0
nan nan nan nan nan nan nan nan nan nan nan nan nan nan nan nan nan nan nan nan nan nan nan nan nan nan nan nan nan nan nan 9.4 19.5 20.9 23.6 23.5 23.2 nan nan 14.4 9.9 nan nan 25.5 25.6 24.7 24.0 23.1 22.2 21.6 21.2 20.9 20.9 21.2 21.9 22.4 22.8 19.8 -9999.0 -9999.0 -9999.0 -9999.0 -9999.0 -9999.0 -9999.0 -9999.0 -9999.0 -9999.0 -9999.0 -9999.0 -9999.0 -9999.0 -9999.0 -9999.0 -9999.0 -9999.0 -9999.0 -9999.0 -9999.0 -9999.0 -9999.0 -9999.0 -9999.0 -9999.0 -9999.0 -9999.0 -9999.0 -9999.0 -9999.0 -9999.0
nan nan nan nan nan nan nan nan nan nan nan nan nan nan nan nan nan nan nan nan nan nan nan nan nan nan nan nan nan nan nan nan 9.2 23.0 23.2 23.2 nan nan nan 14.4 9.9 8.5 nan nan 24.5 25.5 24.6 23.6 22.7 22.1 21.5 21.3 21.3 21.5 22.0 22.6 23.1 21.3 -9999.0 -9999.0 -9999.0 -9999.0 -9999.0 -9999.0 -9999.0 -9999.0 -9999.0 -9999.0 -9999.0 -9999.0 -9999.0 -9999.0 -9999.0 -9999.0 -9999.0 -9999.0 -9999.0 -9999.0 -9999.0 -9999.0 -9999.0 -9999.0 nan nan nan -9999.0 -9999.0 -9999.0 -9999.0 -9999.0
nan nan nan nan nan nan nan nan nan nan nan nan nan nan nan nan nan nan nan nan nan nan nan nan nan nan nan nan nan nan nan nan 21.3 22.6 23.0 23.2 nan nan nan nan 11.3 8.4 15.8 nan 23.6 24.8 25.2 24.4 23.4 22.7 22.2 21.9 21.8 22.0 22.3 22.8 23.4 22.3 -9999.0 -9999.0 -9999.0 -9999.0 -9999.0 -9999.0 -9999.0 -9999.0 -9999.0 -9999.0 -9999.0 -9999.0 -9999.0 -9999.0 -9999.0 -9999.0 -9999.0 -9999.0 -9999.0 -9999.0 -9999.0 -9999.0 nan nan nan nan nan nan nan nan -9999.0 -9999.0
nan nan nan nan nan nan nan nan nan nan nan nan nan nan nan nan nan nan nan nan nan nan nan nan nan nan nan nan nan nan nan nan nan 23.0 23.2 23.4 nan nan nan nan 15.1 9.2 11.0 12.2 nan 25.6 25.6 25.0 24.1 23.3 22.7 22.3 22.2 22.3 22.6 23.1 23.4 23.1 -9999.0 -9999.0 -9999.0 -9999.0 -9999.0 -9999.0 -9999.0 -9999.0 -9999.0 -9999.0 -9999.0 nan nan nan nan nan nan nan nan nan nan nan nan nan nan nan nan nan nan nan nan nan
nan nan nan nan nan nan nan nan nan nan nan nan nan nan nan nan nan nan nan nan nan nan nan nan nan nan nan nan nan nan nan nan nan 23.2 23.5 23.6 23.4 nan nan nan 21.4 11.2 10.1 19.8 nan nan 24.8 25.5 24.9 24.2 23.6 23.0 22.7 22.7 23.1 23.5 23.8 23.9 -9999.0 -9999.0 -9999.0 -9999.0 -9999.0 -9999.0 -9999.0 -9999.0 -9999.0 -9999.0 nan nan nan nan nan nan nan nan nan nan nan nan nan nan nan nan nan nan nan nan nan nan
