data/output/RUN203/ECOSPACE/ECOSPACE_in_PAR3/PAR-VarZ-VarK/PAR-VarZ-VarK_1991_04.asc
ncols        93
nrows        151 
xllcorner    -123.80739
yllcorner    48.29471 
cellsize     0.013497347 
NODATA_value  0.0
[rows 80 to 119 of 151, columns 0 to 89 of 93]
nan nan nan nan nan nan nan nan nan nan nan nan nan nan nan nan nan nan nan nan nan nan nan 40.2 40.0 40.2 41.6 42.5 42.0 41.0 39.8 38.9 38.0 37.0 35.9 35.0 34.1 33.4 32.8 32.4 31.9 31.4 30.7 30.1 29.9 29.1 28.1 27.5 26.5 25.4 24.3 23.2 22.3 21.7 nan nan nan nan nan nan nan nan nan nan nan nan 18.2 18.7 19.0 19.1 nan 18.8 18.8 18.8 18.8 19.0 19.0 18.8 18.7 19.0 19.6 19.9 19.9 nan nan nan nan nan nan nan
nan nan nan nan nan nan nan nan nan nan nan nan nan nan nan nan nan nan nan nan nan nan nan nan nan nan 42.7 42.8 42.5 41.9 40.9 39.8 38.8 37.9 36.9 35.9 34.8 33.9 33.2 32.7 32.2 31.9 31.4 30.9 30.1 29.3 29.0 28.0 27.0 26.0 24.8 23.8 22.9 22.2 21.5 nan nan nan nan nan nan nan nan nan nan nan 18.5 18.9 nan nan nan nan nan 19.0 19.1 19.3 nan 19.0 19.2 19.8 20.3 20.7 nan nan nan nan nan nan nan nan
nan nan nan nan nan nan nan nan nan nan nan nan nan nan nan nan nan nan nan nan nan nan nan nan nan nan nan 42.8 42.7 42.7 41.8 40.7 39.6 38.6 37.5 36.5 35.5 34.5 33.6 33.2 32.8 32.5 32.1 31.6 30.7 29.7 28.9 28.6 27.6 26.6 25.5 24.5 23.6 22.8 22.1 21.5 nan nan nan nan nan nan nan nan nan 18.5 19.0 nan nan nan nan nan nan 19.0 19.2 19.3 nan 19.3 19.9 20.4 20.8 nan nan nan nan nan nan nan nan nan
nan nan nan nan nan nan nan nan nan nan nan nan nan nan nan nan nan nan nan nan nan nan nan nan nan nan nan nan 41.2 42.3 42.7 41.6 40.5 39.6 38.3 37.2 36.2 35.2 34.3 33.6 33.1 33.0 32.6 32.0 31.3 30.4 29.8 28.9 28.2 27.2 26.3 25.3 24.4 23.6 22.8 22.1 21.5 nan nan nan nan nan nan nan nan 18.6 19.1 nan nan nan nan nan nan 19.0 19.3 19.5 20.0 20.6 20.7 20.8 nan nan nan nan nan nan nan nan nan nan
nan nan nan nan nan nan nan nan nan nan nan nan nan nan nan nan nan nan nan nan nan nan nan nan nan nan nan nan nan 15.0 43.0 42.4 41.4 40.3 38.9 37.9 36.8 35.8 34.9 34.2 33.5 33.2 33.0 32.4 31.6 30.8 29.8 29.1 28.9 28.1 27.3 26.3 25.5 24.6 23.7 22.9 22.1 21.5 nan nan nan nan nan nan 18.6 19.0 19.3 nan 19.9 20.0 20.1 nan nan 19.1 19.5 19.9 20.6 21.4 nan nan nan nan nan nan nan nan nan nan nan nan
nan nan nan nan nan nan nan nan nan nan nan nan nan nan nan nan nan nan nan nan nan nan nan nan nan nan nan nan nan nan 16.1 42.5 42.0 41.0 39.7 38.5 37.3 36.3 35.5 34.8 34.0 33.5 33.2 32.6 32.0 31.3 30.5 29.9 29.3 28.9 28.2 27.4 26.6 25.8 24.9 24.0 23.1 22.3 nan nan nan nan nan 18.9 19.1 19.6 19.8 20.0 20.0 20.0 20.1 11.5 nan 19.3 19.8 20.3 20.9 21.4 nan nan nan nan nan nan nan nan nan nan nan nan
nan nan nan nan nan nan nan nan nan nan nan nan nan nan nan nan nan nan nan nan nan nan nan nan nan nan nan nan nan nan nan 40.4 41.1 41.3 40.2 39.1 37.8 36.8 36.0 35.2 34.5 33.8 33.3 32.8 32.3 31.7 30.9 30.3 30.0 29.7 29.3 28.5 27.8 27.1 26.2 25.2 24.3 23.2 22.1 nan nan 19.4 19.9 19.9 20.0 20.3 20.5 20.6 20.5 20.4 20.3 nan nan 19.7 20.2 20.7 21.3 21.5 nan nan nan nan nan nan nan nan nan nan nan nan
nan nan nan nan nan nan nan nan nan nan nan nan nan nan nan nan nan nan nan nan nan nan nan nan nan nan nan nan nan nan nan nan 42.0 41.3 40.5 39.5 38.3 37.2 36.4 35.7 35.0 34.1 33.7 33.3 32.8 32.3 31.7 31.1 30.7 30.3 30.1 29.6 28.9 28.3 27.5 26.5 25.3 24.3 23.1 21.6 21.0 20.8 20.9 nan 20.6 21.2 21.5 21.7 21.6 21.4 21.0 20.5 20.4 20.5 20.6 21.0 21.4 nan nan nan nan nan nan nan nan nan nan nan nan nan
nan nan nan nan nan nan nan nan nan nan nan nan nan nan nan nan nan nan nan nan nan nan nan nan nan nan nan nan nan nan 42.0 41.9 41.7 41.0 40.4 39.7 38.9 37.7 36.9 36.2 35.5 34.6 34.1 33.8 33.4 32.9 32.2 31.6 31.1 30.8 30.7 30.4 30.0 29.4 28.9 28.0 27.0 25.7 24.4 23.3 22.6 21.9 21.6 21.7 21.8 22.2 22.6 22.7 22.6 22.6 22.0 21.3 21.0 21.0 21.1 21.3 21.5 nan nan nan nan nan nan nan nan nan nan nan nan nan
nan nan nan nan nan nan nan nan nan nan nan nan nan nan nan nan nan nan nan nan nan nan nan nan nan nan nan nan nan nan nan nan 41.2 40.8 40.2 39.8 39.3 38.3 37.4 36.6 36.0 35.1 34.5 34.2 33.8 33.4 33.0 32.2 31.8 31.4 31.2 31.1 30.8 30.4 29.9 29.3 28.5 27.3 26.2 24.8 23.9 23.0 22.4 22.4 22.5 22.6 22.9 nan nan nan 22.2 21.8 21.4 21.2 21.2 21.4 nan nan nan nan nan nan nan nan nan nan nan nan nan nan
nan nan nan nan nan nan nan nan nan nan nan nan nan nan nan nan nan nan nan nan nan nan nan nan nan nan nan nan nan nan 15.6 14.4 40.7 40.5 40.2 40.0 39.5 39.0 38.0 37.2 36.6 35.8 35.2 34.5 33.8 33.4 32.8 32.2 32.2 31.9 31.8 31.7 31.4 31.1 30.7 30.2 29.5 28.5 27.4 26.2 24.9 23.8 22.9 22.6 nan nan nan nan nan nan nan 21.8 21.5 21.3 21.3 21.4 nan nan nan nan nan nan nan nan nan nan nan nan nan nan
nan nan nan nan nan nan nan nan nan nan nan nan nan nan nan nan nan nan nan nan nan nan nan nan nan nan nan nan nan nan 16.4 39.7 40.6 40.8 40.6 18.5 39.8 39.6 38.8 37.9 37.2 36.2 35.7 35.1 34.5 33.8 33.0 32.4 31.8 31.6 31.7 31.7 31.6 31.5 31.4 30.9 30.3 29.4 28.2 26.8 25.5 24.3 23.2 nan nan nan nan nan nan 20.9 21.1 21.4 21.2 21.1 21.2 nan nan nan nan nan nan nan nan nan nan nan nan nan nan nan
nan nan nan nan nan nan nan nan nan nan nan nan nan nan nan nan nan nan nan nan nan nan nan nan nan nan nan nan nan nan 15.6 38.2 40.5 40.8 nan nan nan 39.3 39.7 38.9 38.0 36.9 36.2 35.5 34.8 34.1 33.4 32.8 32.2 31.9 31.8 31.7 31.6 31.6 31.5 31.1 30.7 30.2 28.9 27.6 26.1 24.7 23.6 nan nan nan nan nan 20.9 20.9 20.9 20.9 20.9 21.0 nan nan nan nan nan nan nan nan nan nan nan nan nan nan nan nan
nan nan nan nan nan nan nan nan nan nan nan nan nan nan nan nan nan nan nan nan nan nan nan nan nan nan nan nan nan nan 15.4 15.2 39.5 40.1 nan nan nan 37.7 39.3 39.5 38.6 37.6 36.7 36.0 35.2 34.5 33.9 33.2 32.8 32.3 32.0 31.8 31.8 31.7 31.7 31.4 31.2 30.7 29.5 28.2 26.5 25.1 23.8 22.2 21.6 nan 20.9 20.9 20.9 20.7 20.6 20.6 nan nan nan nan nan nan nan nan nan nan nan nan nan nan nan nan nan nan
nan nan nan nan nan nan nan nan nan nan nan nan nan nan nan nan nan nan nan nan nan nan nan nan nan nan nan nan nan nan nan nan 39.3 32.7 nan nan nan nan 38.2 39.1 39.2 38.4 37.2 36.5 35.8 34.9 34.1 33.5 33.0 32.5 32.3 32.0 31.9 31.9 31.9 31.8 31.3 30.8 29.8 28.6 27.2 25.7 24.2 23.2 22.4 21.7 21.4 21.0 20.7 20.5 20.1 nan nan nan nan nan nan nan nan nan nan nan nan nan nan nan nan nan nan nan
nan nan nan nan nan nan nan nan nan nan nan nan nan nan nan nan nan nan nan nan nan nan nan nan nan nan nan nan nan nan nan nan nan 36.4 19.1 nan nan nan 14.9 40.0 39.8 39.1 38.0 37.0 36.2 35.3 34.3 33.6 33.2 32.7 32.3 32.2 32.1 32.2 32.3 32.2 31.8 31.2 30.1 29.0 27.6 26.3 25.0 23.9 23.0 22.2 21.5 21.0 20.7 20.4 20.0 nan nan nan nan nan nan nan nan nan nan nan nan nan nan nan nan nan nan nan
nan nan nan nan nan nan nan nan nan nan nan nan nan nan nan nan nan nan nan nan nan nan nan nan nan nan nan nan nan nan nan nan nan nan 19.9 36.4 nan nan nan nan 40.2 39.9 38.7 37.5 36.5 35.6 34.6 33.9 33.3 32.9 32.6 32.4 32.3 32.4 32.5 32.4 32.0 31.4 30.5 29.5 28.3 27.0 25.8 24.6 23.5 22.5 21.7 21.1 20.6 20.3 20.1 19.9 nan nan nan nan nan nan nan nan nan nan nan nan nan nan nan nan nan nan
nan nan nan nan nan nan nan nan nan nan nan nan nan nan nan nan nan nan nan nan nan nan nan nan nan nan nan nan nan nan nan nan nan nan nan 27.2 15.7 nan nan nan nan 38.7 39.1 37.8 36.7 35.6 34.7 34.1 33.5 33.0 32.7 32.5 32.5 32.6 32.7 32.5 32.2 31.6 30.8 29.8 28.7 27.5 26.2 25.1 23.8 22.7 21.7 21.0 20.5 20.1 19.9 20.0 20.0 10.9 nan nan nan nan nan nan nan nan nan nan nan nan nan nan nan nan
nan nan nan nan nan nan nan nan nan nan nan nan nan nan nan nan nan nan nan nan nan nan nan nan nan nan nan nan nan nan nan nan nan nan 18.1 22.2 37.0 36.9 nan 15.8 nan 36.4 38.2 37.7 36.8 35.6 34.8 34.2 33.6 33.1 32.8 32.6 32.6 32.7 32.8 32.6 32.3 31.8 31.0 30.1 29.1 27.9 26.5 25.3 23.8 22.6 21.6 21.0 20.5 20.0 19.8 19.9 20.0 20.0 nan nan nan nan nan nan nan nan nan nan nan nan nan nan nan nan
nan nan nan nan nan nan nan nan nan nan nan nan nan nan nan nan nan nan nan nan nan nan nan nan nan nan nan nan nan nan nan nan nan nan 37.4 36.3 36.9 33.1 18.1 34.2 36.1 30.8 36.7 37.7 36.9 35.9 34.8 34.2 33.6 33.1 32.8 32.6 32.6 32.7 32.8 32.6 32.4 31.9 31.2 30.4 29.4 28.1 26.7 25.1 23.6 22.3 20.8 20.8 20.0 20.3 19.9 19.9 19.9 20.1 20.3 nan nan nan nan nan nan nan nan nan nan nan nan nan nan nan
nan nan nan nan nan nan nan nan nan nan nan nan nan nan nan nan nan nan nan nan nan nan nan nan nan nan nan nan nan nan nan nan nan nan 37.2 37.2 36.8 36.2 33.1 nan 37.9 36.2 38.5 37.8 36.8 35.8 34.9 34.2 33.6 33.1 32.8 32.6 32.7 32.7 32.8 32.7 32.5 32.0 31.4 30.6 29.4 28.0 -9999.0 -9999.0 -9999.0 -9999.0 -9999.0 -9999.0 -9999.0 11.4 20.0 19.9 20.0 20.0 20.2 nan nan nan nan nan nan nan nan nan nan nan nan nan nan -9999.0
nan nan nan nan nan nan nan nan nan nan nan nan nan nan nan nan nan nan nan nan nan nan nan nan nan nan nan nan nan nan nan nan nan nan 37.4 37.3 37.0 36.7 36.7 nan nan 39.3 38.5 37.6 36.7 35.8 34.9 34.3 33.6 33.1 32.8 32.7 32.7 32.7 32.8 32.7 32.5 32.1 31.5 30.7 29.4 -9999.0 -9999.0 -9999.0 -9999.0 -9999.0 -9999.0 -9999.0 -9999.0 nan 13.2 19.8 20.2 19.5 nan nan nan nan nan nan nan nan nan nan nan nan nan nan nan -9999.0
nan nan nan nan nan nan nan nan nan nan nan nan nan nan nan nan nan nan nan nan nan nan nan nan nan nan nan nan nan nan nan nan nan nan 37.3 37.2 37.0 36.7 36.3 nan 32.3 34.7 38.3 37.5 36.6 35.7 34.8 34.2 33.6 33.1 32.9 32.7 32.7 32.7 32.7 32.8 32.6 32.3 31.7 30.7 29.3 -9999.0 -9999.0 -9999.0 -9999.0 -9999.0 -9999.0 -9999.0 -9999.0 -9999.0 -9999.0 nan 11.2 11.2 nan nan nan nan nan nan nan nan nan nan nan nan nan nan nan -9999.0
nan nan nan nan nan nan nan nan nan nan nan nan nan nan nan nan nan nan nan nan nan nan nan nan nan nan nan nan nan nan nan nan nan nan 36.8 36.8 36.7 33.6 31.8 21.5 34.5 30.4 37.4 37.3 36.5 35.7 35.0 34.2 33.6 33.2 32.9 32.7 32.7 32.6 32.7 32.8 32.7 32.4 31.8 30.8 -9999.0 -9999.0 -9999.0 -9999.0 -9999.0 -9999.0 -9999.0 -9999.0 -9999.0 -9999.0 -9999.0 nan nan nan nan nan nan nan nan nan nan nan nan nan nan nan nan nan nan -9999.0
nan nan nan nan nan nan nan nan nan nan nan nan nan nan nan nan nan nan nan nan nan nan nan nan nan nan nan nan nan nan nan nan 31.1 32.8 35.1 36.5 36.5 36.6 34.7 31.2 nan 38.1 37.7 37.1 36.3 35.6 35.0 34.2 33.6 33.2 33.0 32.8 32.8 32.7 32.9 33.0 33.0 32.7 32.1 -9999.0 -9999.0 -9999.0 -9999.0 -9999.0 -9999.0 -9999.0 -9999.0 -9999.0 -9999.0 -9999.0 -9999.0 -9999.0 nan nan nan nan nan nan nan nan nan nan nan nan nan nan nan nan nan -9999.0
nan nan nan nan nan nan nan nan nan nan nan nan nan nan nan nan nan nan nan nan nan nan nan nan nan nan nan nan nan 15.5 nan nan 37.0 36.6 36.6 35.7 36.5 36.7 36.7 nan nan 37.7 37.5 37.0 36.2 35.6 35.0 34.4 33.8 33.4 33.2 33.0 32.9 32.9 33.1 33.3 33.3 33.1 32.5 -9999.0 -9999.0 -9999.0 -9999.0 -9999.0 -9999.0 -9999.0 -9999.0 -9999.0 -9999.0 -9999.0 -9999.0 -9999.0 -9999.0 -9999.0 nan nan nan nan nan nan nan nan nan nan nan nan nan nan nan -9999.0
nan nan nan nan nan nan nan nan nan nan nan nan nan nan nan nan nan nan nan nan nan nan nan nan nan nan nan nan nan 14.0 14.1 nan 36.8 36.8 33.1 33.0 33.6 36.5 36.1 36.0 nan 37.5 37.5 37.0 36.2 35.6 35.0 34.5 33.9 33.5 33.4 33.2 33.1 33.1 33.3 33.5 33.6 33.5 -9999.0 -9999.0 -9999.0 -9999.0 -9999.0 -9999.0 -9999.0 -9999.0 -9999.0 -9999.0 -9999.0 -9999.0 -9999.0 -9999.0 -9999.0 -9999.0 -9999.0 nan nan nan nan nan nan nan nan nan nan nan nan nan nan -9999.0
nan nan nan nan nan nan nan nan nan nan nan nan nan nan nan nan nan nan nan nan nan nan nan nan nan nan nan nan nan 14.8 36.5 36.7 36.9 36.9 36.8 nan 14.2 36.2 36.7 36.7 nan 36.0 37.7 37.1 36.2 35.6 35.0 34.5 34.0 33.6 33.5 33.4 33.3 33.4 33.6 33.7 33.8 33.7 -9999.0 -9999.0 -9999.0 -9999.0 -9999.0 -9999.0 -9999.0 -9999.0 -9999.0 -9999.0 -9999.0 -9999.0 -9999.0 -9999.0 -9999.0 -9999.0 -9999.0 -9999.0 nan nan nan nan nan nan nan nan nan nan nan nan nan -9999.0
nan nan nan nan nan nan nan nan nan nan nan nan nan nan nan nan nan nan nan nan nan nan nan nan nan nan nan nan nan nan 35.7 36.8 36.9 37.1 32.9 nan nan 33.8 34.9 34.5 nan 30.7 33.1 36.7 36.2 35.5 35.1 34.6 34.2 33.8 33.6 33.6 33.6 33.8 34.0 33.8 33.9 33.6 -9999.0 -9999.0 -9999.0 -9999.0 -9999.0 -9999.0 -9999.0 -9999.0 -9999.0 -9999.0 -9999.0 -9999.0 -9999.0 -9999.0 -9999.0 -9999.0 -9999.0 -9999.0 -9999.0 nan nan nan nan nan nan nan nan nan nan nan nan -9999.0
nan nan nan nan nan nan nan nan nan nan nan nan nan nan nan nan nan nan nan nan nan nan nan nan nan nan nan nan nan nan 33.7 36.7 36.9 37.2 32.8 nan 15.6 27.2 30.9 17.7 28.3 24.7 28.3 35.7 36.1 35.3 34.9 34.5 34.2 33.9 33.8 33.8 33.9 34.2 34.4 33.9 33.3 33.3 -9999.0 -9999.0 -9999.0 -9999.0 -9999.0 -9999.0 -9999.0 -9999.0 -9999.0 -9999.0 -9999.0 -9999.0 -9999.0 -9999.0 -9999.0 -9999.0 -9999.0 -9999.0 -9999.0 -9999.0 nan nan nan nan nan nan nan nan nan nan nan -9999.0
nan nan nan nan nan nan nan nan nan nan nan nan nan nan nan nan nan nan nan nan nan nan nan nan nan nan nan nan nan nan 34.5 35.9 36.8 37.1 32.4 15.5 nan 32.8 22.9 15.8 24.6 nan 35.8 36.4 35.8 35.3 34.8 34.5 34.3 34.0 33.9 34.0 34.2 34.5 34.7 33.8 32.4 24.8 -9999.0 -9999.0 -9999.0 -9999.0 -9999.0 -9999.0 -9999.0 -9999.0 -9999.0 -9999.0 -9999.0 -9999.0 -9999.0 -9999.0 -9999.0 -9999.0 -9999.0 -9999.0 -9999.0 -9999.0 -9999.0 -9999.0 nan nan nan nan nan nan nan nan nan -9999.0
nan nan nan nan nan nan nan nan nan nan nan nan nan nan nan nan nan nan nan nan nan nan nan nan nan nan nan nan nan nan nan 36.2 36.4 36.7 36.7 nan nan 24.5 22.6 17.5 nan nan 36.7 36.6 36.0 35.3 34.8 34.5 34.3 34.2 34.0 34.2 34.5 34.8 34.9 34.1 32.2 27.4 -9999.0 -9999.0 -9999.0 -9999.0 -9999.0 -9999.0 -9999.0 -9999.0 -9999.0 -9999.0 -9999.0 nan nan nan -9999.0 -9999.0 -9999.0 -9999.0 -9999.0 -9999.0 -9999.0 -9999.0 -9999.0 -9999.0 -9999.0 -9999.0 -9999.0 nan nan nan -9999.0 -9999.0
nan nan nan nan nan nan nan nan nan nan nan nan nan nan nan nan nan nan nan nan nan nan nan nan nan nan nan nan nan nan nan 32.9 35.8 36.4 37.0 nan 15.3 20.3 31.2 16.8 nan nan 36.6 36.7 36.2 35.6 35.1 34.6 34.5 34.4 34.3 34.4 34.8 35.0 35.0 35.0 33.9 28.1 -9999.0 -9999.0 -9999.0 -9999.0 -9999.0 -9999.0 -9999.0 -9999.0 -9999.0 -9999.0 -9999.0 nan nan nan nan nan -9999.0 -9999.0 -9999.0 -9999.0 -9999.0 -9999.0 -9999.0 -9999.0 -9999.0 -9999.0 -9999.0 -9999.0 -9999.0 -9999.0 -9999.0 -9999.0
nan nan nan nan nan nan nan nan nan nan nan nan nan nan nan nan nan nan nan nan nan nan nan nan nan nan nan nan nan nan nan 15.1 35.5 36.3 35.6 34.0 30.8 23.7 19.2 15.1 17.1 nan 36.0 36.8 36.3 35.8 35.2 34.7 34.6 34.5 34.5 34.6 34.9 35.1 35.0 34.5 33.1 24.4 -9999.0 -9999.0 -9999.0 -9999.0 -9999.0 -9999.0 -9999.0 -9999.0 -9999.0 -9999.0 -9999.0 -9999.0 -9999.0 -9999.0 -9999.0 -9999.0 -9999.0 -9999.0 -9999.0 -9999.0 -9999.0 -9999.0 -9999.0 -9999.0 -9999.0 -9999.0 -9999.0 -9999.0 -9999.0 -9999.0 -9999.0 -9999.0
nan nan nan nan nan nan nan nan nan nan nan nan nan nan nan nan nan nan nan nan nan nan nan nan nan nan nan nan nan nan nan 15.1 32.7 36.6 37.1 37.1 36.8 nan 22.7 25.5 14.4 nan 36.1 36.9 36.5 35.8 35.4 34.8 34.6 34.4 34.5 34.7 35.0 35.2 35.0 34.5 32.5 27.6 -9999.0 -9999.0 -9999.0 -9999.0 -9999.0 -9999.0 -9999.0 -9999.0 -9999.0 -9999.0 -9999.0 -9999.0 -9999.0 -9999.0 -9999.0 -9999.0 -9999.0 -9999.0 -9999.0 -9999.0 -9999.0 -9999.0 -9999.0 -9999.0 -9999.0 -9999.0 -9999.0 -9999.0 -9999.0 -9999.0 -9999.0 -9999.0
nan nan nan nan nan nan nan nan nan nan nan nan nan nan nan nan nan nan nan nan nan nan nan nan nan nan nan nan nan nan nan 15.1 30.4 33.7 36.6 36.6 36.4 nan nan 22.5 16.0 nan nan 36.7 37.1 36.4 35.9 35.1 34.8 34.6 34.6 34.7 34.9 35.1 35.1 34.7 34.0 26.0 -9999.0 -9999.0 -9999.0 -9999.0 -9999.0 -9999.0 -9999.0 -9999.0 -9999.0 -9999.0 -9999.0 -9999.0 -9999.0 -9999.0 -9999.0 -9999.0 -9999.0 -9999.0 -9999.0 -9999.0 -9999.0 -9999.0 -9999.0 -9999.0 -9999.0 -9999.0 -9999.0 -9999.0 -9999.0 -9999.0 -9999.0 -9999.0
nan nan nan nan nan nan nan nan nan nan nan nan nan nan nan nan nan nan nan nan nan nan nan nan nan nan nan nan nan nan nan nan 14.7 35.4 36.1 36.3 nan nan nan 22.5 15.6 14.7 nan nan 35.8 36.5 36.2 35.5 35.0 34.8 34.8 34.8 35.0 35.1 35.1 35.0 34.7 28.3 -9999.0 -9999.0 -9999.0 -9999.0 -9999.0 -9999.0 -9999.0 -9999.0 -9999.0 -9999.0 -9999.0 -9999.0 -9999.0 -9999.0 -9999.0 -9999.0 -9999.0 -9999.0 -9999.0 -9999.0 -9999.0 -9999.0 -9999.0 -9999.0 nan nan nan -9999.0 -9999.0 -9999.0 -9999.0 -9999.0
nan nan nan nan nan nan nan nan nan nan nan nan nan nan nan nan nan nan nan nan nan nan nan nan nan nan nan nan nan nan nan nan 33.4 34.6 35.5 36.0 nan nan nan nan 17.7 14.7 26.5 nan 34.2 36.1 36.2 35.6 35.2 34.9 34.9 34.9 35.0 35.1 35.1 35.2 34.8 32.1 -9999.0 -9999.0 -9999.0 -9999.0 -9999.0 -9999.0 -9999.0 -9999.0 -9999.0 -9999.0 -9999.0 -9999.0 -9999.0 -9999.0 -9999.0 -9999.0 -9999.0 -9999.0 -9999.0 -9999.0 -9999.0 -9999.0 nan nan nan nan nan nan nan nan -9999.0 -9999.0
nan nan nan nan nan nan nan nan nan nan nan nan nan nan nan nan nan nan nan nan nan nan nan nan nan nan nan nan nan nan nan nan nan 35.0 35.7 36.0 nan nan nan nan 23.7 16.4 19.8 19.3 nan 36.5 36.9 36.2 35.7 35.4 35.1 35.0 35.1 35.2 35.2 35.4 34.9 33.9 -9999.0 -9999.0 -9999.0 -9999.0 -9999.0 -9999.0 -9999.0 -9999.0 -9999.0 -9999.0 -9999.0 nan nan nan nan nan nan nan nan nan nan nan nan nan nan nan nan nan nan nan nan nan
nan nan nan nan nan nan nan nan nan nan nan nan nan nan nan nan nan nan nan nan nan nan nan nan nan nan nan nan nan nan nan nan nan 35.2 35.8 36.1 36.0 nan nan nan 33.2 18.6 18.1 31.6 nan nan 36.1 36.3 36.0 35.7 35.4 35.2 35.4 35.4 35.4 35.7 35.6 35.8 -9999.0 -9999.0 -9999.0 -9999.0 -9999.0 -9999.0 -9999.0 -9999.0 -9999.0 -9999.0 nan nan nan nan nan nan nan nan nan nan nan nan nan nan nan nan nan nan nan nan nan nan
