data/output/RUN203/ECOSPACE/ECOSPACE_in_PAR3/PAR-VarZ-VarK/PAR-VarZ-VarK_2004_04.asc
ncols        93
nrows        151 
xllcorner    -123.80739
yllcorner    48.29471 
cellsize     0.013497347 
NODATA_value  0.0
[rows 80 to 119 of 151, columns 0 to 89 of 93]
nan nan nan nan nan nan nan nan nan nan nan nan nan nan nan nan nan nan nan nan nan nan nan 39.0 38.3 38.4 40.3 42.0 42.1 42.0 41.6 41.2 40.8 40.3 39.8 39.5 39.5 39.3 39.2 39.0 38.4 37.7 36.6 35.7 35.0 34.4 33.9 33.3 32.8 32.1 31.1 29.9 28.6 27.7 nan nan nan nan nan nan nan nan nan nan nan nan 22.7 23.4 23.8 24.0 nan 23.3 23.4 23.5 23.7 24.0 24.1 23.8 23.5 23.8 24.5 24.9 24.9 nan nan nan nan nan nan nan
nan nan nan nan nan nan nan nan nan nan nan nan nan nan nan nan nan nan nan nan nan nan nan nan nan nan 41.3 41.7 42.0 42.2 42.0 41.7 41.1 40.7 40.1 39.8 39.6 39.6 39.4 39.1 38.7 38.1 37.1 36.2 35.4 34.8 34.3 33.9 33.4 32.8 32.0 30.8 29.5 28.2 27.0 nan nan nan nan nan nan nan nan nan nan nan 23.2 23.6 nan nan nan nan nan 23.8 24.2 24.5 nan 24.2 24.3 24.8 25.4 26.0 nan nan nan nan nan nan nan nan
nan nan nan nan nan nan nan nan nan nan nan nan nan nan nan nan nan nan nan nan nan nan nan nan nan nan nan 41.5 41.5 42.2 42.2 41.8 41.2 40.8 40.3 40.0 39.7 39.6 39.5 39.4 39.0 38.4 37.6 36.5 35.7 35.1 34.6 34.3 33.9 33.3 32.6 31.6 30.2 28.8 27.6 26.5 nan nan nan nan nan nan nan nan nan 23.1 23.7 nan nan nan nan nan nan 23.8 24.2 24.4 nan 24.5 25.2 25.7 26.1 nan nan nan nan nan nan nan nan nan
nan nan nan nan nan nan nan nan nan nan nan nan nan nan nan nan nan nan nan nan nan nan nan nan nan nan nan nan 39.0 41.2 42.3 42.1 41.4 40.8 40.2 39.8 39.5 39.4 39.3 39.2 39.0 38.5 37.8 36.8 35.9 35.3 35.0 34.7 34.4 33.8 33.1 32.2 30.9 29.5 28.3 27.1 26.2 nan nan nan nan nan nan nan nan 23.2 23.8 nan nan nan nan nan nan 23.8 24.3 24.6 25.3 26.0 26.0 26.0 nan nan nan nan nan nan nan nan nan nan
nan nan nan nan nan nan nan nan nan nan nan nan nan nan nan nan nan nan nan nan nan nan nan nan nan nan nan nan nan 16.4 42.1 42.1 41.6 40.9 40.3 39.8 39.4 39.2 39.0 38.9 38.7 38.2 37.7 36.9 36.1 35.6 35.2 35.0 34.7 34.2 33.6 32.6 31.5 30.2 29.0 27.8 26.6 25.8 nan nan nan nan nan nan 23.1 23.5 23.9 nan 24.7 24.7 24.9 nan nan 23.9 24.6 25.1 25.8 26.6 nan nan nan nan nan nan nan nan nan nan nan nan
nan nan nan nan nan nan nan nan nan nan nan nan nan nan nan nan nan nan nan nan nan nan nan nan nan nan nan nan nan nan 17.4 41.7 41.6 41.0 40.2 39.6 39.2 38.9 38.7 38.5 38.3 38.1 37.6 36.8 36.2 35.7 35.3 35.1 34.8 34.3 33.9 33.0 32.0 30.9 29.7 28.4 27.3 26.3 nan nan nan nan nan 23.3 23.5 24.0 24.3 24.6 24.7 24.7 24.7 13.4 nan 24.0 24.8 25.4 26.0 26.4 nan nan nan nan nan nan nan nan nan nan nan nan
nan nan nan nan nan nan nan nan nan nan nan nan nan nan nan nan nan nan nan nan nan nan nan nan nan nan nan nan nan nan nan 38.2 40.6 40.8 40.1 39.5 39.1 38.7 38.3 38.1 37.8 37.6 37.2 36.6 36.2 35.7 35.2 35.0 34.9 34.5 34.0 33.5 32.6 31.5 30.4 29.0 27.8 26.7 25.7 nan nan 23.9 24.3 24.2 24.2 24.5 24.8 24.9 24.9 24.9 24.9 nan nan 24.3 25.1 25.6 26.1 26.3 nan nan nan nan nan nan nan nan nan nan nan nan
nan nan nan nan nan nan nan nan nan nan nan nan nan nan nan nan nan nan nan nan nan nan nan nan nan nan nan nan nan nan nan nan 41.0 40.4 39.9 39.3 38.8 38.5 38.1 37.8 37.5 37.3 36.9 36.5 36.0 35.4 35.0 34.8 34.8 34.5 34.2 33.7 33.0 32.1 30.9 29.6 28.5 27.4 26.4 25.5 25.1 25.1 25.1 nan 24.8 25.3 25.6 25.8 25.7 25.6 25.3 24.9 24.9 25.1 25.4 25.8 26.1 nan nan nan nan nan nan nan nan nan nan nan nan nan
nan nan nan nan nan nan nan nan nan nan nan nan nan nan nan nan nan nan nan nan nan nan nan nan nan nan nan nan nan nan 39.8 40.0 40.2 39.9 39.5 39.1 38.7 38.3 38.0 37.6 37.4 37.1 36.8 36.4 35.8 35.3 34.8 34.6 34.7 34.5 34.3 34.0 33.4 32.6 31.6 30.5 29.4 28.4 27.5 26.8 26.2 25.9 25.7 25.8 25.9 26.3 26.7 26.7 26.5 26.5 25.9 25.3 25.3 25.4 25.7 26.0 26.0 nan nan nan nan nan nan nan nan nan nan nan nan nan
nan nan nan nan nan nan nan nan nan nan nan nan nan nan nan nan nan nan nan nan nan nan nan nan nan nan nan nan nan nan nan nan 39.6 39.4 39.2 39.1 38.8 38.2 37.7 37.4 37.2 36.9 36.7 36.3 35.8 35.3 34.8 34.5 34.6 34.5 34.4 34.2 33.8 33.2 32.3 31.3 30.3 29.4 28.6 27.8 27.2 26.6 26.4 26.5 26.4 26.5 26.7 nan nan nan 25.9 25.7 25.6 25.6 25.8 26.0 nan nan nan nan nan nan nan nan nan nan nan nan nan nan
nan nan nan nan nan nan nan nan nan nan nan nan nan nan nan nan nan nan nan nan nan nan nan nan nan nan nan nan nan nan 17.6 16.1 38.9 39.0 39.1 39.2 39.0 38.6 37.9 37.5 37.2 36.9 36.5 36.2 35.7 35.3 34.8 34.6 34.5 34.5 34.5 34.4 34.1 33.7 33.0 32.1 31.2 30.3 29.4 28.6 27.8 27.2 26.8 26.7 nan nan nan nan nan nan nan 25.9 25.7 25.7 25.9 25.9 nan nan nan nan nan nan nan nan nan nan nan nan nan nan
nan nan nan nan nan nan nan nan nan nan nan nan nan nan nan nan nan nan nan nan nan nan nan nan nan nan nan nan nan nan 17.7 37.9 38.8 39.2 39.3 19.7 39.1 39.0 38.1 37.6 37.2 36.8 36.4 36.1 35.8 35.3 35.0 34.7 34.6 34.5 34.6 34.5 34.4 34.2 33.6 32.9 32.1 31.2 30.2 29.2 28.3 27.5 27.0 nan nan nan nan nan nan 25.0 25.3 25.7 25.7 25.7 25.8 nan nan nan nan nan nan nan nan nan nan nan nan nan nan nan
nan nan nan nan nan nan nan nan nan nan nan nan nan nan nan nan nan nan nan nan nan nan nan nan nan nan nan nan nan nan 17.7 36.1 38.8 39.7 nan nan nan 38.5 38.3 37.6 37.1 36.7 36.3 36.0 35.7 35.3 35.0 34.8 34.7 34.7 34.7 34.8 34.7 34.6 34.3 33.8 33.1 32.2 31.1 30.1 29.0 28.0 27.4 nan nan nan nan nan 24.9 25.0 25.2 25.5 25.4 25.4 nan nan nan nan nan nan nan nan nan nan nan nan nan nan nan nan
nan nan nan nan nan nan nan nan nan nan nan nan nan nan nan nan nan nan nan nan nan nan nan nan nan nan nan nan nan nan 17.5 16.5 38.1 39.1 nan nan nan 35.5 37.5 37.7 37.3 36.8 36.4 36.0 35.8 35.5 35.2 35.0 34.9 34.9 35.0 35.1 35.2 35.1 34.9 34.5 34.0 33.2 32.2 31.0 29.8 28.8 28.0 26.6 26.0 nan 24.9 25.0 25.1 25.1 25.1 25.2 nan nan nan nan nan nan nan nan nan nan nan nan nan nan nan nan nan nan
nan nan nan nan nan nan nan nan nan nan nan nan nan nan nan nan nan nan nan nan nan nan nan nan nan nan nan nan nan nan nan nan 38.0 31.5 nan nan nan nan 35.7 37.4 37.5 37.0 36.5 36.0 35.7 35.5 35.2 35.1 35.0 35.1 35.2 35.4 35.6 35.6 35.5 35.2 34.8 34.2 33.4 32.3 31.0 29.7 28.7 27.8 27.0 26.1 25.6 25.2 25.1 25.0 24.9 nan nan nan nan nan nan nan nan nan nan nan nan nan nan nan nan nan nan nan
nan nan nan nan nan nan nan nan nan nan nan nan nan nan nan nan nan nan nan nan nan nan nan nan nan nan nan nan nan nan nan nan nan 34.5 18.8 nan nan nan 16.5 38.0 37.7 37.1 36.6 36.2 35.9 35.6 35.3 35.1 35.1 35.2 35.4 35.7 35.9 36.0 36.0 35.9 35.7 35.3 34.6 33.6 32.2 31.0 29.7 28.6 27.6 26.7 25.9 25.4 25.1 25.0 24.9 nan nan nan nan nan nan nan nan nan nan nan nan nan nan nan nan nan nan nan
nan nan nan nan nan nan nan nan nan nan nan nan nan nan nan nan nan nan nan nan nan nan nan nan nan nan nan nan nan nan nan nan nan nan 20.1 35.3 nan nan nan nan 37.8 37.4 36.7 36.2 35.9 35.6 35.3 35.2 35.2 35.3 35.6 35.9 36.2 36.5 36.6 36.6 36.5 36.2 35.7 34.9 33.6 32.2 30.9 29.6 28.3 27.2 26.2 25.6 25.1 24.9 24.9 24.8 nan nan nan nan nan nan nan nan nan nan nan nan nan nan nan nan nan nan
nan nan nan nan nan nan nan nan nan nan nan nan nan nan nan nan nan nan nan nan nan nan nan nan nan nan nan nan nan nan nan nan nan nan nan 27.2 18.0 nan nan nan nan 36.1 36.8 36.3 35.9 35.5 35.2 35.1 35.1 35.3 35.6 36.0 36.4 36.8 37.1 37.3 37.2 37.1 36.7 36.0 34.9 33.4 31.9 30.4 29.0 27.6 26.5 25.6 25.1 24.7 24.6 24.7 24.7 12.8 nan nan nan nan nan nan nan nan nan nan nan nan nan nan nan nan
nan nan nan nan nan nan nan nan nan nan nan nan nan nan nan nan nan nan nan nan nan nan nan nan nan nan nan nan nan nan nan nan nan nan 19.6 25.6 38.4 38.4 nan 18.1 nan 33.4 36.7 36.2 35.7 35.4 35.2 35.0 34.9 35.1 35.5 35.9 36.4 36.9 37.4 37.5 37.8 37.7 37.4 36.8 35.8 34.3 32.6 30.9 29.3 27.8 26.6 25.9 25.3 24.7 24.5 24.5 24.5 24.4 nan nan nan nan nan nan nan nan nan nan nan nan nan nan nan nan
nan nan nan nan nan nan nan nan nan nan nan nan nan nan nan nan nan nan nan nan nan nan nan nan nan nan nan nan nan nan nan nan nan nan 38.0 38.3 38.7 36.0 23.1 34.0 35.9 29.8 36.4 36.2 35.7 35.2 34.9 34.8 34.7 34.9 35.2 35.7 36.3 36.9 37.4 37.7 38.0 38.1 37.8 37.3 36.3 34.6 32.7 30.9 29.2 27.5 25.9 26.0 25.3 25.3 24.5 24.4 24.4 24.5 24.8 nan nan nan nan nan nan nan nan nan nan nan nan nan nan nan
nan nan nan nan nan nan nan nan nan nan nan nan nan nan nan nan nan nan nan nan nan nan nan nan nan nan nan nan nan nan nan nan nan nan 38.0 38.5 38.8 38.5 37.6 nan 37.3 35.3 37.2 36.4 35.7 35.2 34.8 34.6 34.5 34.7 35.0 35.5 36.2 36.8 37.3 37.8 38.2 38.5 38.2 37.6 36.6 34.8 -9999.0 -9999.0 -9999.0 -9999.0 -9999.0 -9999.0 -9999.0 13.4 24.6 24.4 24.5 24.4 24.5 nan nan nan nan nan nan nan nan nan nan nan nan nan nan -9999.0
nan nan nan nan nan nan nan nan nan nan nan nan nan nan nan nan nan nan nan nan nan nan nan nan nan nan nan nan nan nan nan nan nan nan 38.0 38.4 38.7 38.8 39.0 nan nan 38.2 37.5 36.7 35.8 35.3 34.8 34.5 34.5 34.7 35.0 35.5 36.0 36.7 37.3 37.8 38.4 38.7 38.4 37.8 36.6 -9999.0 -9999.0 -9999.0 -9999.0 -9999.0 -9999.0 -9999.0 -9999.0 nan 15.3 23.7 24.2 23.5 nan nan nan nan nan nan nan nan nan nan nan nan nan nan nan -9999.0
nan nan nan nan nan nan nan nan nan nan nan nan nan nan nan nan nan nan nan nan nan nan nan nan nan nan nan nan nan nan nan nan nan nan 37.8 38.2 38.4 38.6 38.5 nan 31.5 34.3 37.7 36.9 36.1 35.5 35.0 34.7 34.6 34.7 34.9 35.4 36.0 36.7 37.2 37.9 38.4 38.8 38.6 37.8 36.4 -9999.0 -9999.0 -9999.0 -9999.0 -9999.0 -9999.0 -9999.0 -9999.0 -9999.0 -9999.0 nan 13.0 13.0 nan nan nan nan nan nan nan nan nan nan nan nan nan nan nan -9999.0
nan nan nan nan nan nan nan nan nan nan nan nan nan nan nan nan nan nan nan nan nan nan nan nan nan nan nan nan nan nan nan nan nan nan 37.4 37.9 38.6 36.7 34.7 23.1 35.4 29.8 37.2 36.9 36.3 35.8 35.4 35.0 34.8 34.8 35.0 35.4 35.9 36.6 37.2 37.9 38.5 38.9 38.6 37.6 -9999.0 -9999.0 -9999.0 -9999.0 -9999.0 -9999.0 -9999.0 -9999.0 -9999.0 -9999.0 -9999.0 nan nan nan nan nan nan nan nan nan nan nan nan nan nan nan nan nan nan -9999.0
nan nan nan nan nan nan nan nan nan nan nan nan nan nan nan nan nan nan nan nan nan nan nan nan nan nan nan nan nan nan nan nan 33.2 34.6 37.0 38.4 39.2 40.1 39.8 35.7 nan 38.5 37.6 37.1 36.4 36.1 35.7 35.3 35.1 35.0 35.2 35.5 36.0 36.5 37.2 38.1 38.8 39.1 38.7 -9999.0 -9999.0 -9999.0 -9999.0 -9999.0 -9999.0 -9999.0 -9999.0 -9999.0 -9999.0 -9999.0 -9999.0 -9999.0 nan nan nan nan nan nan nan nan nan nan nan nan nan nan nan nan nan -9999.0
nan nan nan nan nan nan nan nan nan nan nan nan nan nan nan nan nan nan nan nan nan nan nan nan nan nan nan nan nan 18.0 nan nan 37.4 37.8 38.5 38.7 39.9 40.8 41.7 nan nan 37.9 37.7 37.3 36.7 36.4 36.1 35.7 35.5 35.4 35.4 35.7 36.1 36.7 37.3 38.2 38.9 39.2 38.6 -9999.0 -9999.0 -9999.0 -9999.0 -9999.0 -9999.0 -9999.0 -9999.0 -9999.0 -9999.0 -9999.0 -9999.0 -9999.0 -9999.0 -9999.0 nan nan nan nan nan nan nan nan nan nan nan nan nan nan nan -9999.0
nan nan nan nan nan nan nan nan nan nan nan nan nan nan nan nan nan nan nan nan nan nan nan nan nan nan nan nan nan 16.0 16.0 nan 37.7 38.7 35.9 35.8 37.8 40.9 41.3 40.0 nan 37.9 37.9 37.6 37.1 36.7 36.5 36.2 35.9 35.8 35.8 36.0 36.4 36.8 37.5 38.2 39.0 39.1 -9999.0 -9999.0 -9999.0 -9999.0 -9999.0 -9999.0 -9999.0 -9999.0 -9999.0 -9999.0 -9999.0 -9999.0 -9999.0 -9999.0 -9999.0 -9999.0 -9999.0 nan nan nan nan nan nan nan nan nan nan nan nan nan nan -9999.0
nan nan nan nan nan nan nan nan nan nan nan nan nan nan nan nan nan nan nan nan nan nan nan nan nan nan nan nan nan 16.9 37.5 37.9 38.5 39.4 40.7 nan 16.5 40.3 40.9 41.1 nan 36.7 38.6 38.1 37.6 37.3 36.9 36.7 36.4 36.3 36.3 36.4 36.7 37.1 37.6 38.3 38.9 38.8 -9999.0 -9999.0 -9999.0 -9999.0 -9999.0 -9999.0 -9999.0 -9999.0 -9999.0 -9999.0 -9999.0 -9999.0 -9999.0 -9999.0 -9999.0 -9999.0 -9999.0 -9999.0 nan nan nan nan nan nan nan nan nan nan nan nan nan -9999.0
nan nan nan nan nan nan nan nan nan nan nan nan nan nan nan nan nan nan nan nan nan nan nan nan nan nan nan nan nan nan 36.7 38.0 39.0 40.2 37.1 nan nan 38.4 39.1 39.7 nan 32.0 35.2 38.4 38.2 37.7 37.4 37.1 37.0 36.9 36.8 36.9 37.2 37.5 38.1 38.5 38.9 38.8 -9999.0 -9999.0 -9999.0 -9999.0 -9999.0 -9999.0 -9999.0 -9999.0 -9999.0 -9999.0 -9999.0 -9999.0 -9999.0 -9999.0 -9999.0 -9999.0 -9999.0 -9999.0 -9999.0 nan nan nan nan nan nan nan nan nan nan nan nan -9999.0
nan nan nan nan nan nan nan nan nan nan nan nan nan nan nan nan nan nan nan nan nan nan nan nan nan nan nan nan nan nan 34.7 38.1 39.3 40.4 36.5 nan 18.1 30.0 34.2 20.2 31.4 26.7 29.4 37.5 38.7 37.9 37.7 37.7 37.6 37.5 37.5 37.5 37.7 37.9 38.5 38.7 38.4 38.9 -9999.0 -9999.0 -9999.0 -9999.0 -9999.0 -9999.0 -9999.0 -9999.0 -9999.0 -9999.0 -9999.0 -9999.0 -9999.0 -9999.0 -9999.0 -9999.0 -9999.0 -9999.0 -9999.0 -9999.0 nan nan nan nan nan nan nan nan nan nan nan -9999.0
nan nan nan nan nan nan nan nan nan nan nan nan nan nan nan nan nan nan nan nan nan nan nan nan nan nan nan nan nan nan 35.1 37.5 39.2 40.2 37.0 18.2 nan 35.6 26.0 19.0 27.6 nan 38.0 38.9 38.6 38.3 38.2 38.0 38.1 38.1 38.0 38.0 37.9 38.3 38.8 38.9 37.6 30.0 -9999.0 -9999.0 -9999.0 -9999.0 -9999.0 -9999.0 -9999.0 -9999.0 -9999.0 -9999.0 -9999.0 -9999.0 -9999.0 -9999.0 -9999.0 -9999.0 -9999.0 -9999.0 -9999.0 -9999.0 -9999.0 -9999.0 nan nan nan nan nan nan nan nan nan -9999.0
nan nan nan nan nan nan nan nan nan nan nan nan nan nan nan nan nan nan nan nan nan nan nan nan nan nan nan nan nan nan nan 37.8 38.7 39.6 40.2 nan nan 27.2 25.8 21.2 nan nan 38.8 39.0 38.9 38.4 38.3 38.2 38.4 38.4 38.5 38.4 38.4 38.7 39.0 39.3 37.7 34.7 -9999.0 -9999.0 -9999.0 -9999.0 -9999.0 -9999.0 -9999.0 -9999.0 -9999.0 -9999.0 -9999.0 nan nan nan -9999.0 -9999.0 -9999.0 -9999.0 -9999.0 -9999.0 -9999.0 -9999.0 -9999.0 -9999.0 -9999.0 -9999.0 -9999.0 nan nan nan -9999.0 -9999.0
nan nan nan nan nan nan nan nan nan nan nan nan nan nan nan nan nan nan nan nan nan nan nan nan nan nan nan nan nan nan nan 35.5 38.2 39.2 40.4 nan 17.6 23.2 35.7 20.0 nan nan 38.7 39.2 39.2 38.9 38.7 38.5 38.7 38.7 38.6 38.6 38.6 38.9 39.3 39.6 39.1 35.1 -9999.0 -9999.0 -9999.0 -9999.0 -9999.0 -9999.0 -9999.0 -9999.0 -9999.0 -9999.0 -9999.0 nan nan nan nan nan -9999.0 -9999.0 -9999.0 -9999.0 -9999.0 -9999.0 -9999.0 -9999.0 -9999.0 -9999.0 -9999.0 -9999.0 -9999.0 -9999.0 -9999.0 -9999.0
nan nan nan nan nan nan nan nan nan nan nan nan nan nan nan nan nan nan nan nan nan nan nan nan nan nan nan nan nan nan nan 17.7 37.3 38.9 39.0 37.6 33.9 27.1 22.1 17.9 20.2 nan 38.1 39.3 39.2 38.9 39.0 38.9 38.8 38.8 38.8 38.8 38.8 39.1 39.4 39.2 38.4 30.1 -9999.0 -9999.0 -9999.0 -9999.0 -9999.0 -9999.0 -9999.0 -9999.0 -9999.0 -9999.0 -9999.0 -9999.0 -9999.0 -9999.0 -9999.0 -9999.0 -9999.0 -9999.0 -9999.0 -9999.0 -9999.0 -9999.0 -9999.0 -9999.0 -9999.0 -9999.0 -9999.0 -9999.0 -9999.0 -9999.0 -9999.0 -9999.0
nan nan nan nan nan nan nan nan nan nan nan nan nan nan nan nan nan nan nan nan nan nan nan nan nan nan nan nan nan nan nan 17.6 35.2 38.6 40.2 41.0 41.2 nan 25.6 29.2 16.9 nan 38.5 39.2 39.5 39.2 38.9 38.9 38.9 38.8 38.7 38.7 38.8 39.2 39.6 39.4 38.4 34.7 -9999.0 -9999.0 -9999.0 -9999.0 -9999.0 -9999.0 -9999.0 -9999.0 -9999.0 -9999.0 -9999.0 -9999.0 -9999.0 -9999.0 -9999.0 -9999.0 -9999.0 -9999.0 -9999.0 -9999.0 -9999.0 -9999.0 -9999.0 -9999.0 -9999.0 -9999.0 -9999.0 -9999.0 -9999.0 -9999.0 -9999.0 -9999.0
nan nan nan nan nan nan nan nan nan nan nan nan nan nan nan nan nan nan nan nan nan nan nan nan nan nan nan nan nan nan nan 17.6 32.5 36.2 39.6 40.4 40.7 nan nan 25.9 18.7 nan nan 39.3 40.0 39.8 39.5 39.1 38.8 38.8 38.7 38.8 38.9 39.2 39.7 39.8 39.1 34.3 -9999.0 -9999.0 -9999.0 -9999.0 -9999.0 -9999.0 -9999.0 -9999.0 -9999.0 -9999.0 -9999.0 -9999.0 -9999.0 -9999.0 -9999.0 -9999.0 -9999.0 -9999.0 -9999.0 -9999.0 -9999.0 -9999.0 -9999.0 -9999.0 -9999.0 -9999.0 -9999.0 -9999.0 -9999.0 -9999.0 -9999.0 -9999.0
nan nan nan nan nan nan nan nan nan nan nan nan nan nan nan nan nan nan nan nan nan nan nan nan nan nan nan nan nan nan nan nan 17.1 37.8 39.2 40.2 nan nan nan 26.0 18.4 17.0 nan nan 39.0 39.7 39.7 39.3 38.9 38.8 38.8 38.8 38.9 39.2 39.6 40.2 40.4 36.4 -9999.0 -9999.0 -9999.0 -9999.0 -9999.0 -9999.0 -9999.0 -9999.0 -9999.0 -9999.0 -9999.0 -9999.0 -9999.0 -9999.0 -9999.0 -9999.0 -9999.0 -9999.0 -9999.0 -9999.0 -9999.0 -9999.0 -9999.0 -9999.0 nan nan nan -9999.0 -9999.0 -9999.0 -9999.0 -9999.0
nan nan nan nan nan nan nan nan nan nan nan nan nan nan nan nan nan nan nan nan nan nan nan nan nan nan nan nan nan nan nan nan 34.9 36.9 38.5 39.8 nan nan nan nan 20.9 17.1 30.9 nan 37.0 39.0 39.4 39.1 38.8 38.6 38.7 38.8 39.0 39.4 39.9 40.4 40.9 39.8 -9999.0 -9999.0 -9999.0 -9999.0 -9999.0 -9999.0 -9999.0 -9999.0 -9999.0 -9999.0 -9999.0 -9999.0 -9999.0 -9999.0 -9999.0 -9999.0 -9999.0 -9999.0 -9999.0 -9999.0 -9999.0 -9999.0 nan nan nan nan nan nan nan nan -9999.0 -9999.0
nan nan nan nan nan nan nan nan nan nan nan nan nan nan nan nan nan nan nan nan nan nan nan nan nan nan nan nan nan nan nan nan nan 37.2 38.7 39.7 nan nan nan nan 27.4 18.8 23.0 22.6 nan 39.1 39.8 39.6 39.0 38.7 38.8 38.8 39.0 39.4 40.1 40.8 41.5 41.9 -9999.0 -9999.0 -9999.0 -9999.0 -9999.0 -9999.0 -9999.0 -9999.0 -9999.0 -9999.0 -9999.0 nan nan nan nan nan nan nan nan nan nan nan nan nan nan nan nan nan nan nan nan nan
nan nan nan nan nan nan nan nan nan nan nan nan nan nan nan nan nan nan nan nan nan nan nan nan nan nan nan nan nan nan nan nan nan 37.6 39.0 39.9 40.1 nan nan nan 38.2 21.9 20.9 36.9 nan nan 39.5 39.7 39.3 39.0 38.9 39.0 39.3 39.7 40.4 41.3 42.4 43.5 -9999.0 -9999.0 -9999.0 -9999.0 -9999.0 -9999.0 -9999.0 -9999.0 -9999.0 -9999.0 nan nan nan nan nan nan nan nan nan nan nan nan nan nan nan nan nan nan nan nan nan nan
