data/output/RUN203/ECOSPACE/ECOSPACE_in_PAR3/PAR-VarZ-VarK/PAR-VarZ-VarK_1998_04.asc
ncols        93
nrows        151 
xllcorner    -123.80739
yllcorner    48.29471 
cellsize     0.013497347 
NODATA_value  0.0
[rows 80 to 119 of 151, columns 0 to 89 of 93]
nan nan nan nan nan nan nan nan nan nan nan nan nan nan nan nan nan nan nan nan nan nan nan 33.6 33.0 32.8 35.6 36.3 36.0 35.4 34.7 34.0 33.3 32.6 32.1 31.6 31.2 30.8 30.4 30.0 29.8 29.5 29.3 29.1 28.9 28.8 28.6 28.5 28.2 27.6 26.9 25.8 24.7 23.8 nan nan nan nan nan nan nan nan nan nan nan nan 19.7 20.3 20.6 20.8 nan 20.2 20.2 20.4 20.6 20.8 20.8 20.4 20.2 20.5 21.0 21.2 21.2 nan nan nan nan nan nan nan
nan nan nan nan nan nan nan nan nan nan nan nan nan nan nan nan nan nan nan nan nan nan nan nan nan nan 36.1 36.2 36.1 35.7 35.2 34.5 33.7 32.9 32.2 31.7 31.2 30.8 30.5 30.2 30.0 29.8 29.6 29.4 29.1 29.0 28.8 28.6 28.4 28.0 27.4 26.4 25.2 24.1 23.0 nan nan nan nan nan nan nan nan nan nan nan 20.2 20.5 nan nan nan nan nan 20.6 21.0 21.3 nan 20.7 20.9 21.3 21.8 22.3 nan nan nan nan nan nan nan nan
nan nan nan nan nan nan nan nan nan nan nan nan nan nan nan nan nan nan nan nan nan nan nan nan nan nan nan 36.2 36.0 36.0 35.6 34.9 34.0 33.2 32.4 31.8 31.3 30.9 30.6 30.3 30.1 30.0 29.8 29.6 29.4 29.2 29.0 28.8 28.6 28.3 27.8 27.0 25.8 24.5 23.5 22.6 nan nan nan nan nan nan nan nan nan 20.2 20.8 nan nan nan nan nan nan 20.6 21.0 21.2 nan 21.2 21.8 22.2 22.5 nan nan nan nan nan nan nan nan nan
nan nan nan nan nan nan nan nan nan nan nan nan nan nan nan nan nan nan nan nan nan nan nan nan nan nan nan nan 34.0 35.1 35.9 35.3 34.4 33.5 32.7 32.0 31.5 31.0 30.7 30.4 30.3 30.1 30.0 29.7 29.5 29.3 29.1 28.9 28.8 28.5 28.0 27.3 26.2 25.0 24.0 23.1 22.5 nan nan nan nan nan nan nan nan 20.3 20.8 nan nan nan nan nan nan 20.7 21.1 21.5 22.1 22.8 22.7 22.6 nan nan nan nan nan nan nan nan nan nan
nan nan nan nan nan nan nan nan nan nan nan nan nan nan nan nan nan nan nan nan nan nan nan nan nan nan nan nan nan 14.6 35.8 35.3 34.6 33.7 32.8 32.2 31.6 31.1 30.7 30.5 30.3 30.1 30.0 29.8 29.5 29.4 29.2 29.0 28.9 28.6 28.2 27.5 26.6 25.6 24.5 23.6 22.9 22.3 nan nan nan nan nan nan 20.2 20.6 21.0 nan 21.8 21.9 22.0 nan nan 20.9 21.4 21.9 22.6 23.6 nan nan nan nan nan nan nan nan nan nan nan nan
nan nan nan nan nan nan nan nan nan nan nan nan nan nan nan nan nan nan nan nan nan nan nan nan nan nan nan nan nan nan 15.4 35.3 34.7 33.8 33.0 32.3 31.7 31.2 30.8 30.5 30.2 30.1 30.0 29.8 29.5 29.3 29.2 29.0 28.9 28.6 28.2 27.6 26.9 26.0 25.0 24.1 23.4 22.7 nan nan nan nan nan 20.4 20.7 21.1 21.5 21.8 21.9 21.9 21.9 12.1 nan 21.1 21.7 22.3 23.0 23.5 nan nan nan nan nan nan nan nan nan nan nan nan
nan nan nan nan nan nan nan nan nan nan nan nan nan nan nan nan nan nan nan nan nan nan nan nan nan nan nan nan nan nan nan 32.6 34.4 33.9 33.1 32.4 31.8 31.2 30.7 30.4 30.2 29.9 29.8 29.7 29.5 29.3 29.1 28.9 28.8 28.7 28.3 27.8 27.2 26.5 25.6 24.7 23.9 23.2 22.4 nan nan 21.0 21.4 21.4 21.5 21.8 22.1 22.3 22.2 22.2 22.1 nan nan 21.5 22.2 22.8 23.4 23.6 nan nan nan nan nan nan nan nan nan nan nan nan
nan nan nan nan nan nan nan nan nan nan nan nan nan nan nan nan nan nan nan nan nan nan nan nan nan nan nan nan nan nan nan nan 34.5 33.7 33.0 32.4 31.8 31.2 30.7 30.3 30.1 29.8 29.7 29.5 29.3 29.1 29.0 28.9 28.8 28.7 28.4 28.0 27.6 27.0 26.2 25.4 24.5 23.8 23.2 22.4 22.1 22.1 22.3 nan 22.1 22.7 23.1 23.4 23.3 23.1 22.7 22.3 22.2 22.4 22.6 23.1 23.6 nan nan nan nan nan nan nan nan nan nan nan nan nan
nan nan nan nan nan nan nan nan nan nan nan nan nan nan nan nan nan nan nan nan nan nan nan nan nan nan nan nan nan nan 34.0 33.9 34.0 33.4 32.8 32.2 31.7 31.2 30.7 30.3 30.0 29.7 29.5 29.3 29.1 29.0 29.0 28.9 28.8 28.7 28.5 28.3 28.0 27.6 26.9 26.2 25.4 24.7 24.1 23.6 23.3 23.1 23.1 23.3 23.4 23.9 24.4 24.5 24.4 24.3 23.5 22.9 22.8 22.9 23.2 23.7 23.8 nan nan nan nan nan nan nan nan nan nan nan nan nan
nan nan nan nan nan nan nan nan nan nan nan nan nan nan nan nan nan nan nan nan nan nan nan nan nan nan nan nan nan nan nan nan 33.7 33.2 32.7 32.2 31.8 31.2 30.7 30.2 29.8 29.5 29.3 29.0 28.8 28.8 28.7 28.7 28.8 28.8 28.7 28.6 28.4 28.1 27.6 27.0 26.4 25.8 25.3 24.8 24.5 24.1 24.0 24.1 24.1 24.3 24.6 nan nan nan 23.7 23.4 23.3 23.3 23.6 23.9 nan nan nan nan nan nan nan nan nan nan nan nan nan nan
nan nan nan nan nan nan nan nan nan nan nan nan nan nan nan nan nan nan nan nan nan nan nan nan nan nan nan nan nan nan 15.6 14.3 33.2 33.0 32.7 32.5 32.1 31.4 30.7 30.1 29.7 29.3 29.1 28.8 28.6 28.5 28.5 28.5 28.6 28.8 28.9 28.9 28.9 28.7 28.4 27.9 27.4 26.9 26.3 25.8 25.3 24.8 24.5 24.4 nan nan nan nan nan nan nan 23.7 23.6 23.7 24.0 23.9 nan nan nan nan nan nan nan nan nan nan nan nan nan nan
nan nan nan nan nan nan nan nan nan nan nan nan nan nan nan nan nan nan nan nan nan nan nan nan nan nan nan nan nan nan 15.6 32.4 32.9 33.1 32.9 17.0 32.4 31.7 30.7 30.1 29.6 29.1 28.8 28.5 28.3 28.2 28.2 28.3 28.5 28.8 29.1 29.2 29.3 29.2 29.0 28.7 28.3 27.9 27.3 26.7 25.9 25.3 24.9 nan nan nan nan nan nan 23.0 23.2 23.6 23.7 23.9 24.1 nan nan nan nan nan nan nan nan nan nan nan nan nan nan nan
nan nan nan nan nan nan nan nan nan nan nan nan nan nan nan nan nan nan nan nan nan nan nan nan nan nan nan nan nan nan 15.6 30.5 32.8 33.1 nan nan nan 31.2 30.7 30.1 29.5 29.0 28.6 28.3 28.1 28.0 28.0 28.2 28.5 28.9 29.2 29.5 29.7 29.7 29.6 29.5 29.2 28.9 28.3 27.6 26.8 26.0 25.4 nan nan nan nan nan 23.0 23.1 23.3 23.5 23.5 23.6 nan nan nan nan nan nan nan nan nan nan nan nan nan nan nan nan
nan nan nan nan nan nan nan nan nan nan nan nan nan nan nan nan nan nan nan nan nan nan nan nan nan nan nan nan nan nan 15.4 14.4 32.0 32.7 nan nan nan 28.4 30.4 30.0 29.5 28.9 28.4 28.1 27.9 27.8 27.9 28.1 28.5 29.0 29.4 29.7 30.0 30.1 30.2 30.2 30.0 29.8 29.4 28.6 27.7 26.8 26.0 24.8 24.2 nan 23.2 23.3 23.3 23.2 23.2 23.3 nan nan nan nan nan nan nan nan nan nan nan nan nan nan nan nan nan nan
nan nan nan nan nan nan nan nan nan nan nan nan nan nan nan nan nan nan nan nan nan nan nan nan nan nan nan nan nan nan nan nan 31.6 26.5 nan nan nan nan 29.3 30.1 29.6 28.9 28.3 28.0 27.7 27.7 27.8 28.2 28.6 29.1 29.5 29.9 30.2 30.5 30.7 30.8 30.8 30.7 30.3 29.7 28.8 27.8 26.8 25.9 25.2 24.4 24.0 23.6 23.5 23.3 23.0 nan nan nan nan nan nan nan nan nan nan nan nan nan nan nan nan nan nan nan
nan nan nan nan nan nan nan nan nan nan nan nan nan nan nan nan nan nan nan nan nan nan nan nan nan nan nan nan nan nan nan nan nan 27.6 14.1 nan nan nan 14.4 30.7 29.9 28.9 28.3 27.9 27.7 27.7 28.0 28.3 28.8 29.2 29.7 30.1 30.6 31.0 31.3 31.5 31.6 31.5 31.2 30.7 30.0 29.0 28.0 27.0 26.1 25.2 24.4 23.9 23.6 23.3 22.9 nan nan nan nan nan nan nan nan nan nan nan nan nan nan nan nan nan nan nan
nan nan nan nan nan nan nan nan nan nan nan nan nan nan nan nan nan nan nan nan nan nan nan nan nan nan nan nan nan nan nan nan nan nan 14.8 27.7 nan nan nan nan 29.9 29.2 28.5 28.1 27.8 27.9 28.1 28.5 29.0 29.4 29.8 30.4 30.9 31.4 31.8 32.1 32.2 32.2 32.0 31.6 31.0 30.1 29.0 27.9 26.9 25.8 24.9 24.2 23.7 23.3 23.1 22.9 nan nan nan nan nan nan nan nan nan nan nan nan nan nan nan nan nan nan
nan nan nan nan nan nan nan nan nan nan nan nan nan nan nan nan nan nan nan nan nan nan nan nan nan nan nan nan nan nan nan nan nan nan nan 20.3 15.8 nan nan nan nan 28.1 28.8 28.4 28.0 28.0 28.3 28.6 29.0 29.4 29.9 30.4 30.9 31.5 32.0 32.4 32.6 32.7 32.6 32.3 31.7 30.9 29.9 28.7 27.5 26.3 25.2 24.4 23.8 23.3 23.1 23.0 22.9 11.9 nan nan nan nan nan nan nan nan nan nan nan nan nan nan nan nan
nan nan nan nan nan nan nan nan nan nan nan nan nan nan nan nan nan nan nan nan nan nan nan nan nan nan nan nan nan nan nan nan nan nan 16.7 20.9 30.1 30.0 nan 15.9 nan 25.5 28.8 28.5 28.2 28.2 28.4 28.7 29.0 29.4 29.7 30.2 30.7 31.3 31.9 32.4 32.8 33.0 33.0 32.7 32.2 31.4 30.4 29.1 27.8 26.4 25.2 24.4 23.8 23.2 22.9 22.9 22.9 22.7 nan nan nan nan nan nan nan nan nan nan nan nan nan nan nan nan
nan nan nan nan nan nan nan nan nan nan nan nan nan nan nan nan nan nan nan nan nan nan nan nan nan nan nan nan nan nan nan nan nan nan 30.6 30.2 30.3 27.2 17.8 26.0 27.7 22.9 28.5 28.5 28.4 28.3 28.4 28.6 28.9 29.1 29.5 29.8 30.3 30.9 31.5 32.1 32.7 33.0 33.1 32.8 32.3 31.5 30.4 29.1 27.6 26.1 24.4 23.9 22.4 23.1 22.8 22.8 22.8 22.8 23.0 nan nan nan nan nan nan nan nan nan nan nan nan nan nan nan
nan nan nan nan nan nan nan nan nan nan nan nan nan nan nan nan nan nan nan nan nan nan nan nan nan nan nan nan nan nan nan nan nan nan 30.5 30.5 30.4 30.2 29.3 nan 28.1 27.6 29.1 28.7 28.5 28.4 28.4 28.5 28.7 28.9 29.1 29.4 29.8 30.4 31.0 31.7 32.3 32.8 33.0 32.7 32.2 31.2 -9999.0 -9999.0 -9999.0 -9999.0 -9999.0 -9999.0 -9999.0 12.3 22.7 22.7 22.8 22.6 22.7 nan nan nan nan nan nan nan nan nan nan nan nan nan nan -9999.0
nan nan nan nan nan nan nan nan nan nan nan nan nan nan nan nan nan nan nan nan nan nan nan nan nan nan nan nan nan nan nan nan nan nan 30.5 30.5 30.3 30.3 30.6 nan nan 29.4 29.4 29.0 28.7 28.5 28.4 28.4 28.5 28.5 28.6 28.8 29.2 29.8 30.5 31.2 32.0 32.5 32.6 32.3 31.6 -9999.0 -9999.0 -9999.0 -9999.0 -9999.0 -9999.0 -9999.0 -9999.0 nan 13.9 22.1 22.5 21.7 nan nan nan nan nan nan nan nan nan nan nan nan nan nan nan -9999.0
nan nan nan nan nan nan nan nan nan nan nan nan nan nan nan nan nan nan nan nan nan nan nan nan nan nan nan nan nan nan nan nan nan nan 30.2 30.1 30.1 30.1 30.6 nan 23.9 27.5 29.7 29.4 28.9 28.6 28.4 28.3 28.2 28.1 28.1 28.3 28.7 29.3 30.0 30.8 31.6 32.1 32.1 31.7 30.9 -9999.0 -9999.0 -9999.0 -9999.0 -9999.0 -9999.0 -9999.0 -9999.0 -9999.0 -9999.0 nan 11.9 12.0 nan nan nan nan nan nan nan nan nan nan nan nan nan nan nan -9999.0
nan nan nan nan nan nan nan nan nan nan nan nan nan nan nan nan nan nan nan nan nan nan nan nan nan nan nan nan nan nan nan nan nan nan 29.7 29.8 30.1 29.3 25.7 16.5 27.1 23.2 29.5 29.4 29.0 28.6 28.3 28.0 27.9 27.7 27.7 27.8 28.2 28.8 29.6 30.4 31.2 31.7 31.6 31.0 -9999.0 -9999.0 -9999.0 -9999.0 -9999.0 -9999.0 -9999.0 -9999.0 -9999.0 -9999.0 -9999.0 nan nan nan nan nan nan nan nan nan nan nan nan nan nan nan nan nan nan -9999.0
nan nan nan nan nan nan nan nan nan nan nan nan nan nan nan nan nan nan nan nan nan nan nan nan nan nan nan nan nan nan nan nan 28.2 28.7 29.6 30.1 30.5 31.0 30.9 27.0 nan 30.0 29.6 29.3 28.9 28.5 28.1 27.8 27.5 27.3 27.3 27.4 27.8 28.4 29.2 30.2 31.0 31.4 31.3 -9999.0 -9999.0 -9999.0 -9999.0 -9999.0 -9999.0 -9999.0 -9999.0 -9999.0 -9999.0 -9999.0 -9999.0 -9999.0 nan nan nan nan nan nan nan nan nan nan nan nan nan nan nan nan nan -9999.0
nan nan nan nan nan nan nan nan nan nan nan nan nan nan nan nan nan nan nan nan nan nan nan nan nan nan nan nan nan 15.8 nan nan 30.2 30.3 30.5 30.4 30.9 31.5 32.3 nan nan 29.6 29.6 29.3 28.9 28.5 28.1 27.6 27.3 27.1 27.0 27.1 27.5 28.2 29.1 30.0 30.9 31.4 31.2 -9999.0 -9999.0 -9999.0 -9999.0 -9999.0 -9999.0 -9999.0 -9999.0 -9999.0 -9999.0 -9999.0 -9999.0 -9999.0 -9999.0 -9999.0 nan nan nan nan nan nan nan nan nan nan nan nan nan nan nan -9999.0
nan nan nan nan nan nan nan nan nan nan nan nan nan nan nan nan nan nan nan nan nan nan nan nan nan nan nan nan nan 14.0 14.0 nan 30.5 30.9 28.3 27.3 29.3 31.7 32.1 30.9 nan 29.7 29.9 29.5 29.0 28.5 28.1 27.7 27.3 27.1 26.9 27.0 27.4 28.2 29.1 30.2 31.1 31.6 -9999.0 -9999.0 -9999.0 -9999.0 -9999.0 -9999.0 -9999.0 -9999.0 -9999.0 -9999.0 -9999.0 -9999.0 -9999.0 -9999.0 -9999.0 -9999.0 -9999.0 nan nan nan nan nan nan nan nan nan nan nan nan nan nan -9999.0
nan nan nan nan nan nan nan nan nan nan nan nan nan nan nan nan nan nan nan nan nan nan nan nan nan nan nan nan nan 14.7 30.5 30.6 30.9 31.4 32.1 nan 14.5 31.5 31.9 32.0 nan 29.2 30.4 30.0 29.4 28.8 28.2 27.8 27.4 27.1 27.0 27.1 27.5 28.3 29.3 30.4 31.4 31.8 -9999.0 -9999.0 -9999.0 -9999.0 -9999.0 -9999.0 -9999.0 -9999.0 -9999.0 -9999.0 -9999.0 -9999.0 -9999.0 -9999.0 -9999.0 -9999.0 -9999.0 -9999.0 nan nan nan nan nan nan nan nan nan nan nan nan nan -9999.0
nan nan nan nan nan nan nan nan nan nan nan nan nan nan nan nan nan nan nan nan nan nan nan nan nan nan nan nan nan nan 29.6 30.8 31.4 32.1 28.9 nan nan 30.5 30.8 30.8 nan 25.4 27.4 30.4 29.9 29.1 28.4 27.9 27.5 27.2 27.1 27.3 27.7 28.5 29.5 30.6 31.6 32.1 -9999.0 -9999.0 -9999.0 -9999.0 -9999.0 -9999.0 -9999.0 -9999.0 -9999.0 -9999.0 -9999.0 -9999.0 -9999.0 -9999.0 -9999.0 -9999.0 -9999.0 -9999.0 -9999.0 nan nan nan nan nan nan nan nan nan nan nan nan -9999.0
nan nan nan nan nan nan nan nan nan nan nan nan nan nan nan nan nan nan nan nan nan nan nan nan nan nan nan nan nan nan 27.9 31.1 31.7 32.5 28.2 nan 15.9 22.8 26.0 13.8 23.0 19.5 22.9 29.7 30.0 29.4 28.7 28.1 27.7 27.5 27.4 27.6 28.1 28.8 29.8 30.9 31.7 31.8 -9999.0 -9999.0 -9999.0 -9999.0 -9999.0 -9999.0 -9999.0 -9999.0 -9999.0 -9999.0 -9999.0 -9999.0 -9999.0 -9999.0 -9999.0 -9999.0 -9999.0 -9999.0 -9999.0 -9999.0 nan nan nan nan nan nan nan nan nan nan nan -9999.0
nan nan nan nan nan nan nan nan nan nan nan nan nan nan nan nan nan nan nan nan nan nan nan nan nan nan nan nan nan nan 28.6 30.3 31.8 32.5 29.2 16.0 nan 27.4 19.0 12.8 19.5 nan 30.6 31.0 30.4 29.7 29.0 28.5 28.1 27.8 27.8 28.0 28.4 29.2 30.1 31.1 31.0 24.0 -9999.0 -9999.0 -9999.0 -9999.0 -9999.0 -9999.0 -9999.0 -9999.0 -9999.0 -9999.0 -9999.0 -9999.0 -9999.0 -9999.0 -9999.0 -9999.0 -9999.0 -9999.0 -9999.0 -9999.0 -9999.0 -9999.0 nan nan nan nan nan nan nan nan nan -9999.0
nan nan nan nan nan nan nan nan nan nan nan nan nan nan nan nan nan nan nan nan nan nan nan nan nan nan nan nan nan nan nan 31.0 31.5 32.1 32.6 nan nan 19.8 18.2 14.2 nan nan 31.0 31.1 30.8 30.1 29.4 28.8 28.4 28.1 28.1 28.3 28.8 29.6 30.7 31.9 32.0 28.1 -9999.0 -9999.0 -9999.0 -9999.0 -9999.0 -9999.0 -9999.0 -9999.0 -9999.0 -9999.0 -9999.0 nan nan nan -9999.0 -9999.0 -9999.0 -9999.0 -9999.0 -9999.0 -9999.0 -9999.0 -9999.0 -9999.0 -9999.0 -9999.0 -9999.0 nan nan nan -9999.0 -9999.0
nan nan nan nan nan nan nan nan nan nan nan nan nan nan nan nan nan nan nan nan nan nan nan nan nan nan nan nan nan nan nan 29.5 31.1 31.8 32.7 nan 15.2 16.3 26.1 13.2 nan nan 30.9 31.2 31.1 30.6 29.9 29.3 28.8 28.5 28.5 28.7 29.1 29.9 31.0 32.3 33.1 28.9 -9999.0 -9999.0 -9999.0 -9999.0 -9999.0 -9999.0 -9999.0 -9999.0 -9999.0 -9999.0 -9999.0 nan nan nan nan nan -9999.0 -9999.0 -9999.0 -9999.0 -9999.0 -9999.0 -9999.0 -9999.0 -9999.0 -9999.0 -9999.0 -9999.0 -9999.0 -9999.0 -9999.0 -9999.0
nan nan nan nan nan nan nan nan nan nan nan nan nan nan nan nan nan nan nan nan nan nan nan nan nan nan nan nan nan nan nan 15.6 30.4 31.6 32.7 31.3 26.4 19.3 15.4 12.1 13.5 nan 30.9 31.2 31.2 30.9 30.3 29.7 29.1 28.8 28.8 29.0 29.4 30.1 31.2 32.3 33.2 25.6 -9999.0 -9999.0 -9999.0 -9999.0 -9999.0 -9999.0 -9999.0 -9999.0 -9999.0 -9999.0 -9999.0 -9999.0 -9999.0 -9999.0 -9999.0 -9999.0 -9999.0 -9999.0 -9999.0 -9999.0 -9999.0 -9999.0 -9999.0 -9999.0 -9999.0 -9999.0 -9999.0 -9999.0 -9999.0 -9999.0 -9999.0 -9999.0
nan nan nan nan nan nan nan nan nan nan nan nan nan nan nan nan nan nan nan nan nan nan nan nan nan nan nan nan nan nan nan 15.5 29.6 31.6 32.6 33.2 33.4 nan 18.9 21.2 11.6 nan 30.8 31.3 31.3 31.1 30.7 30.1 29.5 29.2 29.1 29.2 29.6 30.3 31.3 32.3 33.4 29.8 -9999.0 -9999.0 -9999.0 -9999.0 -9999.0 -9999.0 -9999.0 -9999.0 -9999.0 -9999.0 -9999.0 -9999.0 -9999.0 -9999.0 -9999.0 -9999.0 -9999.0 -9999.0 -9999.0 -9999.0 -9999.0 -9999.0 -9999.0 -9999.0 -9999.0 -9999.0 -9999.0 -9999.0 -9999.0 -9999.0 -9999.0 -9999.0
nan nan nan nan nan nan nan nan nan nan nan nan nan nan nan nan nan nan nan nan nan nan nan nan nan nan nan nan nan nan nan 15.5 26.1 29.8 32.2 32.7 32.8 nan nan 18.4 12.9 nan nan 31.4 31.6 31.3 30.9 30.4 29.9 29.5 29.4 29.5 29.8 30.4 31.3 32.3 33.4 25.6 -9999.0 -9999.0 -9999.0 -9999.0 -9999.0 -9999.0 -9999.0 -9999.0 -9999.0 -9999.0 -9999.0 -9999.0 -9999.0 -9999.0 -9999.0 -9999.0 -9999.0 -9999.0 -9999.0 -9999.0 -9999.0 -9999.0 -9999.0 -9999.0 -9999.0 -9999.0 -9999.0 -9999.0 -9999.0 -9999.0 -9999.0 -9999.0
nan nan nan nan nan nan nan nan nan nan nan nan nan nan nan nan nan nan nan nan nan nan nan nan nan nan nan nan nan nan nan nan 15.0 30.9 31.8 32.4 nan nan nan 18.5 12.7 12.2 nan nan 31.1 31.1 31.0 30.5 30.1 29.8 29.6 29.7 30.0 30.5 31.3 32.3 33.1 30.6 -9999.0 -9999.0 -9999.0 -9999.0 -9999.0 -9999.0 -9999.0 -9999.0 -9999.0 -9999.0 -9999.0 -9999.0 -9999.0 -9999.0 -9999.0 -9999.0 -9999.0 -9999.0 -9999.0 -9999.0 -9999.0 -9999.0 -9999.0 -9999.0 nan nan nan -9999.0 -9999.0 -9999.0 -9999.0 -9999.0
nan nan nan nan nan nan nan nan nan nan nan nan nan nan nan nan nan nan nan nan nan nan nan nan nan nan nan nan nan nan nan nan 29.0 30.1 31.2 32.1 nan nan nan nan 14.8 12.0 22.9 nan 30.0 31.1 31.0 30.6 30.3 30.1 29.9 30.0 30.2 30.6 31.3 32.5 33.7 33.7 -9999.0 -9999.0 -9999.0 -9999.0 -9999.0 -9999.0 -9999.0 -9999.0 -9999.0 -9999.0 -9999.0 -9999.0 -9999.0 -9999.0 -9999.0 -9999.0 -9999.0 -9999.0 -9999.0 -9999.0 -9999.0 -9999.0 nan nan nan nan nan nan nan nan -9999.0 -9999.0
nan nan nan nan nan nan nan nan nan nan nan nan nan nan nan nan nan nan nan nan nan nan nan nan nan nan nan nan nan nan nan nan nan 30.3 31.4 32.1 nan nan nan nan 20.0 13.4 17.1 19.4 nan 31.3 31.4 31.0 30.8 30.5 30.3 30.3 30.4 30.7 31.4 32.4 33.7 33.7 -9999.0 -9999.0 -9999.0 -9999.0 -9999.0 -9999.0 -9999.0 -9999.0 -9999.0 -9999.0 -9999.0 nan nan nan nan nan nan nan nan nan nan nan nan nan nan nan nan nan nan nan nan nan
nan nan nan nan nan nan nan nan nan nan nan nan nan nan nan nan nan nan nan nan nan nan nan nan nan nan nan nan nan nan nan nan nan 30.6 31.6 32.2 32.2 nan nan nan 29.1 15.3 15.3 27.4 nan nan 31.1 31.1 31.0 30.8 30.7 30.6 30.6 30.9 31.6 32.6 34.0 35.0 -9999.0 -9999.0 -9999.0 -9999.0 -9999.0 -9999.0 -9999.0 -9999.0 -9999.0 -9999.0 nan nan nan nan nan nan nan nan nan nan nan nan nan nan nan nan nan nan nan nan nan nan
