data/output/RUN203/ECOSPACE/ECOSPACE_in_PAR3/PAR-VarZ-VarK/PAR-VarZ-VarK_2017_09.asc
ncols        93
nrows        151 
xllcorner    -123.80739
yllcorner    48.29471 
cellsize     0.013497347 
NODATA_value  0.0
[rows 80 to 119 of 151, columns 0 to 89 of 93]
nan nan nan nan nan nan nan nan nan nan nan nan nan nan nan nan nan nan nan nan nan nan nan 29.3 27.9 29.3 30.9 31.3 30.9 30.3 29.7 29.1 28.5 27.9 27.4 26.9 26.5 26.2 26.0 25.7 25.3 24.8 24.1 23.3 22.5 21.6 20.9 20.3 19.7 19.1 18.5 18.0 17.4 16.9 nan nan nan nan nan nan nan nan nan nan nan nan 14.1 14.5 14.6 14.8 nan 14.4 14.3 14.4 14.4 14.5 14.4 14.1 14.0 14.2 14.5 14.6 14.6 nan nan nan nan nan nan nan
nan nan nan nan nan nan nan nan nan nan nan nan nan nan nan nan nan nan nan nan nan nan nan nan nan nan 31.4 31.3 30.9 30.3 29.7 29.0 28.4 27.7 27.2 26.7 26.3 26.0 25.7 25.4 25.1 24.6 24.0 23.3 22.5 21.7 21.1 20.5 20.0 19.5 19.0 18.4 17.8 17.2 16.5 nan nan nan nan nan nan nan nan nan nan nan 14.5 14.7 nan nan nan nan nan 14.5 14.6 14.7 nan 14.3 14.4 14.7 15.0 15.3 nan nan nan nan nan nan nan nan
nan nan nan nan nan nan nan nan nan nan nan nan nan nan nan nan nan nan nan nan nan nan nan nan nan nan nan 31.2 30.7 30.5 29.8 29.0 28.3 27.6 27.0 26.5 26.1 25.7 25.4 25.1 24.8 24.4 23.9 23.2 22.5 21.8 21.2 20.7 20.3 19.9 19.4 18.8 18.2 17.5 16.9 16.4 nan nan nan nan nan nan nan nan nan 14.5 14.9 nan nan nan nan nan nan 14.5 14.7 14.7 nan 14.6 14.9 15.2 15.4 nan nan nan nan nan nan nan nan nan
nan nan nan nan nan nan nan nan nan nan nan nan nan nan nan nan nan nan nan nan nan nan nan nan nan nan nan nan 29.3 30.1 30.0 29.1 28.3 27.5 27.0 26.4 26.0 25.6 25.2 24.9 24.6 24.2 23.7 23.1 22.5 21.9 21.4 21.0 20.6 20.3 19.9 19.3 18.6 18.0 17.3 16.7 16.4 nan nan nan nan nan nan nan nan 14.6 15.0 nan nan nan nan nan nan 14.6 14.7 14.9 15.2 15.6 15.5 15.4 nan nan nan nan nan nan nan nan nan nan
nan nan nan nan nan nan nan nan nan nan nan nan nan nan nan nan nan nan nan nan nan nan nan nan nan nan nan nan nan 11.6 30.1 29.3 28.4 27.5 26.9 26.3 25.8 25.4 25.0 24.7 24.4 24.0 23.5 23.0 22.5 22.0 21.6 21.2 21.0 20.7 20.3 19.8 19.2 18.6 17.9 17.2 16.8 16.4 nan nan nan nan nan nan 14.6 14.9 15.1 nan 15.5 15.6 15.6 nan nan 14.7 14.9 15.2 15.6 16.1 nan nan nan nan nan nan nan nan nan nan nan nan
nan nan nan nan nan nan nan nan nan nan nan nan nan nan nan nan nan nan nan nan nan nan nan nan nan nan nan nan nan nan 12.3 29.4 28.5 27.6 26.8 26.2 25.6 25.2 24.8 24.5 24.2 23.8 23.4 22.9 22.5 22.1 21.8 21.5 21.3 21.1 20.8 20.3 19.8 19.2 18.5 17.9 17.4 17.0 nan nan nan nan nan 14.8 14.9 15.2 15.4 15.5 15.5 15.5 15.6 9.0 nan 14.8 15.2 15.5 15.8 16.0 nan nan nan nan nan nan nan nan nan nan nan nan
nan nan nan nan nan nan nan nan nan nan nan nan nan nan nan nan nan nan nan nan nan nan nan nan nan nan nan nan nan nan nan 27.3 28.5 27.6 26.8 26.1 25.5 25.0 24.6 24.3 24.0 23.7 23.3 22.9 22.5 22.2 21.9 21.7 21.6 21.5 21.3 20.9 20.4 19.9 19.3 18.6 18.1 17.5 16.9 nan nan 15.2 15.5 15.5 15.4 15.7 15.8 15.9 15.8 15.8 15.7 nan nan 15.1 15.4 15.8 16.0 16.1 nan nan nan nan nan nan nan nan nan nan nan nan
nan nan nan nan nan nan nan nan nan nan nan nan nan nan nan nan nan nan nan nan nan nan nan nan nan nan nan nan nan nan nan nan 28.5 27.6 26.7 26.0 25.5 24.9 24.4 24.1 23.9 23.6 23.2 22.9 22.6 22.3 22.1 21.9 21.9 21.8 21.7 21.5 21.1 20.6 20.0 19.3 18.6 18.1 17.5 16.6 16.3 16.2 16.3 nan 15.9 16.3 16.5 16.6 16.6 16.5 16.2 15.9 15.8 15.7 15.8 16.0 16.1 nan nan nan nan nan nan nan nan nan nan nan nan nan
nan nan nan nan nan nan nan nan nan nan nan nan nan nan nan nan nan nan nan nan nan nan nan nan nan nan nan nan nan nan 28.0 28.0 28.0 27.4 26.6 26.0 25.5 24.9 24.4 24.1 23.8 23.5 23.3 23.0 22.7 22.5 22.3 22.2 22.1 22.1 22.1 22.0 21.8 21.3 20.8 20.1 19.5 18.8 18.2 17.6 17.2 17.0 16.9 17.0 16.9 17.1 17.4 17.5 17.4 17.4 17.0 16.4 16.2 16.1 16.1 16.2 16.2 nan nan nan nan nan nan nan nan nan nan nan nan nan
nan nan nan nan nan nan nan nan nan nan nan nan nan nan nan nan nan nan nan nan nan nan nan nan nan nan nan nan nan nan nan nan 27.7 27.1 26.6 26.1 25.6 25.0 24.4 24.0 23.8 23.6 23.3 23.1 22.9 22.7 22.5 22.4 22.4 22.5 22.5 22.5 22.3 22.0 21.5 21.0 20.4 19.7 19.1 18.6 18.2 17.9 17.8 17.8 17.6 17.6 17.8 nan nan nan 17.1 16.9 16.5 16.3 16.3 16.4 nan nan nan nan nan nan nan nan nan nan nan nan nan nan
nan nan nan nan nan nan nan nan nan nan nan nan nan nan nan nan nan nan nan nan nan nan nan nan nan nan nan nan nan nan 12.4 11.3 27.2 27.0 26.6 26.3 26.0 25.3 24.6 24.1 23.8 23.6 23.4 23.2 23.1 22.9 22.8 22.7 22.7 22.8 22.9 22.9 22.8 22.5 22.2 21.7 21.2 20.6 20.1 19.5 19.1 18.7 18.4 18.3 nan nan nan nan nan nan nan 17.1 16.6 16.4 16.4 16.3 nan nan nan nan nan nan nan nan nan nan nan nan nan nan
nan nan nan nan nan nan nan nan nan nan nan nan nan nan nan nan nan nan nan nan nan nan nan nan nan nan nan nan nan nan 12.5 26.8 27.1 27.1 26.9 13.5 26.5 25.8 24.8 24.3 24.0 23.7 23.5 23.4 23.2 23.1 23.0 22.9 22.9 23.0 23.1 23.2 23.2 23.0 22.7 22.4 21.9 21.5 21.0 20.4 19.9 19.4 18.9 nan nan nan nan nan nan 16.7 16.8 16.9 16.6 16.4 16.4 nan nan nan nan nan nan nan nan nan nan nan nan nan nan nan
nan nan nan nan nan nan nan nan nan nan nan nan nan nan nan nan nan nan nan nan nan nan nan nan nan nan nan nan nan nan 12.4 25.6 27.1 27.3 nan nan nan 25.5 25.0 24.5 24.1 23.8 23.6 23.5 23.4 23.2 23.2 23.1 23.1 23.3 23.4 23.5 23.5 23.4 23.2 23.0 22.6 22.2 21.7 21.2 20.6 20.0 19.4 nan nan nan nan nan 16.9 16.8 16.6 16.5 16.3 16.2 nan nan nan nan nan nan nan nan nan nan nan nan nan nan nan nan
nan nan nan nan nan nan nan nan nan nan nan nan nan nan nan nan nan nan nan nan nan nan nan nan nan nan nan nan nan nan 12.4 11.7 27.1 27.4 nan nan nan 23.9 25.0 24.6 24.2 24.0 23.8 23.6 23.5 23.4 23.3 23.3 23.3 23.5 23.6 23.8 23.9 23.9 23.8 23.5 23.2 22.8 22.4 21.8 21.2 20.5 19.7 18.6 18.1 nan 17.1 17.1 17.0 16.7 16.4 16.2 nan nan nan nan nan nan nan nan nan nan nan nan nan nan nan nan nan nan
nan nan nan nan nan nan nan nan nan nan nan nan nan nan nan nan nan nan nan nan nan nan nan nan nan nan nan nan nan nan nan nan 27.1 23.4 nan nan nan nan 24.9 24.8 24.6 24.2 23.9 23.7 23.6 23.5 23.4 23.4 23.5 23.6 23.8 24.0 24.1 24.2 24.1 24.0 23.7 23.4 22.9 22.4 21.8 21.1 20.4 19.6 19.1 18.4 17.9 17.4 17.1 16.6 16.2 nan nan nan nan nan nan nan nan nan nan nan nan nan nan nan nan nan nan nan
nan nan nan nan nan nan nan nan nan nan nan nan nan nan nan nan nan nan nan nan nan nan nan nan nan nan nan nan nan nan nan nan nan 22.9 12.1 nan nan nan 11.4 25.1 24.9 24.6 24.2 23.9 23.7 23.6 23.5 23.5 23.6 23.8 23.9 24.1 24.3 24.4 24.5 24.4 24.1 23.9 23.5 23.0 22.4 21.8 21.1 20.4 19.7 19.0 18.3 17.7 17.2 16.7 16.1 nan nan nan nan nan nan nan nan nan nan nan nan nan nan nan nan nan nan nan
nan nan nan nan nan nan nan nan nan nan nan nan nan nan nan nan nan nan nan nan nan nan nan nan nan nan nan nan nan nan nan nan nan nan 12.8 23.0 nan nan nan nan 25.2 25.0 24.5 24.1 23.9 23.7 23.7 23.7 23.7 23.9 24.1 24.3 24.5 24.6 24.7 24.6 24.5 24.2 23.9 23.5 22.9 22.3 21.7 21.0 20.2 19.5 18.7 18.0 17.4 16.8 16.3 15.9 nan nan nan nan nan nan nan nan nan nan nan nan nan nan nan nan nan nan
nan nan nan nan nan nan nan nan nan nan nan nan nan nan nan nan nan nan nan nan nan nan nan nan nan nan nan nan nan nan nan nan nan nan nan 17.4 12.5 nan nan nan nan 24.3 24.8 24.4 24.1 23.9 23.8 23.8 23.9 24.0 24.2 24.4 24.6 24.8 24.9 24.8 24.7 24.5 24.2 23.8 23.4 22.8 22.2 21.5 20.7 19.8 19.0 18.2 17.5 16.9 16.3 16.0 15.8 8.8 nan nan nan nan nan nan nan nan nan nan nan nan nan nan nan nan
nan nan nan nan nan nan nan nan nan nan nan nan nan nan nan nan nan nan nan nan nan nan nan nan nan nan nan nan nan nan nan nan nan nan 13.4 16.8 25.1 25.0 nan 12.6 nan 22.2 24.9 24.6 24.4 24.2 24.1 24.0 24.0 24.1 24.2 24.4 24.6 24.8 24.9 24.9 24.8 24.6 24.4 24.1 23.7 23.2 22.5 21.8 20.8 19.8 19.0 18.3 17.7 16.9 16.3 16.0 15.9 15.7 nan nan nan nan nan nan nan nan nan nan nan nan nan nan nan nan
nan nan nan nan nan nan nan nan nan nan nan nan nan nan nan nan nan nan nan nan nan nan nan nan nan nan nan nan nan nan nan nan nan nan 25.3 25.2 25.3 23.2 13.9 22.0 23.4 20.8 25.3 24.9 24.6 24.4 24.3 24.1 24.1 24.1 24.3 24.4 24.6 24.7 24.9 24.9 24.9 24.7 24.6 24.3 23.9 23.4 22.7 21.8 20.8 19.7 18.5 18.1 17.6 17.1 16.4 16.1 15.9 15.9 15.9 nan nan nan nan nan nan nan nan nan nan nan nan nan nan nan
nan nan nan nan nan nan nan nan nan nan nan nan nan nan nan nan nan nan nan nan nan nan nan nan nan nan nan nan nan nan nan nan nan nan 25.3 25.4 25.4 25.3 23.8 nan 24.2 24.0 25.4 25.2 24.9 24.6 24.4 24.3 24.2 24.2 24.3 24.4 24.5 24.6 24.8 24.8 24.8 24.8 24.6 24.4 24.0 23.4 -9999.0 -9999.0 -9999.0 -9999.0 -9999.0 -9999.0 -9999.0 9.5 16.4 16.2 16.0 15.8 15.8 nan nan nan nan nan nan nan nan nan nan nan nan nan nan -9999.0
nan nan nan nan nan nan nan nan nan nan nan nan nan nan nan nan nan nan nan nan nan nan nan nan nan nan nan nan nan nan nan nan nan nan 25.3 25.3 25.4 25.4 25.5 nan nan 25.2 25.5 25.4 25.2 24.9 24.6 24.4 24.3 24.3 24.3 24.4 24.5 24.6 24.7 24.8 24.8 24.8 24.6 24.4 24.0 -9999.0 -9999.0 -9999.0 -9999.0 -9999.0 -9999.0 -9999.0 -9999.0 nan 10.8 15.6 15.5 15.0 nan nan nan nan nan nan nan nan nan nan nan nan nan nan nan -9999.0
nan nan nan nan nan nan nan nan nan nan nan nan nan nan nan nan nan nan nan nan nan nan nan nan nan nan nan nan nan nan nan nan nan nan 25.1 25.2 25.2 25.3 25.2 nan 20.9 23.6 25.6 25.5 25.3 25.0 24.7 24.5 24.4 24.4 24.4 24.4 24.5 24.6 24.7 24.8 24.8 24.8 24.6 24.4 23.8 -9999.0 -9999.0 -9999.0 -9999.0 -9999.0 -9999.0 -9999.0 -9999.0 -9999.0 -9999.0 nan 9.2 9.2 nan nan nan nan nan nan nan nan nan nan nan nan nan nan nan -9999.0
nan nan nan nan nan nan nan nan nan nan nan nan nan nan nan nan nan nan nan nan nan nan nan nan nan nan nan nan nan nan nan nan nan nan 24.8 24.9 25.2 23.7 22.0 14.3 23.0 20.8 25.6 25.5 25.3 25.0 24.8 24.5 24.5 24.4 24.4 24.4 24.5 24.6 24.7 24.7 24.8 24.8 24.6 24.3 -9999.0 -9999.0 -9999.0 -9999.0 -9999.0 -9999.0 -9999.0 -9999.0 -9999.0 -9999.0 -9999.0 nan nan nan nan nan nan nan nan nan nan nan nan nan nan nan nan nan nan -9999.0
nan nan nan nan nan nan nan nan nan nan nan nan nan nan nan nan nan nan nan nan nan nan nan nan nan nan nan nan nan nan nan nan 23.0 23.6 24.7 25.2 25.4 25.6 25.1 23.4 nan 26.1 25.8 25.5 25.3 25.0 24.7 24.5 24.4 24.3 24.3 24.3 24.4 24.5 24.6 24.7 24.8 24.8 24.6 -9999.0 -9999.0 -9999.0 -9999.0 -9999.0 -9999.0 -9999.0 -9999.0 -9999.0 -9999.0 -9999.0 -9999.0 -9999.0 nan nan nan nan nan nan nan nan nan nan nan nan nan nan nan nan nan -9999.0
nan nan nan nan nan nan nan nan nan nan nan nan nan nan nan nan nan nan nan nan nan nan nan nan nan nan nan nan nan 12.5 nan nan 25.0 25.1 25.2 25.3 25.7 26.1 26.5 nan nan 25.8 25.8 25.7 25.4 25.0 24.8 24.5 24.4 24.3 24.2 24.3 24.4 24.5 24.6 24.7 24.8 24.8 24.5 -9999.0 -9999.0 -9999.0 -9999.0 -9999.0 -9999.0 -9999.0 -9999.0 -9999.0 -9999.0 -9999.0 -9999.0 -9999.0 -9999.0 -9999.0 nan nan nan nan nan nan nan nan nan nan nan nan nan nan nan -9999.0
nan nan nan nan nan nan nan nan nan nan nan nan nan nan nan nan nan nan nan nan nan nan nan nan nan nan nan nan nan 11.1 11.1 nan 25.2 25.5 23.6 22.8 24.7 26.1 26.3 25.3 nan 25.8 26.0 25.9 25.6 25.2 24.9 24.6 24.4 24.3 24.2 24.2 24.3 24.5 24.6 24.7 24.8 24.7 -9999.0 -9999.0 -9999.0 -9999.0 -9999.0 -9999.0 -9999.0 -9999.0 -9999.0 -9999.0 -9999.0 -9999.0 -9999.0 -9999.0 -9999.0 -9999.0 -9999.0 nan nan nan nan nan nan nan nan nan nan nan nan nan nan -9999.0
nan nan nan nan nan nan nan nan nan nan nan nan nan nan nan nan nan nan nan nan nan nan nan nan nan nan nan nan nan 11.7 25.1 25.1 25.4 25.7 26.1 nan 11.5 25.7 26.1 26.2 nan 25.7 26.5 26.3 25.9 25.5 25.0 24.7 24.5 24.3 24.2 24.2 24.4 24.5 24.7 24.8 24.8 24.8 -9999.0 -9999.0 -9999.0 -9999.0 -9999.0 -9999.0 -9999.0 -9999.0 -9999.0 -9999.0 -9999.0 -9999.0 -9999.0 -9999.0 -9999.0 -9999.0 -9999.0 -9999.0 nan nan nan nan nan nan nan nan nan nan nan nan nan -9999.0
nan nan nan nan nan nan nan nan nan nan nan nan nan nan nan nan nan nan nan nan nan nan nan nan nan nan nan nan nan nan 24.6 25.1 25.5 26.0 24.1 nan nan 25.1 25.4 25.9 nan 22.5 24.7 26.3 26.1 25.6 25.1 24.8 24.5 24.3 24.2 24.3 24.5 24.6 24.8 24.9 24.9 24.9 -9999.0 -9999.0 -9999.0 -9999.0 -9999.0 -9999.0 -9999.0 -9999.0 -9999.0 -9999.0 -9999.0 -9999.0 -9999.0 -9999.0 -9999.0 -9999.0 -9999.0 -9999.0 -9999.0 nan nan nan nan nan nan nan nan nan nan nan nan -9999.0
nan nan nan nan nan nan nan nan nan nan nan nan nan nan nan nan nan nan nan nan nan nan nan nan nan nan nan nan nan nan 22.9 25.3 25.7 26.2 23.5 nan 12.6 19.4 22.2 12.9 20.1 17.2 20.5 25.6 26.0 25.6 25.2 24.8 24.5 24.4 24.3 24.4 24.6 24.8 25.0 25.0 25.1 25.1 -9999.0 -9999.0 -9999.0 -9999.0 -9999.0 -9999.0 -9999.0 -9999.0 -9999.0 -9999.0 -9999.0 -9999.0 -9999.0 -9999.0 -9999.0 -9999.0 -9999.0 -9999.0 -9999.0 -9999.0 nan nan nan nan nan nan nan nan nan nan nan -9999.0
nan nan nan nan nan nan nan nan nan nan nan nan nan nan nan nan nan nan nan nan nan nan nan nan nan nan nan nan nan nan 23.4 25.0 25.7 26.1 25.1 12.6 nan 22.8 17.7 12.5 17.3 nan 26.0 26.3 25.9 25.5 25.1 24.8 24.6 24.4 24.4 24.5 24.8 25.0 25.1 25.2 25.1 22.5 -9999.0 -9999.0 -9999.0 -9999.0 -9999.0 -9999.0 -9999.0 -9999.0 -9999.0 -9999.0 -9999.0 -9999.0 -9999.0 -9999.0 -9999.0 -9999.0 -9999.0 -9999.0 -9999.0 -9999.0 -9999.0 -9999.0 nan nan nan nan nan nan nan nan nan -9999.0
nan nan nan nan nan nan nan nan nan nan nan nan nan nan nan nan nan nan nan nan nan nan nan nan nan nan nan nan nan nan nan 25.2 25.5 25.9 26.4 nan nan 17.4 16.8 13.6 nan nan 26.3 26.1 25.8 25.4 25.1 24.9 24.7 24.5 24.5 24.7 25.0 25.1 25.3 25.6 25.6 24.1 -9999.0 -9999.0 -9999.0 -9999.0 -9999.0 -9999.0 -9999.0 -9999.0 -9999.0 -9999.0 -9999.0 nan nan nan -9999.0 -9999.0 -9999.0 -9999.0 -9999.0 -9999.0 -9999.0 -9999.0 -9999.0 -9999.0 -9999.0 -9999.0 -9999.0 nan nan nan -9999.0 -9999.0
nan nan nan nan nan nan nan nan nan nan nan nan nan nan nan nan nan nan nan nan nan nan nan nan nan nan nan nan nan nan nan 24.0 25.4 25.8 26.5 nan 12.1 14.5 22.4 12.9 nan nan 26.2 26.0 25.7 25.4 25.1 24.9 24.7 24.6 24.7 24.9 25.1 25.3 25.6 26.1 25.8 23.6 -9999.0 -9999.0 -9999.0 -9999.0 -9999.0 -9999.0 -9999.0 -9999.0 -9999.0 -9999.0 -9999.0 nan nan nan nan nan -9999.0 -9999.0 -9999.0 -9999.0 -9999.0 -9999.0 -9999.0 -9999.0 -9999.0 -9999.0 -9999.0 -9999.0 -9999.0 -9999.0 -9999.0 -9999.0
nan nan nan nan nan nan nan nan nan nan nan nan nan nan nan nan nan nan nan nan nan nan nan nan nan nan nan nan nan nan nan 12.5 25.3 25.7 26.1 25.6 23.8 18.3 14.0 11.3 13.1 nan 26.2 26.1 25.7 25.3 25.1 25.0 24.8 24.8 24.8 25.0 25.3 25.6 26.1 26.6 26.8 24.5 -9999.0 -9999.0 -9999.0 -9999.0 -9999.0 -9999.0 -9999.0 -9999.0 -9999.0 -9999.0 -9999.0 -9999.0 -9999.0 -9999.0 -9999.0 -9999.0 -9999.0 -9999.0 -9999.0 -9999.0 -9999.0 -9999.0 -9999.0 -9999.0 -9999.0 -9999.0 -9999.0 -9999.0 -9999.0 -9999.0 -9999.0 -9999.0
nan nan nan nan nan nan nan nan nan nan nan nan nan nan nan nan nan nan nan nan nan nan nan nan nan nan nan nan nan nan nan 12.5 25.1 25.7 26.3 26.5 26.5 nan 16.1 18.4 10.9 nan 26.0 26.2 25.9 25.5 25.2 24.9 24.8 24.8 24.9 25.1 25.4 25.8 26.4 27.1 27.7 25.0 -9999.0 -9999.0 -9999.0 -9999.0 -9999.0 -9999.0 -9999.0 -9999.0 -9999.0 -9999.0 -9999.0 -9999.0 -9999.0 -9999.0 -9999.0 -9999.0 -9999.0 -9999.0 -9999.0 -9999.0 -9999.0 -9999.0 -9999.0 -9999.0 -9999.0 -9999.0 -9999.0 -9999.0 -9999.0 -9999.0 -9999.0 -9999.0
nan nan nan nan nan nan nan nan nan nan nan nan nan nan nan nan nan nan nan nan nan nan nan nan nan nan nan nan nan nan nan 12.5 22.5 24.7 26.1 26.4 26.4 nan nan 16.3 12.5 nan nan 26.1 26.0 25.5 25.2 25.0 24.9 24.9 25.0 25.2 25.5 26.0 26.7 27.6 28.3 23.6 -9999.0 -9999.0 -9999.0 -9999.0 -9999.0 -9999.0 -9999.0 -9999.0 -9999.0 -9999.0 -9999.0 -9999.0 -9999.0 -9999.0 -9999.0 -9999.0 -9999.0 -9999.0 -9999.0 -9999.0 -9999.0 -9999.0 -9999.0 -9999.0 -9999.0 -9999.0 -9999.0 -9999.0 -9999.0 -9999.0 -9999.0 -9999.0
nan nan nan nan nan nan nan nan nan nan nan nan nan nan nan nan nan nan nan nan nan nan nan nan nan nan nan nan nan nan nan nan 12.1 25.7 26.1 26.4 nan nan nan 17.0 12.4 13.4 nan nan 25.6 25.5 25.2 25.0 24.9 25.0 25.1 25.3 25.6 26.1 26.9 27.9 28.6 28.0 -9999.0 -9999.0 -9999.0 -9999.0 -9999.0 -9999.0 -9999.0 -9999.0 -9999.0 -9999.0 -9999.0 -9999.0 -9999.0 -9999.0 -9999.0 -9999.0 -9999.0 -9999.0 -9999.0 -9999.0 -9999.0 -9999.0 -9999.0 -9999.0 nan nan nan -9999.0 -9999.0 -9999.0 -9999.0 -9999.0
nan nan nan nan nan nan nan nan nan nan nan nan nan nan nan nan nan nan nan nan nan nan nan nan nan nan nan nan nan nan nan nan 25.4 25.5 25.9 26.3 nan nan nan nan 13.8 13.1 22.3 nan 24.9 25.5 25.4 25.1 25.1 25.1 25.3 25.5 25.8 26.3 27.1 28.1 29.1 29.0 -9999.0 -9999.0 -9999.0 -9999.0 -9999.0 -9999.0 -9999.0 -9999.0 -9999.0 -9999.0 -9999.0 -9999.0 -9999.0 -9999.0 -9999.0 -9999.0 -9999.0 -9999.0 -9999.0 -9999.0 -9999.0 -9999.0 nan nan nan nan nan nan nan nan -9999.0 -9999.0
nan nan nan nan nan nan nan nan nan nan nan nan nan nan nan nan nan nan nan nan nan nan nan nan nan nan nan nan nan nan nan nan nan 25.7 26.1 26.5 nan nan nan nan 18.4 15.0 19.4 15.2 nan 25.8 25.6 25.3 25.2 25.3 25.5 25.7 26.0 26.4 27.1 28.1 29.2 29.6 -9999.0 -9999.0 -9999.0 -9999.0 -9999.0 -9999.0 -9999.0 -9999.0 -9999.0 -9999.0 -9999.0 nan nan nan nan nan nan nan nan nan nan nan nan nan nan nan nan nan nan nan nan nan
nan nan nan nan nan nan nan nan nan nan nan nan nan nan nan nan nan nan nan nan nan nan nan nan nan nan nan nan nan nan nan nan nan 26.0 26.4 26.7 26.6 nan nan nan 24.3 15.7 18.0 23.9 nan nan 25.3 25.2 25.2 25.2 25.5 25.7 26.0 26.4 27.1 28.1 29.2 30.0 -9999.0 -9999.0 -9999.0 -9999.0 -9999.0 -9999.0 -9999.0 -9999.0 -9999.0 -9999.0 nan nan nan nan nan nan nan nan nan nan nan nan nan nan nan nan nan nan nan nan nan nan
