data/output/RUN203/ECOSPACE/ECOSPACE_in_PAR3/PAR-VarZ-VarK/PAR-VarZ-VarK_2007_05.asc
ncols        93
nrows        151 
xllcorner    -123.80739
yllcorner    48.29471 
cellsize     0.013497347 
NODATA_value  0.0
[rows 80 to 119 of 151, columns 0 to 89 of 93]
nan nan nan nan nan nan nan nan nan nan nan nan nan nan nan nan nan nan nan nan nan nan nan 35.0 35.3 34.2 35.8 35.8 35.2 34.6 33.9 33.3 32.9 32.5 32.1 31.7 31.2 30.6 30.0 29.3 28.8 28.2 27.5 26.7 25.9 25.2 24.4 23.7 23.0 22.2 21.3 20.4 19.6 19.0 nan nan nan nan nan nan nan nan nan nan nan nan 16.1 16.4 16.5 16.6 nan 16.2 16.2 16.3 16.4 16.5 16.5 16.3 16.2 16.5 16.9 17.0 16.9 nan nan nan nan nan nan nan
nan nan nan nan nan nan nan nan nan nan nan nan nan nan nan nan nan nan nan nan nan nan nan nan nan nan 36.0 36.0 35.7 35.1 34.5 33.9 33.4 33.0 32.5 32.0 31.4 30.7 30.0 29.3 28.8 28.2 27.6 26.9 26.2 25.4 24.7 24.0 23.3 22.6 21.7 20.8 20.0 19.4 18.7 nan nan nan nan nan nan nan nan nan nan nan 16.4 16.5 nan nan nan nan nan 16.4 16.6 16.7 nan 16.4 16.6 17.0 17.3 17.5 nan nan nan nan nan nan nan nan
nan nan nan nan nan nan nan nan nan nan nan nan nan nan nan nan nan nan nan nan nan nan nan nan nan nan nan 36.0 35.6 35.6 35.1 34.4 33.9 33.4 32.8 32.2 31.5 30.7 29.9 29.3 28.7 28.2 27.7 27.0 26.3 25.6 24.9 24.3 23.7 22.9 22.1 21.3 20.4 19.7 19.1 18.6 nan nan nan nan nan nan nan nan nan 16.4 16.8 nan nan nan nan nan nan 16.4 16.6 16.7 nan 16.6 17.0 17.3 17.6 nan nan nan nan nan nan nan nan nan
nan nan nan nan nan nan nan nan nan nan nan nan nan nan nan nan nan nan nan nan nan nan nan nan nan nan nan nan 33.8 35.2 35.6 35.1 34.5 33.9 33.1 32.4 31.6 30.7 29.9 29.2 28.7 28.2 27.7 27.1 26.4 25.7 25.1 24.5 23.9 23.2 22.5 21.7 20.9 20.1 19.5 18.9 18.5 nan nan nan nan nan nan nan nan 16.5 16.8 nan nan nan nan nan nan 16.4 16.6 16.8 17.1 17.5 17.5 17.5 nan nan nan nan nan nan nan nan nan nan
nan nan nan nan nan nan nan nan nan nan nan nan nan nan nan nan nan nan nan nan nan nan nan nan nan nan nan nan nan 16.6 36.0 35.6 35.0 34.2 33.3 32.5 31.6 30.7 29.9 29.2 28.7 28.1 27.7 27.1 26.5 25.8 25.2 24.7 24.1 23.5 22.9 22.1 21.4 20.7 20.0 19.3 18.8 18.4 nan nan nan nan nan nan 16.5 16.6 16.8 nan 17.0 17.0 17.1 nan nan 16.5 16.7 17.0 17.4 17.9 nan nan nan nan nan nan nan nan nan nan nan nan
nan nan nan nan nan nan nan nan nan nan nan nan nan nan nan nan nan nan nan nan nan nan nan nan nan nan nan nan nan nan 17.2 35.6 35.2 34.5 33.6 32.6 31.7 30.8 30.0 29.3 28.7 28.2 27.7 27.2 26.5 25.9 25.3 24.8 24.3 23.7 23.1 22.4 21.8 21.1 20.5 19.8 19.3 18.8 nan nan nan nan nan 16.6 16.7 16.8 17.0 17.0 17.0 17.0 17.0 11.4 nan 16.5 16.9 17.2 17.5 17.6 nan nan nan nan nan nan nan nan nan nan nan nan
nan nan nan nan nan nan nan nan nan nan nan nan nan nan nan nan nan nan nan nan nan nan nan nan nan nan nan nan nan nan nan 33.0 34.9 34.7 33.8 32.8 31.8 30.9 30.1 29.4 28.7 28.2 27.7 27.2 26.6 25.9 25.3 24.8 24.4 23.8 23.3 22.7 22.1 21.5 20.9 20.3 19.8 19.3 18.6 nan nan 17.0 17.2 17.1 17.0 17.1 17.2 17.3 17.2 17.1 17.1 nan nan 16.8 17.0 17.3 17.6 17.6 nan nan nan nan nan nan nan nan nan nan nan nan
nan nan nan nan nan nan nan nan nan nan nan nan nan nan nan nan nan nan nan nan nan nan nan nan nan nan nan nan nan nan nan nan 35.2 34.7 33.9 33.0 32.0 31.0 30.2 29.4 28.8 28.3 27.8 27.2 26.6 25.9 25.3 24.8 24.4 23.9 23.4 22.9 22.4 21.8 21.2 20.6 20.1 19.7 19.1 18.3 17.9 17.8 17.7 nan 17.4 17.6 17.8 17.8 17.8 17.7 17.5 17.2 17.2 17.3 17.2 17.4 17.5 nan nan nan nan nan nan nan nan nan nan nan nan nan
nan nan nan nan nan nan nan nan nan nan nan nan nan nan nan nan nan nan nan nan nan nan nan nan nan nan nan nan nan nan 34.1 34.4 34.7 34.3 33.8 33.0 32.1 31.2 30.3 29.5 28.8 28.3 27.8 27.2 26.5 25.9 25.2 24.7 24.3 23.9 23.5 23.0 22.6 22.0 21.5 21.0 20.5 19.9 19.4 18.9 18.5 18.2 18.1 18.2 18.2 18.2 18.5 18.5 18.4 18.4 18.0 17.6 17.5 17.4 17.4 17.5 17.5 nan nan nan nan nan nan nan nan nan nan nan nan nan
nan nan nan nan nan nan nan nan nan nan nan nan nan nan nan nan nan nan nan nan nan nan nan nan nan nan nan nan nan nan nan nan 34.0 33.8 33.5 33.0 32.2 31.3 30.4 29.6 28.9 28.3 27.7 27.1 26.5 25.8 25.1 24.6 24.2 23.9 23.5 23.1 22.7 22.3 21.9 21.4 20.9 20.4 19.9 19.5 19.0 18.7 18.6 18.7 18.6 18.5 18.6 nan nan nan 18.1 17.9 17.7 17.5 17.5 17.5 nan nan nan nan nan nan nan nan nan nan nan nan nan nan
nan nan nan nan nan nan nan nan nan nan nan nan nan nan nan nan nan nan nan nan nan nan nan nan nan nan nan nan nan nan 18.6 16.8 33.3 33.2 33.1 32.8 32.4 31.6 30.5 29.7 29.0 28.3 27.7 27.0 26.4 25.7 25.0 24.5 24.1 23.8 23.5 23.1 22.8 22.5 22.2 21.8 21.4 20.9 20.4 19.9 19.5 19.1 18.9 18.9 nan nan nan nan nan nan nan 18.1 17.8 17.6 17.5 17.4 nan nan nan nan nan nan nan nan nan nan nan nan nan nan
nan nan nan nan nan nan nan nan nan nan nan nan nan nan nan nan nan nan nan nan nan nan nan nan nan nan nan nan nan nan 17.5 32.5 33.1 33.3 33.1 18.5 32.4 31.9 30.7 29.9 29.1 28.4 27.7 27.0 26.3 25.6 24.9 24.4 24.0 23.7 23.4 23.1 22.8 22.6 22.4 22.2 21.8 21.4 20.9 20.4 19.9 19.5 19.1 nan nan nan nan nan nan 17.6 17.8 17.9 17.7 17.5 17.5 nan nan nan nan nan nan nan nan nan nan nan nan nan nan nan
nan nan nan nan nan nan nan nan nan nan nan nan nan nan nan nan nan nan nan nan nan nan nan nan nan nan nan nan nan nan 18.6 30.9 33.0 33.3 nan nan nan 31.3 30.8 29.9 29.1 28.4 27.6 26.9 26.2 25.5 24.8 24.2 23.9 23.6 23.3 23.0 22.8 22.7 22.6 22.4 22.2 21.8 21.3 20.8 20.2 19.8 19.4 nan nan nan nan nan 17.7 17.6 17.6 17.7 17.5 17.4 nan nan nan nan nan nan nan nan nan nan nan nan nan nan nan nan
nan nan nan nan nan nan nan nan nan nan nan nan nan nan nan nan nan nan nan nan nan nan nan nan nan nan nan nan nan nan 18.5 16.5 33.1 33.3 nan nan nan 28.8 30.6 29.9 29.2 28.4 27.6 26.9 26.1 25.5 24.8 24.2 23.7 23.5 23.2 23.0 22.8 22.7 22.7 22.6 22.4 22.1 21.6 21.1 20.5 20.0 19.5 18.6 18.2 nan 17.7 17.7 17.7 17.6 17.5 17.4 nan nan nan nan nan nan nan nan nan nan nan nan nan nan nan nan nan nan
nan nan nan nan nan nan nan nan nan nan nan nan nan nan nan nan nan nan nan nan nan nan nan nan nan nan nan nan nan nan nan nan 33.2 27.5 nan nan nan nan 30.2 30.1 29.5 28.6 27.8 26.9 26.2 25.5 24.8 24.1 23.7 23.4 23.1 22.9 22.7 22.7 22.7 22.7 22.6 22.3 21.9 21.4 20.8 20.1 19.5 18.9 18.5 18.2 18.0 17.7 17.6 17.4 17.3 nan nan nan nan nan nan nan nan nan nan nan nan nan nan nan nan nan nan nan
nan nan nan nan nan nan nan nan nan nan nan nan nan nan nan nan nan nan nan nan nan nan nan nan nan nan nan nan nan nan nan nan nan 27.4 15.7 nan nan nan 16.6 30.5 30.0 29.1 28.1 27.2 26.3 25.6 25.0 24.3 23.7 23.4 23.1 23.0 22.7 22.7 22.8 22.8 22.7 22.4 22.0 21.5 21.0 20.4 19.7 19.1 18.7 18.2 17.9 17.6 17.5 17.3 17.1 nan nan nan nan nan nan nan nan nan nan nan nan nan nan nan nan nan nan nan
nan nan nan nan nan nan nan nan nan nan nan nan nan nan nan nan nan nan nan nan nan nan nan nan nan nan nan nan nan nan nan nan nan nan 18.1 28.9 nan nan nan nan 30.3 30.0 28.8 27.7 26.7 25.9 25.2 24.5 23.8 23.4 23.2 23.0 22.9 22.8 23.0 22.9 22.8 22.6 22.2 21.8 21.2 20.6 20.0 19.3 18.7 18.2 17.9 17.6 17.4 17.3 17.1 16.9 nan nan nan nan nan nan nan nan nan nan nan nan nan nan nan nan nan nan
nan nan nan nan nan nan nan nan nan nan nan nan nan nan nan nan nan nan nan nan nan nan nan nan nan nan nan nan nan nan nan nan nan nan nan 21.9 18.6 nan nan nan nan 28.4 29.2 28.0 27.0 26.1 25.4 24.7 24.0 23.5 23.3 23.2 23.1 23.0 23.1 23.0 23.0 22.7 22.4 21.9 21.3 20.7 20.0 19.3 18.8 18.3 17.9 17.6 17.4 17.2 17.0 17.0 16.9 11.4 nan nan nan nan nan nan nan nan nan nan nan nan nan nan nan nan
nan nan nan nan nan nan nan nan nan nan nan nan nan nan nan nan nan nan nan nan nan nan nan nan nan nan nan nan nan nan nan nan nan nan 17.9 21.9 29.7 29.8 nan 18.7 nan 26.3 28.6 28.1 27.1 26.3 25.5 24.9 24.2 23.8 23.5 23.4 23.3 23.4 23.3 23.2 23.0 22.8 22.4 21.9 21.4 20.7 20.0 19.3 18.7 18.2 17.8 17.6 17.4 17.1 16.9 16.9 16.8 16.8 nan nan nan nan nan nan nan nan nan nan nan nan nan nan nan nan
nan nan nan nan nan nan nan nan nan nan nan nan nan nan nan nan nan nan nan nan nan nan nan nan nan nan nan nan nan nan nan nan nan nan 29.5 29.8 30.0 29.3 20.1 26.9 28.2 24.2 28.9 28.3 27.2 26.4 25.7 25.0 24.5 24.0 23.7 23.6 23.5 23.6 23.6 23.4 23.1 22.8 22.4 21.8 21.2 20.5 19.8 19.2 18.6 18.0 17.5 17.5 17.2 17.3 16.9 16.8 16.8 16.8 17.0 nan nan nan nan nan nan nan nan nan nan nan nan nan nan nan
nan nan nan nan nan nan nan nan nan nan nan nan nan nan nan nan nan nan nan nan nan nan nan nan nan nan nan nan nan nan nan nan nan nan 29.5 29.6 29.8 30.0 29.8 nan 28.8 27.9 29.2 28.5 27.5 26.6 25.8 25.2 24.8 24.4 24.0 23.8 23.8 23.8 23.8 23.5 23.3 22.8 22.3 21.8 21.1 20.4 -9999.0 -9999.0 -9999.0 -9999.0 -9999.0 -9999.0 -9999.0 12.3 16.9 16.7 16.8 16.8 16.8 nan nan nan nan nan nan nan nan nan nan nan nan nan nan -9999.0
nan nan nan nan nan nan nan nan nan nan nan nan nan nan nan nan nan nan nan nan nan nan nan nan nan nan nan nan nan nan nan nan nan nan 29.3 29.4 29.5 29.6 29.7 nan nan 29.5 29.3 28.6 27.6 26.8 26.1 25.5 25.0 24.6 24.2 24.1 24.0 24.0 23.9 23.7 23.3 22.8 22.3 21.7 21.0 -9999.0 -9999.0 -9999.0 -9999.0 -9999.0 -9999.0 -9999.0 -9999.0 nan 14.8 16.7 16.9 16.4 nan nan nan nan nan nan nan nan nan nan nan nan nan nan nan -9999.0
nan nan nan nan nan nan nan nan nan nan nan nan nan nan nan nan nan nan nan nan nan nan nan nan nan nan nan nan nan nan nan nan nan nan 29.0 28.9 29.1 29.4 30.0 nan 23.8 26.9 29.2 28.7 27.8 27.0 26.3 25.7 25.2 24.8 24.4 24.2 24.2 24.1 24.0 23.7 23.4 22.9 22.3 21.7 21.0 -9999.0 -9999.0 -9999.0 -9999.0 -9999.0 -9999.0 -9999.0 -9999.0 -9999.0 -9999.0 nan 11.9 11.9 nan nan nan nan nan nan nan nan nan nan nan nan nan nan nan -9999.0
nan nan nan nan nan nan nan nan nan nan nan nan nan nan nan nan nan nan nan nan nan nan nan nan nan nan nan nan nan nan nan nan nan nan 28.7 28.8 29.3 30.0 27.9 19.3 27.5 24.0 28.8 28.5 27.8 27.1 26.4 25.8 25.3 24.9 24.5 24.3 24.2 24.1 24.0 23.8 23.4 22.8 22.3 21.7 -9999.0 -9999.0 -9999.0 -9999.0 -9999.0 -9999.0 -9999.0 -9999.0 -9999.0 -9999.0 -9999.0 nan nan nan nan nan nan nan nan nan nan nan nan nan nan nan nan nan nan -9999.0
nan nan nan nan nan nan nan nan nan nan nan nan nan nan nan nan nan nan nan nan nan nan nan nan nan nan nan nan nan nan nan nan 26.6 27.3 28.3 29.1 29.8 30.7 31.2 30.9 nan 29.5 28.8 28.4 27.8 27.2 26.5 25.9 25.4 25.0 24.6 24.3 24.2 24.1 24.0 23.8 23.3 22.8 22.4 -9999.0 -9999.0 -9999.0 -9999.0 -9999.0 -9999.0 -9999.0 -9999.0 -9999.0 -9999.0 -9999.0 -9999.0 -9999.0 nan nan nan nan nan nan nan nan nan nan nan nan nan nan nan nan nan -9999.0
nan nan nan nan nan nan nan nan nan nan nan nan nan nan nan nan nan nan nan nan nan nan nan nan nan nan nan nan nan 18.7 nan nan 28.7 28.9 29.0 29.4 30.4 31.4 32.3 nan nan 29.0 28.8 28.4 27.9 27.2 26.6 26.0 25.4 25.0 24.6 24.4 24.2 24.1 23.9 23.7 23.3 22.9 22.6 -9999.0 -9999.0 -9999.0 -9999.0 -9999.0 -9999.0 -9999.0 -9999.0 -9999.0 -9999.0 -9999.0 -9999.0 -9999.0 -9999.0 -9999.0 nan nan nan nan nan nan nan nan nan nan nan nan nan nan nan -9999.0
nan nan nan nan nan nan nan nan nan nan nan nan nan nan nan nan nan nan nan nan nan nan nan nan nan nan nan nan nan 15.6 15.6 nan 29.0 29.6 28.3 26.7 29.6 31.2 31.6 31.0 nan 29.0 29.0 28.6 28.1 27.4 26.7 26.0 25.5 25.0 24.6 24.4 24.2 24.1 23.9 23.5 23.3 23.1 -9999.0 -9999.0 -9999.0 -9999.0 -9999.0 -9999.0 -9999.0 -9999.0 -9999.0 -9999.0 -9999.0 -9999.0 -9999.0 -9999.0 -9999.0 -9999.0 -9999.0 nan nan nan nan nan nan nan nan nan nan nan nan nan nan -9999.0
nan nan nan nan nan nan nan nan nan nan nan nan nan nan nan nan nan nan nan nan nan nan nan nan nan nan nan nan nan 16.5 28.7 28.9 29.4 30.1 31.0 nan 16.9 30.7 31.0 31.4 nan 28.4 29.4 29.0 28.4 27.6 26.9 26.2 25.6 25.1 24.7 24.4 24.3 24.1 23.9 23.5 23.5 23.4 -9999.0 -9999.0 -9999.0 -9999.0 -9999.0 -9999.0 -9999.0 -9999.0 -9999.0 -9999.0 -9999.0 -9999.0 -9999.0 -9999.0 -9999.0 -9999.0 -9999.0 -9999.0 nan nan nan nan nan nan nan nan nan nan nan nan nan -9999.0
nan nan nan nan nan nan nan nan nan nan nan nan nan nan nan nan nan nan nan nan nan nan nan nan nan nan nan nan nan nan 28.2 28.8 29.4 30.4 29.9 nan nan 30.5 31.1 32.2 nan 25.8 27.1 29.3 28.6 27.8 27.1 26.4 25.7 25.2 24.8 24.5 24.3 24.1 23.9 23.6 23.6 23.7 -9999.0 -9999.0 -9999.0 -9999.0 -9999.0 -9999.0 -9999.0 -9999.0 -9999.0 -9999.0 -9999.0 -9999.0 -9999.0 -9999.0 -9999.0 -9999.0 -9999.0 -9999.0 -9999.0 nan nan nan nan nan nan nan nan nan nan nan nan -9999.0
nan nan nan nan nan nan nan nan nan nan nan nan nan nan nan nan nan nan nan nan nan nan nan nan nan nan nan nan nan nan 26.0 28.7 29.4 30.4 27.7 nan 19.0 24.5 28.5 17.2 25.9 21.1 23.9 29.0 28.8 28.0 27.3 26.6 25.9 25.3 24.9 24.6 24.4 24.2 24.0 23.7 23.8 23.1 -9999.0 -9999.0 -9999.0 -9999.0 -9999.0 -9999.0 -9999.0 -9999.0 -9999.0 -9999.0 -9999.0 -9999.0 -9999.0 -9999.0 -9999.0 -9999.0 -9999.0 -9999.0 -9999.0 -9999.0 nan nan nan nan nan nan nan nan nan nan nan -9999.0
nan nan nan nan nan nan nan nan nan nan nan nan nan nan nan nan nan nan nan nan nan nan nan nan nan nan nan nan nan nan 26.4 28.4 29.5 30.2 30.1 19.0 nan 28.0 23.4 17.9 22.6 nan 29.6 29.7 29.0 28.3 27.6 26.8 26.1 25.5 25.1 24.8 24.6 24.4 24.1 23.7 23.6 18.9 -9999.0 -9999.0 -9999.0 -9999.0 -9999.0 -9999.0 -9999.0 -9999.0 -9999.0 -9999.0 -9999.0 -9999.0 -9999.0 -9999.0 -9999.0 -9999.0 -9999.0 -9999.0 -9999.0 -9999.0 -9999.0 -9999.0 nan nan nan nan nan nan nan nan nan -9999.0
nan nan nan nan nan nan nan nan nan nan nan nan nan nan nan nan nan nan nan nan nan nan nan nan nan nan nan nan nan nan nan 28.8 29.4 30.1 30.9 nan nan 22.6 22.8 20.9 nan nan 30.0 29.9 29.2 28.5 27.9 27.2 26.4 25.8 25.3 25.0 24.8 24.5 24.3 24.1 23.3 19.8 -9999.0 -9999.0 -9999.0 -9999.0 -9999.0 -9999.0 -9999.0 -9999.0 -9999.0 -9999.0 -9999.0 nan nan nan -9999.0 -9999.0 -9999.0 -9999.0 -9999.0 -9999.0 -9999.0 -9999.0 -9999.0 -9999.0 -9999.0 -9999.0 -9999.0 nan nan nan -9999.0 -9999.0
nan nan nan nan nan nan nan nan nan nan nan nan nan nan nan nan nan nan nan nan nan nan nan nan nan nan nan nan nan nan nan 28.2 29.2 30.0 31.0 nan 17.1 20.5 29.8 18.5 nan nan 30.0 29.9 29.4 28.8 28.1 27.4 26.7 26.0 25.6 25.3 25.0 24.8 24.6 24.6 25.0 21.3 -9999.0 -9999.0 -9999.0 -9999.0 -9999.0 -9999.0 -9999.0 -9999.0 -9999.0 -9999.0 -9999.0 nan nan nan nan nan -9999.0 -9999.0 -9999.0 -9999.0 -9999.0 -9999.0 -9999.0 -9999.0 -9999.0 -9999.0 -9999.0 -9999.0 -9999.0 -9999.0 -9999.0 -9999.0
nan nan nan nan nan nan nan nan nan nan nan nan nan nan nan nan nan nan nan nan nan nan nan nan nan nan nan nan nan nan nan 18.6 28.9 29.9 31.1 31.0 27.2 23.7 19.4 15.9 19.1 nan 30.0 30.1 29.7 29.1 28.4 27.8 27.0 26.3 25.9 25.6 25.3 25.0 24.9 25.1 24.9 19.6 -9999.0 -9999.0 -9999.0 -9999.0 -9999.0 -9999.0 -9999.0 -9999.0 -9999.0 -9999.0 -9999.0 -9999.0 -9999.0 -9999.0 -9999.0 -9999.0 -9999.0 -9999.0 -9999.0 -9999.0 -9999.0 -9999.0 -9999.0 -9999.0 -9999.0 -9999.0 -9999.0 -9999.0 -9999.0 -9999.0 -9999.0 -9999.0
nan nan nan nan nan nan nan nan nan nan nan nan nan nan nan nan nan nan nan nan nan nan nan nan nan nan nan nan nan nan nan 18.5 28.8 29.8 31.1 32.0 32.3 nan 20.9 24.1 15.6 nan 30.0 30.4 30.1 29.5 28.8 28.1 27.4 26.7 26.2 25.9 25.6 25.4 25.3 25.2 25.5 22.8 -9999.0 -9999.0 -9999.0 -9999.0 -9999.0 -9999.0 -9999.0 -9999.0 -9999.0 -9999.0 -9999.0 -9999.0 -9999.0 -9999.0 -9999.0 -9999.0 -9999.0 -9999.0 -9999.0 -9999.0 -9999.0 -9999.0 -9999.0 -9999.0 -9999.0 -9999.0 -9999.0 -9999.0 -9999.0 -9999.0 -9999.0 -9999.0
nan nan nan nan nan nan nan nan nan nan nan nan nan nan nan nan nan nan nan nan nan nan nan nan nan nan nan nan nan nan nan 18.6 26.5 29.5 31.0 31.9 32.3 nan nan 21.6 18.3 nan nan 30.5 30.4 29.8 29.1 28.5 27.8 27.1 26.6 26.2 25.9 25.8 25.7 25.7 25.8 22.2 -9999.0 -9999.0 -9999.0 -9999.0 -9999.0 -9999.0 -9999.0 -9999.0 -9999.0 -9999.0 -9999.0 -9999.0 -9999.0 -9999.0 -9999.0 -9999.0 -9999.0 -9999.0 -9999.0 -9999.0 -9999.0 -9999.0 -9999.0 -9999.0 -9999.0 -9999.0 -9999.0 -9999.0 -9999.0 -9999.0 -9999.0 -9999.0
nan nan nan nan nan nan nan nan nan nan nan nan nan nan nan nan nan nan nan nan nan nan nan nan nan nan nan nan nan nan nan nan 17.7 30.0 31.0 32.0 nan nan nan 22.6 17.2 18.2 nan nan 30.0 29.8 29.3 28.7 28.1 27.5 27.0 26.5 26.2 26.1 26.0 26.1 26.3 25.3 -9999.0 -9999.0 -9999.0 -9999.0 -9999.0 -9999.0 -9999.0 -9999.0 -9999.0 -9999.0 -9999.0 -9999.0 -9999.0 -9999.0 -9999.0 -9999.0 -9999.0 -9999.0 -9999.0 -9999.0 -9999.0 -9999.0 -9999.0 -9999.0 nan nan nan -9999.0 -9999.0 -9999.0 -9999.0 -9999.0
nan nan nan nan nan nan nan nan nan nan nan nan nan nan nan nan nan nan nan nan nan nan nan nan nan nan nan nan nan nan nan nan 28.7 29.7 30.9 32.1 nan nan nan nan 19.9 18.2 30.3 nan 29.3 30.0 29.7 29.0 28.4 27.9 27.4 27.0 26.6 26.5 26.4 26.5 26.8 26.7 -9999.0 -9999.0 -9999.0 -9999.0 -9999.0 -9999.0 -9999.0 -9999.0 -9999.0 -9999.0 -9999.0 -9999.0 -9999.0 -9999.0 -9999.0 -9999.0 -9999.0 -9999.0 -9999.0 -9999.0 -9999.0 -9999.0 nan nan nan nan nan nan nan nan -9999.0 -9999.0
nan nan nan nan nan nan nan nan nan nan nan nan nan nan nan nan nan nan nan nan nan nan nan nan nan nan nan nan nan nan nan nan nan 29.8 31.2 32.5 nan nan nan nan 24.6 20.0 25.5 21.9 nan 30.2 30.0 29.3 28.9 28.3 27.8 27.4 27.0 26.9 26.9 27.1 27.3 27.4 -9999.0 -9999.0 -9999.0 -9999.0 -9999.0 -9999.0 -9999.0 -9999.0 -9999.0 -9999.0 -9999.0 nan nan nan nan nan nan nan nan nan nan nan nan nan nan nan nan nan nan nan nan nan
nan nan nan nan nan nan nan nan nan nan nan nan nan nan nan nan nan nan nan nan nan nan nan nan nan nan nan nan nan nan nan nan nan 30.0 31.5 32.9 33.1 nan nan nan 31.6 22.3 23.4 31.9 nan nan 29.8 29.5 29.1 28.7 28.3 27.9 27.5 27.4 27.5 27.8 28.0 28.4 -9999.0 -9999.0 -9999.0 -9999.0 -9999.0 -9999.0 -9999.0 -9999.0 -9999.0 -9999.0 nan nan nan nan nan nan nan nan nan nan nan nan nan nan nan nan nan nan nan nan nan nan
