data/output/RUN203/ECOSPACE/ECOSPACE_in_PAR3/PAR-VarZ-VarK/PAR-VarZ-VarK_1987_09.asc
ncols        93
nrows        151 
xllcorner    -123.80739
yllcorner    48.29471 
cellsize     0.013497347 
NODATA_value  0.0
[rows 80 to 119 of 151, columns 0 to 89 of 93]
nan nan nan nan nan nan nan nan nan nan nan nan nan nan nan nan nan nan nan nan nan nan nan 31.4 30.8 31.9 33.8 33.7 33.2 32.8 32.2 31.8 31.2 30.8 30.5 30.2 30.0 29.9 29.8 29.6 29.2 28.9 28.4 27.9 27.4 27.0 26.5 26.0 25.5 24.9 24.1 23.2 22.3 21.6 nan nan nan nan nan nan nan nan nan nan nan nan 17.8 18.2 18.4 18.5 nan 18.0 18.0 18.0 18.0 18.2 18.1 17.8 17.6 17.8 18.3 18.5 18.4 nan nan nan nan nan nan nan
nan nan nan nan nan nan nan nan nan nan nan nan nan nan nan nan nan nan nan nan nan nan nan nan nan nan 34.0 33.8 33.3 32.9 32.4 32.0 31.4 31.0 30.6 30.4 30.2 30.0 30.0 29.8 29.5 29.2 28.7 28.2 27.7 27.2 26.8 26.4 25.9 25.2 24.5 23.6 22.7 21.9 21.2 nan nan nan nan nan nan nan nan nan nan nan 18.3 18.5 nan nan nan nan nan 18.1 18.3 18.5 nan 17.9 18.1 18.5 19.0 19.4 nan nan nan nan nan nan nan nan
nan nan nan nan nan nan nan nan nan nan nan nan nan nan nan nan nan nan nan nan nan nan nan nan nan nan nan 33.9 33.4 33.2 32.7 32.2 31.6 31.1 30.7 30.5 30.3 30.2 30.2 30.1 29.9 29.5 29.0 28.4 27.9 27.4 27.0 26.7 26.2 25.6 24.8 23.9 23.1 22.2 21.5 20.9 nan nan nan nan nan nan nan nan nan 18.3 18.8 nan nan nan nan nan nan 18.2 18.4 18.5 nan 18.3 18.8 19.3 19.5 nan nan nan nan nan nan nan nan nan
nan nan nan nan nan nan nan nan nan nan nan nan nan nan nan nan nan nan nan nan nan nan nan nan nan nan nan nan 32.0 33.3 33.1 32.4 31.8 31.3 30.9 30.6 30.5 30.4 30.3 30.2 30.0 29.6 29.1 28.5 28.0 27.5 27.2 26.9 26.4 25.9 25.1 24.4 23.5 22.7 21.9 21.2 20.8 nan nan nan nan nan nan nan nan 18.4 18.9 nan nan nan nan nan nan 18.2 18.5 18.8 19.3 19.8 19.7 19.6 nan nan nan nan nan nan nan nan nan nan
nan nan nan nan nan nan nan nan nan nan nan nan nan nan nan nan nan nan nan nan nan nan nan nan nan nan nan nan nan 13.2 33.6 32.9 32.1 31.5 31.0 30.7 30.6 30.5 30.4 30.3 30.0 29.6 29.1 28.5 28.1 27.6 27.3 27.0 26.6 26.1 25.5 24.8 24.0 23.2 22.4 21.7 21.1 20.6 nan nan nan nan nan nan 18.3 18.6 18.9 nan 19.3 19.3 19.5 nan nan 18.4 18.8 19.2 19.8 20.6 nan nan nan nan nan nan nan nan nan nan nan nan
nan nan nan nan nan nan nan nan nan nan nan nan nan nan nan nan nan nan nan nan nan nan nan nan nan nan nan nan nan nan 14.0 33.1 32.5 31.8 31.2 30.8 30.6 30.5 30.4 30.3 29.9 29.5 29.0 28.5 28.1 27.7 27.4 27.1 26.7 26.2 25.7 25.2 24.5 23.7 23.0 22.2 21.6 21.1 nan nan nan nan nan 18.5 18.7 19.0 19.2 19.3 19.3 19.3 19.4 10.6 nan 18.6 19.1 19.6 20.1 20.5 nan nan nan nan nan nan nan nan nan nan nan nan
nan nan nan nan nan nan nan nan nan nan nan nan nan nan nan nan nan nan nan nan nan nan nan nan nan nan nan nan nan nan nan 31.1 32.5 32.0 31.4 30.9 30.6 30.5 30.4 30.2 29.9 29.4 29.0 28.6 28.2 27.9 27.5 27.1 26.8 26.4 26.0 25.6 25.0 24.3 23.6 22.9 22.3 21.6 20.9 nan nan 19.0 19.4 19.3 19.2 19.5 19.6 19.7 19.6 19.6 19.6 nan nan 19.0 19.6 20.1 20.5 20.6 nan nan nan nan nan nan nan nan nan nan nan nan
nan nan nan nan nan nan nan nan nan nan nan nan nan nan nan nan nan nan nan nan nan nan nan nan nan nan nan nan nan nan nan nan 32.7 32.0 31.4 31.0 30.7 30.4 30.2 30.1 29.8 29.4 29.0 28.6 28.3 28.0 27.6 27.2 26.9 26.7 26.4 26.1 25.6 25.0 24.3 23.6 22.9 22.2 21.6 20.6 20.2 20.2 20.2 nan 19.8 20.2 20.5 20.6 20.6 20.5 20.2 19.9 19.8 19.9 20.0 20.4 20.6 nan nan nan nan nan nan nan nan nan nan nan nan nan
nan nan nan nan nan nan nan nan nan nan nan nan nan nan nan nan nan nan nan nan nan nan nan nan nan nan nan nan nan nan 32.2 32.3 32.3 31.8 31.2 30.9 30.6 30.4 30.2 30.0 29.7 29.4 29.0 28.7 28.4 28.1 27.7 27.4 27.2 27.0 26.9 26.6 26.2 25.7 25.1 24.4 23.6 22.9 22.3 21.7 21.3 21.0 20.9 21.0 21.0 21.3 21.7 21.8 21.7 21.6 21.1 20.5 20.3 20.3 20.4 20.7 20.7 nan nan nan nan nan nan nan nan nan nan nan nan nan
nan nan nan nan nan nan nan nan nan nan nan nan nan nan nan nan nan nan nan nan nan nan nan nan nan nan nan nan nan nan nan nan 31.8 31.5 31.1 30.9 30.7 30.4 30.1 29.9 29.6 29.4 29.0 28.7 28.4 28.1 27.8 27.6 27.5 27.3 27.2 27.0 26.8 26.4 25.9 25.2 24.6 24.0 23.4 22.8 22.3 21.9 21.9 22.0 21.9 21.9 22.1 nan nan nan 21.3 21.0 20.7 20.6 20.6 20.7 nan nan nan nan nan nan nan nan nan nan nan nan nan nan
nan nan nan nan nan nan nan nan nan nan nan nan nan nan nan nan nan nan nan nan nan nan nan nan nan nan nan nan nan nan 14.3 13.0 31.2 31.1 31.0 30.9 30.8 30.6 30.2 29.9 29.6 29.4 29.1 28.7 28.4 28.1 27.9 27.7 27.6 27.5 27.5 27.4 27.2 27.0 26.5 26.0 25.6 25.0 24.4 23.8 23.2 22.8 22.5 22.5 nan nan nan nan nan nan nan 21.3 20.9 20.7 20.7 20.7 nan nan nan nan nan nan nan nan nan nan nan nan nan nan
nan nan nan nan nan nan nan nan nan nan nan nan nan nan nan nan nan nan nan nan nan nan nan nan nan nan nan nan nan nan 14.3 30.5 30.9 31.0 31.0 15.6 30.9 30.9 30.3 30.0 29.7 29.4 29.0 28.7 28.4 28.1 27.9 27.7 27.6 27.7 27.7 27.7 27.6 27.4 27.1 26.7 26.3 25.9 25.3 24.7 24.0 23.5 23.0 nan nan nan nan nan nan 20.9 21.0 21.2 20.9 20.8 20.8 nan nan nan nan nan nan nan nan nan nan nan nan nan nan nan
nan nan nan nan nan nan nan nan nan nan nan nan nan nan nan nan nan nan nan nan nan nan nan nan nan nan nan nan nan nan 14.3 29.3 30.9 31.2 nan nan nan 30.5 30.3 30.0 29.8 29.4 29.1 28.7 28.4 28.1 27.9 27.7 27.7 27.7 27.8 27.8 27.8 27.7 27.5 27.3 27.0 26.7 26.2 25.5 24.7 24.1 23.6 nan nan nan nan nan 21.0 21.0 20.8 20.8 20.6 20.6 nan nan nan nan nan nan nan nan nan nan nan nan nan nan nan nan
nan nan nan nan nan nan nan nan nan nan nan nan nan nan nan nan nan nan nan nan nan nan nan nan nan nan nan nan nan nan 14.2 13.5 30.9 31.4 nan nan nan 28.1 29.9 29.8 29.7 29.4 29.1 28.7 28.3 28.0 27.8 27.6 27.6 27.7 27.8 28.0 28.1 28.1 28.0 27.9 27.8 27.5 27.0 26.3 25.5 24.8 24.1 22.8 22.1 nan 21.1 21.1 21.1 20.8 20.6 20.4 nan nan nan nan nan nan nan nan nan nan nan nan nan nan nan nan nan nan
nan nan nan nan nan nan nan nan nan nan nan nan nan nan nan nan nan nan nan nan nan nan nan nan nan nan nan nan nan nan nan nan 30.9 27.0 nan nan nan nan 29.3 29.5 29.7 29.4 29.1 28.7 28.3 28.0 27.7 27.5 27.5 27.7 27.9 28.1 28.3 28.4 28.4 28.5 28.4 28.2 27.8 27.2 26.4 25.6 24.7 23.8 23.2 22.4 21.8 21.4 21.0 20.7 20.3 nan nan nan nan nan nan nan nan nan nan nan nan nan nan nan nan nan nan nan
nan nan nan nan nan nan nan nan nan nan nan nan nan nan nan nan nan nan nan nan nan nan nan nan nan nan nan nan nan nan nan nan nan 27.0 13.7 nan nan nan 13.2 29.7 29.7 29.5 29.2 28.8 28.4 27.9 27.6 27.5 27.5 27.7 28.0 28.2 28.3 28.5 28.6 28.8 28.9 28.8 28.5 28.0 27.4 26.6 25.7 24.8 24.0 23.1 22.3 21.6 21.1 20.7 20.2 nan nan nan nan nan nan nan nan nan nan nan nan nan nan nan nan nan nan nan
nan nan nan nan nan nan nan nan nan nan nan nan nan nan nan nan nan nan nan nan nan nan nan nan nan nan nan nan nan nan nan nan nan nan 14.9 26.5 nan nan nan nan 29.9 30.0 29.6 29.0 28.5 28.0 27.6 27.5 27.5 27.7 28.0 28.2 28.3 28.5 28.7 28.9 29.1 29.2 29.1 28.8 28.3 27.6 26.7 25.8 24.7 23.7 22.7 21.9 21.2 20.7 20.3 20.0 nan nan nan nan nan nan nan nan nan nan nan nan nan nan nan nan nan nan
nan nan nan nan nan nan nan nan nan nan nan nan nan nan nan nan nan nan nan nan nan nan nan nan nan nan nan nan nan nan nan nan nan nan nan 19.9 14.4 nan nan nan nan 29.4 29.8 29.1 28.5 27.9 27.6 27.4 27.5 27.7 27.9 28.1 28.2 28.4 28.6 28.9 29.2 29.4 29.6 29.5 29.1 28.4 27.5 26.5 25.3 24.1 23.0 22.1 21.4 20.8 20.3 20.1 20.0 10.4 nan nan nan nan nan nan nan nan nan nan nan nan nan nan nan nan
nan nan nan nan nan nan nan nan nan nan nan nan nan nan nan nan nan nan nan nan nan nan nan nan nan nan nan nan nan nan nan nan nan nan 15.4 20.2 28.4 28.4 nan 14.5 nan 26.7 29.6 29.0 28.5 28.0 27.6 27.5 27.5 27.6 27.8 27.9 28.1 28.3 28.6 29.0 29.3 29.7 29.9 30.0 29.7 29.0 28.0 26.9 25.5 24.2 23.1 22.2 21.5 20.8 20.3 20.2 20.1 20.0 nan nan nan nan nan nan nan nan nan nan nan nan nan nan nan nan
nan nan nan nan nan nan nan nan nan nan nan nan nan nan nan nan nan nan nan nan nan nan nan nan nan nan nan nan nan nan nan nan nan nan 28.9 28.8 28.8 27.7 16.2 25.8 27.5 24.6 29.5 29.1 28.7 28.2 27.8 27.6 27.5 27.6 27.7 27.8 28.0 28.3 28.7 29.1 29.5 29.9 30.2 30.3 30.0 29.4 28.3 27.1 25.5 24.0 22.6 22.2 21.2 21.0 20.4 20.3 20.2 20.2 20.3 nan nan nan nan nan nan nan nan nan nan nan nan nan nan nan
nan nan nan nan nan nan nan nan nan nan nan nan nan nan nan nan nan nan nan nan nan nan nan nan nan nan nan nan nan nan nan nan nan nan 28.8 28.9 28.9 29.0 27.1 nan 28.1 27.7 29.4 29.2 28.8 28.5 28.1 27.8 27.7 27.7 27.8 27.9 28.1 28.4 28.8 29.2 29.7 30.1 30.4 30.5 30.1 29.5 -9999.0 -9999.0 -9999.0 -9999.0 -9999.0 -9999.0 -9999.0 11.1 20.5 20.4 20.4 20.2 20.2 nan nan nan nan nan nan nan nan nan nan nan nan nan nan -9999.0
nan nan nan nan nan nan nan nan nan nan nan nan nan nan nan nan nan nan nan nan nan nan nan nan nan nan nan nan nan nan nan nan nan nan 28.6 28.7 28.7 28.7 28.7 nan nan 29.3 29.4 29.3 28.9 28.6 28.3 28.1 28.0 27.9 27.9 28.0 28.1 28.5 28.9 29.4 29.9 30.4 30.6 30.6 30.2 -9999.0 -9999.0 -9999.0 -9999.0 -9999.0 -9999.0 -9999.0 -9999.0 nan 12.6 19.8 19.8 19.0 nan nan nan nan nan nan nan nan nan nan nan nan nan nan nan -9999.0
nan nan nan nan nan nan nan nan nan nan nan nan nan nan nan nan nan nan nan nan nan nan nan nan nan nan nan nan nan nan nan nan nan nan 28.4 28.3 28.4 28.5 28.6 nan 24.2 26.6 29.5 29.3 29.0 28.7 28.5 28.3 28.1 28.1 28.1 28.1 28.3 28.6 29.0 29.6 30.1 30.6 30.8 30.7 30.1 -9999.0 -9999.0 -9999.0 -9999.0 -9999.0 -9999.0 -9999.0 -9999.0 -9999.0 -9999.0 nan 10.7 10.7 nan nan nan nan nan nan nan nan nan nan nan nan nan nan nan -9999.0
nan nan nan nan nan nan nan nan nan nan nan nan nan nan nan nan nan nan nan nan nan nan nan nan nan nan nan nan nan nan nan nan nan nan 28.1 28.1 28.4 27.9 25.7 17.0 26.8 24.1 28.9 29.2 29.0 28.8 28.6 28.5 28.3 28.3 28.2 28.3 28.5 28.8 29.3 29.8 30.4 30.8 31.0 30.6 -9999.0 -9999.0 -9999.0 -9999.0 -9999.0 -9999.0 -9999.0 -9999.0 -9999.0 -9999.0 -9999.0 nan nan nan nan nan nan nan nan nan nan nan nan nan nan nan nan nan nan -9999.0
nan nan nan nan nan nan nan nan nan nan nan nan nan nan nan nan nan nan nan nan nan nan nan nan nan nan nan nan nan nan nan nan 25.6 26.4 27.8 28.4 28.7 29.1 29.4 26.9 nan 29.9 29.2 29.1 29.0 28.9 28.7 28.6 28.5 28.4 28.4 28.5 28.7 29.0 29.5 30.1 30.6 31.0 31.0 -9999.0 -9999.0 -9999.0 -9999.0 -9999.0 -9999.0 -9999.0 -9999.0 -9999.0 -9999.0 -9999.0 -9999.0 -9999.0 nan nan nan nan nan nan nan nan nan nan nan nan nan nan nan nan nan -9999.0
nan nan nan nan nan nan nan nan nan nan nan nan nan nan nan nan nan nan nan nan nan nan nan nan nan nan nan nan nan 14.5 nan nan 28.2 28.2 28.4 28.7 29.1 29.6 30.3 nan nan 29.2 29.2 29.1 29.0 28.9 28.8 28.6 28.5 28.5 28.5 28.6 28.9 29.3 29.8 30.3 30.8 31.0 31.0 -9999.0 -9999.0 -9999.0 -9999.0 -9999.0 -9999.0 -9999.0 -9999.0 -9999.0 -9999.0 -9999.0 -9999.0 -9999.0 -9999.0 -9999.0 nan nan nan nan nan nan nan nan nan nan nan nan nan nan nan -9999.0
nan nan nan nan nan nan nan nan nan nan nan nan nan nan nan nan nan nan nan nan nan nan nan nan nan nan nan nan nan 12.7 12.8 nan 28.4 28.7 26.5 25.9 28.0 29.7 29.9 29.4 nan 29.2 29.4 29.4 29.3 29.1 28.9 28.7 28.6 28.6 28.6 28.8 29.1 29.5 30.0 30.5 30.9 31.1 -9999.0 -9999.0 -9999.0 -9999.0 -9999.0 -9999.0 -9999.0 -9999.0 -9999.0 -9999.0 -9999.0 -9999.0 -9999.0 -9999.0 -9999.0 -9999.0 -9999.0 nan nan nan nan nan nan nan nan nan nan nan nan nan nan -9999.0
nan nan nan nan nan nan nan nan nan nan nan nan nan nan nan nan nan nan nan nan nan nan nan nan nan nan nan nan nan 13.4 28.2 28.4 28.7 29.0 29.6 nan 13.2 29.3 29.5 29.8 nan 28.7 30.0 29.9 29.7 29.4 29.1 28.9 28.7 28.7 28.8 29.0 29.3 29.7 30.2 30.7 31.0 31.0 -9999.0 -9999.0 -9999.0 -9999.0 -9999.0 -9999.0 -9999.0 -9999.0 -9999.0 -9999.0 -9999.0 -9999.0 -9999.0 -9999.0 -9999.0 -9999.0 -9999.0 -9999.0 nan nan nan nan nan nan nan nan nan nan nan nan nan -9999.0
nan nan nan nan nan nan nan nan nan nan nan nan nan nan nan nan nan nan nan nan nan nan nan nan nan nan nan nan nan nan 27.8 28.3 28.9 29.5 28.0 nan nan 28.3 29.0 29.7 nan 25.7 28.3 30.0 29.8 29.5 29.2 28.9 28.8 28.8 28.9 29.2 29.5 29.9 30.3 30.6 30.8 30.9 -9999.0 -9999.0 -9999.0 -9999.0 -9999.0 -9999.0 -9999.0 -9999.0 -9999.0 -9999.0 -9999.0 -9999.0 -9999.0 -9999.0 -9999.0 -9999.0 -9999.0 -9999.0 -9999.0 nan nan nan nan nan nan nan nan nan nan nan nan -9999.0
nan nan nan nan nan nan nan nan nan nan nan nan nan nan nan nan nan nan nan nan nan nan nan nan nan nan nan nan nan nan 25.7 28.5 29.1 29.7 26.7 nan 14.6 22.1 25.7 15.2 24.2 20.2 23.5 29.4 29.7 29.4 29.1 28.9 28.8 28.8 29.0 29.3 29.6 30.0 30.4 30.6 30.7 30.8 -9999.0 -9999.0 -9999.0 -9999.0 -9999.0 -9999.0 -9999.0 -9999.0 -9999.0 -9999.0 -9999.0 -9999.0 -9999.0 -9999.0 -9999.0 -9999.0 -9999.0 -9999.0 -9999.0 -9999.0 nan nan nan nan nan nan nan nan nan nan nan -9999.0
nan nan nan nan nan nan nan nan nan nan nan nan nan nan nan nan nan nan nan nan nan nan nan nan nan nan nan nan nan nan 26.2 28.2 29.0 29.6 28.4 14.6 nan 25.8 20.9 14.9 20.7 nan 29.9 30.1 29.7 29.4 29.1 28.9 28.8 28.9 29.0 29.4 29.7 30.1 30.4 30.6 30.4 25.3 -9999.0 -9999.0 -9999.0 -9999.0 -9999.0 -9999.0 -9999.0 -9999.0 -9999.0 -9999.0 -9999.0 -9999.0 -9999.0 -9999.0 -9999.0 -9999.0 -9999.0 -9999.0 -9999.0 -9999.0 -9999.0 -9999.0 nan nan nan nan nan nan nan nan nan -9999.0
nan nan nan nan nan nan nan nan nan nan nan nan nan nan nan nan nan nan nan nan nan nan nan nan nan nan nan nan nan nan nan 28.4 28.7 29.2 29.7 nan nan 20.2 19.6 17.1 nan nan 29.9 30.0 29.7 29.4 29.2 29.0 28.9 28.9 29.1 29.5 29.8 30.2 30.5 30.9 30.6 27.2 -9999.0 -9999.0 -9999.0 -9999.0 -9999.0 -9999.0 -9999.0 -9999.0 -9999.0 -9999.0 -9999.0 nan nan nan -9999.0 -9999.0 -9999.0 -9999.0 -9999.0 -9999.0 -9999.0 -9999.0 -9999.0 -9999.0 -9999.0 -9999.0 -9999.0 nan nan nan -9999.0 -9999.0
nan nan nan nan nan nan nan nan nan nan nan nan nan nan nan nan nan nan nan nan nan nan nan nan nan nan nan nan nan nan nan 27.3 28.5 29.0 29.9 nan 14.0 17.2 26.3 15.4 nan nan 29.7 29.8 29.7 29.5 29.2 29.0 28.9 29.0 29.2 29.5 29.9 30.2 30.8 31.5 31.8 27.4 -9999.0 -9999.0 -9999.0 -9999.0 -9999.0 -9999.0 -9999.0 -9999.0 -9999.0 -9999.0 -9999.0 nan nan nan nan nan -9999.0 -9999.0 -9999.0 -9999.0 -9999.0 -9999.0 -9999.0 -9999.0 -9999.0 -9999.0 -9999.0 -9999.0 -9999.0 -9999.0 -9999.0 -9999.0
nan nan nan nan nan nan nan nan nan nan nan nan nan nan nan nan nan nan nan nan nan nan nan nan nan nan nan nan nan nan nan 14.5 28.4 28.9 28.8 29.0 26.2 20.9 16.3 13.5 15.8 nan 29.7 29.7 29.6 29.5 29.2 29.0 29.0 29.1 29.3 29.6 30.0 30.5 31.2 31.8 32.3 27.8 -9999.0 -9999.0 -9999.0 -9999.0 -9999.0 -9999.0 -9999.0 -9999.0 -9999.0 -9999.0 -9999.0 -9999.0 -9999.0 -9999.0 -9999.0 -9999.0 -9999.0 -9999.0 -9999.0 -9999.0 -9999.0 -9999.0 -9999.0 -9999.0 -9999.0 -9999.0 -9999.0 -9999.0 -9999.0 -9999.0 -9999.0 -9999.0
nan nan nan nan nan nan nan nan nan nan nan nan nan nan nan nan nan nan nan nan nan nan nan nan nan nan nan nan nan nan nan 14.5 27.9 28.9 29.6 30.1 30.2 nan 18.6 21.5 13.1 nan 29.7 29.8 29.7 29.5 29.3 29.1 29.0 29.1 29.3 29.6 30.1 30.7 31.4 32.1 32.7 28.9 -9999.0 -9999.0 -9999.0 -9999.0 -9999.0 -9999.0 -9999.0 -9999.0 -9999.0 -9999.0 -9999.0 -9999.0 -9999.0 -9999.0 -9999.0 -9999.0 -9999.0 -9999.0 -9999.0 -9999.0 -9999.0 -9999.0 -9999.0 -9999.0 -9999.0 -9999.0 -9999.0 -9999.0 -9999.0 -9999.0 -9999.0 -9999.0
nan nan nan nan nan nan nan nan nan nan nan nan nan nan nan nan nan nan nan nan nan nan nan nan nan nan nan nan nan nan nan 14.5 25.5 28.0 29.5 30.0 30.1 nan nan 19.0 14.9 nan nan 29.8 29.7 29.4 29.2 29.1 29.0 29.1 29.4 29.8 30.3 30.9 31.7 32.8 33.5 28.8 -9999.0 -9999.0 -9999.0 -9999.0 -9999.0 -9999.0 -9999.0 -9999.0 -9999.0 -9999.0 -9999.0 -9999.0 -9999.0 -9999.0 -9999.0 -9999.0 -9999.0 -9999.0 -9999.0 -9999.0 -9999.0 -9999.0 -9999.0 -9999.0 -9999.0 -9999.0 -9999.0 -9999.0 -9999.0 -9999.0 -9999.0 -9999.0
nan nan nan nan nan nan nan nan nan nan nan nan nan nan nan nan nan nan nan nan nan nan nan nan nan nan nan nan nan nan nan nan 14.0 28.7 29.3 29.9 nan nan nan 19.7 14.6 15.6 nan nan 29.4 29.3 29.1 29.0 29.0 29.1 29.4 29.8 30.4 31.2 32.2 33.5 34.5 33.3 -9999.0 -9999.0 -9999.0 -9999.0 -9999.0 -9999.0 -9999.0 -9999.0 -9999.0 -9999.0 -9999.0 -9999.0 -9999.0 -9999.0 -9999.0 -9999.0 -9999.0 -9999.0 -9999.0 -9999.0 -9999.0 -9999.0 -9999.0 -9999.0 nan nan nan -9999.0 -9999.0 -9999.0 -9999.0 -9999.0
nan nan nan nan nan nan nan nan nan nan nan nan nan nan nan nan nan nan nan nan nan nan nan nan nan nan nan nan nan nan nan nan 28.4 28.6 29.2 29.9 nan nan nan nan 16.2 15.0 26.4 nan 28.7 29.3 29.2 29.0 29.0 29.2 29.5 29.9 30.5 31.5 32.6 34.0 35.1 34.7 -9999.0 -9999.0 -9999.0 -9999.0 -9999.0 -9999.0 -9999.0 -9999.0 -9999.0 -9999.0 -9999.0 -9999.0 -9999.0 -9999.0 -9999.0 -9999.0 -9999.0 -9999.0 -9999.0 -9999.0 -9999.0 -9999.0 nan nan nan nan nan nan nan nan -9999.0 -9999.0
nan nan nan nan nan nan nan nan nan nan nan nan nan nan nan nan nan nan nan nan nan nan nan nan nan nan nan nan nan nan nan nan nan 28.7 29.4 30.1 nan nan nan nan 21.5 17.2 22.4 17.8 nan 29.5 29.4 29.1 29.2 29.4 29.7 30.2 30.8 31.8 33.1 34.5 35.5 35.9 -9999.0 -9999.0 -9999.0 -9999.0 -9999.0 -9999.0 -9999.0 -9999.0 -9999.0 -9999.0 -9999.0 nan nan nan nan nan nan nan nan nan nan nan nan nan nan nan nan nan nan nan nan nan
nan nan nan nan nan nan nan nan nan nan nan nan nan nan nan nan nan nan nan nan nan nan nan nan nan nan nan nan nan nan nan nan nan 29.1 29.7 30.3 30.4 nan nan nan 28.6 18.2 20.6 28.5 nan nan 29.0 29.0 29.0 29.2 29.7 30.3 30.9 31.9 33.3 34.9 36.1 36.7 -9999.0 -9999.0 -9999.0 -9999.0 -9999.0 -9999.0 -9999.0 -9999.0 -9999.0 -9999.0 nan nan nan nan nan nan nan nan nan nan nan nan nan nan nan nan nan nan nan nan nan nan
