data/output/RUN203/ECOSPACE/ECOSPACE_in_PAR3/PAR-VarZ-VarK/PAR-VarZ-VarK_2004_08.asc
ncols        93
nrows        151 
xllcorner    -123.80739
yllcorner    48.29471 
cellsize     0.013497347 
NODATA_value  0.0
[rows 80 to 119 of 151, columns 0 to 89 of 93]
nan nan nan nan nan nan nan nan nan nan nan nan nan nan nan nan nan nan nan nan nan nan nan 33.3 31.5 33.6 35.9 35.6 34.8 34.1 33.4 32.8 32.3 31.8 31.4 30.9 30.4 29.9 29.4 28.9 28.1 27.4 26.5 25.7 24.9 24.1 23.3 22.5 21.8 21.1 20.6 20.1 19.5 19.1 nan nan nan nan nan nan nan nan nan nan nan nan 15.7 15.8 15.9 15.9 nan 15.5 15.4 15.4 15.3 15.3 15.2 15.0 14.9 15.2 15.6 15.8 15.5 nan nan nan nan nan nan nan
nan nan nan nan nan nan nan nan nan nan nan nan nan nan nan nan nan nan nan nan nan nan nan nan nan nan 36.4 36.0 35.5 34.8 34.1 33.5 32.9 32.4 32.0 31.6 31.1 30.6 30.1 29.5 28.7 27.9 26.9 26.0 25.2 24.4 23.6 22.9 22.3 21.7 21.2 20.6 20.1 19.6 18.9 nan nan nan nan nan nan nan nan nan nan nan 16.0 16.0 nan nan nan nan nan 15.5 15.5 15.5 nan 15.1 15.2 15.6 15.9 16.1 nan nan nan nan nan nan nan nan
nan nan nan nan nan nan nan nan nan nan nan nan nan nan nan nan nan nan nan nan nan nan nan nan nan nan nan 36.4 35.9 35.5 34.8 34.2 33.6 33.1 32.6 32.2 31.8 31.3 30.7 30.0 29.1 28.2 27.2 26.2 25.3 24.5 23.9 23.2 22.7 22.2 21.7 21.2 20.6 20.0 19.4 18.7 nan nan nan nan nan nan nan nan nan 16.0 16.3 nan nan nan nan nan nan 15.6 15.6 15.5 nan 15.3 15.6 16.0 16.2 nan nan nan nan nan nan nan nan nan
nan nan nan nan nan nan nan nan nan nan nan nan nan nan nan nan nan nan nan nan nan nan nan nan nan nan nan nan 34.3 35.7 35.6 35.0 34.3 33.8 33.3 32.8 32.4 31.9 31.2 30.4 29.5 28.4 27.3 26.3 25.4 24.6 24.0 23.4 22.9 22.5 22.0 21.6 21.1 20.6 19.9 19.1 18.6 nan nan nan nan nan nan nan nan 16.1 16.3 nan nan nan nan nan nan 15.6 15.6 15.7 16.0 16.4 16.2 16.1 nan nan nan nan nan nan nan nan nan nan
nan nan nan nan nan nan nan nan nan nan nan nan nan nan nan nan nan nan nan nan nan nan nan nan nan nan nan nan nan 14.9 36.3 35.7 35.0 34.4 33.9 33.4 32.9 32.4 31.6 30.7 29.6 28.5 27.5 26.4 25.5 24.7 24.1 23.5 23.0 22.6 22.3 21.8 21.4 21.0 20.4 19.6 19.0 18.4 nan nan nan nan nan nan 16.2 16.3 16.3 nan 16.3 16.2 16.2 nan nan 15.7 15.8 16.0 16.4 16.9 nan nan nan nan nan nan nan nan nan nan nan nan
nan nan nan nan nan nan nan nan nan nan nan nan nan nan nan nan nan nan nan nan nan nan nan nan nan nan nan nan nan nan 15.8 36.3 35.7 35.1 34.6 34.0 33.4 32.8 31.9 30.9 29.7 28.6 27.5 26.5 25.6 24.8 24.1 23.6 23.1 22.7 22.4 22.0 21.6 21.2 20.7 20.1 19.5 19.0 nan nan nan nan nan 16.4 16.4 16.5 16.5 16.5 16.4 16.3 16.2 10.3 nan 15.8 16.1 16.3 16.6 16.8 nan nan nan nan nan nan nan nan nan nan nan nan
nan nan nan nan nan nan nan nan nan nan nan nan nan nan nan nan nan nan nan nan nan nan nan nan nan nan nan nan nan nan nan 34.4 36.3 35.8 35.2 34.6 33.9 33.2 32.2 31.1 29.9 28.7 27.6 26.5 25.6 24.8 24.1 23.6 23.1 22.7 22.4 22.1 21.8 21.4 20.9 20.4 19.8 19.3 18.5 nan nan 16.8 17.0 16.9 16.8 16.9 16.8 16.7 16.6 16.5 16.3 nan nan 16.1 16.3 16.6 16.8 16.8 nan nan nan nan nan nan nan nan nan nan nan nan
nan nan nan nan nan nan nan nan nan nan nan nan nan nan nan nan nan nan nan nan nan nan nan nan nan nan nan nan nan nan nan nan 36.8 36.3 35.7 35.1 34.4 33.6 32.5 31.3 30.0 28.9 27.7 26.6 25.7 24.8 24.1 23.6 23.1 22.7 22.4 22.1 21.8 21.5 21.1 20.5 19.9 19.4 18.8 18.0 17.6 17.5 17.4 nan 17.1 17.2 17.2 17.1 17.0 16.8 16.6 16.4 16.4 16.5 16.6 16.8 16.9 nan nan nan nan nan nan nan nan nan nan nan nan nan
nan nan nan nan nan nan nan nan nan nan nan nan nan nan nan nan nan nan nan nan nan nan nan nan nan nan nan nan nan nan 36.8 36.8 36.8 36.5 36.0 35.4 34.8 34.0 33.0 31.7 30.3 29.0 27.9 26.8 25.8 24.9 24.2 23.6 23.1 22.7 22.4 22.2 21.9 21.6 21.2 20.8 20.2 19.6 19.0 18.5 18.2 17.9 17.8 17.7 17.6 17.5 17.5 17.5 17.3 17.2 16.9 16.7 16.6 16.7 16.8 17.0 16.9 nan nan nan nan nan nan nan nan nan nan nan nan nan
nan nan nan nan nan nan nan nan nan nan nan nan nan nan nan nan nan nan nan nan nan nan nan nan nan nan nan nan nan nan nan nan 36.7 36.6 36.2 35.7 35.2 34.5 33.5 32.2 30.7 29.3 28.1 27.0 25.9 25.0 24.3 23.7 23.1 22.7 22.4 22.2 22.0 21.7 21.4 21.0 20.6 20.1 19.6 19.1 18.6 18.3 18.1 18.0 17.8 17.6 17.7 nan nan nan 17.1 16.9 16.8 16.8 16.9 17.0 nan nan nan nan nan nan nan nan nan nan nan nan nan nan
nan nan nan nan nan nan nan nan nan nan nan nan nan nan nan nan nan nan nan nan nan nan nan nan nan nan nan nan nan nan 16.4 15.0 36.7 36.5 36.4 36.1 35.8 35.1 34.1 32.7 31.1 29.7 28.3 27.1 26.1 25.1 24.4 23.7 23.2 22.8 22.5 22.2 22.1 21.9 21.6 21.3 20.9 20.4 19.9 19.4 19.0 18.6 18.4 18.1 nan nan nan nan nan nan nan 17.1 17.0 17.0 17.0 17.0 nan nan nan nan nan nan nan nan nan nan nan nan nan nan
nan nan nan nan nan nan nan nan nan nan nan nan nan nan nan nan nan nan nan nan nan nan nan nan nan nan nan nan nan nan 16.6 36.0 36.6 36.8 36.7 18.2 36.4 35.8 34.5 33.1 31.6 30.1 28.7 27.4 26.3 25.3 24.5 23.8 23.3 22.8 22.5 22.3 22.2 22.0 21.8 21.5 21.1 20.7 20.3 19.8 19.3 18.8 18.5 nan nan nan nan nan nan 17.1 17.2 17.2 17.1 17.0 17.1 nan nan nan nan nan nan nan nan nan nan nan nan nan nan nan
nan nan nan nan nan nan nan nan nan nan nan nan nan nan nan nan nan nan nan nan nan nan nan nan nan nan nan nan nan nan 16.5 34.5 36.8 37.1 nan nan nan 35.6 34.9 33.6 32.1 30.6 29.1 27.8 26.6 25.5 24.6 23.9 23.4 22.9 22.6 22.4 22.3 22.1 21.9 21.6 21.3 20.9 20.5 20.0 19.5 19.0 18.6 nan nan nan nan nan 17.3 17.3 17.3 17.3 17.2 17.0 nan nan nan nan nan nan nan nan nan nan nan nan nan nan nan nan
nan nan nan nan nan nan nan nan nan nan nan nan nan nan nan nan nan nan nan nan nan nan nan nan nan nan nan nan nan nan 16.4 15.8 37.3 37.4 nan nan nan 33.3 35.2 34.2 32.8 31.2 29.6 28.1 26.9 25.8 24.8 24.1 23.5 23.1 22.8 22.6 22.4 22.3 22.1 21.8 21.5 21.1 20.6 20.1 19.6 19.1 18.7 18.0 17.7 nan 17.4 17.4 17.4 17.3 17.3 17.3 nan nan nan nan nan nan nan nan nan nan nan nan nan nan nan nan nan nan
nan nan nan nan nan nan nan nan nan nan nan nan nan nan nan nan nan nan nan nan nan nan nan nan nan nan nan nan nan nan nan nan 37.6 31.2 nan nan nan nan 34.9 34.7 33.6 31.9 30.1 28.6 27.2 26.0 25.0 24.3 23.7 23.3 23.0 22.8 22.6 22.5 22.3 22.0 21.7 21.3 20.8 20.3 19.8 19.3 18.8 18.3 18.0 17.8 17.7 17.5 17.4 17.3 17.2 nan nan nan nan nan nan nan nan nan nan nan nan nan nan nan nan nan nan nan
nan nan nan nan nan nan nan nan nan nan nan nan nan nan nan nan nan nan nan nan nan nan nan nan nan nan nan nan nan nan nan nan nan 31.4 16.3 nan nan nan 15.2 35.5 34.5 32.7 30.7 29.0 27.5 26.3 25.3 24.6 24.0 23.5 23.2 23.1 22.9 22.8 22.6 22.3 22.0 21.5 21.0 20.6 20.1 19.6 19.0 18.6 18.3 18.0 17.8 17.6 17.5 17.4 17.1 nan nan nan nan nan nan nan nan nan nan nan nan nan nan nan nan nan nan nan
nan nan nan nan nan nan nan nan nan nan nan nan nan nan nan nan nan nan nan nan nan nan nan nan nan nan nan nan nan nan nan nan nan nan 17.1 30.4 nan nan nan nan 34.9 33.4 31.1 29.4 27.9 26.6 25.6 24.9 24.3 23.9 23.6 23.4 23.3 23.2 23.0 22.7 22.3 21.9 21.4 20.9 20.4 19.9 19.4 18.9 18.5 18.2 18.0 17.7 17.5 17.4 17.2 16.9 nan nan nan nan nan nan nan nan nan nan nan nan nan nan nan nan nan nan
nan nan nan nan nan nan nan nan nan nan nan nan nan nan nan nan nan nan nan nan nan nan nan nan nan nan nan nan nan nan nan nan nan nan nan 22.8 16.4 nan nan nan nan 31.9 31.4 29.7 28.2 27.0 26.0 25.2 24.6 24.2 23.9 23.8 23.7 23.6 23.4 23.1 22.7 22.2 21.7 21.2 20.7 20.2 19.7 19.2 18.8 18.4 18.1 17.9 17.6 17.4 17.2 17.1 16.9 10.4 nan nan nan nan nan nan nan nan nan nan nan nan nan nan nan nan
nan nan nan nan nan nan nan nan nan nan nan nan nan nan nan nan nan nan nan nan nan nan nan nan nan nan nan nan nan nan nan nan nan nan 17.4 21.5 31.5 31.5 nan 16.4 nan 29.2 31.5 30.1 28.6 27.4 26.4 25.6 25.0 24.6 24.3 24.2 24.1 24.1 23.9 23.5 23.1 22.6 22.0 21.5 21.0 20.5 20.0 19.5 19.0 18.6 18.3 18.0 17.8 17.4 17.2 17.1 17.0 16.8 nan nan nan nan nan nan nan nan nan nan nan nan nan nan nan nan
nan nan nan nan nan nan nan nan nan nan nan nan nan nan nan nan nan nan nan nan nan nan nan nan nan nan nan nan nan nan nan nan nan nan 32.2 32.3 32.6 29.4 17.8 29.0 31.0 26.9 31.6 30.4 29.0 27.9 26.8 26.0 25.4 25.0 24.7 24.6 24.5 24.4 24.2 23.9 23.4 22.9 22.4 21.8 21.3 20.8 20.2 19.7 19.0 18.5 17.9 17.8 17.4 17.6 17.2 17.1 17.0 16.9 17.0 nan nan nan nan nan nan nan nan nan nan nan nan nan nan nan
nan nan nan nan nan nan nan nan nan nan nan nan nan nan nan nan nan nan nan nan nan nan nan nan nan nan nan nan nan nan nan nan nan nan 32.4 32.5 32.7 32.3 29.9 nan 33.0 31.2 32.3 30.8 29.4 28.2 27.2 26.4 25.8 25.4 25.1 24.9 24.8 24.7 24.5 24.1 23.7 23.2 22.7 22.1 21.5 21.0 -9999.0 -9999.0 -9999.0 -9999.0 -9999.0 -9999.0 -9999.0 11.2 17.3 17.2 17.2 17.0 17.0 nan nan nan nan nan nan nan nan nan nan nan nan nan nan -9999.0
nan nan nan nan nan nan nan nan nan nan nan nan nan nan nan nan nan nan nan nan nan nan nan nan nan nan nan nan nan nan nan nan nan nan 32.3 32.3 32.4 32.3 32.1 nan nan 33.8 32.6 31.1 29.7 28.5 27.6 26.8 26.3 25.9 25.5 25.3 25.2 25.0 24.8 24.5 24.0 23.5 23.0 22.4 21.7 -9999.0 -9999.0 -9999.0 -9999.0 -9999.0 -9999.0 -9999.0 -9999.0 nan 13.1 17.3 17.4 16.8 nan nan nan nan nan nan nan nan nan nan nan nan nan nan nan -9999.0
nan nan nan nan nan nan nan nan nan nan nan nan nan nan nan nan nan nan nan nan nan nan nan nan nan nan nan nan nan nan nan nan nan nan 32.1 32.0 32.1 32.2 32.0 nan 27.3 30.5 33.0 31.5 30.0 28.8 27.9 27.2 26.7 26.3 26.0 25.8 25.6 25.5 25.2 24.9 24.5 24.0 23.4 22.7 21.9 -9999.0 -9999.0 -9999.0 -9999.0 -9999.0 -9999.0 -9999.0 -9999.0 -9999.0 -9999.0 nan 10.9 10.9 nan nan nan nan nan nan nan nan nan nan nan nan nan nan nan -9999.0
nan nan nan nan nan nan nan nan nan nan nan nan nan nan nan nan nan nan nan nan nan nan nan nan nan nan nan nan nan nan nan nan nan nan 31.7 31.8 32.2 31.0 28.7 19.0 30.5 27.9 32.7 31.6 30.2 29.1 28.2 27.6 27.2 26.9 26.6 26.3 26.2 26.0 25.9 25.6 25.1 24.6 23.8 23.0 -9999.0 -9999.0 -9999.0 -9999.0 -9999.0 -9999.0 -9999.0 -9999.0 -9999.0 -9999.0 -9999.0 nan nan nan nan nan nan nan nan nan nan nan nan nan nan nan nan nan nan -9999.0
nan nan nan nan nan nan nan nan nan nan nan nan nan nan nan nan nan nan nan nan nan nan nan nan nan nan nan nan nan nan nan nan 28.0 29.2 31.1 31.9 32.3 32.8 32.5 30.7 nan 34.3 32.8 31.6 30.4 29.4 28.6 28.1 27.7 27.4 27.1 26.9 26.8 26.8 26.6 26.4 25.9 25.2 24.4 -9999.0 -9999.0 -9999.0 -9999.0 -9999.0 -9999.0 -9999.0 -9999.0 -9999.0 -9999.0 -9999.0 -9999.0 -9999.0 nan nan nan nan nan nan nan nan nan nan nan nan nan nan nan nan nan -9999.0
nan nan nan nan nan nan nan nan nan nan nan nan nan nan nan nan nan nan nan nan nan nan nan nan nan nan nan nan nan 16.3 nan nan 31.6 31.5 31.5 31.7 32.4 33.0 33.4 nan nan 33.5 32.7 31.8 30.7 29.8 29.1 28.5 28.2 27.9 27.6 27.5 27.5 27.6 27.5 27.4 26.9 26.1 25.1 -9999.0 -9999.0 -9999.0 -9999.0 -9999.0 -9999.0 -9999.0 -9999.0 -9999.0 -9999.0 -9999.0 -9999.0 -9999.0 -9999.0 -9999.0 nan nan nan nan nan nan nan nan nan nan nan nan nan nan nan -9999.0
nan nan nan nan nan nan nan nan nan nan nan nan nan nan nan nan nan nan nan nan nan nan nan nan nan nan nan nan nan 14.3 14.3 nan 31.7 31.8 29.2 28.0 30.7 32.7 32.9 32.1 nan 33.5 33.1 32.3 31.2 30.3 29.6 29.0 28.6 28.4 28.1 28.1 28.2 28.4 28.5 28.5 28.1 27.3 -9999.0 -9999.0 -9999.0 -9999.0 -9999.0 -9999.0 -9999.0 -9999.0 -9999.0 -9999.0 -9999.0 -9999.0 -9999.0 -9999.0 -9999.0 -9999.0 -9999.0 nan nan nan nan nan nan nan nan nan nan nan nan nan nan -9999.0
nan nan nan nan nan nan nan nan nan nan nan nan nan nan nan nan nan nan nan nan nan nan nan nan nan nan nan nan nan 15.1 31.3 31.5 31.6 31.7 31.7 nan 14.9 32.4 32.7 33.1 nan 32.7 34.1 33.1 31.8 30.8 30.0 29.5 29.1 28.8 28.7 28.7 28.9 29.3 29.6 29.6 29.3 28.6 -9999.0 -9999.0 -9999.0 -9999.0 -9999.0 -9999.0 -9999.0 -9999.0 -9999.0 -9999.0 -9999.0 -9999.0 -9999.0 -9999.0 -9999.0 -9999.0 -9999.0 -9999.0 nan nan nan nan nan nan nan nan nan nan nan nan nan -9999.0
nan nan nan nan nan nan nan nan nan nan nan nan nan nan nan nan nan nan nan nan nan nan nan nan nan nan nan nan nan nan 30.6 31.4 31.6 31.9 29.4 nan nan 31.6 32.4 33.6 nan 28.6 31.1 33.2 32.3 31.3 30.5 30.0 29.5 29.3 29.2 29.4 29.7 30.2 30.6 30.7 30.4 29.8 -9999.0 -9999.0 -9999.0 -9999.0 -9999.0 -9999.0 -9999.0 -9999.0 -9999.0 -9999.0 -9999.0 -9999.0 -9999.0 -9999.0 -9999.0 -9999.0 -9999.0 -9999.0 -9999.0 nan nan nan nan nan nan nan nan nan nan nan nan -9999.0
nan nan nan nan nan nan nan nan nan nan nan nan nan nan nan nan nan nan nan nan nan nan nan nan nan nan nan nan nan nan 28.4 31.3 31.6 31.8 27.9 nan 16.5 24.6 29.3 17.2 27.6 22.9 26.5 32.5 32.6 31.7 30.9 30.3 30.0 29.7 29.8 30.0 30.4 31.0 31.5 31.6 31.0 29.9 -9999.0 -9999.0 -9999.0 -9999.0 -9999.0 -9999.0 -9999.0 -9999.0 -9999.0 -9999.0 -9999.0 -9999.0 -9999.0 -9999.0 -9999.0 -9999.0 -9999.0 -9999.0 -9999.0 -9999.0 nan nan nan nan nan nan nan nan nan nan nan -9999.0
nan nan nan nan nan nan nan nan nan nan nan nan nan nan nan nan nan nan nan nan nan nan nan nan nan nan nan nan nan nan 28.7 30.8 31.5 31.7 29.6 16.4 nan 29.3 23.8 17.2 23.6 nan 33.9 33.9 33.0 32.1 31.3 30.7 30.4 30.2 30.3 30.6 31.0 31.5 32.0 31.9 30.8 22.9 -9999.0 -9999.0 -9999.0 -9999.0 -9999.0 -9999.0 -9999.0 -9999.0 -9999.0 -9999.0 -9999.0 -9999.0 -9999.0 -9999.0 -9999.0 -9999.0 -9999.0 -9999.0 -9999.0 -9999.0 -9999.0 -9999.0 nan nan nan nan nan nan nan nan nan -9999.0
nan nan nan nan nan nan nan nan nan nan nan nan nan nan nan nan nan nan nan nan nan nan nan nan nan nan nan nan nan nan nan 31.2 31.3 31.5 31.9 nan nan 22.8 22.5 19.7 nan nan 34.3 34.2 33.5 32.6 31.8 31.1 30.8 30.7 30.8 31.1 31.5 32.0 32.4 32.2 30.7 25.5 -9999.0 -9999.0 -9999.0 -9999.0 -9999.0 -9999.0 -9999.0 -9999.0 -9999.0 -9999.0 -9999.0 nan nan nan -9999.0 -9999.0 -9999.0 -9999.0 -9999.0 -9999.0 -9999.0 -9999.0 -9999.0 -9999.0 -9999.0 -9999.0 -9999.0 nan nan nan -9999.0 -9999.0
nan nan nan nan nan nan nan nan nan nan nan nan nan nan nan nan nan nan nan nan nan nan nan nan nan nan nan nan nan nan nan 29.6 31.0 31.4 32.1 nan 15.7 19.5 29.9 18.1 nan nan 34.5 34.4 33.9 33.2 32.4 31.7 31.4 31.3 31.4 31.6 32.0 32.4 32.7 32.6 31.7 26.4 -9999.0 -9999.0 -9999.0 -9999.0 -9999.0 -9999.0 -9999.0 -9999.0 -9999.0 -9999.0 -9999.0 nan nan nan nan nan -9999.0 -9999.0 -9999.0 -9999.0 -9999.0 -9999.0 -9999.0 -9999.0 -9999.0 -9999.0 -9999.0 -9999.0 -9999.0 -9999.0 -9999.0 -9999.0
nan nan nan nan nan nan nan nan nan nan nan nan nan nan nan nan nan nan nan nan nan nan nan nan nan nan nan nan nan nan nan 16.3 31.0 31.5 30.4 30.0 29.1 24.1 18.5 15.3 18.1 nan 34.5 34.6 34.2 33.6 33.0 32.4 32.0 31.8 31.9 32.1 32.5 32.8 32.9 32.7 32.4 27.6 -9999.0 -9999.0 -9999.0 -9999.0 -9999.0 -9999.0 -9999.0 -9999.0 -9999.0 -9999.0 -9999.0 -9999.0 -9999.0 -9999.0 -9999.0 -9999.0 -9999.0 -9999.0 -9999.0 -9999.0 -9999.0 -9999.0 -9999.0 -9999.0 -9999.0 -9999.0 -9999.0 -9999.0 -9999.0 -9999.0 -9999.0 -9999.0
nan nan nan nan nan nan nan nan nan nan nan nan nan nan nan nan nan nan nan nan nan nan nan nan nan nan nan nan nan nan nan 16.3 30.0 31.2 32.0 32.3 32.3 nan 20.7 24.1 14.8 nan 34.7 34.9 34.7 34.2 33.6 33.1 32.7 32.5 32.4 32.6 32.8 33.1 33.2 32.8 32.5 27.0 -9999.0 -9999.0 -9999.0 -9999.0 -9999.0 -9999.0 -9999.0 -9999.0 -9999.0 -9999.0 -9999.0 -9999.0 -9999.0 -9999.0 -9999.0 -9999.0 -9999.0 -9999.0 -9999.0 -9999.0 -9999.0 -9999.0 -9999.0 -9999.0 -9999.0 -9999.0 -9999.0 -9999.0 -9999.0 -9999.0 -9999.0 -9999.0
nan nan nan nan nan nan nan nan nan nan nan nan nan nan nan nan nan nan nan nan nan nan nan nan nan nan nan nan nan nan nan 16.3 27.4 30.5 31.9 32.4 32.3 nan nan 21.7 17.4 nan nan 35.2 35.2 34.6 34.2 33.7 33.4 33.1 33.0 33.1 33.3 33.5 33.5 33.2 32.9 26.5 -9999.0 -9999.0 -9999.0 -9999.0 -9999.0 -9999.0 -9999.0 -9999.0 -9999.0 -9999.0 -9999.0 -9999.0 -9999.0 -9999.0 -9999.0 -9999.0 -9999.0 -9999.0 -9999.0 -9999.0 -9999.0 -9999.0 -9999.0 -9999.0 -9999.0 -9999.0 -9999.0 -9999.0 -9999.0 -9999.0 -9999.0 -9999.0
nan nan nan nan nan nan nan nan nan nan nan nan nan nan nan nan nan nan nan nan nan nan nan nan nan nan nan nan nan nan nan nan 15.7 31.5 32.0 32.5 nan nan nan 22.9 16.8 18.3 nan nan 34.8 34.8 34.6 34.2 33.9 33.7 33.6 33.6 33.7 33.9 33.9 33.8 33.3 32.2 -9999.0 -9999.0 -9999.0 -9999.0 -9999.0 -9999.0 -9999.0 -9999.0 -9999.0 -9999.0 -9999.0 -9999.0 -9999.0 -9999.0 -9999.0 -9999.0 -9999.0 -9999.0 -9999.0 -9999.0 -9999.0 -9999.0 -9999.0 -9999.0 nan nan nan -9999.0 -9999.0 -9999.0 -9999.0 -9999.0
nan nan nan nan nan nan nan nan nan nan nan nan nan nan nan nan nan nan nan nan nan nan nan nan nan nan nan nan nan nan nan nan 31.0 31.5 31.9 32.4 nan nan nan nan 19.0 18.2 30.1 nan 33.6 34.9 35.0 34.6 34.4 34.3 34.1 34.1 34.2 34.3 34.4 34.4 34.1 33.7 -9999.0 -9999.0 -9999.0 -9999.0 -9999.0 -9999.0 -9999.0 -9999.0 -9999.0 -9999.0 -9999.0 -9999.0 -9999.0 -9999.0 -9999.0 -9999.0 -9999.0 -9999.0 -9999.0 -9999.0 -9999.0 -9999.0 nan nan nan nan nan nan nan nan -9999.0 -9999.0
nan nan nan nan nan nan nan nan nan nan nan nan nan nan nan nan nan nan nan nan nan nan nan nan nan nan nan nan nan nan nan nan nan 31.6 32.1 32.6 nan nan nan nan 24.6 20.7 25.8 19.9 nan 35.5 35.7 35.3 35.0 34.8 34.7 34.7 34.7 34.8 34.8 35.1 34.8 34.7 -9999.0 -9999.0 -9999.0 -9999.0 -9999.0 -9999.0 -9999.0 -9999.0 -9999.0 -9999.0 -9999.0 nan nan nan nan nan nan nan nan nan nan nan nan nan nan nan nan nan nan nan nan nan
nan nan nan nan nan nan nan nan nan nan nan nan nan nan nan nan nan nan nan nan nan nan nan nan nan nan nan nan nan nan nan nan nan 31.8 32.2 32.9 32.6 nan nan nan 31.9 21.9 23.8 31.6 nan nan 35.3 35.4 35.2 35.0 34.9 35.0 35.0 35.1 35.4 35.6 35.6 35.8 -9999.0 -9999.0 -9999.0 -9999.0 -9999.0 -9999.0 -9999.0 -9999.0 -9999.0 -9999.0 nan nan nan nan nan nan nan nan nan nan nan nan nan nan nan nan nan nan nan nan nan nan
