data/output/RUN203/ECOSPACE/ECOSPACE_in_PAR3/PAR-VarZ-VarK/PAR-VarZ-VarK_2002_05.asc
ncols        93
nrows        151 
xllcorner    -123.80739
yllcorner    48.29471 
cellsize     0.013497347 
NODATA_value  0.0
[rows 80 to 119 of 151, columns 0 to 89 of 93]
nan nan nan nan nan nan nan nan nan nan nan nan nan nan nan nan nan nan nan nan nan nan nan 37.8 36.9 37.2 39.9 39.3 37.6 35.5 33.5 31.5 29.5 27.7 26.2 24.9 23.9 22.8 21.9 21.2 20.7 20.2 19.7 19.3 19.0 18.8 18.6 18.4 18.1 17.7 17.4 17.0 16.7 16.5 nan nan nan nan nan nan nan nan nan nan nan nan 15.0 15.1 15.2 15.3 nan 15.0 15.0 15.0 15.1 15.2 15.2 15.0 14.9 15.1 15.4 15.5 15.4 nan nan nan nan nan nan nan
nan nan nan nan nan nan nan nan nan nan nan nan nan nan nan nan nan nan nan nan nan nan nan nan nan nan 40.7 40.2 38.7 36.6 34.5 32.4 30.4 28.5 26.8 25.3 24.3 23.2 22.2 21.4 20.8 20.3 19.8 19.4 19.1 18.9 18.7 18.5 18.3 17.9 17.5 17.1 16.9 16.6 16.3 nan nan nan nan nan nan nan nan nan nan nan 15.2 15.3 nan nan nan nan nan 15.1 15.3 15.4 nan 15.1 15.2 15.5 15.8 15.9 nan nan nan nan nan nan nan nan
nan nan nan nan nan nan nan nan nan nan nan nan nan nan nan nan nan nan nan nan nan nan nan nan nan nan nan 40.8 39.3 37.9 35.8 33.7 31.6 29.5 27.7 26.0 24.9 23.7 22.6 21.7 21.0 20.5 20.0 19.6 19.2 19.0 18.9 18.7 18.5 18.2 17.8 17.4 17.0 16.7 16.5 16.3 nan nan nan nan nan nan nan nan nan 15.2 15.5 nan nan nan nan nan nan 15.2 15.3 15.4 nan 15.3 15.6 15.8 16.0 nan nan nan nan nan nan nan nan nan
nan nan nan nan nan nan nan nan nan nan nan nan nan nan nan nan nan nan nan nan nan nan nan nan nan nan nan nan 38.2 38.2 37.2 35.1 33.0 30.8 28.8 27.0 25.6 24.4 23.2 22.1 21.4 20.8 20.3 19.8 19.4 19.2 19.0 18.9 18.8 18.5 18.1 17.6 17.2 16.9 16.7 16.5 16.3 nan nan nan nan nan nan nan nan 15.3 15.5 nan nan nan nan nan nan 15.2 15.4 15.5 15.7 16.0 15.9 15.9 nan nan nan nan nan nan nan nan nan nan
nan nan nan nan nan nan nan nan nan nan nan nan nan nan nan nan nan nan nan nan nan nan nan nan nan nan nan nan nan 15.8 38.5 36.7 34.6 32.4 30.2 28.2 26.7 25.3 23.9 22.7 21.9 21.2 20.6 20.1 19.7 19.4 19.3 19.1 19.0 18.8 18.4 18.0 17.5 17.2 16.9 16.7 16.4 16.3 nan nan nan nan nan nan 15.3 15.4 15.5 nan 15.7 15.7 15.7 nan nan 15.3 15.5 15.7 15.9 16.3 nan nan nan nan nan nan nan nan nan nan nan nan
nan nan nan nan nan nan nan nan nan nan nan nan nan nan nan nan nan nan nan nan nan nan nan nan nan nan nan nan nan nan 16.7 37.6 36.0 33.8 31.6 29.4 27.8 26.3 24.8 23.5 22.4 21.7 21.1 20.5 20.1 19.8 19.5 19.3 19.2 19.1 18.8 18.4 17.9 17.6 17.2 17.0 16.7 16.5 nan nan nan nan nan 15.4 15.5 15.6 15.6 15.7 15.7 15.6 15.6 10.5 nan 15.4 15.6 15.8 16.0 16.1 nan nan nan nan nan nan nan nan nan nan nan nan
nan nan nan nan nan nan nan nan nan nan nan nan nan nan nan nan nan nan nan nan nan nan nan nan nan nan nan nan nan nan nan 35.8 36.3 35.3 33.1 30.9 29.1 27.4 25.8 24.3 23.2 22.3 21.6 21.0 20.6 20.2 19.9 19.7 19.5 19.4 19.2 18.8 18.4 18.0 17.7 17.4 17.1 16.8 16.5 nan nan 15.7 15.8 15.8 15.7 15.8 15.8 15.8 15.8 15.7 15.6 nan nan 15.5 15.7 15.9 16.1 16.1 nan nan nan nan nan nan nan nan nan nan nan nan
nan nan nan nan nan nan nan nan nan nan nan nan nan nan nan nan nan nan nan nan nan nan nan nan nan nan nan nan nan nan nan nan 37.8 36.3 34.2 32.2 30.3 28.6 26.9 25.3 24.0 23.0 22.2 21.6 21.1 20.6 20.3 20.1 20.0 19.8 19.6 19.3 18.9 18.5 18.1 17.8 17.5 17.2 16.9 16.5 16.2 16.1 16.1 nan 15.9 16.0 16.1 16.1 16.1 16.0 15.9 15.8 15.8 15.8 15.8 15.9 16.0 nan nan nan nan nan nan nan nan nan nan nan nan nan
nan nan nan nan nan nan nan nan nan nan nan nan nan nan nan nan nan nan nan nan nan nan nan nan nan nan nan nan nan nan 37.5 38.1 38.3 37.1 35.3 33.5 31.7 29.8 28.0 26.4 24.9 23.8 22.9 22.2 21.7 21.2 20.8 20.5 20.4 20.3 20.1 19.8 19.5 19.1 18.7 18.4 18.0 17.6 17.2 16.9 16.6 16.4 16.3 16.3 16.4 16.4 16.5 16.6 16.5 16.5 16.3 16.0 15.9 15.9 15.9 16.0 16.0 nan nan nan nan nan nan nan nan nan nan nan nan nan
nan nan nan nan nan nan nan nan nan nan nan nan nan nan nan nan nan nan nan nan nan nan nan nan nan nan nan nan nan nan nan nan 37.8 37.2 35.9 34.5 33.0 31.1 29.2 27.5 26.0 24.7 23.8 23.0 22.4 21.8 21.4 21.0 20.9 20.7 20.5 20.3 20.0 19.7 19.3 18.9 18.5 18.1 17.7 17.4 17.0 16.8 16.6 16.7 16.6 16.6 16.6 nan nan nan 16.4 16.2 16.1 16.0 16.0 16.0 nan nan nan nan nan nan nan nan nan nan nan nan nan nan
nan nan nan nan nan nan nan nan nan nan nan nan nan nan nan nan nan nan nan nan nan nan nan nan nan nan nan nan nan nan 17.1 15.6 37.6 37.2 36.3 35.4 34.3 32.7 30.6 28.9 27.2 25.7 24.6 23.7 23.1 22.4 21.9 21.6 21.4 21.1 20.9 20.7 20.5 20.2 19.8 19.5 19.1 18.6 18.2 17.8 17.4 17.1 16.8 16.8 nan nan nan nan nan nan nan 16.4 16.2 16.0 16.0 15.9 nan nan nan nan nan nan nan nan nan nan nan nan nan nan
nan nan nan nan nan nan nan nan nan nan nan nan nan nan nan nan nan nan nan nan nan nan nan nan nan nan nan nan nan nan 17.0 37.0 37.5 37.5 36.9 18.5 35.5 34.1 31.8 30.0 28.3 26.9 25.6 24.6 23.7 23.0 22.5 22.1 21.8 21.5 21.3 21.1 20.9 20.6 20.3 20.0 19.6 19.1 18.6 18.1 17.7 17.3 17.0 nan nan nan nan nan nan 16.1 16.1 16.2 16.1 16.0 15.9 nan nan nan nan nan nan nan nan nan nan nan nan nan nan nan
nan nan nan nan nan nan nan nan nan nan nan nan nan nan nan nan nan nan nan nan nan nan nan nan nan nan nan nan nan nan 17.1 35.5 37.6 37.8 nan nan nan 34.0 32.7 31.0 29.4 27.9 26.5 25.3 24.4 23.6 23.0 22.5 22.1 21.9 21.6 21.4 21.2 21.0 20.7 20.4 20.0 19.6 19.1 18.5 18.0 17.5 17.1 nan nan nan nan nan 16.1 16.0 16.0 16.0 15.9 15.8 nan nan nan nan nan nan nan nan nan nan nan nan nan nan nan nan
nan nan nan nan nan nan nan nan nan nan nan nan nan nan nan nan nan nan nan nan nan nan nan nan nan nan nan nan nan nan 17.0 16.1 37.8 37.8 nan nan nan 31.8 33.4 31.9 30.5 28.8 27.4 26.1 25.0 24.1 23.4 22.9 22.5 22.2 21.9 21.7 21.5 21.4 21.1 20.8 20.5 20.0 19.5 18.9 18.3 17.7 17.3 16.6 16.3 nan 16.1 16.0 16.0 15.9 15.9 15.8 nan nan nan nan nan nan nan nan nan nan nan nan nan nan nan nan nan nan
nan nan nan nan nan nan nan nan nan nan nan nan nan nan nan nan nan nan nan nan nan nan nan nan nan nan nan nan nan nan nan nan 37.8 31.2 nan nan nan nan 33.4 32.9 31.7 29.9 28.2 26.9 25.6 24.6 23.9 23.3 22.8 22.4 22.2 22.0 21.8 21.7 21.4 21.1 20.8 20.4 19.8 19.2 18.6 18.0 17.5 17.0 16.6 16.4 16.2 16.0 15.9 15.8 15.7 nan nan nan nan nan nan nan nan nan nan nan nan nan nan nan nan nan nan nan
nan nan nan nan nan nan nan nan nan nan nan nan nan nan nan nan nan nan nan nan nan nan nan nan nan nan nan nan nan nan nan nan nan 31.8 16.6 nan nan nan 15.6 33.9 32.8 31.0 29.1 27.6 26.3 25.2 24.3 23.6 23.1 22.7 22.5 22.2 22.1 21.9 21.7 21.4 21.1 20.6 20.1 19.6 19.0 18.4 17.8 17.2 16.8 16.4 16.1 15.9 15.8 15.7 15.5 nan nan nan nan nan nan nan nan nan nan nan nan nan nan nan nan nan nan nan
nan nan nan nan nan nan nan nan nan nan nan nan nan nan nan nan nan nan nan nan nan nan nan nan nan nan nan nan nan nan nan nan nan nan 18.3 31.2 nan nan nan nan 33.2 32.2 30.0 28.3 26.9 25.7 24.7 23.9 23.3 23.0 22.7 22.5 22.3 22.1 21.9 21.6 21.3 20.9 20.5 19.9 19.3 18.7 18.0 17.5 16.9 16.5 16.1 15.9 15.7 15.6 15.6 15.4 nan nan nan nan nan nan nan nan nan nan nan nan nan nan nan nan nan nan
nan nan nan nan nan nan nan nan nan nan nan nan nan nan nan nan nan nan nan nan nan nan nan nan nan nan nan nan nan nan nan nan nan nan nan 22.8 17.0 nan nan nan nan 30.5 30.5 28.7 27.3 26.1 25.0 24.2 23.5 23.1 22.9 22.6 22.4 22.2 22.0 21.7 21.5 21.1 20.7 20.2 19.5 18.9 18.2 17.5 17.0 16.5 16.1 15.8 15.6 15.5 15.5 15.6 15.5 10.3 nan nan nan nan nan nan nan nan nan nan nan nan nan nan nan nan
nan nan nan nan nan nan nan nan nan nan nan nan nan nan nan nan nan nan nan nan nan nan nan nan nan nan nan nan nan nan nan nan nan nan 17.6 23.2 31.7 31.5 nan 17.0 nan 28.3 30.3 29.1 27.6 26.3 25.2 24.4 23.7 23.2 23.0 22.7 22.5 22.3 22.0 21.8 21.5 21.3 20.9 20.4 19.7 19.0 18.2 17.5 16.9 16.4 16.1 15.8 15.7 15.5 15.4 15.4 15.4 15.3 nan nan nan nan nan nan nan nan nan nan nan nan nan nan nan nan
nan nan nan nan nan nan nan nan nan nan nan nan nan nan nan nan nan nan nan nan nan nan nan nan nan nan nan nan nan nan nan nan nan nan 31.9 32.0 32.4 30.4 20.0 29.3 30.5 25.2 30.9 29.5 28.0 26.6 25.5 24.5 23.8 23.3 23.0 22.8 22.6 22.3 22.1 21.8 21.6 21.3 20.9 20.4 19.8 19.0 18.2 17.4 16.7 16.2 15.5 15.0 14.5 15.3 15.4 15.4 15.4 15.4 15.5 nan nan nan nan nan nan nan nan nan nan nan nan nan nan nan
nan nan nan nan nan nan nan nan nan nan nan nan nan nan nan nan nan nan nan nan nan nan nan nan nan nan nan nan nan nan nan nan nan nan 32.2 32.3 32.4 32.5 31.8 nan 31.5 30.2 31.5 30.0 28.4 27.0 25.7 24.6 23.9 23.4 23.1 22.8 22.6 22.3 22.1 21.9 21.6 21.4 21.0 20.5 19.8 19.0 -9999.0 -9999.0 -9999.0 -9999.0 -9999.0 -9999.0 -9999.0 11.1 15.4 15.2 15.3 15.3 15.3 nan nan nan nan nan nan nan nan nan nan nan nan nan nan -9999.0
nan nan nan nan nan nan nan nan nan nan nan nan nan nan nan nan nan nan nan nan nan nan nan nan nan nan nan nan nan nan nan nan nan nan 32.2 32.3 32.2 32.2 32.3 nan nan 32.4 31.8 30.4 28.8 27.3 26.0 24.9 24.1 23.5 23.1 22.8 22.6 22.3 22.1 21.9 21.7 21.5 21.1 20.5 19.8 -9999.0 -9999.0 -9999.0 -9999.0 -9999.0 -9999.0 -9999.0 -9999.0 nan 13.4 15.1 15.2 14.9 nan nan nan nan nan nan nan nan nan nan nan nan nan nan nan -9999.0
nan nan nan nan nan nan nan nan nan nan nan nan nan nan nan nan nan nan nan nan nan nan nan nan nan nan nan nan nan nan nan nan nan nan 31.9 32.0 32.0 32.2 32.8 nan 25.4 28.9 32.0 30.8 29.2 27.7 26.3 25.2 24.3 23.7 23.3 22.9 22.6 22.3 22.1 22.0 21.8 21.6 21.2 20.6 19.8 -9999.0 -9999.0 -9999.0 -9999.0 -9999.0 -9999.0 -9999.0 -9999.0 -9999.0 -9999.0 nan 10.7 10.8 nan nan nan nan nan nan nan nan nan nan nan nan nan nan nan -9999.0
nan nan nan nan nan nan nan nan nan nan nan nan nan nan nan nan nan nan nan nan nan nan nan nan nan nan nan nan nan nan nan nan nan nan 31.7 31.8 32.2 32.4 28.8 19.7 30.6 26.2 31.5 31.0 29.6 28.0 26.7 25.5 24.5 23.9 23.4 23.0 22.6 22.4 22.2 22.1 22.0 21.8 21.4 20.8 -9999.0 -9999.0 -9999.0 -9999.0 -9999.0 -9999.0 -9999.0 -9999.0 -9999.0 -9999.0 -9999.0 nan nan nan nan nan nan nan nan nan nan nan nan nan nan nan nan nan nan -9999.0
nan nan nan nan nan nan nan nan nan nan nan nan nan nan nan nan nan nan nan nan nan nan nan nan nan nan nan nan nan nan nan nan 30.2 30.3 31.8 32.3 32.9 33.8 33.8 31.8 nan 33.4 32.6 31.4 29.9 28.4 27.0 25.8 24.8 24.1 23.5 23.0 22.6 22.4 22.3 22.3 22.2 22.1 21.7 -9999.0 -9999.0 -9999.0 -9999.0 -9999.0 -9999.0 -9999.0 -9999.0 -9999.0 -9999.0 -9999.0 -9999.0 -9999.0 nan nan nan nan nan nan nan nan nan nan nan nan nan nan nan nan nan -9999.0
nan nan nan nan nan nan nan nan nan nan nan nan nan nan nan nan nan nan nan nan nan nan nan nan nan nan nan nan nan 17.0 nan nan 32.5 32.7 32.5 32.7 33.5 34.4 35.3 nan nan 33.1 32.8 31.8 30.3 28.8 27.4 26.2 25.1 24.4 23.8 23.2 22.8 22.6 22.5 22.5 22.5 22.4 22.0 -9999.0 -9999.0 -9999.0 -9999.0 -9999.0 -9999.0 -9999.0 -9999.0 -9999.0 -9999.0 -9999.0 -9999.0 -9999.0 -9999.0 -9999.0 nan nan nan nan nan nan nan nan nan nan nan nan nan nan nan -9999.0
nan nan nan nan nan nan nan nan nan nan nan nan nan nan nan nan nan nan nan nan nan nan nan nan nan nan nan nan nan 14.9 14.9 nan 32.9 33.3 30.9 29.4 32.0 34.4 34.8 33.5 nan 33.2 33.0 32.1 30.8 29.3 27.9 26.6 25.6 24.8 24.2 23.6 23.1 22.9 22.8 22.8 22.8 22.8 -9999.0 -9999.0 -9999.0 -9999.0 -9999.0 -9999.0 -9999.0 -9999.0 -9999.0 -9999.0 -9999.0 -9999.0 -9999.0 -9999.0 -9999.0 -9999.0 -9999.0 nan nan nan nan nan nan nan nan nan nan nan nan nan nan -9999.0
nan nan nan nan nan nan nan nan nan nan nan nan nan nan nan nan nan nan nan nan nan nan nan nan nan nan nan nan nan 15.7 32.8 32.9 33.4 33.8 34.5 nan 15.6 34.3 34.5 34.6 nan 32.7 33.8 32.7 31.5 30.0 28.5 27.2 26.2 25.4 24.7 24.1 23.6 23.3 23.2 23.1 23.2 23.2 -9999.0 -9999.0 -9999.0 -9999.0 -9999.0 -9999.0 -9999.0 -9999.0 -9999.0 -9999.0 -9999.0 -9999.0 -9999.0 -9999.0 -9999.0 -9999.0 -9999.0 -9999.0 nan nan nan nan nan nan nan nan nan nan nan nan nan -9999.0
nan nan nan nan nan nan nan nan nan nan nan nan nan nan nan nan nan nan nan nan nan nan nan nan nan nan nan nan nan nan 32.0 32.8 33.4 34.1 32.8 nan nan 33.6 34.0 34.2 nan 28.8 31.2 33.6 32.3 30.8 29.3 28.1 27.0 26.1 25.3 24.7 24.2 23.9 23.6 23.5 23.6 23.5 -9999.0 -9999.0 -9999.0 -9999.0 -9999.0 -9999.0 -9999.0 -9999.0 -9999.0 -9999.0 -9999.0 -9999.0 -9999.0 -9999.0 -9999.0 -9999.0 -9999.0 -9999.0 -9999.0 nan nan nan nan nan nan nan nan nan nan nan nan -9999.0
nan nan nan nan nan nan nan nan nan nan nan nan nan nan nan nan nan nan nan nan nan nan nan nan nan nan nan nan nan nan 29.7 32.8 33.5 34.2 30.4 nan 17.3 26.2 29.7 17.8 28.5 23.9 26.4 33.4 33.1 31.7 30.2 29.0 27.8 26.8 26.0 25.3 24.8 24.4 24.1 24.0 24.0 23.0 -9999.0 -9999.0 -9999.0 -9999.0 -9999.0 -9999.0 -9999.0 -9999.0 -9999.0 -9999.0 -9999.0 -9999.0 -9999.0 -9999.0 -9999.0 -9999.0 -9999.0 -9999.0 -9999.0 -9999.0 nan nan nan nan nan nan nan nan nan nan nan -9999.0
nan nan nan nan nan nan nan nan nan nan nan nan nan nan nan nan nan nan nan nan nan nan nan nan nan nan nan nan nan nan 30.4 32.3 33.5 34.1 33.1 17.2 nan 30.8 23.5 16.3 23.9 nan 34.5 34.7 33.7 32.5 31.2 29.9 28.6 27.5 26.6 26.0 25.4 24.9 24.6 24.3 22.5 17.4 -9999.0 -9999.0 -9999.0 -9999.0 -9999.0 -9999.0 -9999.0 -9999.0 -9999.0 -9999.0 -9999.0 -9999.0 -9999.0 -9999.0 -9999.0 -9999.0 -9999.0 -9999.0 -9999.0 -9999.0 -9999.0 -9999.0 nan nan nan nan nan nan nan nan nan -9999.0
nan nan nan nan nan nan nan nan nan nan nan nan nan nan nan nan nan nan nan nan nan nan nan nan nan nan nan nan nan nan nan 32.9 33.2 33.8 34.5 nan nan 23.1 22.7 18.7 nan nan 35.1 35.0 34.2 33.2 31.9 30.6 29.3 28.2 27.3 26.6 26.0 25.5 25.2 24.7 22.4 18.9 -9999.0 -9999.0 -9999.0 -9999.0 -9999.0 -9999.0 -9999.0 -9999.0 -9999.0 -9999.0 -9999.0 nan nan nan -9999.0 -9999.0 -9999.0 -9999.0 -9999.0 -9999.0 -9999.0 -9999.0 -9999.0 -9999.0 -9999.0 -9999.0 -9999.0 nan nan nan -9999.0 -9999.0
nan nan nan nan nan nan nan nan nan nan nan nan nan nan nan nan nan nan nan nan nan nan nan nan nan nan nan nan nan nan nan 32.0 33.0 33.8 34.8 nan 16.3 19.8 31.2 17.5 nan nan 35.1 35.2 34.6 33.6 32.5 31.2 29.9 28.8 28.0 27.2 26.6 26.0 25.7 25.5 24.6 20.7 -9999.0 -9999.0 -9999.0 -9999.0 -9999.0 -9999.0 -9999.0 -9999.0 -9999.0 -9999.0 -9999.0 nan nan nan nan nan -9999.0 -9999.0 -9999.0 -9999.0 -9999.0 -9999.0 -9999.0 -9999.0 -9999.0 -9999.0 -9999.0 -9999.0 -9999.0 -9999.0 -9999.0 -9999.0
nan nan nan nan nan nan nan nan nan nan nan nan nan nan nan nan nan nan nan nan nan nan nan nan nan nan nan nan nan nan nan 16.9 32.7 33.7 34.3 32.7 28.9 23.4 19.2 15.6 17.8 nan 35.1 35.6 35.0 34.0 32.9 31.7 30.5 29.4 28.5 27.6 27.0 26.5 26.0 25.6 24.9 18.8 -9999.0 -9999.0 -9999.0 -9999.0 -9999.0 -9999.0 -9999.0 -9999.0 -9999.0 -9999.0 -9999.0 -9999.0 -9999.0 -9999.0 -9999.0 -9999.0 -9999.0 -9999.0 -9999.0 -9999.0 -9999.0 -9999.0 -9999.0 -9999.0 -9999.0 -9999.0 -9999.0 -9999.0 -9999.0 -9999.0 -9999.0 -9999.0
nan nan nan nan nan nan nan nan nan nan nan nan nan nan nan nan nan nan nan nan nan nan nan nan nan nan nan nan nan nan nan 16.8 32.4 33.7 34.9 35.6 35.7 nan 21.9 25.5 15.1 nan 35.7 36.1 35.6 34.6 33.4 32.2 31.0 29.8 28.8 28.0 27.3 26.8 26.3 25.8 25.2 20.6 -9999.0 -9999.0 -9999.0 -9999.0 -9999.0 -9999.0 -9999.0 -9999.0 -9999.0 -9999.0 -9999.0 -9999.0 -9999.0 -9999.0 -9999.0 -9999.0 -9999.0 -9999.0 -9999.0 -9999.0 -9999.0 -9999.0 -9999.0 -9999.0 -9999.0 -9999.0 -9999.0 -9999.0 -9999.0 -9999.0 -9999.0 -9999.0
nan nan nan nan nan nan nan nan nan nan nan nan nan nan nan nan nan nan nan nan nan nan nan nan nan nan nan nan nan nan nan 16.9 29.0 32.6 34.7 35.3 35.4 nan nan 22.6 16.9 nan nan 36.2 36.2 35.0 33.9 32.6 31.4 30.2 29.2 28.3 27.6 27.1 26.6 26.0 25.5 20.0 -9999.0 -9999.0 -9999.0 -9999.0 -9999.0 -9999.0 -9999.0 -9999.0 -9999.0 -9999.0 -9999.0 -9999.0 -9999.0 -9999.0 -9999.0 -9999.0 -9999.0 -9999.0 -9999.0 -9999.0 -9999.0 -9999.0 -9999.0 -9999.0 -9999.0 -9999.0 -9999.0 -9999.0 -9999.0 -9999.0 -9999.0 -9999.0
nan nan nan nan nan nan nan nan nan nan nan nan nan nan nan nan nan nan nan nan nan nan nan nan nan nan nan nan nan nan nan nan 16.2 33.6 34.5 35.0 nan nan nan 23.3 16.5 16.8 nan nan 35.7 35.2 34.2 32.9 31.7 30.6 29.6 28.6 27.9 27.4 26.9 26.3 26.1 24.7 -9999.0 -9999.0 -9999.0 -9999.0 -9999.0 -9999.0 -9999.0 -9999.0 -9999.0 -9999.0 -9999.0 -9999.0 -9999.0 -9999.0 -9999.0 -9999.0 -9999.0 -9999.0 -9999.0 -9999.0 -9999.0 -9999.0 -9999.0 -9999.0 nan nan nan -9999.0 -9999.0 -9999.0 -9999.0 -9999.0
nan nan nan nan nan nan nan nan nan nan nan nan nan nan nan nan nan nan nan nan nan nan nan nan nan nan nan nan nan nan nan nan 32.0 33.2 34.2 35.1 nan nan nan nan 18.7 16.7 29.4 nan 34.3 35.8 34.7 33.3 32.2 31.0 29.9 29.0 28.2 27.6 27.1 26.7 26.5 26.1 -9999.0 -9999.0 -9999.0 -9999.0 -9999.0 -9999.0 -9999.0 -9999.0 -9999.0 -9999.0 -9999.0 -9999.0 -9999.0 -9999.0 -9999.0 -9999.0 -9999.0 -9999.0 -9999.0 -9999.0 -9999.0 -9999.0 nan nan nan nan nan nan nan nan -9999.0 -9999.0
nan nan nan nan nan nan nan nan nan nan nan nan nan nan nan nan nan nan nan nan nan nan nan nan nan nan nan nan nan nan nan nan nan 33.5 34.6 35.5 nan nan nan nan 24.8 18.8 23.5 21.3 nan 36.0 35.4 33.9 32.8 31.6 30.5 29.4 28.6 27.9 27.5 27.3 27.0 26.8 -9999.0 -9999.0 -9999.0 -9999.0 -9999.0 -9999.0 -9999.0 -9999.0 -9999.0 -9999.0 -9999.0 nan nan nan nan nan nan nan nan nan nan nan nan nan nan nan nan nan nan nan nan nan
nan nan nan nan nan nan nan nan nan nan nan nan nan nan nan nan nan nan nan nan nan nan nan nan nan nan nan nan nan nan nan nan nan 33.6 35.0 36.1 36.0 nan nan nan 34.6 21.1 21.6 33.5 nan nan 35.1 34.4 33.3 32.2 31.1 30.1 29.2 28.4 28.0 27.9 27.9 27.9 -9999.0 -9999.0 -9999.0 -9999.0 -9999.0 -9999.0 -9999.0 -9999.0 -9999.0 -9999.0 nan nan nan nan nan nan nan nan nan nan nan nan nan nan nan nan nan nan nan nan nan nan
