data/output/RUN203/ECOSPACE/ECOSPACE_in_PAR3/PAR-VarZ-VarK/PAR-VarZ-VarK_2012_04.asc
ncols        93
nrows        151 
xllcorner    -123.80739
yllcorner    48.29471 
cellsize     0.013497347 
NODATA_value  0.0
[rows 80 to 119 of 151, columns 0 to 89 of 93]
nan nan nan nan nan nan nan nan nan nan nan nan nan nan nan nan nan nan nan nan nan nan nan 33.7 32.9 33.6 35.3 36.2 35.4 34.3 33.2 31.9 30.6 29.3 28.1 26.9 25.9 25.2 24.5 23.9 23.1 22.5 22.0 21.5 21.1 20.8 20.5 20.3 20.0 19.5 18.8 18.0 17.1 16.5 nan nan nan nan nan nan nan nan nan nan nan nan 14.0 14.4 14.6 14.7 nan 14.4 14.5 14.5 14.6 14.7 14.7 14.6 14.5 14.7 15.1 15.2 15.3 nan nan nan nan nan nan nan
nan nan nan nan nan nan nan nan nan nan nan nan nan nan nan nan nan nan nan nan nan nan nan nan nan nan 36.5 36.5 35.9 34.8 33.7 32.6 31.3 30.0 28.7 27.2 26.2 25.4 24.7 23.9 23.3 22.7 22.2 21.8 21.4 21.0 20.8 20.6 20.3 19.8 19.3 18.6 17.7 16.9 16.3 nan nan nan nan nan nan nan nan nan nan nan 14.3 14.6 nan nan nan nan nan 14.7 14.9 15.0 nan 14.8 14.9 15.2 15.6 15.9 nan nan nan nan nan nan nan nan
nan nan nan nan nan nan nan nan nan nan nan nan nan nan nan nan nan nan nan nan nan nan nan nan nan nan nan 36.5 35.9 35.7 34.7 33.3 31.9 30.6 29.2 27.8 26.7 25.7 24.9 24.2 23.6 23.0 22.4 22.0 21.6 21.3 21.1 20.9 20.6 20.3 19.8 19.1 18.3 17.5 16.7 16.2 nan nan nan nan nan nan nan nan nan 14.3 14.7 nan nan nan nan nan nan 14.7 14.9 15.0 nan 15.0 15.4 15.7 16.0 nan nan nan nan nan nan nan nan nan
nan nan nan nan nan nan nan nan nan nan nan nan nan nan nan nan nan nan nan nan nan nan nan nan nan nan nan nan 34.5 35.4 35.4 34.1 32.7 31.3 29.8 28.4 27.2 26.2 25.2 24.5 23.9 23.3 22.7 22.2 21.9 21.6 21.4 21.1 20.9 20.6 20.2 19.7 18.9 18.1 17.4 16.7 16.2 nan nan nan nan nan nan nan nan 14.4 14.7 nan nan nan nan nan nan 14.8 15.0 15.2 15.6 16.0 16.0 16.0 nan nan nan nan nan nan nan nan nan nan
nan nan nan nan nan nan nan nan nan nan nan nan nan nan nan nan nan nan nan nan nan nan nan nan nan nan nan nan nan 12.2 36.0 35.0 33.4 31.9 30.4 29.0 27.8 26.7 25.6 24.9 24.4 23.7 23.0 22.6 22.1 21.8 21.6 21.4 21.2 21.0 20.6 20.1 19.5 18.8 18.1 17.4 16.7 16.2 nan nan nan nan nan nan 14.4 14.6 14.9 nan 15.2 15.3 15.4 nan nan 14.9 15.2 15.6 16.0 16.6 nan nan nan nan nan nan nan nan nan nan nan nan
nan nan nan nan nan nan nan nan nan nan nan nan nan nan nan nan nan nan nan nan nan nan nan nan nan nan nan nan nan nan 13.2 35.3 34.1 32.5 31.0 29.6 28.2 27.1 26.1 25.5 24.8 24.1 23.5 22.9 22.4 22.1 21.9 21.6 21.4 21.2 20.9 20.5 20.0 19.4 18.8 18.1 17.4 16.8 nan nan nan nan nan 14.6 14.9 15.2 15.4 15.4 15.4 15.4 15.4 9.1 nan 15.0 15.4 15.8 16.2 16.5 nan nan nan nan nan nan nan nan nan nan nan nan
nan nan nan nan nan nan nan nan nan nan nan nan nan nan nan nan nan nan nan nan nan nan nan nan nan nan nan nan nan nan nan 33.0 33.9 33.0 31.5 30.2 28.8 27.7 26.6 25.9 25.3 24.6 23.9 23.3 22.8 22.4 22.0 21.8 21.6 21.4 21.2 20.9 20.5 20.0 19.4 18.7 18.0 17.4 16.6 nan nan 15.1 15.4 15.4 15.5 15.8 15.9 16.0 15.8 15.7 15.5 nan nan 15.2 15.7 16.1 16.4 16.5 nan nan nan nan nan nan nan nan nan nan nan nan
nan nan nan nan nan nan nan nan nan nan nan nan nan nan nan nan nan nan nan nan nan nan nan nan nan nan nan nan nan nan nan nan 34.5 33.2 31.9 30.7 29.5 28.4 27.2 26.4 25.8 25.1 24.4 23.7 23.1 22.6 22.2 21.9 21.8 21.6 21.4 21.2 20.9 20.5 20.0 19.4 18.8 18.1 17.4 16.6 16.2 16.1 16.2 nan 15.9 16.3 16.5 16.6 16.4 16.2 15.9 15.6 15.6 15.7 15.9 16.2 16.4 nan nan nan nan nan nan nan nan nan nan nan nan nan
nan nan nan nan nan nan nan nan nan nan nan nan nan nan nan nan nan nan nan nan nan nan nan nan nan nan nan nan nan nan 34.2 34.3 34.1 33.2 32.1 31.1 30.1 29.1 28.0 27.0 26.3 25.6 24.9 24.2 23.6 23.0 22.5 22.1 22.0 21.9 21.8 21.6 21.4 21.0 20.7 20.2 19.6 19.0 18.3 17.8 17.4 17.0 16.8 16.8 16.7 17.0 17.2 17.2 17.1 17.0 16.5 16.1 16.0 16.1 16.2 16.5 16.5 nan nan nan nan nan nan nan nan nan nan nan nan nan
nan nan nan nan nan nan nan nan nan nan nan nan nan nan nan nan nan nan nan nan nan nan nan nan nan nan nan nan nan nan nan nan 33.7 33.2 32.3 31.6 30.7 29.6 28.5 27.6 26.9 26.2 25.4 24.8 24.1 23.5 22.9 22.5 22.3 22.2 22.1 22.0 21.8 21.6 21.3 20.9 20.5 20.0 19.5 18.9 18.3 17.7 17.4 17.3 17.2 17.2 17.4 nan nan nan 16.7 16.5 16.4 16.3 16.4 16.5 nan nan nan nan nan nan nan nan nan nan nan nan nan nan
nan nan nan nan nan nan nan nan nan nan nan nan nan nan nan nan nan nan nan nan nan nan nan nan nan nan nan nan nan nan 12.6 11.7 33.3 33.1 32.7 32.2 31.5 30.4 29.2 28.4 27.6 26.8 26.0 25.4 24.6 24.0 23.4 23.0 22.7 22.6 22.5 22.4 22.3 22.1 21.9 21.6 21.1 20.7 20.2 19.6 18.9 18.2 17.7 17.5 nan nan nan nan nan nan nan 16.7 16.6 16.5 16.5 16.5 nan nan nan nan nan nan nan nan nan nan nan nan nan nan
nan nan nan nan nan nan nan nan nan nan nan nan nan nan nan nan nan nan nan nan nan nan nan nan nan nan nan nan nan nan 13.3 32.6 33.3 33.4 33.2 15.0 32.3 31.5 30.2 29.3 28.5 27.6 26.8 26.0 25.2 24.4 23.9 23.4 23.1 23.0 22.9 22.8 22.7 22.6 22.4 22.1 21.7 21.2 20.7 20.0 19.2 18.4 17.7 nan nan nan nan nan nan 16.1 16.4 16.6 16.5 16.4 16.5 nan nan nan nan nan nan nan nan nan nan nan nan nan nan nan
nan nan nan nan nan nan nan nan nan nan nan nan nan nan nan nan nan nan nan nan nan nan nan nan nan nan nan nan nan nan 12.7 31.0 33.3 33.6 nan nan nan 31.3 31.1 30.1 29.2 28.3 27.4 26.6 25.7 24.9 24.3 23.9 23.5 23.3 23.2 23.1 23.0 23.0 22.8 22.5 22.0 21.6 20.9 20.2 19.3 18.5 17.8 nan nan nan nan nan 16.2 16.2 16.4 16.5 16.4 16.3 nan nan nan nan nan nan nan nan nan nan nan nan nan nan nan nan
nan nan nan nan nan nan nan nan nan nan nan nan nan nan nan nan nan nan nan nan nan nan nan nan nan nan nan nan nan nan 12.5 12.4 32.8 33.2 nan nan nan 29.4 31.3 30.9 30.0 29.0 28.1 27.1 26.2 25.4 24.8 24.3 23.9 23.7 23.5 23.4 23.3 23.1 23.0 22.7 22.2 21.8 21.2 20.5 19.6 18.6 17.8 16.8 16.5 nan 16.1 16.2 16.3 16.3 16.4 16.4 nan nan nan nan nan nan nan nan nan nan nan nan nan nan nan nan nan nan
nan nan nan nan nan nan nan nan nan nan nan nan nan nan nan nan nan nan nan nan nan nan nan nan nan nan nan nan nan nan nan nan 32.8 26.8 nan nan nan nan 30.1 31.4 30.9 29.8 28.7 27.6 26.7 25.9 25.2 24.7 24.2 23.9 23.7 23.6 23.5 23.4 23.1 22.9 22.4 21.9 21.4 20.6 19.9 19.0 18.2 17.5 17.0 16.6 16.5 16.3 16.2 16.2 16.1 nan nan nan nan nan nan nan nan nan nan nan nan nan nan nan nan nan nan nan
nan nan nan nan nan nan nan nan nan nan nan nan nan nan nan nan nan nan nan nan nan nan nan nan nan nan nan nan nan nan nan nan nan 29.9 15.5 nan nan nan 12.0 32.4 31.8 30.6 29.5 28.4 27.4 26.5 25.7 25.1 24.6 24.2 24.0 23.8 23.7 23.5 23.4 23.0 22.6 22.1 21.5 20.9 20.2 19.4 18.7 18.0 17.4 16.9 16.6 16.3 16.2 16.1 15.9 nan nan nan nan nan nan nan nan nan nan nan nan nan nan nan nan nan nan nan
nan nan nan nan nan nan nan nan nan nan nan nan nan nan nan nan nan nan nan nan nan nan nan nan nan nan nan nan nan nan nan nan nan nan 16.1 28.9 nan nan nan nan 32.5 31.6 30.2 29.1 28.0 27.0 26.3 25.6 25.0 24.5 24.2 24.0 23.9 23.7 23.5 23.2 22.8 22.3 21.7 21.1 20.4 19.7 19.0 18.4 17.7 17.1 16.7 16.4 16.2 16.1 15.9 15.8 nan nan nan nan nan nan nan nan nan nan nan nan nan nan nan nan nan nan
nan nan nan nan nan nan nan nan nan nan nan nan nan nan nan nan nan nan nan nan nan nan nan nan nan nan nan nan nan nan nan nan nan nan nan 21.8 12.8 nan nan nan nan 30.5 30.8 29.5 28.5 27.5 26.7 26.0 25.4 24.9 24.5 24.2 24.0 23.8 23.7 23.4 23.0 22.5 21.9 21.3 20.6 19.9 19.2 18.5 17.9 17.3 16.8 16.4 16.2 16.0 15.9 15.9 15.9 8.8 nan nan nan nan nan nan nan nan nan nan nan nan nan nan nan nan
nan nan nan nan nan nan nan nan nan nan nan nan nan nan nan nan nan nan nan nan nan nan nan nan nan nan nan nan nan nan nan nan nan nan 14.7 19.8 30.3 30.2 nan 12.9 nan 28.5 30.4 29.7 28.7 27.9 27.0 26.3 25.7 25.2 24.8 24.4 24.2 24.0 23.8 23.5 23.1 22.6 22.1 21.5 20.9 20.2 19.5 18.7 18.0 17.3 16.7 16.4 16.2 16.0 15.8 15.8 15.8 15.8 nan nan nan nan nan nan nan nan nan nan nan nan nan nan nan nan
nan nan nan nan nan nan nan nan nan nan nan nan nan nan nan nan nan nan nan nan nan nan nan nan nan nan nan nan nan nan nan nan nan nan 30.6 30.7 30.1 26.9 16.4 27.3 28.9 24.2 29.9 30.0 29.1 28.2 27.3 26.6 26.0 25.4 25.0 24.6 24.4 24.1 23.9 23.6 23.3 22.9 22.3 21.7 21.0 20.3 19.5 18.7 17.9 17.1 16.3 16.4 16.2 16.1 15.8 15.8 15.8 15.9 16.1 nan nan nan nan nan nan nan nan nan nan nan nan nan nan nan
nan nan nan nan nan nan nan nan nan nan nan nan nan nan nan nan nan nan nan nan nan nan nan nan nan nan nan nan nan nan nan nan nan nan 30.7 30.7 30.4 30.1 28.2 nan 30.3 29.1 31.0 30.3 29.4 28.5 27.6 26.9 26.2 25.6 25.1 24.8 24.5 24.2 24.0 23.7 23.5 23.1 22.6 21.9 21.1 20.3 -9999.0 -9999.0 -9999.0 -9999.0 -9999.0 -9999.0 -9999.0 9.2 15.9 15.9 15.9 15.9 16.1 nan nan nan nan nan nan nan nan nan nan nan nan nan nan -9999.0
nan nan nan nan nan nan nan nan nan nan nan nan nan nan nan nan nan nan nan nan nan nan nan nan nan nan nan nan nan nan nan nan nan nan 30.6 30.5 30.4 30.3 30.4 nan nan 31.9 31.4 30.5 29.6 28.7 27.8 27.1 26.4 25.8 25.2 24.8 24.4 24.2 24.0 23.9 23.6 23.3 22.8 22.1 21.3 -9999.0 -9999.0 -9999.0 -9999.0 -9999.0 -9999.0 -9999.0 -9999.0 nan 10.7 15.9 16.0 15.7 nan nan nan nan nan nan nan nan nan nan nan nan nan nan nan -9999.0
nan nan nan nan nan nan nan nan nan nan nan nan nan nan nan nan nan nan nan nan nan nan nan nan nan nan nan nan nan nan nan nan nan nan 30.4 30.2 30.2 30.2 30.3 nan 25.5 28.1 31.4 30.6 29.7 28.8 28.0 27.3 26.5 25.9 25.2 24.8 24.4 24.2 24.1 24.0 23.8 23.5 23.0 22.3 21.5 -9999.0 -9999.0 -9999.0 -9999.0 -9999.0 -9999.0 -9999.0 -9999.0 -9999.0 -9999.0 nan 9.1 9.1 nan nan nan nan nan nan nan nan nan nan nan nan nan nan nan -9999.0
nan nan nan nan nan nan nan nan nan nan nan nan nan nan nan nan nan nan nan nan nan nan nan nan nan nan nan nan nan nan nan nan nan nan 30.0 30.0 30.2 28.4 26.1 17.5 28.0 24.7 30.5 30.5 29.6 28.9 28.1 27.4 26.6 25.9 25.2 24.8 24.5 24.3 24.2 24.2 24.0 23.8 23.2 22.5 -9999.0 -9999.0 -9999.0 -9999.0 -9999.0 -9999.0 -9999.0 -9999.0 -9999.0 -9999.0 -9999.0 nan nan nan nan nan nan nan nan nan nan nan nan nan nan nan nan nan nan -9999.0
nan nan nan nan nan nan nan nan nan nan nan nan nan nan nan nan nan nan nan nan nan nan nan nan nan nan nan nan nan nan nan nan 26.1 27.3 28.9 30.0 30.3 30.5 28.9 26.6 nan 31.4 31.0 30.3 29.6 28.9 28.2 27.5 26.6 25.9 25.3 24.8 24.5 24.5 24.5 24.5 24.5 24.1 23.5 -9999.0 -9999.0 -9999.0 -9999.0 -9999.0 -9999.0 -9999.0 -9999.0 -9999.0 -9999.0 -9999.0 -9999.0 -9999.0 nan nan nan nan nan nan nan nan nan nan nan nan nan nan nan nan nan -9999.0
nan nan nan nan nan nan nan nan nan nan nan nan nan nan nan nan nan nan nan nan nan nan nan nan nan nan nan nan nan 12.8 nan nan 29.8 29.8 30.1 29.7 30.3 30.7 31.2 nan nan 31.4 31.1 30.5 29.7 28.9 28.2 27.4 26.6 25.9 25.3 24.9 24.8 24.8 24.9 25.0 24.9 24.5 23.9 -9999.0 -9999.0 -9999.0 -9999.0 -9999.0 -9999.0 -9999.0 -9999.0 -9999.0 -9999.0 -9999.0 -9999.0 -9999.0 -9999.0 -9999.0 nan nan nan nan nan nan nan nan nan nan nan nan nan nan nan -9999.0
nan nan nan nan nan nan nan nan nan nan nan nan nan nan nan nan nan nan nan nan nan nan nan nan nan nan nan nan nan 11.6 11.6 nan 30.1 30.2 27.6 27.1 28.7 30.8 31.0 29.8 nan 31.5 31.3 30.7 29.9 28.9 28.1 27.3 26.5 25.8 25.4 25.1 25.0 25.1 25.3 25.4 25.3 24.9 -9999.0 -9999.0 -9999.0 -9999.0 -9999.0 -9999.0 -9999.0 -9999.0 -9999.0 -9999.0 -9999.0 -9999.0 -9999.0 -9999.0 -9999.0 -9999.0 -9999.0 nan nan nan nan nan nan nan nan nan nan nan nan nan nan -9999.0
nan nan nan nan nan nan nan nan nan nan nan nan nan nan nan nan nan nan nan nan nan nan nan nan nan nan nan nan nan 12.3 29.8 30.0 30.3 30.4 30.6 nan 11.8 30.5 30.9 30.8 nan 30.3 31.6 31.0 30.0 29.0 28.1 27.3 26.6 25.9 25.4 25.2 25.2 25.3 25.6 25.7 25.6 25.2 -9999.0 -9999.0 -9999.0 -9999.0 -9999.0 -9999.0 -9999.0 -9999.0 -9999.0 -9999.0 -9999.0 -9999.0 -9999.0 -9999.0 -9999.0 -9999.0 -9999.0 -9999.0 nan nan nan nan nan nan nan nan nan nan nan nan nan -9999.0
nan nan nan nan nan nan nan nan nan nan nan nan nan nan nan nan nan nan nan nan nan nan nan nan nan nan nan nan nan nan 29.4 30.0 30.4 30.8 27.7 nan nan 29.2 29.8 29.8 nan 25.2 28.1 31.0 30.1 29.1 28.2 27.4 26.6 26.0 25.5 25.3 25.3 25.5 25.8 26.0 25.8 25.5 -9999.0 -9999.0 -9999.0 -9999.0 -9999.0 -9999.0 -9999.0 -9999.0 -9999.0 -9999.0 -9999.0 -9999.0 -9999.0 -9999.0 -9999.0 -9999.0 -9999.0 -9999.0 -9999.0 nan nan nan nan nan nan nan nan nan nan nan nan -9999.0
nan nan nan nan nan nan nan nan nan nan nan nan nan nan nan nan nan nan nan nan nan nan nan nan nan nan nan nan nan nan 27.6 30.1 30.5 30.9 27.2 nan 12.9 22.9 26.1 15.3 24.0 20.9 23.7 29.9 30.0 29.0 28.2 27.4 26.7 26.1 25.7 25.5 25.5 25.7 26.0 26.1 25.8 25.6 -9999.0 -9999.0 -9999.0 -9999.0 -9999.0 -9999.0 -9999.0 -9999.0 -9999.0 -9999.0 -9999.0 -9999.0 -9999.0 -9999.0 -9999.0 -9999.0 -9999.0 -9999.0 -9999.0 -9999.0 nan nan nan nan nan nan nan nan nan nan nan -9999.0
nan nan nan nan nan nan nan nan nan nan nan nan nan nan nan nan nan nan nan nan nan nan nan nan nan nan nan nan nan nan 28.2 29.7 30.4 30.7 28.1 12.9 nan 27.4 19.4 13.4 20.7 nan 30.6 30.7 29.8 29.0 28.2 27.5 26.9 26.3 25.9 25.7 25.7 25.9 26.2 26.2 25.3 20.5 -9999.0 -9999.0 -9999.0 -9999.0 -9999.0 -9999.0 -9999.0 -9999.0 -9999.0 -9999.0 -9999.0 -9999.0 -9999.0 -9999.0 -9999.0 -9999.0 -9999.0 -9999.0 -9999.0 -9999.0 -9999.0 -9999.0 nan nan nan nan nan nan nan nan nan -9999.0
nan nan nan nan nan nan nan nan nan nan nan nan nan nan nan nan nan nan nan nan nan nan nan nan nan nan nan nan nan nan nan 29.7 29.9 30.2 30.5 nan nan 20.5 19.0 15.2 nan nan 31.1 30.6 29.8 29.0 28.2 27.7 27.2 26.6 26.1 25.9 25.9 26.1 26.5 26.6 25.2 22.6 -9999.0 -9999.0 -9999.0 -9999.0 -9999.0 -9999.0 -9999.0 -9999.0 -9999.0 -9999.0 -9999.0 nan nan nan -9999.0 -9999.0 -9999.0 -9999.0 -9999.0 -9999.0 -9999.0 -9999.0 -9999.0 -9999.0 -9999.0 -9999.0 -9999.0 nan nan nan -9999.0 -9999.0
nan nan nan nan nan nan nan nan nan nan nan nan nan nan nan nan nan nan nan nan nan nan nan nan nan nan nan nan nan nan nan 27.8 29.4 30.1 30.9 nan 12.8 17.1 26.6 14.2 nan nan 31.1 30.8 30.0 29.1 28.4 27.9 27.4 26.9 26.5 26.2 26.2 26.5 26.8 26.9 26.3 23.0 -9999.0 -9999.0 -9999.0 -9999.0 -9999.0 -9999.0 -9999.0 -9999.0 -9999.0 -9999.0 -9999.0 nan nan nan nan nan -9999.0 -9999.0 -9999.0 -9999.0 -9999.0 -9999.0 -9999.0 -9999.0 -9999.0 -9999.0 -9999.0 -9999.0 -9999.0 -9999.0 -9999.0 -9999.0
nan nan nan nan nan nan nan nan nan nan nan nan nan nan nan nan nan nan nan nan nan nan nan nan nan nan nan nan nan nan nan 12.6 29.2 30.2 29.7 28.7 25.6 19.9 16.4 13.0 14.4 nan 30.6 30.8 30.3 29.5 28.7 28.1 27.6 27.2 26.7 26.5 26.5 26.7 27.0 27.0 26.2 20.9 -9999.0 -9999.0 -9999.0 -9999.0 -9999.0 -9999.0 -9999.0 -9999.0 -9999.0 -9999.0 -9999.0 -9999.0 -9999.0 -9999.0 -9999.0 -9999.0 -9999.0 -9999.0 -9999.0 -9999.0 -9999.0 -9999.0 -9999.0 -9999.0 -9999.0 -9999.0 -9999.0 -9999.0 -9999.0 -9999.0 -9999.0 -9999.0
nan nan nan nan nan nan nan nan nan nan nan nan nan nan nan nan nan nan nan nan nan nan nan nan nan nan nan nan nan nan nan 12.6 27.5 30.3 31.0 31.2 31.0 nan 19.4 21.8 12.3 nan 30.8 31.1 30.6 29.8 29.1 28.4 27.9 27.4 27.0 26.8 26.7 26.9 27.2 27.2 26.3 22.3 -9999.0 -9999.0 -9999.0 -9999.0 -9999.0 -9999.0 -9999.0 -9999.0 -9999.0 -9999.0 -9999.0 -9999.0 -9999.0 -9999.0 -9999.0 -9999.0 -9999.0 -9999.0 -9999.0 -9999.0 -9999.0 -9999.0 -9999.0 -9999.0 -9999.0 -9999.0 -9999.0 -9999.0 -9999.0 -9999.0 -9999.0 -9999.0
nan nan nan nan nan nan nan nan nan nan nan nan nan nan nan nan nan nan nan nan nan nan nan nan nan nan nan nan nan nan nan 12.6 25.7 28.3 30.8 30.8 30.7 nan nan 19.2 13.6 nan nan 31.3 31.1 30.3 29.6 28.9 28.2 27.7 27.4 27.1 26.9 27.0 27.3 27.5 25.7 21.3 -9999.0 -9999.0 -9999.0 -9999.0 -9999.0 -9999.0 -9999.0 -9999.0 -9999.0 -9999.0 -9999.0 -9999.0 -9999.0 -9999.0 -9999.0 -9999.0 -9999.0 -9999.0 -9999.0 -9999.0 -9999.0 -9999.0 -9999.0 -9999.0 -9999.0 -9999.0 -9999.0 -9999.0 -9999.0 -9999.0 -9999.0 -9999.0
nan nan nan nan nan nan nan nan nan nan nan nan nan nan nan nan nan nan nan nan nan nan nan nan nan nan nan nan nan nan nan nan 12.3 29.7 30.2 30.4 nan nan nan 19.2 13.4 12.2 nan nan 30.4 30.5 29.9 29.2 28.5 28.0 27.7 27.4 27.2 27.2 27.4 27.6 27.5 22.7 -9999.0 -9999.0 -9999.0 -9999.0 -9999.0 -9999.0 -9999.0 -9999.0 -9999.0 -9999.0 -9999.0 -9999.0 -9999.0 -9999.0 -9999.0 -9999.0 -9999.0 -9999.0 -9999.0 -9999.0 -9999.0 -9999.0 -9999.0 -9999.0 nan nan nan -9999.0 -9999.0 -9999.0 -9999.0 -9999.0
nan nan nan nan nan nan nan nan nan nan nan nan nan nan nan nan nan nan nan nan nan nan nan nan nan nan nan nan nan nan nan nan 28.0 29.0 29.8 30.3 nan nan nan nan 15.3 12.1 22.3 nan 28.7 30.5 30.3 29.5 28.9 28.3 27.9 27.5 27.4 27.4 27.6 28.0 27.9 26.3 -9999.0 -9999.0 -9999.0 -9999.0 -9999.0 -9999.0 -9999.0 -9999.0 -9999.0 -9999.0 -9999.0 -9999.0 -9999.0 -9999.0 -9999.0 -9999.0 -9999.0 -9999.0 -9999.0 -9999.0 -9999.0 -9999.0 nan nan nan nan nan nan nan nan -9999.0 -9999.0
nan nan nan nan nan nan nan nan nan nan nan nan nan nan nan nan nan nan nan nan nan nan nan nan nan nan nan nan nan nan nan nan nan 29.4 30.0 30.3 nan nan nan nan 20.3 13.6 16.4 16.4 nan 31.2 30.9 30.0 29.3 28.7 28.2 27.9 27.7 27.7 27.9 28.2 28.6 27.5 -9999.0 -9999.0 -9999.0 -9999.0 -9999.0 -9999.0 -9999.0 -9999.0 -9999.0 -9999.0 -9999.0 nan nan nan nan nan nan nan nan nan nan nan nan nan nan nan nan nan nan nan nan nan
nan nan nan nan nan nan nan nan nan nan nan nan nan nan nan nan nan nan nan nan nan nan nan nan nan nan nan nan nan nan nan nan nan 29.8 30.4 30.7 30.6 nan nan nan 28.8 15.8 14.7 27.0 nan nan 30.5 30.3 29.8 29.1 28.6 28.3 28.1 28.1 28.3 28.6 29.2 28.9 -9999.0 -9999.0 -9999.0 -9999.0 -9999.0 -9999.0 -9999.0 -9999.0 -9999.0 -9999.0 nan nan nan nan nan nan nan nan nan nan nan nan nan nan nan nan nan nan nan nan nan nan
