data/output/RUN203/ECOSPACE/ECOSPACE_in_PAR3/PAR-VarZ-VarK/PAR-VarZ-VarK_1984_07.asc
ncols        93
nrows        151 
xllcorner    -123.80739
yllcorner    48.29471 
cellsize     0.013497347 
NODATA_value  0.0
[rows 80 to 119 of 151, columns 0 to 89 of 93]
nan nan nan nan nan nan nan nan nan nan nan nan nan nan nan nan nan nan nan nan nan nan nan 29.8 29.5 29.1 30.6 30.7 30.1 29.4 28.4 27.3 26.4 25.7 25.0 24.5 24.1 23.8 23.5 23.2 23.0 22.8 22.6 22.4 22.1 21.8 21.5 21.1 20.6 20.2 19.7 19.4 19.1 18.8 nan nan nan nan nan nan nan nan nan nan nan nan 16.4 16.5 16.6 16.6 nan 16.4 16.4 16.4 16.4 16.5 16.5 16.4 16.3 16.6 17.1 17.1 16.9 nan nan nan nan nan nan nan
nan nan nan nan nan nan nan nan nan nan nan nan nan nan nan nan nan nan nan nan nan nan nan nan nan nan 30.8 30.8 30.3 29.5 28.8 27.8 26.8 25.9 25.2 24.6 24.1 23.8 23.4 23.1 22.9 22.7 22.6 22.4 22.1 21.9 21.6 21.3 20.9 20.4 19.9 19.5 19.2 18.9 18.5 nan nan nan nan nan nan nan nan nan nan nan 16.6 16.6 nan nan nan nan nan 16.5 16.5 16.6 nan 16.4 16.6 17.0 17.3 17.5 nan nan nan nan nan nan nan nan
nan nan nan nan nan nan nan nan nan nan nan nan nan nan nan nan nan nan nan nan nan nan nan nan nan nan nan 30.7 30.3 29.9 29.0 28.1 27.1 26.2 25.4 24.7 24.1 23.7 23.4 23.1 22.8 22.6 22.5 22.3 22.2 21.9 21.7 21.5 21.1 20.7 20.2 19.8 19.4 19.0 18.6 18.3 nan nan nan nan nan nan nan nan nan 16.6 16.9 nan nan nan nan nan nan 16.5 16.6 16.6 nan 16.5 16.9 17.4 17.6 nan nan nan nan nan nan nan nan nan
nan nan nan nan nan nan nan nan nan nan nan nan nan nan nan nan nan nan nan nan nan nan nan nan nan nan nan nan 28.6 29.7 29.5 28.6 27.6 26.6 25.7 24.9 24.2 23.7 23.3 23.0 22.8 22.6 22.4 22.3 22.1 22.0 21.8 21.6 21.3 20.9 20.5 20.0 19.6 19.2 18.8 18.5 18.2 nan nan nan nan nan nan nan nan 16.7 16.8 nan nan nan nan nan nan 16.5 16.6 16.8 17.2 17.6 17.5 17.5 nan nan nan nan nan nan nan nan nan nan
nan nan nan nan nan nan nan nan nan nan nan nan nan nan nan nan nan nan nan nan nan nan nan nan nan nan nan nan nan 17.2 29.9 29.2 28.1 27.0 26.0 25.1 24.3 23.7 23.3 23.0 22.7 22.5 22.4 22.2 22.1 22.0 21.9 21.7 21.5 21.1 20.8 20.3 19.9 19.5 19.0 18.7 18.4 18.2 nan nan nan nan nan nan 16.6 16.8 16.9 nan 17.0 16.9 17.0 nan nan 16.6 16.9 17.2 17.7 18.2 nan nan nan nan nan nan nan nan nan nan nan nan
nan nan nan nan nan nan nan nan nan nan nan nan nan nan nan nan nan nan nan nan nan nan nan nan nan nan nan nan nan nan 17.3 29.4 28.7 27.5 26.4 25.4 24.5 23.8 23.3 23.0 22.6 22.5 22.3 22.2 22.1 22.0 22.0 21.8 21.6 21.4 21.0 20.6 20.2 19.8 19.3 18.9 18.6 18.4 nan nan nan nan nan 16.7 16.8 16.9 17.0 17.0 17.0 17.0 17.0 12.3 nan 16.7 17.0 17.4 17.8 18.0 nan nan nan nan nan nan nan nan nan nan nan nan
nan nan nan nan nan nan nan nan nan nan nan nan nan nan nan nan nan nan nan nan nan nan nan nan nan nan nan nan nan nan nan 26.9 28.7 27.9 26.8 25.8 24.8 24.0 23.4 23.0 22.7 22.4 22.3 22.2 22.1 22.1 22.1 22.0 21.8 21.6 21.3 20.9 20.5 20.1 19.7 19.3 19.0 18.7 18.3 nan nan 17.1 17.2 17.1 17.0 17.1 17.1 17.1 17.1 17.1 17.1 nan nan 17.0 17.2 17.6 17.9 18.0 nan nan nan nan nan nan nan nan nan nan nan nan
nan nan nan nan nan nan nan nan nan nan nan nan nan nan nan nan nan nan nan nan nan nan nan nan nan nan nan nan nan nan nan nan 28.9 28.2 27.2 26.2 25.2 24.3 23.6 23.1 22.8 22.5 22.3 22.2 22.2 22.2 22.1 22.1 22.0 21.8 21.6 21.2 20.8 20.5 20.1 19.7 19.4 19.1 18.7 18.1 17.8 17.7 17.7 nan 17.3 17.4 17.5 17.6 17.6 17.5 17.5 17.3 17.3 17.4 17.4 17.7 17.9 nan nan nan nan nan nan nan nan nan nan nan nan nan
nan nan nan nan nan nan nan nan nan nan nan nan nan nan nan nan nan nan nan nan nan nan nan nan nan nan nan nan nan nan 27.9 28.1 28.7 28.2 27.5 26.6 25.7 24.7 24.0 23.4 22.9 22.6 22.4 22.3 22.3 22.2 22.2 22.2 22.1 22.0 21.8 21.5 21.1 20.8 20.5 20.1 19.8 19.4 19.0 18.6 18.3 18.1 18.0 18.1 18.0 18.0 18.2 18.2 18.2 18.1 17.9 17.5 17.5 17.5 17.6 17.8 17.9 nan nan nan nan nan nan nan nan nan nan nan nan nan
nan nan nan nan nan nan nan nan nan nan nan nan nan nan nan nan nan nan nan nan nan nan nan nan nan nan nan nan nan nan nan nan 28.2 28.0 27.5 26.9 26.1 25.3 24.4 23.8 23.2 22.8 22.6 22.4 22.4 22.3 22.3 22.2 22.2 22.1 22.0 21.7 21.5 21.2 20.9 20.6 20.3 19.9 19.5 19.1 18.8 18.6 18.5 18.6 18.4 18.3 18.5 nan nan nan 17.9 17.8 17.6 17.6 17.7 17.8 nan nan nan nan nan nan nan nan nan nan nan nan nan nan
nan nan nan nan nan nan nan nan nan nan nan nan nan nan nan nan nan nan nan nan nan nan nan nan nan nan nan nan nan nan 20.0 17.8 27.8 27.7 27.3 27.0 26.6 25.9 24.9 24.2 23.6 23.1 22.8 22.6 22.4 22.4 22.3 22.3 22.3 22.2 22.1 21.9 21.8 21.6 21.4 21.2 20.9 20.5 20.1 19.6 19.2 19.0 18.9 18.9 nan nan nan nan nan nan nan 18.0 17.8 17.7 17.8 17.8 nan nan nan nan nan nan nan nan nan nan nan nan nan nan
nan nan nan nan nan nan nan nan nan nan nan nan nan nan nan nan nan nan nan nan nan nan nan nan nan nan nan nan nan nan 17.5 27.0 27.6 27.6 27.2 17.6 26.8 26.3 25.2 24.6 24.0 23.5 23.1 22.8 22.6 22.5 22.4 22.4 22.4 22.4 22.3 22.1 22.0 21.9 21.8 21.6 21.4 21.1 20.6 20.2 19.7 19.4 19.2 nan nan nan nan nan nan 17.7 17.8 17.9 17.8 17.7 17.8 nan nan nan nan nan nan nan nan nan nan nan nan nan nan nan
nan nan nan nan nan nan nan nan nan nan nan nan nan nan nan nan nan nan nan nan nan nan nan nan nan nan nan nan nan nan 19.9 26.0 27.5 27.5 nan nan nan 25.8 25.4 24.8 24.3 23.8 23.4 23.1 22.8 22.7 22.6 22.5 22.5 22.5 22.4 22.3 22.2 22.2 22.1 22.0 21.9 21.6 21.2 20.8 20.2 19.8 19.5 nan nan nan nan nan 17.8 17.8 17.8 17.8 17.8 17.7 nan nan nan nan nan nan nan nan nan nan nan nan nan nan nan nan
nan nan nan nan nan nan nan nan nan nan nan nan nan nan nan nan nan nan nan nan nan nan nan nan nan nan nan nan nan nan 19.8 16.5 27.7 27.5 nan nan nan 23.9 25.2 24.9 24.5 24.1 23.7 23.4 23.1 22.9 22.8 22.7 22.7 22.7 22.6 22.5 22.4 22.4 22.4 22.4 22.4 22.1 21.8 21.3 20.8 20.3 19.8 18.9 18.4 nan 17.8 17.9 17.9 17.8 17.8 17.7 nan nan nan nan nan nan nan nan nan nan nan nan nan nan nan nan nan nan
nan nan nan nan nan nan nan nan nan nan nan nan nan nan nan nan nan nan nan nan nan nan nan nan nan nan nan nan nan nan nan nan 27.6 23.0 nan nan nan nan 24.8 24.9 24.8 24.4 24.0 23.6 23.3 23.1 22.9 22.8 22.8 22.8 22.8 22.7 22.6 22.6 22.6 22.7 22.7 22.6 22.3 21.9 21.3 20.6 20.0 19.3 18.9 18.4 18.1 17.9 17.9 17.8 17.7 nan nan nan nan nan nan nan nan nan nan nan nan nan nan nan nan nan nan nan
nan nan nan nan nan nan nan nan nan nan nan nan nan nan nan nan nan nan nan nan nan nan nan nan nan nan nan nan nan nan nan nan nan 22.0 13.7 nan nan nan 17.2 25.1 25.0 24.8 24.3 23.9 23.5 23.3 23.1 23.0 22.9 22.9 22.9 22.9 22.8 22.8 22.9 23.0 23.0 23.0 22.8 22.4 21.9 21.2 20.5 19.8 19.2 18.6 18.3 18.1 17.9 17.8 17.6 nan nan nan nan nan nan nan nan nan nan nan nan nan nan nan nan nan nan nan
nan nan nan nan nan nan nan nan nan nan nan nan nan nan nan nan nan nan nan nan nan nan nan nan nan nan nan nan nan nan nan nan nan nan 16.3 23.8 nan nan nan nan 25.0 25.1 24.6 24.2 23.8 23.4 23.2 23.0 23.0 23.0 23.0 23.0 23.0 23.0 23.1 23.2 23.3 23.3 23.1 22.8 22.3 21.6 20.9 20.1 19.4 18.9 18.5 18.2 18.0 17.8 17.7 17.5 nan nan nan nan nan nan nan nan nan nan nan nan nan nan nan nan nan nan
nan nan nan nan nan nan nan nan nan nan nan nan nan nan nan nan nan nan nan nan nan nan nan nan nan nan nan nan nan nan nan nan nan nan nan 18.5 19.9 nan nan nan nan 24.2 24.8 24.3 23.9 23.5 23.2 23.1 23.0 23.0 23.0 23.1 23.1 23.2 23.3 23.4 23.5 23.5 23.3 23.0 22.5 21.9 21.1 20.4 19.6 19.0 18.6 18.3 18.1 17.8 17.7 17.6 17.5 12.5 nan nan nan nan nan nan nan nan nan nan nan nan nan nan nan nan
nan nan nan nan nan nan nan nan nan nan nan nan nan nan nan nan nan nan nan nan nan nan nan nan nan nan nan nan nan nan nan nan nan nan 17.0 19.6 24.7 24.6 nan 19.8 nan 22.2 24.8 24.4 24.0 23.6 23.3 23.1 23.0 23.0 23.0 23.1 23.2 23.3 23.4 23.5 23.6 23.6 23.5 23.1 22.6 22.0 21.1 20.4 19.6 19.0 18.6 18.4 18.1 17.9 17.6 17.5 17.4 17.3 nan nan nan nan nan nan nan nan nan nan nan nan nan nan nan nan
nan nan nan nan nan nan nan nan nan nan nan nan nan nan nan nan nan nan nan nan nan nan nan nan nan nan nan nan nan nan nan nan nan nan 24.3 24.6 25.1 24.5 18.1 22.1 23.3 20.9 24.8 24.4 24.0 23.7 23.4 23.1 23.0 23.0 23.0 23.1 23.3 23.4 23.5 23.7 23.7 23.7 23.5 23.1 22.5 21.8 21.0 20.1 19.4 18.8 18.0 17.7 17.5 17.9 17.5 17.5 17.4 17.4 17.4 nan nan nan nan nan nan nan nan nan nan nan nan nan nan nan
nan nan nan nan nan nan nan nan nan nan nan nan nan nan nan nan nan nan nan nan nan nan nan nan nan nan nan nan nan nan nan nan nan nan 24.4 24.6 24.9 25.0 25.2 nan 23.6 23.8 24.8 24.4 23.9 23.6 23.3 23.1 23.0 23.0 23.0 23.2 23.3 23.5 23.6 23.8 23.8 23.7 23.5 23.0 22.4 21.5 -9999.0 -9999.0 -9999.0 -9999.0 -9999.0 -9999.0 -9999.0 13.6 17.6 17.4 17.4 17.2 17.2 nan nan nan nan nan nan nan nan nan nan nan nan nan nan -9999.0
nan nan nan nan nan nan nan nan nan nan nan nan nan nan nan nan nan nan nan nan nan nan nan nan nan nan nan nan nan nan nan nan nan nan 24.2 24.4 24.6 24.5 24.7 nan nan 24.8 24.7 24.3 23.9 23.5 23.2 23.0 23.0 22.9 23.0 23.2 23.3 23.5 23.7 23.8 23.9 23.7 23.4 22.8 22.0 -9999.0 -9999.0 -9999.0 -9999.0 -9999.0 -9999.0 -9999.0 -9999.0 nan 16.4 17.3 17.5 16.6 nan nan nan nan nan nan nan nan nan nan nan nan nan nan nan -9999.0
nan nan nan nan nan nan nan nan nan nan nan nan nan nan nan nan nan nan nan nan nan nan nan nan nan nan nan nan nan nan nan nan nan nan 24.0 24.0 24.2 24.4 24.9 nan 20.1 22.9 24.6 24.1 23.7 23.3 23.1 22.9 22.9 22.8 22.9 23.1 23.3 23.5 23.6 23.8 23.8 23.7 23.3 22.6 21.8 -9999.0 -9999.0 -9999.0 -9999.0 -9999.0 -9999.0 -9999.0 -9999.0 -9999.0 -9999.0 nan 13.2 13.2 nan nan nan nan nan nan nan nan nan nan nan nan nan nan nan -9999.0
nan nan nan nan nan nan nan nan nan nan nan nan nan nan nan nan nan nan nan nan nan nan nan nan nan nan nan nan nan nan nan nan nan nan 23.7 23.8 24.1 24.8 23.0 16.3 22.5 20.8 24.2 23.9 23.5 23.2 23.0 22.8 22.7 22.7 22.8 23.0 23.2 23.4 23.7 23.8 23.8 23.6 23.1 22.4 -9999.0 -9999.0 -9999.0 -9999.0 -9999.0 -9999.0 -9999.0 -9999.0 -9999.0 -9999.0 -9999.0 nan nan nan nan nan nan nan nan nan nan nan nan nan nan nan nan nan nan -9999.0
nan nan nan nan nan nan nan nan nan nan nan nan nan nan nan nan nan nan nan nan nan nan nan nan nan nan nan nan nan nan nan nan 22.8 22.7 23.4 23.9 24.5 25.4 25.9 25.8 nan 24.8 24.3 23.8 23.4 23.1 22.9 22.7 22.6 22.6 22.7 22.9 23.2 23.4 23.7 23.8 23.8 23.5 23.0 -9999.0 -9999.0 -9999.0 -9999.0 -9999.0 -9999.0 -9999.0 -9999.0 -9999.0 -9999.0 -9999.0 -9999.0 -9999.0 nan nan nan nan nan nan nan nan nan nan nan nan nan nan nan nan nan -9999.0
nan nan nan nan nan nan nan nan nan nan nan nan nan nan nan nan nan nan nan nan nan nan nan nan nan nan nan nan nan 19.7 nan nan 23.6 23.7 23.7 24.0 24.9 25.8 26.6 nan nan 24.4 24.2 23.9 23.5 23.1 22.9 22.7 22.5 22.5 22.6 22.9 23.1 23.5 23.8 23.9 23.9 23.5 23.0 -9999.0 -9999.0 -9999.0 -9999.0 -9999.0 -9999.0 -9999.0 -9999.0 -9999.0 -9999.0 -9999.0 -9999.0 -9999.0 -9999.0 -9999.0 nan nan nan nan nan nan nan nan nan nan nan nan nan nan nan -9999.0
nan nan nan nan nan nan nan nan nan nan nan nan nan nan nan nan nan nan nan nan nan nan nan nan nan nan nan nan nan 15.6 15.7 nan 23.8 24.1 23.0 21.6 24.2 25.5 25.9 25.5 nan 24.4 24.4 24.0 23.6 23.1 22.9 22.6 22.5 22.5 22.6 22.9 23.2 23.5 23.8 24.0 23.9 23.7 -9999.0 -9999.0 -9999.0 -9999.0 -9999.0 -9999.0 -9999.0 -9999.0 -9999.0 -9999.0 -9999.0 -9999.0 -9999.0 -9999.0 -9999.0 -9999.0 -9999.0 nan nan nan nan nan nan nan nan nan nan nan nan nan nan -9999.0
nan nan nan nan nan nan nan nan nan nan nan nan nan nan nan nan nan nan nan nan nan nan nan nan nan nan nan nan nan 16.5 23.5 23.7 24.0 24.4 24.8 nan 17.6 25.0 25.3 25.5 nan 23.6 24.5 24.2 23.7 23.2 22.9 22.7 22.5 22.5 22.7 22.9 23.3 23.6 23.9 24.2 24.2 24.0 -9999.0 -9999.0 -9999.0 -9999.0 -9999.0 -9999.0 -9999.0 -9999.0 -9999.0 -9999.0 -9999.0 -9999.0 -9999.0 -9999.0 -9999.0 -9999.0 -9999.0 -9999.0 nan nan nan nan nan nan nan nan nan nan nan nan nan -9999.0
nan nan nan nan nan nan nan nan nan nan nan nan nan nan nan nan nan nan nan nan nan nan nan nan nan nan nan nan nan nan 23.2 23.6 24.0 24.5 24.0 nan nan 24.7 25.0 25.3 nan 21.3 22.8 24.1 23.7 23.2 23.0 22.7 22.6 22.6 22.8 23.1 23.4 23.8 24.1 24.2 24.2 24.0 -9999.0 -9999.0 -9999.0 -9999.0 -9999.0 -9999.0 -9999.0 -9999.0 -9999.0 -9999.0 -9999.0 -9999.0 -9999.0 -9999.0 -9999.0 -9999.0 -9999.0 -9999.0 -9999.0 nan nan nan nan nan nan nan nan nan nan nan nan -9999.0
nan nan nan nan nan nan nan nan nan nan nan nan nan nan nan nan nan nan nan nan nan nan nan nan nan nan nan nan nan nan 21.2 23.5 24.0 24.4 22.3 nan 20.0 20.2 22.5 14.1 21.4 17.5 20.0 23.3 23.7 23.3 23.0 22.8 22.7 22.7 23.0 23.2 23.6 23.9 24.2 24.2 24.2 23.8 -9999.0 -9999.0 -9999.0 -9999.0 -9999.0 -9999.0 -9999.0 -9999.0 -9999.0 -9999.0 -9999.0 -9999.0 -9999.0 -9999.0 -9999.0 -9999.0 -9999.0 -9999.0 -9999.0 -9999.0 nan nan nan nan nan nan nan nan nan nan nan -9999.0
nan nan nan nan nan nan nan nan nan nan nan nan nan nan nan nan nan nan nan nan nan nan nan nan nan nan nan nan nan nan 21.4 23.2 24.0 24.4 24.2 20.1 nan 22.6 19.5 15.8 19.1 nan 23.9 24.1 23.8 23.4 23.1 22.9 22.9 22.9 23.1 23.4 23.7 24.1 24.4 24.4 23.9 19.4 -9999.0 -9999.0 -9999.0 -9999.0 -9999.0 -9999.0 -9999.0 -9999.0 -9999.0 -9999.0 -9999.0 -9999.0 -9999.0 -9999.0 -9999.0 -9999.0 -9999.0 -9999.0 -9999.0 -9999.0 -9999.0 -9999.0 nan nan nan nan nan nan nan nan nan -9999.0
nan nan nan nan nan nan nan nan nan nan nan nan nan nan nan nan nan nan nan nan nan nan nan nan nan nan nan nan nan nan nan 23.6 24.0 24.4 25.0 nan nan 19.0 19.4 18.7 nan nan 24.2 24.2 23.9 23.6 23.3 23.1 23.1 23.1 23.3 23.5 23.9 24.2 24.5 24.5 23.7 20.8 -9999.0 -9999.0 -9999.0 -9999.0 -9999.0 -9999.0 -9999.0 -9999.0 -9999.0 -9999.0 -9999.0 nan nan nan -9999.0 -9999.0 -9999.0 -9999.0 -9999.0 -9999.0 -9999.0 -9999.0 -9999.0 -9999.0 -9999.0 -9999.0 -9999.0 nan nan nan -9999.0 -9999.0
nan nan nan nan nan nan nan nan nan nan nan nan nan nan nan nan nan nan nan nan nan nan nan nan nan nan nan nan nan nan nan 23.1 23.9 24.4 25.0 nan 16.8 17.7 24.2 17.0 nan nan 24.2 24.1 23.9 23.7 23.5 23.3 23.2 23.4 23.5 23.7 24.0 24.3 24.6 24.9 24.9 22.3 -9999.0 -9999.0 -9999.0 -9999.0 -9999.0 -9999.0 -9999.0 -9999.0 -9999.0 -9999.0 -9999.0 nan nan nan nan nan -9999.0 -9999.0 -9999.0 -9999.0 -9999.0 -9999.0 -9999.0 -9999.0 -9999.0 -9999.0 -9999.0 -9999.0 -9999.0 -9999.0 -9999.0 -9999.0
nan nan nan nan nan nan nan nan nan nan nan nan nan nan nan nan nan nan nan nan nan nan nan nan nan nan nan nan nan nan nan 19.7 23.8 24.4 25.0 24.1 22.2 20.1 16.0 13.4 16.6 nan 24.0 24.1 24.0 23.9 23.7 23.6 23.5 23.5 23.7 23.9 24.2 24.5 24.7 25.1 25.6 22.2 -9999.0 -9999.0 -9999.0 -9999.0 -9999.0 -9999.0 -9999.0 -9999.0 -9999.0 -9999.0 -9999.0 -9999.0 -9999.0 -9999.0 -9999.0 -9999.0 -9999.0 -9999.0 -9999.0 -9999.0 -9999.0 -9999.0 -9999.0 -9999.0 -9999.0 -9999.0 -9999.0 -9999.0 -9999.0 -9999.0 -9999.0 -9999.0
nan nan nan nan nan nan nan nan nan nan nan nan nan nan nan nan nan nan nan nan nan nan nan nan nan nan nan nan nan nan nan 19.7 23.6 24.3 25.0 25.6 25.9 nan 17.1 19.5 12.9 nan 23.9 24.1 24.1 24.1 23.9 23.8 23.7 23.8 23.9 24.1 24.4 24.6 24.8 25.1 25.6 21.9 -9999.0 -9999.0 -9999.0 -9999.0 -9999.0 -9999.0 -9999.0 -9999.0 -9999.0 -9999.0 -9999.0 -9999.0 -9999.0 -9999.0 -9999.0 -9999.0 -9999.0 -9999.0 -9999.0 -9999.0 -9999.0 -9999.0 -9999.0 -9999.0 -9999.0 -9999.0 -9999.0 -9999.0 -9999.0 -9999.0 -9999.0 -9999.0
nan nan nan nan nan nan nan nan nan nan nan nan nan nan nan nan nan nan nan nan nan nan nan nan nan nan nan nan nan nan nan 19.7 22.0 23.9 25.0 25.7 26.0 nan nan 18.0 15.7 nan nan 24.1 24.3 24.2 24.0 24.0 24.0 24.1 24.1 24.3 24.5 24.7 24.9 25.1 25.5 20.6 -9999.0 -9999.0 -9999.0 -9999.0 -9999.0 -9999.0 -9999.0 -9999.0 -9999.0 -9999.0 -9999.0 -9999.0 -9999.0 -9999.0 -9999.0 -9999.0 -9999.0 -9999.0 -9999.0 -9999.0 -9999.0 -9999.0 -9999.0 -9999.0 -9999.0 -9999.0 -9999.0 -9999.0 -9999.0 -9999.0 -9999.0 -9999.0
nan nan nan nan nan nan nan nan nan nan nan nan nan nan nan nan nan nan nan nan nan nan nan nan nan nan nan nan nan nan nan nan 18.4 24.2 25.0 25.9 nan nan nan 19.5 15.2 16.6 nan nan 23.9 24.1 24.1 24.1 24.2 24.3 24.4 24.6 24.8 24.9 25.0 25.2 25.6 25.3 -9999.0 -9999.0 -9999.0 -9999.0 -9999.0 -9999.0 -9999.0 -9999.0 -9999.0 -9999.0 -9999.0 -9999.0 -9999.0 -9999.0 -9999.0 -9999.0 -9999.0 -9999.0 -9999.0 -9999.0 -9999.0 -9999.0 -9999.0 -9999.0 nan nan nan -9999.0 -9999.0 -9999.0 -9999.0 -9999.0
nan nan nan nan nan nan nan nan nan nan nan nan nan nan nan nan nan nan nan nan nan nan nan nan nan nan nan nan nan nan nan nan 23.5 24.2 25.0 25.8 nan nan nan nan 17.1 16.5 26.0 nan 23.4 24.1 24.3 24.3 24.3 24.5 24.6 24.8 25.0 25.2 25.4 25.5 25.7 25.9 -9999.0 -9999.0 -9999.0 -9999.0 -9999.0 -9999.0 -9999.0 -9999.0 -9999.0 -9999.0 -9999.0 -9999.0 -9999.0 -9999.0 -9999.0 -9999.0 -9999.0 -9999.0 -9999.0 -9999.0 -9999.0 -9999.0 nan nan nan nan nan nan nan nan -9999.0 -9999.0
nan nan nan nan nan nan nan nan nan nan nan nan nan nan nan nan nan nan nan nan nan nan nan nan nan nan nan nan nan nan nan nan nan 24.2 25.1 26.0 nan nan nan nan 20.8 18.0 22.9 20.8 nan 24.3 24.5 24.5 24.6 24.8 25.0 25.1 25.3 25.5 25.7 25.8 26.0 25.9 -9999.0 -9999.0 -9999.0 -9999.0 -9999.0 -9999.0 -9999.0 -9999.0 -9999.0 -9999.0 -9999.0 nan nan nan nan nan nan nan nan nan nan nan nan nan nan nan nan nan nan nan nan nan
nan nan nan nan nan nan nan nan nan nan nan nan nan nan nan nan nan nan nan nan nan nan nan nan nan nan nan nan nan nan nan nan nan 24.2 25.2 26.2 26.2 nan nan nan 24.4 19.9 20.3 25.8 nan nan 24.4 24.5 24.6 24.9 25.1 25.3 25.5 25.6 25.9 26.1 26.3 26.5 -9999.0 -9999.0 -9999.0 -9999.0 -9999.0 -9999.0 -9999.0 -9999.0 -9999.0 -9999.0 nan nan nan nan nan nan nan nan nan nan nan nan nan nan nan nan nan nan nan nan nan nan
