data/output/RUN203/ECOSPACE/ECOSPACE_in_PAR3/PAR-VarZ-VarK/PAR-VarZ-VarK_2009_07.asc
ncols        93
nrows        151 
xllcorner    -123.80739
yllcorner    48.29471 
cellsize     0.013497347 
NODATA_value  0.0
[rows 80 to 119 of 151, columns 0 to 89 of 93]
nan nan nan nan nan nan nan nan nan nan nan nan nan nan nan nan nan nan nan nan nan nan nan 38.7 38.5 39.3 40.2 40.4 40.0 39.3 38.5 37.6 36.5 35.7 35.1 34.8 34.6 34.4 34.0 33.5 33.0 32.6 32.2 31.7 31.2 30.6 29.9 29.1 28.3 27.3 26.3 25.3 24.3 23.6 nan nan nan nan nan nan nan nan nan nan nan nan 18.6 18.9 18.9 19.0 nan 18.6 18.5 18.5 18.5 18.5 18.4 18.1 18.1 18.3 18.8 18.9 18.7 nan nan nan nan nan nan nan
nan nan nan nan nan nan nan nan nan nan nan nan nan nan nan nan nan nan nan nan nan nan nan nan nan nan 40.6 40.5 40.3 40.0 39.3 38.5 37.4 36.4 35.5 35.0 34.8 34.5 34.1 33.7 33.3 32.8 32.4 31.9 31.5 31.0 30.5 29.9 29.0 28.1 27.1 26.0 25.0 24.0 23.0 nan nan nan nan nan nan nan nan nan nan nan 19.1 19.1 nan nan nan nan nan 18.6 18.7 18.7 nan 18.1 18.3 18.8 19.1 19.3 nan nan nan nan nan nan nan nan
nan nan nan nan nan nan nan nan nan nan nan nan nan nan nan nan nan nan nan nan nan nan nan nan nan nan nan 40.5 40.3 40.4 39.9 39.2 38.3 37.1 36.1 35.4 34.9 34.6 34.3 33.9 33.5 33.0 32.5 32.1 31.7 31.3 30.9 30.4 29.7 28.8 27.9 26.9 25.8 24.6 23.6 22.8 nan nan nan nan nan nan nan nan nan 19.2 19.7 nan nan nan nan nan nan 18.7 18.7 18.7 nan 18.4 18.8 19.2 19.4 nan nan nan nan nan nan nan nan nan
nan nan nan nan nan nan nan nan nan nan nan nan nan nan nan nan nan nan nan nan nan nan nan nan nan nan nan nan 38.1 40.0 40.4 40.0 39.0 37.8 36.7 35.7 35.1 34.6 34.3 34.0 33.6 33.1 32.7 32.2 31.8 31.5 31.1 30.7 30.1 29.3 28.5 27.6 26.5 25.4 24.3 23.4 22.7 nan nan nan nan nan nan nan nan 19.3 19.6 nan nan nan nan nan nan 18.7 18.8 18.9 19.3 19.6 19.5 19.4 nan nan nan nan nan nan nan nan nan nan
nan nan nan nan nan nan nan nan nan nan nan nan nan nan nan nan nan nan nan nan nan nan nan nan nan nan nan nan nan 18.9 40.9 40.5 39.7 38.5 37.3 36.2 35.3 34.7 34.4 34.1 33.7 33.2 32.8 32.3 31.9 31.6 31.2 30.8 30.3 29.7 29.1 28.3 27.3 26.2 25.1 24.1 23.3 22.7 nan nan nan nan nan nan 19.3 19.6 19.7 nan 19.8 19.7 19.7 nan nan 18.8 19.0 19.3 19.7 20.3 nan nan nan nan nan nan nan nan nan nan nan nan
nan nan nan nan nan nan nan nan nan nan nan nan nan nan nan nan nan nan nan nan nan nan nan nan nan nan nan nan nan nan 19.6 40.6 40.1 39.0 37.8 36.6 35.7 35.0 34.5 34.1 33.8 33.3 32.9 32.4 32.0 31.6 31.3 31.0 30.6 30.2 29.6 28.8 27.9 27.0 26.0 25.0 24.1 23.4 nan nan nan nan nan 19.5 19.7 19.8 19.9 19.9 19.8 19.7 19.7 13.2 nan 19.0 19.3 19.6 19.9 20.1 nan nan nan nan nan nan nan nan nan nan nan nan
nan nan nan nan nan nan nan nan nan nan nan nan nan nan nan nan nan nan nan nan nan nan nan nan nan nan nan nan nan nan nan 37.3 40.0 39.4 38.4 37.2 36.1 35.3 34.7 34.3 33.9 33.5 33.0 32.5 32.0 31.6 31.4 31.1 30.9 30.6 30.0 29.3 28.5 27.6 26.7 25.7 24.9 23.9 22.9 nan nan 20.2 20.5 20.3 20.1 20.3 20.3 20.2 20.1 20.0 19.9 nan nan 19.3 19.6 19.9 20.1 20.2 nan nan nan nan nan nan nan nan nan nan nan nan
nan nan nan nan nan nan nan nan nan nan nan nan nan nan nan nan nan nan nan nan nan nan nan nan nan nan nan nan nan nan nan nan 40.2 39.5 38.6 37.7 36.6 35.7 35.0 34.5 34.1 33.6 33.2 32.6 32.1 31.7 31.4 31.2 31.0 30.7 30.3 29.7 29.0 28.1 27.2 26.3 25.4 24.5 23.7 22.4 21.8 21.5 21.3 nan 20.6 20.8 20.9 21.0 20.9 20.7 20.4 20.0 19.9 19.9 19.9 20.1 20.2 nan nan nan nan nan nan nan nan nan nan nan nan nan
nan nan nan nan nan nan nan nan nan nan nan nan nan nan nan nan nan nan nan nan nan nan nan nan nan nan nan nan nan nan 39.3 39.4 39.7 39.2 38.5 37.8 37.0 36.1 35.4 34.8 34.3 33.9 33.4 32.8 32.2 31.8 31.4 31.1 31.0 30.8 30.5 30.0 29.5 28.7 27.9 27.0 26.1 25.2 24.4 23.6 23.0 22.4 22.1 22.0 21.8 21.7 21.9 21.9 21.7 21.6 21.1 20.6 20.4 20.2 20.2 20.4 20.3 nan nan nan nan nan nan nan nan nan nan nan nan nan
nan nan nan nan nan nan nan nan nan nan nan nan nan nan nan nan nan nan nan nan nan nan nan nan nan nan nan nan nan nan nan nan 39.0 38.7 38.3 37.7 37.2 36.4 35.6 35.0 34.5 34.1 33.7 33.1 32.5 31.9 31.4 31.1 30.9 30.7 30.5 30.2 29.8 29.3 28.6 27.8 27.0 26.3 25.6 24.9 24.1 23.5 23.1 22.9 22.5 22.2 22.3 nan nan nan 21.4 21.1 20.8 20.5 20.4 20.5 nan nan nan nan nan nan nan nan nan nan nan nan nan nan
nan nan nan nan nan nan nan nan nan nan nan nan nan nan nan nan nan nan nan nan nan nan nan nan nan nan nan nan nan nan 21.1 19.1 38.2 38.1 38.0 37.8 37.5 37.1 36.3 35.5 34.8 34.3 33.9 33.4 32.8 32.0 31.4 31.1 30.8 30.6 30.5 30.4 30.1 29.6 29.0 28.4 27.7 27.0 26.4 25.7 25.0 24.3 23.8 23.4 nan nan nan nan nan nan nan 21.5 21.0 20.6 20.5 20.4 nan nan nan nan nan nan nan nan nan nan nan nan nan nan
nan nan nan nan nan nan nan nan nan nan nan nan nan nan nan nan nan nan nan nan nan nan nan nan nan nan nan nan nan nan 20.1 37.1 37.7 37.8 37.7 21.2 37.7 37.9 37.0 36.1 35.3 34.7 34.2 33.7 33.0 32.3 31.6 31.1 30.8 30.6 30.5 30.3 30.0 29.7 29.2 28.6 28.0 27.4 26.8 26.2 25.5 24.8 24.1 nan nan nan nan nan nan 21.1 21.2 21.3 20.9 20.6 20.5 nan nan nan nan nan nan nan nan nan nan nan nan nan nan nan
nan nan nan nan nan nan nan nan nan nan nan nan nan nan nan nan nan nan nan nan nan nan nan nan nan nan nan nan nan nan 21.2 35.6 37.5 37.7 nan nan nan 37.6 37.4 36.5 35.7 35.0 34.4 33.9 33.3 32.6 31.8 31.2 30.8 30.6 30.4 30.3 30.0 29.7 29.2 28.7 28.2 27.7 27.1 26.5 25.9 25.2 24.5 nan nan nan nan nan 21.4 21.2 21.0 20.9 20.7 20.5 nan nan nan nan nan nan nan nan nan nan nan nan nan nan nan nan
nan nan nan nan nan nan nan nan nan nan nan nan nan nan nan nan nan nan nan nan nan nan nan nan nan nan nan nan nan nan 21.0 18.9 37.6 37.8 nan nan nan 34.4 37.1 36.6 36.0 35.3 34.7 34.2 33.6 32.9 32.1 31.4 30.9 30.6 30.4 30.2 30.0 29.7 29.3 28.8 28.4 27.9 27.2 26.6 26.0 25.3 24.4 23.1 22.4 nan 21.5 21.5 21.4 21.1 20.8 20.5 nan nan nan nan nan nan nan nan nan nan nan nan nan nan nan nan nan nan
nan nan nan nan nan nan nan nan nan nan nan nan nan nan nan nan nan nan nan nan nan nan nan nan nan nan nan nan nan nan nan nan 37.8 32.7 nan nan nan nan 36.4 36.4 36.2 35.7 35.0 34.3 33.8 33.2 32.5 31.7 31.1 30.7 30.4 30.2 30.0 29.7 29.3 29.0 28.5 28.1 27.5 26.9 26.2 25.5 24.6 23.7 23.0 22.3 21.9 21.5 21.1 20.8 20.3 nan nan nan nan nan nan nan nan nan nan nan nan nan nan nan nan nan nan nan
nan nan nan nan nan nan nan nan nan nan nan nan nan nan nan nan nan nan nan nan nan nan nan nan nan nan nan nan nan nan nan nan nan 30.6 17.0 nan nan nan 19.2 36.7 36.7 36.1 35.3 34.6 34.0 33.4 32.7 32.0 31.3 30.8 30.4 30.1 29.9 29.6 29.4 29.0 28.6 28.2 27.7 27.1 26.4 25.7 24.9 24.0 23.3 22.5 21.9 21.4 21.0 20.6 20.1 nan nan nan nan nan nan nan nan nan nan nan nan nan nan nan nan nan nan nan
nan nan nan nan nan nan nan nan nan nan nan nan nan nan nan nan nan nan nan nan nan nan nan nan nan nan nan nan nan nan nan nan nan nan 19.4 31.1 nan nan nan nan 36.8 37.0 35.9 35.0 34.3 33.6 32.9 32.1 31.4 30.8 30.4 30.1 29.8 29.6 29.4 29.1 28.7 28.3 27.9 27.3 26.6 25.9 25.1 24.2 23.4 22.6 22.0 21.5 21.0 20.5 20.2 19.8 nan nan nan nan nan nan nan nan nan nan nan nan nan nan nan nan nan nan
nan nan nan nan nan nan nan nan nan nan nan nan nan nan nan nan nan nan nan nan nan nan nan nan nan nan nan nan nan nan nan nan nan nan nan 24.0 21.0 nan nan nan nan 35.9 36.1 35.1 34.3 33.7 32.8 32.1 31.4 30.8 30.4 30.0 29.8 29.6 29.4 29.1 28.8 28.4 27.9 27.4 26.7 25.9 25.1 24.2 23.4 22.5 21.9 21.4 20.9 20.5 20.1 20.0 19.8 13.2 nan nan nan nan nan nan nan nan nan nan nan nan nan nan nan nan
nan nan nan nan nan nan nan nan nan nan nan nan nan nan nan nan nan nan nan nan nan nan nan nan nan nan nan nan nan nan nan nan nan nan 20.4 26.4 33.5 33.4 nan 21.1 nan 32.5 35.6 34.9 34.1 33.5 32.7 31.9 31.3 30.7 30.3 30.0 29.8 29.6 29.4 29.1 28.8 28.4 28.0 27.4 26.6 25.8 24.9 24.0 23.1 22.3 21.7 21.3 20.9 20.5 20.1 19.9 19.8 19.6 nan nan nan nan nan nan nan nan nan nan nan nan nan nan nan nan
nan nan nan nan nan nan nan nan nan nan nan nan nan nan nan nan nan nan nan nan nan nan nan nan nan nan nan nan nan nan nan nan nan nan 33.2 33.4 33.5 32.8 23.9 30.2 32.5 30.5 35.1 34.4 33.8 33.2 32.5 31.7 31.2 30.6 30.2 29.9 29.8 29.6 29.4 29.2 28.9 28.4 27.9 27.2 26.5 25.6 24.6 23.6 22.7 21.9 21.0 21.3 20.8 20.6 20.0 19.9 19.8 19.8 19.9 nan nan nan nan nan nan nan nan nan nan nan nan nan nan nan
nan nan nan nan nan nan nan nan nan nan nan nan nan nan nan nan nan nan nan nan nan nan nan nan nan nan nan nan nan nan nan nan nan nan 33.2 33.2 33.2 33.3 33.2 nan 33.4 33.4 34.9 34.2 33.6 32.8 32.2 31.6 31.0 30.5 30.1 29.9 29.8 29.7 29.5 29.3 28.9 28.4 27.9 27.2 26.3 25.3 -9999.0 -9999.0 -9999.0 -9999.0 -9999.0 -9999.0 -9999.0 14.3 20.1 20.0 20.0 19.8 19.9 nan nan nan nan nan nan nan nan nan nan nan nan nan nan -9999.0
nan nan nan nan nan nan nan nan nan nan nan nan nan nan nan nan nan nan nan nan nan nan nan nan nan nan nan nan nan nan nan nan nan nan 32.8 32.7 32.7 32.7 32.8 nan nan 35.0 34.6 34.0 33.3 32.5 31.9 31.3 30.8 30.4 30.1 29.9 29.8 29.7 29.5 29.3 29.0 28.5 27.8 27.0 26.1 -9999.0 -9999.0 -9999.0 -9999.0 -9999.0 -9999.0 -9999.0 -9999.0 nan 17.0 20.0 20.1 19.5 nan nan nan nan nan nan nan nan nan nan nan nan nan nan nan -9999.0
nan nan nan nan nan nan nan nan nan nan nan nan nan nan nan nan nan nan nan nan nan nan nan nan nan nan nan nan nan nan nan nan nan nan 32.5 32.2 32.2 32.5 33.1 nan 28.8 32.9 34.4 33.6 32.9 32.2 31.6 31.1 30.7 30.4 30.1 29.9 29.8 29.7 29.6 29.4 29.0 28.5 27.7 26.8 25.8 -9999.0 -9999.0 -9999.0 -9999.0 -9999.0 -9999.0 -9999.0 -9999.0 -9999.0 -9999.0 nan 13.9 13.9 nan nan nan nan nan nan nan nan nan nan nan nan nan nan nan -9999.0
nan nan nan nan nan nan nan nan nan nan nan nan nan nan nan nan nan nan nan nan nan nan nan nan nan nan nan nan nan nan nan nan nan nan 32.1 32.0 32.3 33.0 30.2 21.6 31.3 28.9 33.9 33.1 32.4 31.8 31.3 30.8 30.5 30.3 30.1 29.9 29.8 29.7 29.6 29.4 29.0 28.5 27.6 26.6 -9999.0 -9999.0 -9999.0 -9999.0 -9999.0 -9999.0 -9999.0 -9999.0 -9999.0 -9999.0 -9999.0 nan nan nan nan nan nan nan nan nan nan nan nan nan nan nan nan nan nan -9999.0
nan nan nan nan nan nan nan nan nan nan nan nan nan nan nan nan nan nan nan nan nan nan nan nan nan nan nan nan nan nan nan nan 30.7 31.0 31.8 32.2 32.8 33.7 33.9 32.8 nan 34.3 33.4 32.8 32.2 31.6 31.0 30.6 30.4 30.2 30.0 29.9 29.8 29.7 29.6 29.4 29.1 28.5 27.6 -9999.0 -9999.0 -9999.0 -9999.0 -9999.0 -9999.0 -9999.0 -9999.0 -9999.0 -9999.0 -9999.0 -9999.0 -9999.0 nan nan nan nan nan nan nan nan nan nan nan nan nan nan nan nan nan -9999.0
nan nan nan nan nan nan nan nan nan nan nan nan nan nan nan nan nan nan nan nan nan nan nan nan nan nan nan nan nan 20.9 nan nan 31.7 31.7 31.8 32.2 33.2 34.3 35.1 nan nan 33.4 33.3 32.9 32.3 31.6 31.0 30.6 30.4 30.2 30.0 29.9 29.8 29.7 29.6 29.5 29.2 28.6 27.6 -9999.0 -9999.0 -9999.0 -9999.0 -9999.0 -9999.0 -9999.0 -9999.0 -9999.0 -9999.0 -9999.0 -9999.0 -9999.0 -9999.0 -9999.0 nan nan nan nan nan nan nan nan nan nan nan nan nan nan nan -9999.0
nan nan nan nan nan nan nan nan nan nan nan nan nan nan nan nan nan nan nan nan nan nan nan nan nan nan nan nan nan 17.4 17.5 nan 31.8 32.1 30.5 28.9 32.2 33.9 34.3 33.5 nan 33.3 33.5 33.2 32.6 31.9 31.2 30.8 30.5 30.2 30.0 29.9 29.8 29.8 29.7 29.6 29.4 28.8 -9999.0 -9999.0 -9999.0 -9999.0 -9999.0 -9999.0 -9999.0 -9999.0 -9999.0 -9999.0 -9999.0 -9999.0 -9999.0 -9999.0 -9999.0 -9999.0 -9999.0 nan nan nan nan nan nan nan nan nan nan nan nan nan nan -9999.0
nan nan nan nan nan nan nan nan nan nan nan nan nan nan nan nan nan nan nan nan nan nan nan nan nan nan nan nan nan 18.3 31.0 31.3 31.8 32.3 32.8 nan 18.9 33.3 33.7 33.9 nan 33.1 34.0 33.5 32.6 32.0 31.4 31.0 30.7 30.4 30.1 30.0 30.0 30.0 29.9 29.8 29.6 29.2 -9999.0 -9999.0 -9999.0 -9999.0 -9999.0 -9999.0 -9999.0 -9999.0 -9999.0 -9999.0 -9999.0 -9999.0 -9999.0 -9999.0 -9999.0 -9999.0 -9999.0 -9999.0 nan nan nan nan nan nan nan nan nan nan nan nan nan -9999.0
nan nan nan nan nan nan nan nan nan nan nan nan nan nan nan nan nan nan nan nan nan nan nan nan nan nan nan nan nan nan 30.7 31.1 31.7 32.4 32.2 nan nan 32.9 33.5 34.1 nan 29.8 32.3 33.5 32.7 32.1 31.6 31.2 30.9 30.5 30.3 30.2 30.2 30.1 30.1 30.0 29.7 29.3 -9999.0 -9999.0 -9999.0 -9999.0 -9999.0 -9999.0 -9999.0 -9999.0 -9999.0 -9999.0 -9999.0 -9999.0 -9999.0 -9999.0 -9999.0 -9999.0 -9999.0 -9999.0 -9999.0 nan nan nan nan nan nan nan nan nan nan nan nan -9999.0
nan nan nan nan nan nan nan nan nan nan nan nan nan nan nan nan nan nan nan nan nan nan nan nan nan nan nan nan nan nan 28.1 31.0 31.6 32.3 29.4 nan 21.2 26.9 30.9 18.9 29.5 24.3 27.8 32.6 32.7 32.2 31.8 31.4 31.2 30.9 30.7 30.5 30.3 30.4 30.5 30.4 29.9 28.9 -9999.0 -9999.0 -9999.0 -9999.0 -9999.0 -9999.0 -9999.0 -9999.0 -9999.0 -9999.0 -9999.0 -9999.0 -9999.0 -9999.0 -9999.0 -9999.0 -9999.0 -9999.0 -9999.0 -9999.0 nan nan nan nan nan nan nan nan nan nan nan -9999.0
nan nan nan nan nan nan nan nan nan nan nan nan nan nan nan nan nan nan nan nan nan nan nan nan nan nan nan nan nan nan 28.3 30.6 31.5 32.1 32.2 21.1 nan 30.5 26.2 19.9 25.9 nan 33.3 33.3 32.6 32.3 31.9 31.6 31.5 31.3 31.0 30.8 30.7 30.7 30.8 30.5 28.6 23.0 -9999.0 -9999.0 -9999.0 -9999.0 -9999.0 -9999.0 -9999.0 -9999.0 -9999.0 -9999.0 -9999.0 -9999.0 -9999.0 -9999.0 -9999.0 -9999.0 -9999.0 -9999.0 -9999.0 -9999.0 -9999.0 -9999.0 nan nan nan nan nan nan nan nan nan -9999.0
nan nan nan nan nan nan nan nan nan nan nan nan nan nan nan nan nan nan nan nan nan nan nan nan nan nan nan nan nan nan nan 30.9 31.4 32.0 32.7 nan nan 24.9 25.2 23.1 nan nan 33.7 33.2 32.8 32.5 32.1 31.9 31.8 31.6 31.3 31.1 31.0 31.0 31.2 31.0 29.6 25.8 -9999.0 -9999.0 -9999.0 -9999.0 -9999.0 -9999.0 -9999.0 -9999.0 -9999.0 -9999.0 -9999.0 nan nan nan -9999.0 -9999.0 -9999.0 -9999.0 -9999.0 -9999.0 -9999.0 -9999.0 -9999.0 -9999.0 -9999.0 -9999.0 -9999.0 nan nan nan -9999.0 -9999.0
nan nan nan nan nan nan nan nan nan nan nan nan nan nan nan nan nan nan nan nan nan nan nan nan nan nan nan nan nan nan nan 30.3 31.1 31.9 32.8 nan 19.1 22.5 32.0 20.8 nan nan 33.6 33.3 32.9 32.7 32.4 32.2 32.0 31.8 31.6 31.5 31.4 31.5 31.6 31.6 31.3 26.7 -9999.0 -9999.0 -9999.0 -9999.0 -9999.0 -9999.0 -9999.0 -9999.0 -9999.0 -9999.0 -9999.0 nan nan nan nan nan -9999.0 -9999.0 -9999.0 -9999.0 -9999.0 -9999.0 -9999.0 -9999.0 -9999.0 -9999.0 -9999.0 -9999.0 -9999.0 -9999.0 -9999.0 -9999.0
nan nan nan nan nan nan nan nan nan nan nan nan nan nan nan nan nan nan nan nan nan nan nan nan nan nan nan nan nan nan nan 20.8 30.9 31.7 32.5 31.9 29.4 26.6 20.6 17.0 21.6 nan 33.5 33.5 33.2 33.0 32.7 32.3 32.3 32.2 31.9 31.8 31.8 31.8 31.8 31.8 31.8 27.1 -9999.0 -9999.0 -9999.0 -9999.0 -9999.0 -9999.0 -9999.0 -9999.0 -9999.0 -9999.0 -9999.0 -9999.0 -9999.0 -9999.0 -9999.0 -9999.0 -9999.0 -9999.0 -9999.0 -9999.0 -9999.0 -9999.0 -9999.0 -9999.0 -9999.0 -9999.0 -9999.0 -9999.0 -9999.0 -9999.0 -9999.0 -9999.0
nan nan nan nan nan nan nan nan nan nan nan nan nan nan nan nan nan nan nan nan nan nan nan nan nan nan nan nan nan nan nan 20.8 30.7 31.5 32.7 33.4 33.4 nan 21.9 25.7 16.8 nan 33.4 33.7 33.3 33.1 33.0 32.8 32.5 32.3 32.2 32.1 32.0 32.1 32.0 32.0 31.9 27.0 -9999.0 -9999.0 -9999.0 -9999.0 -9999.0 -9999.0 -9999.0 -9999.0 -9999.0 -9999.0 -9999.0 -9999.0 -9999.0 -9999.0 -9999.0 -9999.0 -9999.0 -9999.0 -9999.0 -9999.0 -9999.0 -9999.0 -9999.0 -9999.0 -9999.0 -9999.0 -9999.0 -9999.0 -9999.0 -9999.0 -9999.0 -9999.0
nan nan nan nan nan nan nan nan nan nan nan nan nan nan nan nan nan nan nan nan nan nan nan nan nan nan nan nan nan nan nan 20.8 28.4 31.2 32.4 33.3 33.5 nan nan 23.8 20.9 nan nan 33.7 33.7 33.4 33.1 33.0 33.0 32.8 32.6 32.5 32.4 32.3 32.2 32.2 32.2 26.5 -9999.0 -9999.0 -9999.0 -9999.0 -9999.0 -9999.0 -9999.0 -9999.0 -9999.0 -9999.0 -9999.0 -9999.0 -9999.0 -9999.0 -9999.0 -9999.0 -9999.0 -9999.0 -9999.0 -9999.0 -9999.0 -9999.0 -9999.0 -9999.0 -9999.0 -9999.0 -9999.0 -9999.0 -9999.0 -9999.0 -9999.0 -9999.0
nan nan nan nan nan nan nan nan nan nan nan nan nan nan nan nan nan nan nan nan nan nan nan nan nan nan nan nan nan nan nan nan 19.7 31.4 32.3 33.2 nan nan nan 25.7 19.7 24.3 nan nan 33.4 33.5 33.4 33.2 33.2 33.0 32.9 32.8 32.7 32.5 32.6 32.6 32.6 32.3 -9999.0 -9999.0 -9999.0 -9999.0 -9999.0 -9999.0 -9999.0 -9999.0 -9999.0 -9999.0 -9999.0 -9999.0 -9999.0 -9999.0 -9999.0 -9999.0 -9999.0 -9999.0 -9999.0 -9999.0 -9999.0 -9999.0 -9999.0 -9999.0 nan nan nan -9999.0 -9999.0 -9999.0 -9999.0 -9999.0
nan nan nan nan nan nan nan nan nan nan nan nan nan nan nan nan nan nan nan nan nan nan nan nan nan nan nan nan nan nan nan nan 30.5 31.2 32.0 32.9 nan nan nan nan 22.3 23.3 35.3 nan 32.7 33.5 33.5 33.4 33.3 33.2 33.1 33.0 32.9 32.9 33.1 33.2 33.2 33.5 -9999.0 -9999.0 -9999.0 -9999.0 -9999.0 -9999.0 -9999.0 -9999.0 -9999.0 -9999.0 -9999.0 -9999.0 -9999.0 -9999.0 -9999.0 -9999.0 -9999.0 -9999.0 -9999.0 -9999.0 -9999.0 -9999.0 nan nan nan nan nan nan nan nan -9999.0 -9999.0
nan nan nan nan nan nan nan nan nan nan nan nan nan nan nan nan nan nan nan nan nan nan nan nan nan nan nan nan nan nan nan nan nan 31.2 32.1 32.9 nan nan nan nan 27.3 26.2 32.5 23.9 nan 34.0 34.3 33.8 33.5 33.5 33.4 33.3 33.2 33.2 33.4 33.8 33.6 33.9 -9999.0 -9999.0 -9999.0 -9999.0 -9999.0 -9999.0 -9999.0 -9999.0 -9999.0 -9999.0 -9999.0 nan nan nan nan nan nan nan nan nan nan nan nan nan nan nan nan nan nan nan nan nan
nan nan nan nan nan nan nan nan nan nan nan nan nan nan nan nan nan nan nan nan nan nan nan nan nan nan nan nan nan nan nan nan nan 31.2 32.0 33.2 33.4 nan nan nan 34.1 26.9 28.5 35.6 nan nan 33.8 33.9 33.9 33.8 33.6 33.5 33.5 33.6 33.9 34.2 34.3 34.3 -9999.0 -9999.0 -9999.0 -9999.0 -9999.0 -9999.0 -9999.0 -9999.0 -9999.0 -9999.0 nan nan nan nan nan nan nan nan nan nan nan nan nan nan nan nan nan nan nan nan nan nan
