data/output/RUN203/ECOSPACE/ECOSPACE_in_PAR3/PAR-VarZ-VarK/PAR-VarZ-VarK_1983_04.asc
ncols        93
nrows        151 
xllcorner    -123.80739
yllcorner    48.29471 
cellsize     0.013497347 
NODATA_value  0.0
[rows 80 to 119 of 151, columns 0 to 89 of 93]
nan nan nan nan nan nan nan nan nan nan nan nan nan nan nan nan nan nan nan nan nan nan nan 34.5 33.7 33.5 34.6 35.8 35.0 33.9 32.6 31.8 31.1 30.6 30.3 30.0 29.8 29.6 29.6 29.5 29.6 29.7 29.7 29.7 29.5 29.2 28.7 28.1 27.5 26.9 25.9 25.0 24.1 23.4 nan nan nan nan nan nan nan nan nan nan nan nan 20.0 20.6 20.9 21.0 nan 20.5 20.6 20.8 21.0 21.3 21.4 21.1 21.0 21.5 22.2 22.5 22.4 nan nan nan nan nan nan nan
nan nan nan nan nan nan nan nan nan nan nan nan nan nan nan nan nan nan nan nan nan nan nan nan nan nan 35.3 35.6 35.2 34.5 33.4 32.2 31.5 30.9 30.5 30.1 29.9 29.8 29.7 29.7 29.8 29.9 30.0 29.9 29.7 29.1 28.6 28.2 27.8 27.1 26.4 25.4 24.6 23.7 22.8 nan nan nan nan nan nan nan nan nan nan nan 20.4 20.7 nan nan nan nan nan 21.0 21.4 21.7 nan 21.5 21.8 22.3 23.0 23.6 nan nan nan nan nan nan nan nan
nan nan nan nan nan nan nan nan nan nan nan nan nan nan nan nan nan nan nan nan nan nan nan nan nan nan nan 35.3 35.0 34.8 33.9 32.9 32.0 31.3 30.8 30.4 30.1 30.0 29.9 29.9 29.9 30.1 30.2 30.0 29.8 29.3 28.7 28.2 27.9 27.4 26.6 25.9 25.0 24.1 23.3 22.6 nan nan nan nan nan nan nan nan nan 20.5 21.0 nan nan nan nan nan nan 20.9 21.4 21.7 nan 21.8 22.7 23.2 23.6 nan nan nan nan nan nan nan nan nan
nan nan nan nan nan nan nan nan nan nan nan nan nan nan nan nan nan nan nan nan nan nan nan nan nan nan nan nan 33.1 34.2 34.4 33.6 32.6 31.8 31.2 30.7 30.4 30.2 30.1 30.1 30.1 30.3 30.4 30.2 29.9 29.3 28.7 28.2 27.8 27.4 26.9 26.2 25.4 24.5 23.8 23.0 22.5 nan nan nan nan nan nan nan nan 20.5 21.0 nan nan nan nan nan nan 21.0 21.4 21.9 22.7 23.4 23.6 23.7 nan nan nan nan nan nan nan nan nan nan
nan nan nan nan nan nan nan nan nan nan nan nan nan nan nan nan nan nan nan nan nan nan nan nan nan nan nan nan nan 14.4 34.6 33.9 33.0 32.3 31.6 31.1 30.8 30.5 30.4 30.3 30.3 30.4 30.5 30.4 30.0 29.4 28.7 28.1 27.8 27.5 27.1 26.5 25.8 25.0 24.3 23.6 22.9 22.5 nan nan nan nan nan nan 20.4 20.8 21.1 nan 21.8 21.8 22.1 nan nan 21.1 21.7 22.4 23.3 24.4 nan nan nan nan nan nan nan nan nan nan nan nan
nan nan nan nan nan nan nan nan nan nan nan nan nan nan nan nan nan nan nan nan nan nan nan nan nan nan nan nan nan nan 15.1 34.0 33.3 32.8 32.0 31.5 31.1 30.9 30.7 30.5 30.5 30.5 30.6 30.5 30.1 29.4 28.7 28.1 27.8 27.6 27.2 26.7 26.1 25.4 24.8 24.1 23.5 22.9 nan nan nan nan nan 20.6 20.9 21.3 21.5 21.7 21.8 21.9 22.0 12.2 nan 21.3 22.0 22.8 23.7 24.4 nan nan nan nan nan nan nan nan nan nan nan nan
nan nan nan nan nan nan nan nan nan nan nan nan nan nan nan nan nan nan nan nan nan nan nan nan nan nan nan nan nan nan nan 31.7 33.2 33.0 32.4 32.0 31.6 31.3 31.0 30.9 30.8 30.7 30.6 30.5 30.1 29.5 28.8 28.3 28.0 27.8 27.5 27.1 26.6 26.0 25.4 24.7 24.0 23.5 22.8 nan nan 21.2 21.8 21.7 21.7 22.0 22.1 22.2 22.2 22.2 22.2 nan nan 21.7 22.5 23.3 24.2 24.5 nan nan nan nan nan nan nan nan nan nan nan nan
nan nan nan nan nan nan nan nan nan nan nan nan nan nan nan nan nan nan nan nan nan nan nan nan nan nan nan nan nan nan nan nan 33.1 32.9 32.6 32.2 31.9 31.6 31.4 31.1 31.0 30.8 30.7 30.5 30.1 29.6 29.0 28.5 28.2 28.1 27.9 27.7 27.3 26.8 26.1 25.4 24.7 24.2 23.6 22.9 22.5 22.5 22.6 nan 22.2 22.8 23.1 23.3 23.2 23.1 22.8 22.4 22.4 22.7 23.1 23.8 24.4 nan nan nan nan nan nan nan nan nan nan nan nan nan
nan nan nan nan nan nan nan nan nan nan nan nan nan nan nan nan nan nan nan nan nan nan nan nan nan nan nan nan nan nan 32.7 32.6 32.5 32.6 32.4 32.2 32.0 31.7 31.5 31.3 31.1 30.9 30.8 30.5 30.1 29.7 29.2 28.9 28.7 28.6 28.5 28.3 28.0 27.6 27.0 26.3 25.7 25.2 24.7 24.2 23.8 23.5 23.4 23.6 23.6 23.9 24.3 24.5 24.3 24.3 23.6 23.0 23.0 23.2 23.8 24.4 24.6 nan nan nan nan nan nan nan nan nan nan nan nan nan
nan nan nan nan nan nan nan nan nan nan nan nan nan nan nan nan nan nan nan nan nan nan nan nan nan nan nan nan nan nan nan nan 32.2 32.3 32.1 32.0 31.9 31.6 31.5 31.3 31.1 31.0 30.8 30.6 30.3 30.0 29.6 29.3 29.2 29.2 29.2 29.0 28.8 28.4 27.8 27.3 26.7 26.3 25.8 25.3 24.8 24.3 24.2 24.2 24.2 24.3 24.6 nan nan nan 23.7 23.5 23.5 23.7 24.2 24.6 nan nan nan nan nan nan nan nan nan nan nan nan nan nan
nan nan nan nan nan nan nan nan nan nan nan nan nan nan nan nan nan nan nan nan nan nan nan nan nan nan nan nan nan nan 15.4 14.1 31.9 32.0 32.0 32.1 31.9 31.7 31.5 31.3 31.1 31.0 30.9 30.7 30.5 30.3 30.1 29.9 29.9 29.9 30.0 29.9 29.6 29.2 28.8 28.2 27.7 27.2 26.6 26.0 25.4 24.9 24.6 24.5 nan nan nan nan nan nan nan 23.8 23.8 24.0 24.4 24.5 nan nan nan nan nan nan nan nan nan nan nan nan nan nan
nan nan nan nan nan nan nan nan nan nan nan nan nan nan nan nan nan nan nan nan nan nan nan nan nan nan nan nan nan nan 15.2 31.2 31.8 32.4 32.3 16.8 32.1 32.0 31.5 31.4 31.2 31.1 31.0 30.9 30.7 30.6 30.5 30.5 30.5 30.6 30.7 30.6 30.4 30.1 29.6 29.1 28.6 28.0 27.4 26.6 25.9 25.2 24.8 nan nan nan nan nan nan 23.0 23.4 23.8 23.9 24.0 24.3 nan nan nan nan nan nan nan nan nan nan nan nan nan nan nan
nan nan nan nan nan nan nan nan nan nan nan nan nan nan nan nan nan nan nan nan nan nan nan nan nan nan nan nan nan nan 15.3 29.6 31.8 32.2 nan nan nan 31.7 31.8 31.5 31.3 31.2 31.1 31.0 31.0 31.0 30.9 30.9 30.9 30.9 31.0 31.1 31.2 30.9 30.6 30.2 29.6 29.0 28.2 27.3 26.4 25.6 25.1 nan nan nan nan nan 23.0 23.2 23.5 23.8 23.8 23.8 nan nan nan nan nan nan nan nan nan nan nan nan nan nan nan nan
nan nan nan nan nan nan nan nan nan nan nan nan nan nan nan nan nan nan nan nan nan nan nan nan nan nan nan nan nan nan 15.1 14.1 31.0 31.5 nan nan nan 29.9 31.4 31.5 31.5 31.2 31.3 31.3 31.2 31.2 31.2 31.2 31.3 31.3 31.4 31.6 31.8 31.8 31.6 31.2 30.7 30.0 29.1 28.1 27.1 26.1 25.4 24.3 23.8 nan 22.9 23.1 23.4 23.4 23.6 23.7 nan nan nan nan nan nan nan nan nan nan nan nan nan nan nan nan nan nan
nan nan nan nan nan nan nan nan nan nan nan nan nan nan nan nan nan nan nan nan nan nan nan nan nan nan nan nan nan nan nan nan 30.5 25.5 nan nan nan nan 30.5 31.6 31.5 31.4 31.4 31.5 31.4 31.4 31.4 31.4 31.3 31.4 31.5 31.8 31.8 31.9 32.1 32.0 31.5 31.0 30.1 29.0 27.9 26.8 25.9 25.2 24.7 24.1 23.8 23.6 23.6 23.5 23.5 nan nan nan nan nan nan nan nan nan nan nan nan nan nan nan nan nan nan nan
nan nan nan nan nan nan nan nan nan nan nan nan nan nan nan nan nan nan nan nan nan nan nan nan nan nan nan nan nan nan nan nan nan 26.8 14.9 nan nan nan 14.4 32.2 32.1 31.5 31.4 31.5 31.5 31.5 31.4 31.3 31.3 31.4 31.5 31.7 32.0 32.2 32.5 32.7 32.4 31.6 31.1 30.1 28.9 27.8 26.8 26.0 25.4 24.8 24.3 24.0 23.9 23.8 23.5 nan nan nan nan nan nan nan nan nan nan nan nan nan nan nan nan nan nan nan
nan nan nan nan nan nan nan nan nan nan nan nan nan nan nan nan nan nan nan nan nan nan nan nan nan nan nan nan nan nan nan nan nan nan 15.4 28.7 nan nan nan nan 31.9 31.9 31.5 31.5 31.5 31.4 31.4 31.3 31.3 31.2 31.5 31.7 32.1 32.6 32.9 33.0 33.0 32.3 31.9 31.2 30.0 28.9 27.8 26.9 26.1 25.4 24.8 24.4 24.1 23.8 23.5 23.2 nan nan nan nan nan nan nan nan nan nan nan nan nan nan nan nan nan nan
nan nan nan nan nan nan nan nan nan nan nan nan nan nan nan nan nan nan nan nan nan nan nan nan nan nan nan nan nan nan nan nan nan nan nan 21.6 15.6 nan nan nan nan 30.3 31.8 31.6 31.5 31.5 31.4 31.3 31.2 31.3 31.4 31.8 32.3 32.8 33.2 33.5 33.3 33.0 32.7 32.0 31.0 29.9 28.8 27.7 26.8 25.8 25.0 24.5 24.1 23.7 23.4 23.3 23.2 11.9 nan nan nan nan nan nan nan nan nan nan nan nan nan nan nan nan
nan nan nan nan nan nan nan nan nan nan nan nan nan nan nan nan nan nan nan nan nan nan nan nan nan nan nan nan nan nan nan nan nan nan 16.9 20.5 31.6 31.7 nan 15.7 nan 28.7 31.5 31.5 31.6 31.6 31.6 31.5 31.4 31.5 31.6 32.0 32.5 33.0 33.4 33.5 33.4 33.5 33.2 32.6 31.7 30.6 29.4 28.3 27.1 26.0 25.1 24.6 24.1 23.5 23.2 23.2 23.1 23.0 nan nan nan nan nan nan nan nan nan nan nan nan nan nan nan nan
nan nan nan nan nan nan nan nan nan nan nan nan nan nan nan nan nan nan nan nan nan nan nan nan nan nan nan nan nan nan nan nan nan nan 31.6 31.3 32.0 28.6 18.2 27.8 29.5 25.5 30.4 31.7 31.8 31.7 31.6 31.6 31.4 31.5 31.6 32.1 32.6 33.2 33.6 33.9 33.8 33.9 33.6 32.9 32.1 31.0 29.8 28.5 27.2 25.7 24.2 24.0 23.0 23.2 23.0 23.0 23.1 23.1 23.3 nan nan nan nan nan nan nan nan nan nan nan nan nan nan nan
nan nan nan nan nan nan nan nan nan nan nan nan nan nan nan nan nan nan nan nan nan nan nan nan nan nan nan nan nan nan nan nan nan nan 31.7 32.0 32.1 32.0 30.9 nan 30.8 29.1 31.9 31.9 31.7 31.7 31.5 31.4 31.2 31.4 31.6 32.0 32.5 33.2 33.5 33.9 34.2 34.2 33.9 33.2 32.2 31.1 -9999.0 -9999.0 -9999.0 -9999.0 -9999.0 -9999.0 -9999.0 12.3 23.1 23.0 23.1 22.9 23.0 nan nan nan nan nan nan nan nan nan nan nan nan nan nan -9999.0
nan nan nan nan nan nan nan nan nan nan nan nan nan nan nan nan nan nan nan nan nan nan nan nan nan nan nan nan nan nan nan nan nan nan 31.7 32.0 32.0 31.9 31.9 nan nan 31.8 32.1 32.0 31.7 31.5 31.3 31.2 31.0 31.1 31.3 31.8 32.4 33.1 33.6 33.9 34.1 34.3 34.0 33.3 32.2 -9999.0 -9999.0 -9999.0 -9999.0 -9999.0 -9999.0 -9999.0 -9999.0 nan 14.0 22.2 22.7 21.7 nan nan nan nan nan nan nan nan nan nan nan nan nan nan nan -9999.0
nan nan nan nan nan nan nan nan nan nan nan nan nan nan nan nan nan nan nan nan nan nan nan nan nan nan nan nan nan nan nan nan nan nan 31.5 31.7 31.7 31.7 31.7 nan 26.2 29.4 32.3 32.1 31.6 31.3 31.1 30.9 30.8 30.8 31.1 31.6 32.2 32.8 33.6 34.1 34.3 34.4 34.0 33.3 32.1 -9999.0 -9999.0 -9999.0 -9999.0 -9999.0 -9999.0 -9999.0 -9999.0 -9999.0 -9999.0 nan 12.0 12.0 nan nan nan nan nan nan nan nan nan nan nan nan nan nan nan -9999.0
nan nan nan nan nan nan nan nan nan nan nan nan nan nan nan nan nan nan nan nan nan nan nan nan nan nan nan nan nan nan nan nan nan nan 31.1 31.4 31.5 29.4 27.0 18.1 28.3 24.5 31.6 31.7 31.5 31.2 30.9 30.6 30.5 30.6 30.8 31.3 31.9 32.6 33.4 34.1 34.5 34.5 34.1 33.2 -9999.0 -9999.0 -9999.0 -9999.0 -9999.0 -9999.0 -9999.0 -9999.0 -9999.0 -9999.0 -9999.0 nan nan nan nan nan nan nan nan nan nan nan nan nan nan nan nan nan nan -9999.0
nan nan nan nan nan nan nan nan nan nan nan nan nan nan nan nan nan nan nan nan nan nan nan nan nan nan nan nan nan nan nan nan 28.7 29.0 30.6 31.4 31.8 32.0 31.8 28.2 nan 31.9 31.8 31.6 31.3 31.0 30.6 30.3 30.2 30.2 30.4 30.9 31.5 32.3 33.1 33.9 34.5 34.7 34.1 -9999.0 -9999.0 -9999.0 -9999.0 -9999.0 -9999.0 -9999.0 -9999.0 -9999.0 -9999.0 -9999.0 -9999.0 -9999.0 nan nan nan nan nan nan nan nan nan nan nan nan nan nan nan nan nan -9999.0
nan nan nan nan nan nan nan nan nan nan nan nan nan nan nan nan nan nan nan nan nan nan nan nan nan nan nan nan nan 15.4 nan nan 31.4 31.5 31.6 31.5 32.3 32.8 33.2 nan nan 31.6 31.7 31.5 31.2 30.8 30.3 30.0 29.8 29.7 30.0 30.5 31.1 32.0 33.0 33.8 34.5 34.7 34.1 -9999.0 -9999.0 -9999.0 -9999.0 -9999.0 -9999.0 -9999.0 -9999.0 -9999.0 -9999.0 -9999.0 -9999.0 -9999.0 -9999.0 -9999.0 nan nan nan nan nan nan nan nan nan nan nan nan nan nan nan -9999.0
nan nan nan nan nan nan nan nan nan nan nan nan nan nan nan nan nan nan nan nan nan nan nan nan nan nan nan nan nan 13.7 13.8 nan 31.3 31.8 29.1 28.7 30.5 33.0 33.2 32.1 nan 31.4 31.9 31.5 31.0 30.6 30.1 29.8 29.4 29.4 29.7 30.2 30.9 31.9 32.9 33.9 34.7 34.7 -9999.0 -9999.0 -9999.0 -9999.0 -9999.0 -9999.0 -9999.0 -9999.0 -9999.0 -9999.0 -9999.0 -9999.0 -9999.0 -9999.0 -9999.0 -9999.0 -9999.0 nan nan nan nan nan nan nan nan nan nan nan nan nan nan -9999.0
nan nan nan nan nan nan nan nan nan nan nan nan nan nan nan nan nan nan nan nan nan nan nan nan nan nan nan nan nan 14.5 31.0 31.2 31.7 32.3 32.8 nan 14.3 32.7 33.1 33.0 nan 30.4 32.0 31.8 31.1 30.6 30.0 29.6 29.3 29.3 29.5 30.1 30.9 31.9 32.8 33.8 34.8 35.0 -9999.0 -9999.0 -9999.0 -9999.0 -9999.0 -9999.0 -9999.0 -9999.0 -9999.0 -9999.0 -9999.0 -9999.0 -9999.0 -9999.0 -9999.0 -9999.0 -9999.0 -9999.0 nan nan nan nan nan nan nan nan nan nan nan nan nan -9999.0
nan nan nan nan nan nan nan nan nan nan nan nan nan nan nan nan nan nan nan nan nan nan nan nan nan nan nan nan nan nan 30.2 31.3 32.0 32.8 29.3 nan nan 30.9 31.0 30.9 nan 26.4 29.0 31.7 31.5 30.7 30.1 29.6 29.3 29.3 29.5 30.1 30.9 31.8 32.7 33.6 34.5 34.7 -9999.0 -9999.0 -9999.0 -9999.0 -9999.0 -9999.0 -9999.0 -9999.0 -9999.0 -9999.0 -9999.0 -9999.0 -9999.0 -9999.0 -9999.0 -9999.0 -9999.0 -9999.0 -9999.0 nan nan nan nan nan nan nan nan nan nan nan nan -9999.0
nan nan nan nan nan nan nan nan nan nan nan nan nan nan nan nan nan nan nan nan nan nan nan nan nan nan nan nan nan nan 28.4 31.5 32.3 33.1 29.1 nan 15.6 23.5 26.7 14.4 23.7 20.5 23.4 30.5 31.8 31.1 30.3 29.8 29.5 29.4 29.6 30.1 30.9 31.8 32.8 33.5 34.0 34.0 -9999.0 -9999.0 -9999.0 -9999.0 -9999.0 -9999.0 -9999.0 -9999.0 -9999.0 -9999.0 -9999.0 -9999.0 -9999.0 -9999.0 -9999.0 -9999.0 -9999.0 -9999.0 -9999.0 -9999.0 nan nan nan nan nan nan nan nan nan nan nan -9999.0
nan nan nan nan nan nan nan nan nan nan nan nan nan nan nan nan nan nan nan nan nan nan nan nan nan nan nan nan nan nan 28.8 30.8 32.2 33.0 30.1 15.7 nan 28.6 19.4 13.0 20.0 nan 31.2 32.3 32.1 31.4 30.6 30.2 29.9 29.7 29.9 30.4 31.1 31.9 32.7 33.5 31.8 23.5 -9999.0 -9999.0 -9999.0 -9999.0 -9999.0 -9999.0 -9999.0 -9999.0 -9999.0 -9999.0 -9999.0 -9999.0 -9999.0 -9999.0 -9999.0 -9999.0 -9999.0 -9999.0 -9999.0 -9999.0 -9999.0 -9999.0 nan nan nan nan nan nan nan nan nan -9999.0
nan nan nan nan nan nan nan nan nan nan nan nan nan nan nan nan nan nan nan nan nan nan nan nan nan nan nan nan nan nan nan 31.2 31.8 32.5 33.0 nan nan 21.0 19.1 14.7 nan nan 32.0 32.4 32.3 31.7 31.1 30.7 30.4 30.2 30.3 30.7 31.5 32.2 33.0 34.0 33.2 28.1 -9999.0 -9999.0 -9999.0 -9999.0 -9999.0 -9999.0 -9999.0 -9999.0 -9999.0 -9999.0 -9999.0 nan nan nan -9999.0 -9999.0 -9999.0 -9999.0 -9999.0 -9999.0 -9999.0 -9999.0 -9999.0 -9999.0 -9999.0 -9999.0 -9999.0 nan nan nan -9999.0 -9999.0
nan nan nan nan nan nan nan nan nan nan nan nan nan nan nan nan nan nan nan nan nan nan nan nan nan nan nan nan nan nan nan 29.3 31.3 32.1 33.0 nan 15.1 17.4 27.2 14.1 nan nan 32.0 32.4 32.5 32.1 31.5 31.1 30.8 30.6 30.7 31.0 31.7 32.5 33.2 34.3 35.2 29.5 -9999.0 -9999.0 -9999.0 -9999.0 -9999.0 -9999.0 -9999.0 -9999.0 -9999.0 -9999.0 -9999.0 nan nan nan nan nan -9999.0 -9999.0 -9999.0 -9999.0 -9999.0 -9999.0 -9999.0 -9999.0 -9999.0 -9999.0 -9999.0 -9999.0 -9999.0 -9999.0 -9999.0 -9999.0
nan nan nan nan nan nan nan nan nan nan nan nan nan nan nan nan nan nan nan nan nan nan nan nan nan nan nan nan nan nan nan 15.2 30.6 31.7 32.2 30.5 27.3 20.7 16.4 12.9 14.4 nan 31.8 32.4 32.5 32.2 32.0 31.5 31.1 30.9 31.0 31.3 31.9 32.6 33.3 34.1 34.6 25.6 -9999.0 -9999.0 -9999.0 -9999.0 -9999.0 -9999.0 -9999.0 -9999.0 -9999.0 -9999.0 -9999.0 -9999.0 -9999.0 -9999.0 -9999.0 -9999.0 -9999.0 -9999.0 -9999.0 -9999.0 -9999.0 -9999.0 -9999.0 -9999.0 -9999.0 -9999.0 -9999.0 -9999.0 -9999.0 -9999.0 -9999.0 -9999.0
nan nan nan nan nan nan nan nan nan nan nan nan nan nan nan nan nan nan nan nan nan nan nan nan nan nan nan nan nan nan nan 15.1 29.2 31.7 32.8 33.3 33.5 nan 19.5 22.1 12.2 nan 31.3 32.2 32.5 32.4 32.2 31.9 31.5 31.2 31.4 31.5 32.1 32.7 33.2 34.0 34.5 28.1 -9999.0 -9999.0 -9999.0 -9999.0 -9999.0 -9999.0 -9999.0 -9999.0 -9999.0 -9999.0 -9999.0 -9999.0 -9999.0 -9999.0 -9999.0 -9999.0 -9999.0 -9999.0 -9999.0 -9999.0 -9999.0 -9999.0 -9999.0 -9999.0 -9999.0 -9999.0 -9999.0 -9999.0 -9999.0 -9999.0 -9999.0 -9999.0
nan nan nan nan nan nan nan nan nan nan nan nan nan nan nan nan nan nan nan nan nan nan nan nan nan nan nan nan nan nan nan 15.2 26.6 30.2 32.4 33.0 33.2 nan nan 19.4 13.5 nan nan 32.1 32.7 32.7 32.6 32.2 31.8 31.5 31.5 31.6 32.2 32.8 33.3 34.0 34.7 25.1 -9999.0 -9999.0 -9999.0 -9999.0 -9999.0 -9999.0 -9999.0 -9999.0 -9999.0 -9999.0 -9999.0 -9999.0 -9999.0 -9999.0 -9999.0 -9999.0 -9999.0 -9999.0 -9999.0 -9999.0 -9999.0 -9999.0 -9999.0 -9999.0 -9999.0 -9999.0 -9999.0 -9999.0 -9999.0 -9999.0 -9999.0 -9999.0
nan nan nan nan nan nan nan nan nan nan nan nan nan nan nan nan nan nan nan nan nan nan nan nan nan nan nan nan nan nan nan nan 14.7 30.9 32.0 32.8 nan nan nan 19.6 13.5 12.7 nan nan 31.7 32.4 32.4 32.2 32.0 31.8 31.7 31.8 32.3 32.8 33.4 34.1 34.9 29.7 -9999.0 -9999.0 -9999.0 -9999.0 -9999.0 -9999.0 -9999.0 -9999.0 -9999.0 -9999.0 -9999.0 -9999.0 -9999.0 -9999.0 -9999.0 -9999.0 -9999.0 -9999.0 -9999.0 -9999.0 -9999.0 -9999.0 -9999.0 -9999.0 nan nan nan -9999.0 -9999.0 -9999.0 -9999.0 -9999.0
nan nan nan nan nan nan nan nan nan nan nan nan nan nan nan nan nan nan nan nan nan nan nan nan nan nan nan nan nan nan nan nan 28.9 30.2 31.5 32.6 nan nan nan nan 15.2 12.4 23.3 nan 29.9 32.0 32.2 32.0 31.9 31.9 31.9 32.0 32.5 32.9 33.7 34.5 35.3 35.3 -9999.0 -9999.0 -9999.0 -9999.0 -9999.0 -9999.0 -9999.0 -9999.0 -9999.0 -9999.0 -9999.0 -9999.0 -9999.0 -9999.0 -9999.0 -9999.0 -9999.0 -9999.0 -9999.0 -9999.0 -9999.0 -9999.0 nan nan nan nan nan nan nan nan -9999.0 -9999.0
nan nan nan nan nan nan nan nan nan nan nan nan nan nan nan nan nan nan nan nan nan nan nan nan nan nan nan nan nan nan nan nan nan 30.3 31.7 32.7 nan nan nan nan 20.6 14.1 17.8 19.0 nan 31.7 32.4 32.4 32.3 32.2 32.2 32.2 32.5 33.0 33.9 35.0 35.9 35.9 -9999.0 -9999.0 -9999.0 -9999.0 -9999.0 -9999.0 -9999.0 -9999.0 -9999.0 -9999.0 -9999.0 nan nan nan nan nan nan nan nan nan nan nan nan nan nan nan nan nan nan nan nan nan
nan nan nan nan nan nan nan nan nan nan nan nan nan nan nan nan nan nan nan nan nan nan nan nan nan nan nan nan nan nan nan nan nan 30.5 31.9 32.8 32.9 nan nan nan 29.4 16.0 16.1 27.9 nan nan 31.9 32.3 32.4 32.5 32.5 32.6 32.8 33.3 34.1 35.4 36.8 38.5 -9999.0 -9999.0 -9999.0 -9999.0 -9999.0 -9999.0 -9999.0 -9999.0 -9999.0 -9999.0 nan nan nan nan nan nan nan nan nan nan nan nan nan nan nan nan nan nan nan nan nan nan
