data/output/RUN203/ECOSPACE/ECOSPACE_in_PAR3/PAR-VarZ-VarK/PAR-VarZ-VarK_2006_09.asc
ncols        93
nrows        151 
xllcorner    -123.80739
yllcorner    48.29471 
cellsize     0.013497347 
NODATA_value  0.0
[rows 80 to 119 of 151, columns 0 to 89 of 93]
nan nan nan nan nan nan nan nan nan nan nan nan nan nan nan nan nan nan nan nan nan nan nan 32.8 31.6 33.4 34.7 34.8 34.5 34.3 34.0 33.7 33.4 33.1 32.9 32.6 32.4 32.3 32.1 31.8 31.3 30.9 30.7 30.4 30.0 29.5 28.9 28.0 27.0 25.7 24.5 23.3 22.2 21.4 nan nan nan nan nan nan nan nan nan nan nan nan 17.9 18.4 18.6 18.8 nan 18.3 18.2 18.3 18.4 18.6 18.5 18.1 17.9 18.2 18.7 19.0 18.9 nan nan nan nan nan nan nan
nan nan nan nan nan nan nan nan nan nan nan nan nan nan nan nan nan nan nan nan nan nan nan nan nan nan 35.0 34.7 34.4 34.2 34.0 33.7 33.4 33.1 32.8 32.5 32.3 32.1 32.0 31.7 31.3 31.0 30.8 30.5 30.2 29.8 29.2 28.4 27.5 26.4 25.2 23.9 22.7 21.8 20.9 nan nan nan nan nan nan nan nan nan nan nan 18.4 18.6 nan nan nan nan nan 18.5 18.7 19.0 nan 18.4 18.5 19.0 19.5 19.9 nan nan nan nan nan nan nan nan
nan nan nan nan nan nan nan nan nan nan nan nan nan nan nan nan nan nan nan nan nan nan nan nan nan nan nan 34.7 34.3 34.3 34.0 33.7 33.4 33.0 32.7 32.4 32.2 32.0 31.8 31.6 31.3 31.0 30.8 30.5 30.2 29.8 29.3 28.7 27.9 27.0 25.9 24.6 23.4 22.2 21.3 20.7 nan nan nan nan nan nan nan nan nan 18.3 18.9 nan nan nan nan nan nan 18.5 18.8 19.0 nan 18.8 19.3 19.8 20.1 nan nan nan nan nan nan nan nan nan
nan nan nan nan nan nan nan nan nan nan nan nan nan nan nan nan nan nan nan nan nan nan nan nan nan nan nan nan 33.1 34.0 34.2 33.8 33.4 33.0 32.6 32.3 32.0 31.9 31.7 31.4 31.1 30.8 30.6 30.4 30.1 29.8 29.5 29.0 28.4 27.6 26.6 25.4 24.1 22.9 22.0 21.2 20.7 nan nan nan nan nan nan nan nan 18.4 18.9 nan nan nan nan nan nan 18.5 18.9 19.3 19.8 20.3 20.2 20.2 nan nan nan nan nan nan nan nan nan nan
nan nan nan nan nan nan nan nan nan nan nan nan nan nan nan nan nan nan nan nan nan nan nan nan nan nan nan nan nan 12.9 34.2 33.8 33.4 33.0 32.5 32.1 31.8 31.6 31.4 31.2 30.9 30.6 30.3 30.1 30.0 29.9 29.7 29.4 28.9 28.2 27.3 26.2 25.0 23.8 22.8 21.9 21.2 20.7 nan nan nan nan nan nan 18.3 18.7 19.1 nan 19.6 19.6 19.8 nan nan 18.7 19.2 19.6 20.2 21.0 nan nan nan nan nan nan nan nan nan nan nan nan
nan nan nan nan nan nan nan nan nan nan nan nan nan nan nan nan nan nan nan nan nan nan nan nan nan nan nan nan nan nan 13.8 33.8 33.4 32.9 32.5 32.0 31.6 31.4 31.2 30.9 30.6 30.3 30.0 29.9 29.9 29.9 29.8 29.6 29.2 28.7 28.0 27.0 25.9 24.8 23.7 22.9 22.1 21.4 nan nan nan nan nan 18.5 18.7 19.1 19.4 19.6 19.6 19.6 19.7 10.5 nan 18.9 19.5 20.0 20.5 20.9 nan nan nan nan nan nan nan nan nan nan nan nan
nan nan nan nan nan nan nan nan nan nan nan nan nan nan nan nan nan nan nan nan nan nan nan nan nan nan nan nan nan nan nan 32.6 33.3 32.9 32.4 31.9 31.5 31.2 30.9 30.7 30.3 30.0 29.9 29.8 29.8 29.9 29.9 29.8 29.6 29.2 28.6 27.8 26.8 25.8 24.8 23.9 23.0 22.1 21.2 nan nan 19.0 19.4 19.5 19.4 19.7 19.9 20.0 20.0 20.0 20.0 nan nan 19.2 19.8 20.3 20.8 20.9 nan nan nan nan nan nan nan nan nan nan nan nan
nan nan nan nan nan nan nan nan nan nan nan nan nan nan nan nan nan nan nan nan nan nan nan nan nan nan nan nan nan nan nan nan 33.3 32.7 32.2 31.8 31.4 31.0 30.8 30.5 30.1 29.8 29.7 29.7 29.8 29.9 30.0 30.0 29.9 29.7 29.3 28.6 27.7 26.8 25.9 24.9 23.9 23.0 22.1 20.8 20.3 20.2 20.3 nan 20.0 20.5 21.0 21.1 21.1 21.0 20.7 20.2 20.0 20.0 20.2 20.6 20.9 nan nan nan nan nan nan nan nan nan nan nan nan nan
nan nan nan nan nan nan nan nan nan nan nan nan nan nan nan nan nan nan nan nan nan nan nan nan nan nan nan nan nan nan 33.1 32.9 32.8 32.4 31.9 31.6 31.2 30.9 30.6 30.4 30.1 29.8 29.7 29.7 29.7 29.8 30.0 30.2 30.2 30.1 29.8 29.3 28.6 27.9 27.0 26.0 25.0 24.0 23.0 22.1 21.5 21.2 21.2 21.3 21.4 21.8 22.3 22.4 22.3 22.3 21.7 20.9 20.5 20.4 20.6 20.9 20.9 nan nan nan nan nan nan nan nan nan nan nan nan nan
nan nan nan nan nan nan nan nan nan nan nan nan nan nan nan nan nan nan nan nan nan nan nan nan nan nan nan nan nan nan nan nan 32.4 32.0 31.7 31.4 31.1 30.9 30.6 30.4 30.1 29.8 29.7 29.7 29.7 29.9 30.1 30.3 30.5 30.4 30.2 29.8 29.3 28.7 27.9 27.1 26.2 25.3 24.4 23.5 22.8 22.3 22.3 22.5 22.4 22.4 22.8 nan nan nan 22.0 21.5 21.0 20.8 20.8 21.0 nan nan nan nan nan nan nan nan nan nan nan nan nan nan
nan nan nan nan nan nan nan nan nan nan nan nan nan nan nan nan nan nan nan nan nan nan nan nan nan nan nan nan nan nan 13.8 12.6 32.0 31.7 31.6 31.5 31.3 31.1 30.7 30.4 30.2 29.9 29.8 29.7 29.8 29.9 30.2 30.4 30.6 30.6 30.5 30.2 29.8 29.3 28.7 28.0 27.3 26.5 25.6 24.7 23.9 23.3 23.1 23.1 nan nan nan nan nan nan nan 21.8 21.2 20.9 20.9 21.0 nan nan nan nan nan nan nan nan nan nan nan nan nan nan
nan nan nan nan nan nan nan nan nan nan nan nan nan nan nan nan nan nan nan nan nan nan nan nan nan nan nan nan nan nan 14.1 31.6 31.8 32.0 31.9 15.5 31.6 31.5 31.0 30.6 30.3 30.0 29.8 29.8 29.8 30.0 30.2 30.5 30.7 30.8 30.7 30.5 30.2 29.8 29.3 28.8 28.1 27.4 26.6 25.8 24.9 24.2 23.7 nan nan nan nan nan nan 21.4 21.6 21.6 21.1 20.9 20.9 nan nan nan nan nan nan nan nan nan nan nan nan nan nan nan
nan nan nan nan nan nan nan nan nan nan nan nan nan nan nan nan nan nan nan nan nan nan nan nan nan nan nan nan nan nan 13.8 30.3 32.0 32.4 nan nan nan 31.2 31.1 30.8 30.5 30.2 29.9 29.8 29.9 30.0 30.2 30.5 30.7 30.8 30.8 30.6 30.5 30.2 29.9 29.5 29.0 28.3 27.6 26.7 25.7 25.0 24.4 nan nan nan nan nan 21.5 21.4 21.1 21.0 20.8 20.7 nan nan nan nan nan nan nan nan nan nan nan nan nan nan nan nan
nan nan nan nan nan nan nan nan nan nan nan nan nan nan nan nan nan nan nan nan nan nan nan nan nan nan nan nan nan nan 13.8 13.2 31.9 32.4 nan nan nan 29.3 30.9 30.7 30.5 30.3 30.0 29.9 29.9 30.0 30.1 30.4 30.6 30.7 30.8 30.8 30.7 30.6 30.4 30.0 29.6 29.1 28.4 27.5 26.6 25.7 24.8 23.3 22.5 nan 21.5 21.5 21.4 21.1 20.8 20.5 nan nan nan nan nan nan nan nan nan nan nan nan nan nan nan nan nan nan
nan nan nan nan nan nan nan nan nan nan nan nan nan nan nan nan nan nan nan nan nan nan nan nan nan nan nan nan nan nan nan nan 31.8 28.0 nan nan nan nan 30.3 30.6 30.7 30.5 30.2 30.0 30.0 29.9 30.0 30.2 30.5 30.7 30.8 30.9 31.0 31.0 30.8 30.6 30.3 29.8 29.2 28.4 27.4 26.4 25.3 24.3 23.5 22.7 22.1 21.7 21.3 20.9 20.5 nan nan nan nan nan nan nan nan nan nan nan nan nan nan nan nan nan nan nan
nan nan nan nan nan nan nan nan nan nan nan nan nan nan nan nan nan nan nan nan nan nan nan nan nan nan nan nan nan nan nan nan nan 28.8 14.8 nan nan nan 12.9 30.8 30.9 30.7 30.4 30.2 30.0 29.9 29.9 30.1 30.4 30.6 30.8 31.0 31.2 31.2 31.2 31.0 30.8 30.4 29.8 29.1 28.2 27.2 26.2 25.2 24.2 23.2 22.5 21.8 21.3 20.9 20.4 nan nan nan nan nan nan nan nan nan nan nan nan nan nan nan nan nan nan nan
nan nan nan nan nan nan nan nan nan nan nan nan nan nan nan nan nan nan nan nan nan nan nan nan nan nan nan nan nan nan nan nan nan nan 15.4 28.4 nan nan nan nan 31.1 31.4 30.9 30.4 30.1 29.9 29.9 30.0 30.3 30.6 30.8 31.0 31.2 31.4 31.4 31.3 31.2 31.0 30.5 29.8 29.0 28.0 27.0 25.9 24.8 23.7 22.8 22.1 21.5 21.0 20.5 20.1 nan nan nan nan nan nan nan nan nan nan nan nan nan nan nan nan nan nan
nan nan nan nan nan nan nan nan nan nan nan nan nan nan nan nan nan nan nan nan nan nan nan nan nan nan nan nan nan nan nan nan nan nan nan 21.6 14.0 nan nan nan nan 30.6 31.1 30.6 30.3 30.1 30.0 30.1 30.3 30.6 30.8 31.0 31.2 31.4 31.5 31.5 31.4 31.3 30.9 30.2 29.5 28.6 27.5 26.4 25.2 24.0 23.1 22.3 21.6 21.0 20.5 20.2 20.0 10.2 nan nan nan nan nan nan nan nan nan nan nan nan nan nan nan nan
nan nan nan nan nan nan nan nan nan nan nan nan nan nan nan nan nan nan nan nan nan nan nan nan nan nan nan nan nan nan nan nan nan nan 15.5 20.4 30.3 30.0 nan 14.0 nan 28.1 30.9 30.6 30.4 30.3 30.2 30.2 30.4 30.6 30.8 31.0 31.2 31.4 31.5 31.6 31.6 31.4 31.1 30.5 29.8 29.0 27.8 26.6 25.2 24.0 23.1 22.4 21.7 21.0 20.5 20.2 20.0 19.9 nan nan nan nan nan nan nan nan nan nan nan nan nan nan nan nan
nan nan nan nan nan nan nan nan nan nan nan nan nan nan nan nan nan nan nan nan nan nan nan nan nan nan nan nan nan nan nan nan nan nan 30.8 30.5 30.6 27.8 17.2 27.4 29.0 25.9 30.9 30.6 30.5 30.4 30.3 30.3 30.4 30.6 30.7 30.9 31.1 31.3 31.5 31.6 31.6 31.5 31.1 30.6 29.9 29.1 27.8 26.4 25.1 23.8 22.7 22.1 21.2 21.2 20.4 20.2 20.1 20.1 20.1 nan nan nan nan nan nan nan nan nan nan nan nan nan nan nan
nan nan nan nan nan nan nan nan nan nan nan nan nan nan nan nan nan nan nan nan nan nan nan nan nan nan nan nan nan nan nan nan nan nan 30.7 30.6 30.5 29.8 28.1 nan 29.6 29.5 31.0 30.8 30.5 30.5 30.4 30.4 30.4 30.5 30.7 30.8 31.0 31.2 31.4 31.5 31.6 31.5 31.1 30.6 29.8 28.8 -9999.0 -9999.0 -9999.0 -9999.0 -9999.0 -9999.0 -9999.0 10.7 20.4 20.3 20.2 20.1 20.1 nan nan nan nan nan nan nan nan nan nan nan nan nan nan -9999.0
nan nan nan nan nan nan nan nan nan nan nan nan nan nan nan nan nan nan nan nan nan nan nan nan nan nan nan nan nan nan nan nan nan nan 30.5 30.5 30.3 30.1 30.2 nan nan 30.8 31.0 30.9 30.6 30.5 30.5 30.5 30.5 30.5 30.6 30.8 30.9 31.1 31.3 31.5 31.5 31.3 30.9 30.4 29.5 -9999.0 -9999.0 -9999.0 -9999.0 -9999.0 -9999.0 -9999.0 -9999.0 nan 12.1 19.7 19.8 19.0 nan nan nan nan nan nan nan nan nan nan nan nan nan nan nan -9999.0
nan nan nan nan nan nan nan nan nan nan nan nan nan nan nan nan nan nan nan nan nan nan nan nan nan nan nan nan nan nan nan nan nan nan 30.3 30.1 30.1 30.0 30.0 nan 25.9 28.3 30.8 30.8 30.8 30.7 30.6 30.6 30.5 30.5 30.5 30.7 30.8 31.0 31.2 31.3 31.3 31.2 30.7 30.1 29.1 -9999.0 -9999.0 -9999.0 -9999.0 -9999.0 -9999.0 -9999.0 -9999.0 -9999.0 -9999.0 nan 10.4 10.4 nan nan nan nan nan nan nan nan nan nan nan nan nan nan nan -9999.0
nan nan nan nan nan nan nan nan nan nan nan nan nan nan nan nan nan nan nan nan nan nan nan nan nan nan nan nan nan nan nan nan nan nan 29.9 29.8 30.0 28.0 26.1 17.9 28.2 25.2 30.6 30.7 30.7 30.7 30.6 30.6 30.5 30.5 30.5 30.6 30.8 31.0 31.1 31.3 31.2 31.0 30.5 29.7 -9999.0 -9999.0 -9999.0 -9999.0 -9999.0 -9999.0 -9999.0 -9999.0 -9999.0 -9999.0 -9999.0 nan nan nan nan nan nan nan nan nan nan nan nan nan nan nan nan nan nan -9999.0
nan nan nan nan nan nan nan nan nan nan nan nan nan nan nan nan nan nan nan nan nan nan nan nan nan nan nan nan nan nan nan nan 26.8 28.1 29.5 30.0 30.4 30.7 30.5 27.0 nan 31.2 30.7 30.6 30.6 30.6 30.5 30.4 30.4 30.4 30.4 30.5 30.6 30.9 31.0 31.1 31.0 30.8 30.3 -9999.0 -9999.0 -9999.0 -9999.0 -9999.0 -9999.0 -9999.0 -9999.0 -9999.0 -9999.0 -9999.0 -9999.0 -9999.0 nan nan nan nan nan nan nan nan nan nan nan nan nan nan nan nan nan -9999.0
nan nan nan nan nan nan nan nan nan nan nan nan nan nan nan nan nan nan nan nan nan nan nan nan nan nan nan nan nan 14.0 nan nan 30.0 30.1 30.2 30.2 30.6 31.0 31.5 nan nan 30.3 30.7 30.7 30.6 30.5 30.4 30.3 30.2 30.2 30.2 30.4 30.5 30.7 30.9 30.9 30.9 30.6 30.1 -9999.0 -9999.0 -9999.0 -9999.0 -9999.0 -9999.0 -9999.0 -9999.0 -9999.0 -9999.0 -9999.0 -9999.0 -9999.0 -9999.0 -9999.0 nan nan nan nan nan nan nan nan nan nan nan nan nan nan nan -9999.0
nan nan nan nan nan nan nan nan nan nan nan nan nan nan nan nan nan nan nan nan nan nan nan nan nan nan nan nan nan 12.5 12.5 nan 30.1 30.4 28.1 27.2 28.9 31.1 31.2 30.2 nan 30.4 30.9 30.9 30.7 30.5 30.3 30.2 30.1 30.1 30.1 30.1 30.3 30.5 30.6 30.6 30.7 30.6 -9999.0 -9999.0 -9999.0 -9999.0 -9999.0 -9999.0 -9999.0 -9999.0 -9999.0 -9999.0 -9999.0 -9999.0 -9999.0 -9999.0 -9999.0 -9999.0 -9999.0 nan nan nan nan nan nan nan nan nan nan nan nan nan nan -9999.0
nan nan nan nan nan nan nan nan nan nan nan nan nan nan nan nan nan nan nan nan nan nan nan nan nan nan nan nan nan 13.2 30.0 30.0 30.3 30.7 31.3 nan 12.8 30.7 30.8 30.9 nan 29.7 31.4 31.3 31.0 30.6 30.3 30.1 30.0 30.0 30.0 30.0 30.1 30.3 30.5 30.5 30.7 30.8 -9999.0 -9999.0 -9999.0 -9999.0 -9999.0 -9999.0 -9999.0 -9999.0 -9999.0 -9999.0 -9999.0 -9999.0 -9999.0 -9999.0 -9999.0 -9999.0 -9999.0 -9999.0 nan nan nan nan nan nan nan nan nan nan nan nan nan -9999.0
nan nan nan nan nan nan nan nan nan nan nan nan nan nan nan nan nan nan nan nan nan nan nan nan nan nan nan nan nan nan 29.5 30.0 30.4 31.1 28.8 nan nan 29.5 30.1 30.6 nan 26.5 29.2 31.4 31.1 30.7 30.3 30.0 29.9 29.8 29.8 29.9 30.0 30.2 30.4 30.6 30.8 31.0 -9999.0 -9999.0 -9999.0 -9999.0 -9999.0 -9999.0 -9999.0 -9999.0 -9999.0 -9999.0 -9999.0 -9999.0 -9999.0 -9999.0 -9999.0 -9999.0 -9999.0 -9999.0 -9999.0 nan nan nan nan nan nan nan nan nan nan nan nan -9999.0
nan nan nan nan nan nan nan nan nan nan nan nan nan nan nan nan nan nan nan nan nan nan nan nan nan nan nan nan nan nan 27.6 30.2 30.7 31.3 28.3 nan 14.1 23.4 26.8 15.6 25.1 21.4 24.5 30.9 31.1 30.6 30.2 29.9 29.7 29.7 29.6 29.7 29.9 30.2 30.5 30.7 30.8 30.9 -9999.0 -9999.0 -9999.0 -9999.0 -9999.0 -9999.0 -9999.0 -9999.0 -9999.0 -9999.0 -9999.0 -9999.0 -9999.0 -9999.0 -9999.0 -9999.0 -9999.0 -9999.0 -9999.0 -9999.0 nan nan nan nan nan nan nan nan nan nan nan -9999.0
nan nan nan nan nan nan nan nan nan nan nan nan nan nan nan nan nan nan nan nan nan nan nan nan nan nan nan nan nan nan 28.0 29.8 30.8 31.4 29.6 14.1 nan 27.6 21.3 15.1 21.6 nan 30.9 31.4 31.1 30.5 30.1 29.8 29.6 29.5 29.5 29.7 29.9 30.2 30.5 30.7 30.4 24.1 -9999.0 -9999.0 -9999.0 -9999.0 -9999.0 -9999.0 -9999.0 -9999.0 -9999.0 -9999.0 -9999.0 -9999.0 -9999.0 -9999.0 -9999.0 -9999.0 -9999.0 -9999.0 -9999.0 -9999.0 -9999.0 -9999.0 nan nan nan nan nan nan nan nan nan -9999.0
nan nan nan nan nan nan nan nan nan nan nan nan nan nan nan nan nan nan nan nan nan nan nan nan nan nan nan nan nan nan nan 30.1 30.5 31.0 31.6 nan nan 21.0 19.7 17.2 nan nan 30.9 31.2 30.9 30.5 30.1 29.8 29.6 29.5 29.5 29.7 29.9 30.1 30.6 31.2 31.1 26.9 -9999.0 -9999.0 -9999.0 -9999.0 -9999.0 -9999.0 -9999.0 -9999.0 -9999.0 -9999.0 -9999.0 nan nan nan -9999.0 -9999.0 -9999.0 -9999.0 -9999.0 -9999.0 -9999.0 -9999.0 -9999.0 -9999.0 -9999.0 -9999.0 -9999.0 nan nan nan -9999.0 -9999.0
nan nan nan nan nan nan nan nan nan nan nan nan nan nan nan nan nan nan nan nan nan nan nan nan nan nan nan nan nan nan nan 28.6 30.4 30.9 31.7 nan 13.7 17.6 26.9 15.6 nan nan 30.9 31.2 31.0 30.7 30.2 29.8 29.6 29.5 29.6 29.7 30.0 30.3 30.9 31.8 31.8 27.7 -9999.0 -9999.0 -9999.0 -9999.0 -9999.0 -9999.0 -9999.0 -9999.0 -9999.0 -9999.0 -9999.0 nan nan nan nan nan -9999.0 -9999.0 -9999.0 -9999.0 -9999.0 -9999.0 -9999.0 -9999.0 -9999.0 -9999.0 -9999.0 -9999.0 -9999.0 -9999.0 -9999.0 -9999.0
nan nan nan nan nan nan nan nan nan nan nan nan nan nan nan nan nan nan nan nan nan nan nan nan nan nan nan nan nan nan nan 14.0 30.2 30.8 31.2 30.4 27.9 21.2 16.8 13.7 15.6 nan 30.8 31.2 30.9 30.7 30.3 29.9 29.7 29.6 29.6 29.8 30.0 30.5 31.3 32.0 32.4 28.0 -9999.0 -9999.0 -9999.0 -9999.0 -9999.0 -9999.0 -9999.0 -9999.0 -9999.0 -9999.0 -9999.0 -9999.0 -9999.0 -9999.0 -9999.0 -9999.0 -9999.0 -9999.0 -9999.0 -9999.0 -9999.0 -9999.0 -9999.0 -9999.0 -9999.0 -9999.0 -9999.0 -9999.0 -9999.0 -9999.0 -9999.0 -9999.0
nan nan nan nan nan nan nan nan nan nan nan nan nan nan nan nan nan nan nan nan nan nan nan nan nan nan nan nan nan nan nan 13.9 29.8 30.8 31.5 31.8 31.9 nan 19.4 22.1 13.1 nan 30.7 31.1 31.0 30.8 30.4 30.1 29.8 29.7 29.8 29.9 30.2 30.7 31.5 32.1 32.7 28.9 -9999.0 -9999.0 -9999.0 -9999.0 -9999.0 -9999.0 -9999.0 -9999.0 -9999.0 -9999.0 -9999.0 -9999.0 -9999.0 -9999.0 -9999.0 -9999.0 -9999.0 -9999.0 -9999.0 -9999.0 -9999.0 -9999.0 -9999.0 -9999.0 -9999.0 -9999.0 -9999.0 -9999.0 -9999.0 -9999.0 -9999.0 -9999.0
nan nan nan nan nan nan nan nan nan nan nan nan nan nan nan nan nan nan nan nan nan nan nan nan nan nan nan nan nan nan nan 13.9 26.7 29.2 31.3 31.7 31.7 nan nan 19.5 14.7 nan nan 30.9 31.0 30.8 30.4 30.1 29.9 29.8 29.9 30.1 30.4 30.9 31.6 32.5 33.0 27.5 -9999.0 -9999.0 -9999.0 -9999.0 -9999.0 -9999.0 -9999.0 -9999.0 -9999.0 -9999.0 -9999.0 -9999.0 -9999.0 -9999.0 -9999.0 -9999.0 -9999.0 -9999.0 -9999.0 -9999.0 -9999.0 -9999.0 -9999.0 -9999.0 -9999.0 -9999.0 -9999.0 -9999.0 -9999.0 -9999.0 -9999.0 -9999.0
nan nan nan nan nan nan nan nan nan nan nan nan nan nan nan nan nan nan nan nan nan nan nan nan nan nan nan nan nan nan nan nan 13.5 30.5 31.0 31.6 nan nan nan 20.0 14.5 14.8 nan nan 30.3 30.6 30.4 30.1 29.9 29.9 29.9 30.2 30.5 31.0 32.0 32.9 33.3 32.6 -9999.0 -9999.0 -9999.0 -9999.0 -9999.0 -9999.0 -9999.0 -9999.0 -9999.0 -9999.0 -9999.0 -9999.0 -9999.0 -9999.0 -9999.0 -9999.0 -9999.0 -9999.0 -9999.0 -9999.0 -9999.0 -9999.0 -9999.0 -9999.0 nan nan nan -9999.0 -9999.0 -9999.0 -9999.0 -9999.0
nan nan nan nan nan nan nan nan nan nan nan nan nan nan nan nan nan nan nan nan nan nan nan nan nan nan nan nan nan nan nan nan 29.9 30.2 30.8 31.5 nan nan nan nan 16.2 14.6 25.8 nan 29.6 30.5 30.6 30.2 30.1 30.0 30.0 30.2 30.5 31.0 32.1 33.1 33.7 33.0 -9999.0 -9999.0 -9999.0 -9999.0 -9999.0 -9999.0 -9999.0 -9999.0 -9999.0 -9999.0 -9999.0 -9999.0 -9999.0 -9999.0 -9999.0 -9999.0 -9999.0 -9999.0 -9999.0 -9999.0 -9999.0 -9999.0 nan nan nan nan nan nan nan nan -9999.0 -9999.0
nan nan nan nan nan nan nan nan nan nan nan nan nan nan nan nan nan nan nan nan nan nan nan nan nan nan nan nan nan nan nan nan nan 30.4 31.0 31.6 nan nan nan nan 21.4 16.4 21.6 17.3 nan 30.7 30.8 30.5 30.3 30.2 30.3 30.5 30.7 31.1 32.1 33.2 34.0 34.3 -9999.0 -9999.0 -9999.0 -9999.0 -9999.0 -9999.0 -9999.0 -9999.0 -9999.0 -9999.0 -9999.0 nan nan nan nan nan nan nan nan nan nan nan nan nan nan nan nan nan nan nan nan nan
nan nan nan nan nan nan nan nan nan nan nan nan nan nan nan nan nan nan nan nan nan nan nan nan nan nan nan nan nan nan nan nan nan 30.8 31.2 31.6 31.5 nan nan nan 29.0 17.6 20.1 28.3 nan nan 30.4 30.4 30.2 30.2 30.3 30.4 30.7 31.2 32.1 33.4 34.4 35.2 -9999.0 -9999.0 -9999.0 -9999.0 -9999.0 -9999.0 -9999.0 -9999.0 -9999.0 -9999.0 nan nan nan nan nan nan nan nan nan nan nan nan nan nan nan nan nan nan nan nan nan nan
