data/output/RUN203/ECOSPACE/ECOSPACE_in_PAR3/PAR-VarZ-VarK/PAR-VarZ-VarK_1986_06.asc
ncols        93
nrows        151 
xllcorner    -123.80739
yllcorner    48.29471 
cellsize     0.013497347 
NODATA_value  0.0
[rows 80 to 119 of 151, columns 0 to 89 of 93]
nan nan nan nan nan nan nan nan nan nan nan nan nan nan nan nan nan nan nan nan nan nan nan 28.1 28.4 28.0 29.2 29.8 29.8 29.9 29.7 29.6 29.4 29.2 29.0 28.9 28.8 28.5 28.1 27.7 27.3 26.9 26.4 25.8 25.0 24.3 23.4 22.6 21.7 20.8 19.9 19.3 18.7 18.2 nan nan nan nan nan nan nan nan nan nan nan nan 15.2 15.5 15.6 15.8 nan 15.4 15.4 15.4 15.4 15.5 15.5 15.4 15.3 15.6 16.0 16.0 15.8 nan nan nan nan nan nan nan
nan nan nan nan nan nan nan nan nan nan nan nan nan nan nan nan nan nan nan nan nan nan nan nan nan nan 29.4 29.7 30.0 30.1 30.0 29.9 29.7 29.5 29.2 29.1 28.9 28.6 28.2 27.8 27.4 27.0 26.6 26.2 25.4 24.7 23.9 23.1 22.3 21.3 20.4 19.8 19.1 18.5 18.0 nan nan nan nan nan nan nan nan nan nan nan 15.6 15.7 nan nan nan nan nan 15.5 15.6 15.7 nan 15.4 15.6 16.1 16.4 16.5 nan nan nan nan nan nan nan nan
nan nan nan nan nan nan nan nan nan nan nan nan nan nan nan nan nan nan nan nan nan nan nan nan nan nan nan 29.6 29.7 30.2 30.1 30.0 29.9 29.6 29.4 29.1 28.9 28.7 28.3 27.9 27.5 27.2 26.8 26.4 25.9 25.1 24.4 23.6 22.8 21.8 20.9 20.2 19.5 18.8 18.2 17.8 nan nan nan nan nan nan nan nan nan 15.7 16.1 nan nan nan nan nan nan 15.6 15.7 15.7 nan 15.6 16.0 16.4 16.6 nan nan nan nan nan nan nan nan nan
nan nan nan nan nan nan nan nan nan nan nan nan nan nan nan nan nan nan nan nan nan nan nan nan nan nan nan nan 27.6 29.3 30.2 30.2 30.1 29.9 29.5 29.2 28.9 28.6 28.3 27.9 27.6 27.3 27.0 26.6 26.1 25.5 24.8 24.0 23.2 22.3 21.4 20.6 20.0 19.3 18.6 18.1 17.8 nan nan nan nan nan nan nan nan 15.8 16.1 nan nan nan nan nan nan 15.6 15.8 15.9 16.3 16.7 16.5 16.5 nan nan nan nan nan nan nan nan nan nan
nan nan nan nan nan nan nan nan nan nan nan nan nan nan nan nan nan nan nan nan nan nan nan nan nan nan nan nan nan 15.9 30.3 30.4 30.2 29.9 29.6 29.2 28.8 28.5 28.2 27.9 27.5 27.3 27.1 26.8 26.3 25.7 25.0 24.3 23.6 22.8 21.9 21.2 20.6 19.9 19.2 18.7 18.2 17.8 nan nan nan nan nan nan 15.7 15.9 16.1 nan 16.2 16.2 16.3 nan nan 15.7 15.9 16.2 16.7 17.2 nan nan nan nan nan nan nan nan nan nan nan nan
nan nan nan nan nan nan nan nan nan nan nan nan nan nan nan nan nan nan nan nan nan nan nan nan nan nan nan nan nan nan 16.2 29.9 30.1 29.9 29.6 29.3 28.9 28.6 28.3 27.9 27.6 27.3 27.0 26.9 26.5 26.0 25.3 24.5 23.9 23.2 22.5 21.7 21.1 20.5 19.9 19.3 18.8 18.5 nan nan nan nan nan 15.8 15.9 16.1 16.2 16.2 16.2 16.2 16.2 11.6 nan 15.8 16.1 16.5 16.9 17.1 nan nan nan nan nan nan nan nan nan nan nan nan
nan nan nan nan nan nan nan nan nan nan nan nan nan nan nan nan nan nan nan nan nan nan nan nan nan nan nan nan nan nan nan 26.8 29.7 29.9 29.6 29.3 29.0 28.7 28.4 28.0 27.6 27.3 27.0 26.9 26.6 26.1 25.4 24.8 24.2 23.6 22.9 22.3 21.6 21.0 20.3 19.8 19.3 18.8 18.1 nan nan 16.2 16.4 16.4 16.3 16.4 16.5 16.5 16.5 16.4 16.4 nan nan 16.0 16.4 16.7 17.0 17.0 nan nan nan nan nan nan nan nan nan nan nan nan
nan nan nan nan nan nan nan nan nan nan nan nan nan nan nan nan nan nan nan nan nan nan nan nan nan nan nan nan nan nan nan nan 30.0 29.9 29.7 29.4 29.1 28.8 28.4 28.0 27.6 27.3 27.0 26.8 26.6 26.2 25.6 25.0 24.4 23.9 23.3 22.7 22.0 21.3 20.7 20.0 19.4 19.0 18.5 17.6 17.1 17.0 16.9 nan 16.7 16.9 17.0 17.1 17.1 17.0 16.8 16.6 16.5 16.6 16.6 16.8 16.9 nan nan nan nan nan nan nan nan nan nan nan nan nan
nan nan nan nan nan nan nan nan nan nan nan nan nan nan nan nan nan nan nan nan nan nan nan nan nan nan nan nan nan nan 28.8 29.0 29.5 29.5 29.4 29.2 29.1 28.8 28.4 27.9 27.6 27.3 27.1 26.9 26.6 26.3 25.8 25.2 24.7 24.2 23.7 23.2 22.6 21.9 21.2 20.5 19.8 19.1 18.5 18.0 17.6 17.3 17.3 17.5 17.5 17.5 17.8 17.8 17.8 17.7 17.3 17.0 16.8 16.7 16.7 16.9 16.9 nan nan nan nan nan nan nan nan nan nan nan nan nan
nan nan nan nan nan nan nan nan nan nan nan nan nan nan nan nan nan nan nan nan nan nan nan nan nan nan nan nan nan nan nan nan 28.9 29.0 29.0 29.0 28.9 28.7 28.4 28.0 27.6 27.3 27.1 26.8 26.6 26.4 26.0 25.4 24.9 24.4 24.1 23.6 23.1 22.5 21.9 21.2 20.5 19.8 19.1 18.5 18.1 17.8 17.8 17.9 17.9 17.8 18.0 nan nan nan 17.4 17.2 17.0 16.8 16.8 16.8 nan nan nan nan nan nan nan nan nan nan nan nan nan nan
nan nan nan nan nan nan nan nan nan nan nan nan nan nan nan nan nan nan nan nan nan nan nan nan nan nan nan nan nan nan 18.7 16.7 28.5 28.5 28.5 28.5 28.6 28.7 28.5 28.3 27.8 27.4 27.0 26.8 26.5 26.3 26.0 25.5 25.0 24.6 24.2 23.9 23.6 23.1 22.6 22.0 21.3 20.6 19.9 19.2 18.6 18.2 18.1 18.1 nan nan nan nan nan nan nan 17.5 17.1 16.8 16.8 16.7 nan nan nan nan nan nan nan nan nan nan nan nan nan nan
nan nan nan nan nan nan nan nan nan nan nan nan nan nan nan nan nan nan nan nan nan nan nan nan nan nan nan nan nan nan 17.0 27.8 28.3 28.6 28.5 17.5 28.5 29.0 28.7 28.4 28.0 27.5 27.1 26.8 26.5 26.2 25.9 25.5 25.1 24.6 24.3 24.1 23.8 23.5 23.0 22.6 22.0 21.4 20.7 20.0 19.3 18.8 18.4 nan nan nan nan nan nan 16.7 17.0 17.2 17.0 16.7 16.7 nan nan nan nan nan nan nan nan nan nan nan nan nan nan nan
nan nan nan nan nan nan nan nan nan nan nan nan nan nan nan nan nan nan nan nan nan nan nan nan nan nan nan nan nan nan 18.7 26.3 28.3 28.5 nan nan nan 28.5 28.7 28.4 28.0 27.5 27.1 26.7 26.4 26.2 25.8 25.5 25.2 24.8 24.4 24.1 23.9 23.6 23.3 23.0 22.5 21.9 21.3 20.6 19.9 19.3 18.9 nan nan nan nan nan 16.8 16.8 16.8 16.8 16.7 16.6 nan nan nan nan nan nan nan nan nan nan nan nan nan nan nan nan
nan nan nan nan nan nan nan nan nan nan nan nan nan nan nan nan nan nan nan nan nan nan nan nan nan nan nan nan nan nan 18.6 15.9 28.5 28.7 nan nan nan 26.2 28.3 28.2 27.9 27.5 27.1 26.7 26.4 26.1 25.8 25.5 25.2 24.8 24.4 24.0 23.9 23.7 23.5 23.2 22.8 22.2 21.7 21.0 20.2 19.5 18.8 17.7 17.1 nan 16.8 16.8 16.9 16.7 16.6 16.6 nan nan nan nan nan nan nan nan nan nan nan nan nan nan nan nan nan nan
nan nan nan nan nan nan nan nan nan nan nan nan nan nan nan nan nan nan nan nan nan nan nan nan nan nan nan nan nan nan nan nan 28.5 24.0 nan nan nan nan 27.7 28.0 27.9 27.6 27.0 26.6 26.3 26.0 25.7 25.4 25.2 24.9 24.4 24.1 23.9 23.8 23.6 23.4 23.0 22.6 22.0 21.4 20.6 19.7 18.9 18.2 17.6 17.3 17.1 16.8 16.7 16.5 16.4 nan nan nan nan nan nan nan nan nan nan nan nan nan nan nan nan nan nan nan
nan nan nan nan nan nan nan nan nan nan nan nan nan nan nan nan nan nan nan nan nan nan nan nan nan nan nan nan nan nan nan nan nan 23.0 13.9 nan nan nan 16.8 28.3 28.2 27.7 27.1 26.6 26.2 26.0 25.7 25.3 25.1 24.9 24.5 24.1 23.9 23.8 23.6 23.4 23.1 22.7 22.2 21.6 20.9 20.1 19.3 18.6 18.0 17.5 17.1 16.9 16.6 16.4 16.2 nan nan nan nan nan nan nan nan nan nan nan nan nan nan nan nan nan nan nan
nan nan nan nan nan nan nan nan nan nan nan nan nan nan nan nan nan nan nan nan nan nan nan nan nan nan nan nan nan nan nan nan nan nan 16.4 24.1 nan nan nan nan 28.0 28.2 27.5 26.8 26.3 25.9 25.6 25.3 25.0 24.8 24.5 24.1 23.9 23.8 23.5 23.4 23.1 22.8 22.4 21.8 21.1 20.4 19.6 18.9 18.2 17.6 17.2 16.9 16.6 16.4 16.2 16.0 nan nan nan nan nan nan nan nan nan nan nan nan nan nan nan nan nan nan
nan nan nan nan nan nan nan nan nan nan nan nan nan nan nan nan nan nan nan nan nan nan nan nan nan nan nan nan nan nan nan nan nan nan nan 19.0 18.7 nan nan nan nan 27.0 27.6 26.8 26.2 25.8 25.5 25.1 24.8 24.6 24.4 24.1 23.9 23.7 23.5 23.3 23.0 22.8 22.4 21.8 21.1 20.4 19.6 18.9 18.2 17.6 17.2 16.8 16.5 16.3 16.2 16.1 16.0 11.5 nan nan nan nan nan nan nan nan nan nan nan nan nan nan nan nan
nan nan nan nan nan nan nan nan nan nan nan nan nan nan nan nan nan nan nan nan nan nan nan nan nan nan nan nan nan nan nan nan nan nan 16.7 20.8 25.2 25.1 nan 18.8 nan 24.8 27.0 26.6 26.1 25.6 25.2 24.9 24.7 24.5 24.3 24.0 23.8 23.7 23.5 23.2 23.0 22.6 22.2 21.6 20.9 20.2 19.5 18.7 18.0 17.4 17.0 16.7 16.5 16.2 16.1 16.1 16.0 16.0 nan nan nan nan nan nan nan nan nan nan nan nan nan nan nan nan
nan nan nan nan nan nan nan nan nan nan nan nan nan nan nan nan nan nan nan nan nan nan nan nan nan nan nan nan nan nan nan nan nan nan 24.8 25.0 25.1 24.8 18.6 22.9 24.6 23.4 26.9 26.4 25.9 25.5 25.1 24.8 24.5 24.3 24.2 24.0 23.8 23.6 23.4 23.1 22.9 22.5 22.0 21.4 20.7 19.9 19.1 18.4 17.7 17.1 16.2 15.9 15.6 16.2 16.1 16.0 16.1 16.1 16.1 nan nan nan nan nan nan nan nan nan nan nan nan nan nan nan
nan nan nan nan nan nan nan nan nan nan nan nan nan nan nan nan nan nan nan nan nan nan nan nan nan nan nan nan nan nan nan nan nan nan 24.8 25.0 24.9 24.9 25.1 nan 25.3 25.4 26.5 26.3 25.8 25.4 25.1 24.8 24.4 24.2 24.1 24.0 23.8 23.5 23.3 23.1 22.8 22.4 21.9 21.2 20.4 19.6 -9999.0 -9999.0 -9999.0 -9999.0 -9999.0 -9999.0 -9999.0 12.6 16.1 16.0 16.1 16.0 16.0 nan nan nan nan nan nan nan nan nan nan nan nan nan nan -9999.0
nan nan nan nan nan nan nan nan nan nan nan nan nan nan nan nan nan nan nan nan nan nan nan nan nan nan nan nan nan nan nan nan nan nan 24.6 24.6 24.6 24.6 24.7 nan nan 26.2 26.3 25.8 25.6 25.3 24.9 24.7 24.4 24.2 24.0 24.0 23.7 23.5 23.3 23.1 22.8 22.4 21.7 21.0 20.1 -9999.0 -9999.0 -9999.0 -9999.0 -9999.0 -9999.0 -9999.0 -9999.0 nan 15.2 15.9 16.1 15.7 nan nan nan nan nan nan nan nan nan nan nan nan nan nan nan -9999.0
nan nan nan nan nan nan nan nan nan nan nan nan nan nan nan nan nan nan nan nan nan nan nan nan nan nan nan nan nan nan nan nan nan nan 24.3 24.2 24.3 24.4 24.9 nan 22.0 24.8 26.0 25.4 25.2 25.1 24.9 24.6 24.4 24.1 24.0 23.9 23.7 23.5 23.3 23.1 22.8 22.3 21.6 20.8 19.9 -9999.0 -9999.0 -9999.0 -9999.0 -9999.0 -9999.0 -9999.0 -9999.0 -9999.0 -9999.0 nan 12.2 12.2 nan nan nan nan nan nan nan nan nan nan nan nan nan nan nan -9999.0
nan nan nan nan nan nan nan nan nan nan nan nan nan nan nan nan nan nan nan nan nan nan nan nan nan nan nan nan nan nan nan nan nan nan 24.0 23.9 24.2 24.5 22.8 17.1 23.2 22.1 25.3 24.9 24.7 24.8 24.7 24.5 24.3 24.0 23.9 23.7 23.6 23.5 23.3 23.0 22.7 22.3 21.5 20.6 -9999.0 -9999.0 -9999.0 -9999.0 -9999.0 -9999.0 -9999.0 -9999.0 -9999.0 -9999.0 -9999.0 nan nan nan nan nan nan nan nan nan nan nan nan nan nan nan nan nan nan -9999.0
nan nan nan nan nan nan nan nan nan nan nan nan nan nan nan nan nan nan nan nan nan nan nan nan nan nan nan nan nan nan nan nan 22.5 22.7 23.7 24.0 24.4 25.1 25.0 25.2 nan 25.1 24.8 24.6 24.5 24.5 24.6 24.4 24.1 23.9 23.8 23.7 23.6 23.4 23.3 23.0 22.7 22.2 21.4 -9999.0 -9999.0 -9999.0 -9999.0 -9999.0 -9999.0 -9999.0 -9999.0 -9999.0 -9999.0 -9999.0 -9999.0 -9999.0 nan nan nan nan nan nan nan nan nan nan nan nan nan nan nan nan nan -9999.0
nan nan nan nan nan nan nan nan nan nan nan nan nan nan nan nan nan nan nan nan nan nan nan nan nan nan nan nan nan 18.5 nan nan 23.6 23.6 23.7 23.9 24.7 25.6 26.4 nan nan 24.3 24.4 24.5 24.4 24.4 24.4 24.2 24.0 23.8 23.7 23.6 23.5 23.4 23.3 23.0 22.6 22.1 21.3 -9999.0 -9999.0 -9999.0 -9999.0 -9999.0 -9999.0 -9999.0 -9999.0 -9999.0 -9999.0 -9999.0 -9999.0 -9999.0 -9999.0 -9999.0 nan nan nan nan nan nan nan nan nan nan nan nan nan nan nan -9999.0
nan nan nan nan nan nan nan nan nan nan nan nan nan nan nan nan nan nan nan nan nan nan nan nan nan nan nan nan nan 14.9 14.9 nan 23.7 23.9 22.9 21.6 23.7 25.3 25.9 25.6 nan 24.7 24.9 24.6 24.4 24.2 24.1 24.0 23.9 23.7 23.7 23.6 23.5 23.4 23.3 23.0 22.7 22.0 -9999.0 -9999.0 -9999.0 -9999.0 -9999.0 -9999.0 -9999.0 -9999.0 -9999.0 -9999.0 -9999.0 -9999.0 -9999.0 -9999.0 -9999.0 -9999.0 -9999.0 nan nan nan nan nan nan nan nan nan nan nan nan nan nan -9999.0
nan nan nan nan nan nan nan nan nan nan nan nan nan nan nan nan nan nan nan nan nan nan nan nan nan nan nan nan nan 15.7 23.3 23.4 23.7 24.1 24.7 nan 16.6 24.8 25.3 25.8 nan 24.4 25.1 24.7 24.3 24.2 24.0 23.9 23.7 23.6 23.6 23.5 23.5 23.4 23.2 23.0 22.5 22.0 -9999.0 -9999.0 -9999.0 -9999.0 -9999.0 -9999.0 -9999.0 -9999.0 -9999.0 -9999.0 -9999.0 -9999.0 -9999.0 -9999.0 -9999.0 -9999.0 -9999.0 -9999.0 nan nan nan nan nan nan nan nan nan nan nan nan nan -9999.0
nan nan nan nan nan nan nan nan nan nan nan nan nan nan nan nan nan nan nan nan nan nan nan nan nan nan nan nan nan nan 22.9 23.2 23.6 24.1 23.4 nan nan 24.5 25.1 25.8 nan 22.3 23.6 24.5 24.2 24.0 23.9 23.8 23.7 23.5 23.5 23.4 23.3 23.2 23.1 22.8 22.4 21.8 -9999.0 -9999.0 -9999.0 -9999.0 -9999.0 -9999.0 -9999.0 -9999.0 -9999.0 -9999.0 -9999.0 -9999.0 -9999.0 -9999.0 -9999.0 -9999.0 -9999.0 -9999.0 -9999.0 nan nan nan nan nan nan nan nan nan nan nan nan -9999.0
nan nan nan nan nan nan nan nan nan nan nan nan nan nan nan nan nan nan nan nan nan nan nan nan nan nan nan nan nan nan 21.1 23.2 23.7 24.2 21.9 nan 18.9 20.1 23.0 15.1 22.1 18.5 20.6 23.9 23.8 23.7 23.7 23.7 23.5 23.5 23.4 23.4 23.4 23.2 23.1 22.8 22.5 21.3 -9999.0 -9999.0 -9999.0 -9999.0 -9999.0 -9999.0 -9999.0 -9999.0 -9999.0 -9999.0 -9999.0 -9999.0 -9999.0 -9999.0 -9999.0 -9999.0 -9999.0 -9999.0 -9999.0 -9999.0 nan nan nan nan nan nan nan nan nan nan nan -9999.0
nan nan nan nan nan nan nan nan nan nan nan nan nan nan nan nan nan nan nan nan nan nan nan nan nan nan nan nan nan nan 21.3 22.9 23.7 24.3 24.0 19.0 nan 22.7 19.8 16.4 19.8 nan 23.9 23.7 23.4 23.3 23.4 23.5 23.3 23.4 23.4 23.4 23.4 23.3 23.2 22.8 21.0 17.1 -9999.0 -9999.0 -9999.0 -9999.0 -9999.0 -9999.0 -9999.0 -9999.0 -9999.0 -9999.0 -9999.0 -9999.0 -9999.0 -9999.0 -9999.0 -9999.0 -9999.0 -9999.0 -9999.0 -9999.0 -9999.0 -9999.0 nan nan nan nan nan nan nan nan nan -9999.0
nan nan nan nan nan nan nan nan nan nan nan nan nan nan nan nan nan nan nan nan nan nan nan nan nan nan nan nan nan nan nan 23.3 23.8 24.4 25.0 nan nan 19.4 19.9 19.6 nan nan 24.0 23.6 23.4 23.3 23.3 23.3 23.3 23.4 23.4 23.3 23.4 23.5 23.4 23.3 21.5 19.3 -9999.0 -9999.0 -9999.0 -9999.0 -9999.0 -9999.0 -9999.0 -9999.0 -9999.0 -9999.0 -9999.0 nan nan nan -9999.0 -9999.0 -9999.0 -9999.0 -9999.0 -9999.0 -9999.0 -9999.0 -9999.0 -9999.0 -9999.0 -9999.0 -9999.0 nan nan nan -9999.0 -9999.0
nan nan nan nan nan nan nan nan nan nan nan nan nan nan nan nan nan nan nan nan nan nan nan nan nan nan nan nan nan nan nan 22.8 23.7 24.4 25.0 nan 16.2 18.9 24.6 17.5 nan nan 24.1 24.0 23.3 23.3 23.3 23.3 23.3 23.4 23.4 23.5 23.7 23.7 23.7 23.9 23.8 19.9 -9999.0 -9999.0 -9999.0 -9999.0 -9999.0 -9999.0 -9999.0 -9999.0 -9999.0 -9999.0 -9999.0 nan nan nan nan nan -9999.0 -9999.0 -9999.0 -9999.0 -9999.0 -9999.0 -9999.0 -9999.0 -9999.0 -9999.0 -9999.0 -9999.0 -9999.0 -9999.0 -9999.0 -9999.0
nan nan nan nan nan nan nan nan nan nan nan nan nan nan nan nan nan nan nan nan nan nan nan nan nan nan nan nan nan nan nan 18.6 23.6 24.3 24.5 23.2 21.3 20.6 17.0 13.7 17.4 nan 23.9 24.0 23.9 23.9 23.5 23.4 23.4 23.4 23.5 23.6 23.8 24.0 24.0 24.2 24.4 19.2 -9999.0 -9999.0 -9999.0 -9999.0 -9999.0 -9999.0 -9999.0 -9999.0 -9999.0 -9999.0 -9999.0 -9999.0 -9999.0 -9999.0 -9999.0 -9999.0 -9999.0 -9999.0 -9999.0 -9999.0 -9999.0 -9999.0 -9999.0 -9999.0 -9999.0 -9999.0 -9999.0 -9999.0 -9999.0 -9999.0 -9999.0 -9999.0
nan nan nan nan nan nan nan nan nan nan nan nan nan nan nan nan nan nan nan nan nan nan nan nan nan nan nan nan nan nan nan 18.6 23.4 24.1 25.0 25.6 25.9 nan 17.4 19.9 13.9 nan 24.1 24.1 23.9 23.8 23.8 23.7 23.6 23.4 23.5 23.7 24.0 24.2 24.3 24.5 24.9 21.7 -9999.0 -9999.0 -9999.0 -9999.0 -9999.0 -9999.0 -9999.0 -9999.0 -9999.0 -9999.0 -9999.0 -9999.0 -9999.0 -9999.0 -9999.0 -9999.0 -9999.0 -9999.0 -9999.0 -9999.0 -9999.0 -9999.0 -9999.0 -9999.0 -9999.0 -9999.0 -9999.0 -9999.0 -9999.0 -9999.0 -9999.0 -9999.0
nan nan nan nan nan nan nan nan nan nan nan nan nan nan nan nan nan nan nan nan nan nan nan nan nan nan nan nan nan nan nan 18.6 21.7 23.5 24.9 25.6 25.9 nan nan 18.4 17.0 nan nan 24.3 24.3 24.0 23.9 23.4 23.6 23.8 23.9 24.0 24.2 24.4 24.6 24.8 25.2 21.2 -9999.0 -9999.0 -9999.0 -9999.0 -9999.0 -9999.0 -9999.0 -9999.0 -9999.0 -9999.0 -9999.0 -9999.0 -9999.0 -9999.0 -9999.0 -9999.0 -9999.0 -9999.0 -9999.0 -9999.0 -9999.0 -9999.0 -9999.0 -9999.0 -9999.0 -9999.0 -9999.0 -9999.0 -9999.0 -9999.0 -9999.0 -9999.0
nan nan nan nan nan nan nan nan nan nan nan nan nan nan nan nan nan nan nan nan nan nan nan nan nan nan nan nan nan nan nan nan 17.5 24.0 24.8 25.7 nan nan nan 20.2 16.0 18.5 nan nan 23.5 23.8 24.0 24.0 23.9 24.0 24.2 24.3 24.5 24.7 25.0 25.2 25.6 24.4 -9999.0 -9999.0 -9999.0 -9999.0 -9999.0 -9999.0 -9999.0 -9999.0 -9999.0 -9999.0 -9999.0 -9999.0 -9999.0 -9999.0 -9999.0 -9999.0 -9999.0 -9999.0 -9999.0 -9999.0 -9999.0 -9999.0 -9999.0 -9999.0 nan nan nan -9999.0 -9999.0 -9999.0 -9999.0 -9999.0
nan nan nan nan nan nan nan nan nan nan nan nan nan nan nan nan nan nan nan nan nan nan nan nan nan nan nan nan nan nan nan nan 23.3 23.9 24.8 25.7 nan nan nan nan 18.0 18.2 27.3 nan 23.0 23.9 24.0 23.9 24.0 24.2 24.6 24.8 25.1 25.3 25.6 25.8 25.8 26.1 -9999.0 -9999.0 -9999.0 -9999.0 -9999.0 -9999.0 -9999.0 -9999.0 -9999.0 -9999.0 -9999.0 -9999.0 -9999.0 -9999.0 -9999.0 -9999.0 -9999.0 -9999.0 -9999.0 -9999.0 -9999.0 -9999.0 nan nan nan nan nan nan nan nan -9999.0 -9999.0
nan nan nan nan nan nan nan nan nan nan nan nan nan nan nan nan nan nan nan nan nan nan nan nan nan nan nan nan nan nan nan nan nan 23.9 24.9 25.8 nan nan nan nan 21.0 19.9 24.3 20.3 nan 24.1 24.5 24.5 24.8 24.9 25.0 25.2 25.5 25.9 26.2 26.5 26.8 27.1 -9999.0 -9999.0 -9999.0 -9999.0 -9999.0 -9999.0 -9999.0 -9999.0 -9999.0 -9999.0 -9999.0 nan nan nan nan nan nan nan nan nan nan nan nan nan nan nan nan nan nan nan nan nan
nan nan nan nan nan nan nan nan nan nan nan nan nan nan nan nan nan nan nan nan nan nan nan nan nan nan nan nan nan nan nan nan nan 23.8 24.9 26.0 26.1 nan nan nan 25.0 21.2 21.8 27.6 nan nan 24.3 24.6 24.9 25.0 25.3 25.7 26.2 26.6 27.1 27.4 27.5 27.9 -9999.0 -9999.0 -9999.0 -9999.0 -9999.0 -9999.0 -9999.0 -9999.0 -9999.0 -9999.0 nan nan nan nan nan nan nan nan nan nan nan nan nan nan nan nan nan nan nan nan nan nan
