data/output/RUN203/ECOSPACE/ECOSPACE_in_PAR3/PAR-VarZ-VarK/PAR-VarZ-VarK_1987_04.asc
ncols        93
nrows        151 
xllcorner    -123.80739
yllcorner    48.29471 
cellsize     0.013497347 
NODATA_value  0.0
[rows 80 to 119 of 151, columns 0 to 89 of 93]
nan nan nan nan nan nan nan nan nan nan nan nan nan nan nan nan nan nan nan nan nan nan nan 31.1 30.2 31.6 33.9 34.5 34.1 33.6 32.9 32.2 31.5 30.9 30.3 29.8 29.2 28.5 27.7 26.9 26.2 25.7 25.2 24.9 24.5 24.0 23.4 22.8 22.0 21.1 20.2 19.4 18.5 17.7 nan nan nan nan nan nan nan nan nan nan nan nan 15.1 15.5 15.6 15.7 nan 15.4 15.4 15.5 15.6 15.8 15.7 15.6 15.4 15.6 16.0 16.1 16.1 nan nan nan nan nan nan nan
nan nan nan nan nan nan nan nan nan nan nan nan nan nan nan nan nan nan nan nan nan nan nan nan nan nan 34.7 34.7 34.5 34.1 33.6 32.8 32.1 31.5 30.8 30.2 29.6 28.8 27.9 27.1 26.4 25.8 25.3 24.8 24.5 24.0 23.4 22.8 22.1 21.3 20.6 19.8 18.9 18.0 17.2 nan nan nan nan nan nan nan nan nan nan nan 15.4 15.6 nan nan nan nan nan 15.7 15.9 16.0 nan 15.8 15.9 16.1 16.4 16.7 nan nan nan nan nan nan nan nan
nan nan nan nan nan nan nan nan nan nan nan nan nan nan nan nan nan nan nan nan nan nan nan nan nan nan nan 34.8 34.4 34.6 34.1 33.5 32.7 32.0 31.2 30.7 30.0 29.2 28.2 27.4 26.6 25.9 25.4 24.9 24.4 23.9 23.4 22.8 22.2 21.5 20.8 20.1 19.2 18.4 17.7 17.2 nan nan nan nan nan nan nan nan nan 15.4 15.8 nan nan nan nan nan nan 15.7 15.9 16.0 nan 16.0 16.4 16.6 16.8 nan nan nan nan nan nan nan nan nan
nan nan nan nan nan nan nan nan nan nan nan nan nan nan nan nan nan nan nan nan nan nan nan nan nan nan nan nan 33.0 34.2 34.7 34.1 33.3 32.5 31.7 31.1 30.3 29.4 28.5 27.6 26.8 26.1 25.4 24.9 24.4 23.9 23.4 22.9 22.3 21.6 20.9 20.2 19.5 18.8 18.1 17.5 17.1 nan nan nan nan nan nan nan nan 15.5 15.9 nan nan nan nan nan nan 15.8 16.0 16.2 16.5 16.9 16.8 16.8 nan nan nan nan nan nan nan nan nan nan
nan nan nan nan nan nan nan nan nan nan nan nan nan nan nan nan nan nan nan nan nan nan nan nan nan nan nan nan nan 12.9 35.0 34.6 33.8 33.0 32.1 31.3 30.5 29.7 28.8 27.9 27.1 26.3 25.6 25.0 24.5 24.0 23.5 23.0 22.4 21.8 21.1 20.5 19.8 19.1 18.4 17.9 17.3 17.1 nan nan nan nan nan nan 15.5 15.7 16.0 nan 16.5 16.5 16.5 nan nan 15.8 16.2 16.5 16.8 17.2 nan nan nan nan nan nan nan nan nan nan nan nan
nan nan nan nan nan nan nan nan nan nan nan nan nan nan nan nan nan nan nan nan nan nan nan nan nan nan nan nan nan nan 13.8 34.7 34.2 33.4 32.5 31.5 30.7 29.9 29.1 28.3 27.4 26.6 25.9 25.2 24.7 24.2 23.6 23.1 22.5 22.0 21.3 20.7 20.1 19.4 18.8 18.3 17.8 17.4 nan nan nan nan nan 15.7 15.8 16.1 16.3 16.5 16.5 16.5 16.5 9.9 nan 16.0 16.4 16.7 16.9 17.1 nan nan nan nan nan nan nan nan nan nan nan nan
nan nan nan nan nan nan nan nan nan nan nan nan nan nan nan nan nan nan nan nan nan nan nan nan nan nan nan nan nan nan nan 32.2 33.7 33.7 32.7 31.8 31.0 30.2 29.4 28.6 27.8 27.0 26.3 25.6 25.1 24.5 23.9 23.4 22.8 22.3 21.6 21.0 20.4 19.9 19.3 18.8 18.3 17.9 17.6 nan nan 16.1 16.4 16.4 16.3 16.6 16.7 16.8 16.7 16.7 16.6 nan nan 16.2 16.6 16.9 17.1 17.1 nan nan nan nan nan nan nan nan nan nan nan nan
nan nan nan nan nan nan nan nan nan nan nan nan nan nan nan nan nan nan nan nan nan nan nan nan nan nan nan nan nan nan nan nan 34.3 33.6 32.8 32.0 31.2 30.5 29.8 28.9 28.1 27.4 26.7 26.1 25.4 24.8 24.3 23.7 23.2 22.6 22.1 21.5 20.9 20.4 19.9 19.3 18.8 18.4 18.0 17.4 17.2 17.0 17.1 nan 16.7 17.0 17.3 17.4 17.3 17.2 17.0 16.8 16.7 16.8 16.9 17.0 17.1 nan nan nan nan nan nan nan nan nan nan nan nan nan
nan nan nan nan nan nan nan nan nan nan nan nan nan nan nan nan nan nan nan nan nan nan nan nan nan nan nan nan nan nan 34.2 34.2 34.1 33.5 32.8 32.1 31.5 30.9 30.1 29.2 28.5 27.7 27.0 26.4 25.8 25.2 24.7 24.2 23.7 23.2 22.6 22.1 21.6 21.0 20.5 20.0 19.5 19.0 18.6 18.2 17.9 17.6 17.5 17.5 17.5 17.7 17.9 18.0 17.9 17.9 17.6 17.2 17.0 17.0 17.1 17.2 17.1 nan nan nan nan nan nan nan nan nan nan nan nan nan
nan nan nan nan nan nan nan nan nan nan nan nan nan nan nan nan nan nan nan nan nan nan nan nan nan nan nan nan nan nan nan nan 33.7 33.2 32.6 32.1 31.7 31.1 30.4 29.6 28.8 28.0 27.4 26.8 26.2 25.7 25.2 24.7 24.2 23.7 23.3 22.9 22.4 21.8 21.3 20.8 20.3 19.8 19.4 19.0 18.6 18.2 18.0 18.0 17.9 17.9 18.1 nan nan nan 17.7 17.4 17.3 17.2 17.1 17.2 nan nan nan nan nan nan nan nan nan nan nan nan nan nan
nan nan nan nan nan nan nan nan nan nan nan nan nan nan nan nan nan nan nan nan nan nan nan nan nan nan nan nan nan nan 13.7 12.6 33.1 32.9 32.6 32.2 31.9 31.4 30.7 29.9 29.1 28.4 27.7 27.1 26.6 26.1 25.7 25.2 24.8 24.4 24.0 23.6 23.2 22.7 22.2 21.6 21.1 20.6 20.1 19.6 19.1 18.6 18.3 18.2 nan nan nan nan nan nan nan 17.6 17.4 17.2 17.2 17.1 nan nan nan nan nan nan nan nan nan nan nan nan nan nan
nan nan nan nan nan nan nan nan nan nan nan nan nan nan nan nan nan nan nan nan nan nan nan nan nan nan nan nan nan nan 14.1 32.3 32.7 33.0 32.7 15.6 32.2 31.8 31.0 30.2 29.4 28.7 28.0 27.4 26.9 26.5 26.1 25.7 25.3 24.9 24.6 24.3 24.0 23.5 23.1 22.6 22.1 21.6 21.0 20.3 19.6 19.1 18.6 nan nan nan nan nan nan 17.2 17.3 17.5 17.3 17.1 17.1 nan nan nan nan nan nan nan nan nan nan nan nan nan nan nan
nan nan nan nan nan nan nan nan nan nan nan nan nan nan nan nan nan nan nan nan nan nan nan nan nan nan nan nan nan nan 13.7 30.7 32.8 33.2 nan nan nan 31.7 31.5 30.6 29.7 29.0 28.3 27.8 27.2 26.8 26.4 26.0 25.6 25.3 25.0 24.8 24.5 24.2 23.9 23.5 23.0 22.4 21.8 21.0 20.2 19.5 19.0 nan nan nan nan nan 17.3 17.3 17.2 17.2 17.0 16.9 nan nan nan nan nan nan nan nan nan nan nan nan nan nan nan nan
nan nan nan nan nan nan nan nan nan nan nan nan nan nan nan nan nan nan nan nan nan nan nan nan nan nan nan nan nan nan 13.6 13.1 32.5 33.0 nan nan nan 29.6 31.2 31.0 30.1 29.3 28.7 28.1 27.5 27.1 26.7 26.3 26.0 25.6 25.4 25.2 25.1 24.9 24.5 24.2 23.8 23.2 22.5 21.7 20.8 20.0 19.3 18.3 17.9 nan 17.3 17.4 17.4 17.2 17.0 16.9 nan nan nan nan nan nan nan nan nan nan nan nan nan nan nan nan nan nan
nan nan nan nan nan nan nan nan nan nan nan nan nan nan nan nan nan nan nan nan nan nan nan nan nan nan nan nan nan nan nan nan 32.5 26.0 nan nan nan nan 30.5 31.3 30.6 29.7 29.0 28.5 27.9 27.4 27.0 26.6 26.2 25.9 25.8 25.6 25.6 25.5 25.2 24.9 24.5 23.9 23.2 22.4 21.5 20.5 19.7 19.0 18.5 18.0 17.7 17.5 17.2 17.0 16.6 nan nan nan nan nan nan nan nan nan nan nan nan nan nan nan nan nan nan nan
nan nan nan nan nan nan nan nan nan nan nan nan nan nan nan nan nan nan nan nan nan nan nan nan nan nan nan nan nan nan nan nan nan 29.1 14.9 nan nan nan 12.9 32.2 31.4 30.3 29.6 29.0 28.4 27.9 27.4 26.9 26.5 26.3 26.1 26.1 26.0 26.0 25.8 25.5 25.1 24.5 23.8 23.0 22.1 21.1 20.2 19.5 18.9 18.3 17.8 17.5 17.2 16.9 16.5 nan nan nan nan nan nan nan nan nan nan nan nan nan nan nan nan nan nan nan
nan nan nan nan nan nan nan nan nan nan nan nan nan nan nan nan nan nan nan nan nan nan nan nan nan nan nan nan nan nan nan nan nan nan 15.6 28.8 nan nan nan nan 31.9 31.3 30.3 29.6 29.1 28.5 27.9 27.4 27.0 26.7 26.6 26.5 26.5 26.5 26.3 26.1 25.7 25.1 24.4 23.6 22.8 21.8 20.8 20.0 19.2 18.5 17.9 17.4 17.0 16.8 16.6 16.4 nan nan nan nan nan nan nan nan nan nan nan nan nan nan nan nan nan nan
nan nan nan nan nan nan nan nan nan nan nan nan nan nan nan nan nan nan nan nan nan nan nan nan nan nan nan nan nan nan nan nan nan nan nan 21.8 13.9 nan nan nan nan 30.3 31.1 30.4 29.8 29.1 28.5 27.9 27.4 27.1 27.0 26.9 26.9 26.8 26.7 26.5 26.1 25.6 25.0 24.3 23.4 22.4 21.4 20.4 19.5 18.6 17.9 17.4 17.0 16.7 16.5 16.5 16.5 9.5 nan nan nan nan nan nan nan nan nan nan nan nan nan nan nan nan
nan nan nan nan nan nan nan nan nan nan nan nan nan nan nan nan nan nan nan nan nan nan nan nan nan nan nan nan nan nan nan nan nan nan 15.6 19.2 30.7 30.8 nan 14.0 nan 28.5 31.0 31.0 30.3 29.6 29.1 28.5 27.9 27.5 27.4 27.3 27.2 27.0 27.0 26.8 26.5 26.0 25.5 24.8 24.0 22.9 21.8 20.7 19.6 18.6 17.9 17.5 17.1 16.8 16.5 16.4 16.4 16.3 nan nan nan nan nan nan nan nan nan nan nan nan nan nan nan nan
nan nan nan nan nan nan nan nan nan nan nan nan nan nan nan nan nan nan nan nan nan nan nan nan nan nan nan nan nan nan nan nan nan nan 31.0 30.7 31.0 28.7 16.3 27.3 29.0 25.3 30.3 31.2 30.7 30.1 29.5 28.9 28.3 27.9 27.6 27.5 27.4 27.3 27.2 27.1 26.9 26.4 25.9 25.2 24.3 23.2 22.0 20.7 19.5 18.5 17.4 17.5 16.8 16.9 16.5 16.4 16.4 16.5 16.6 nan nan nan nan nan nan nan nan nan nan nan nan nan nan nan
nan nan nan nan nan nan nan nan nan nan nan nan nan nan nan nan nan nan nan nan nan nan nan nan nan nan nan nan nan nan nan nan nan nan 31.1 31.1 31.1 30.9 28.0 nan 30.4 29.7 31.8 31.6 31.2 30.5 29.9 29.3 28.6 28.2 27.9 27.7 27.6 27.5 27.4 27.3 27.1 26.7 26.3 25.5 24.5 23.3 -9999.0 -9999.0 -9999.0 -9999.0 -9999.0 -9999.0 -9999.0 10.1 16.5 16.4 16.4 16.4 16.5 nan nan nan nan nan nan nan nan nan nan nan nan nan nan -9999.0
nan nan nan nan nan nan nan nan nan nan nan nan nan nan nan nan nan nan nan nan nan nan nan nan nan nan nan nan nan nan nan nan nan nan 31.0 31.0 31.1 31.1 31.3 nan nan 32.2 32.3 31.9 31.3 30.8 30.2 29.6 29.0 28.5 28.1 27.9 27.8 27.8 27.7 27.6 27.4 27.0 26.5 25.8 24.7 -9999.0 -9999.0 -9999.0 -9999.0 -9999.0 -9999.0 -9999.0 -9999.0 nan 11.7 16.1 16.4 15.9 nan nan nan nan nan nan nan nan nan nan nan nan nan nan nan -9999.0
nan nan nan nan nan nan nan nan nan nan nan nan nan nan nan nan nan nan nan nan nan nan nan nan nan nan nan nan nan nan nan nan nan nan 30.9 30.8 30.8 31.0 30.1 nan 26.1 28.9 32.3 32.0 31.4 30.9 30.4 29.9 29.3 28.7 28.4 28.1 28.0 28.0 28.0 27.8 27.6 27.2 26.7 25.9 24.6 -9999.0 -9999.0 -9999.0 -9999.0 -9999.0 -9999.0 -9999.0 -9999.0 -9999.0 -9999.0 nan 9.8 9.8 nan nan nan nan nan nan nan nan nan nan nan nan nan nan nan -9999.0
nan nan nan nan nan nan nan nan nan nan nan nan nan nan nan nan nan nan nan nan nan nan nan nan nan nan nan nan nan nan nan nan nan nan 30.5 30.5 30.8 27.5 27.0 17.8 28.4 24.7 31.3 31.8 31.4 30.9 30.4 30.0 29.5 29.0 28.6 28.4 28.3 28.3 28.2 28.1 27.8 27.4 26.7 25.8 -9999.0 -9999.0 -9999.0 -9999.0 -9999.0 -9999.0 -9999.0 -9999.0 -9999.0 -9999.0 -9999.0 nan nan nan nan nan nan nan nan nan nan nan nan nan nan nan nan nan nan -9999.0
nan nan nan nan nan nan nan nan nan nan nan nan nan nan nan nan nan nan nan nan nan nan nan nan nan nan nan nan nan nan nan nan 25.2 26.8 28.6 30.6 31.0 31.3 29.2 28.0 nan 32.3 32.0 31.7 31.2 30.7 30.4 30.0 29.6 29.2 28.9 28.6 28.5 28.5 28.5 28.4 28.0 27.6 26.7 -9999.0 -9999.0 -9999.0 -9999.0 -9999.0 -9999.0 -9999.0 -9999.0 -9999.0 -9999.0 -9999.0 -9999.0 -9999.0 nan nan nan nan nan nan nan nan nan nan nan nan nan nan nan nan nan -9999.0
nan nan nan nan nan nan nan nan nan nan nan nan nan nan nan nan nan nan nan nan nan nan nan nan nan nan nan nan nan 13.8 nan nan 30.3 30.0 30.4 30.1 31.1 31.5 32.0 nan nan 32.3 32.0 31.7 31.2 30.7 30.3 30.0 29.7 29.4 29.1 28.8 28.7 28.7 28.7 28.6 28.3 27.7 26.7 -9999.0 -9999.0 -9999.0 -9999.0 -9999.0 -9999.0 -9999.0 -9999.0 -9999.0 -9999.0 -9999.0 -9999.0 -9999.0 -9999.0 -9999.0 nan nan nan nan nan nan nan nan nan nan nan nan nan nan nan -9999.0
nan nan nan nan nan nan nan nan nan nan nan nan nan nan nan nan nan nan nan nan nan nan nan nan nan nan nan nan nan 12.4 12.4 nan 30.6 30.7 27.4 27.7 28.8 31.6 31.9 30.8 nan 32.5 32.3 31.9 31.3 30.8 30.3 30.0 29.8 29.5 29.2 29.0 28.8 28.8 28.8 28.7 28.3 27.6 -9999.0 -9999.0 -9999.0 -9999.0 -9999.0 -9999.0 -9999.0 -9999.0 -9999.0 -9999.0 -9999.0 -9999.0 -9999.0 -9999.0 -9999.0 -9999.0 -9999.0 nan nan nan nan nan nan nan nan nan nan nan nan nan nan -9999.0
nan nan nan nan nan nan nan nan nan nan nan nan nan nan nan nan nan nan nan nan nan nan nan nan nan nan nan nan nan 13.1 30.3 30.6 30.8 31.1 31.1 nan 12.7 31.0 31.7 32.0 nan 31.4 32.7 32.1 31.4 30.8 30.4 30.0 29.8 29.5 29.3 29.0 28.9 28.9 28.9 28.7 28.2 27.7 -9999.0 -9999.0 -9999.0 -9999.0 -9999.0 -9999.0 -9999.0 -9999.0 -9999.0 -9999.0 -9999.0 -9999.0 -9999.0 -9999.0 -9999.0 -9999.0 -9999.0 -9999.0 nan nan nan nan nan nan nan nan nan nan nan nan nan -9999.0
nan nan nan nan nan nan nan nan nan nan nan nan nan nan nan nan nan nan nan nan nan nan nan nan nan nan nan nan nan nan 29.4 30.5 31.0 31.5 27.9 nan nan 28.6 30.2 29.5 nan 26.3 28.7 31.6 31.4 30.8 30.4 30.1 29.8 29.6 29.4 29.1 29.0 29.0 28.9 28.7 28.2 27.6 -9999.0 -9999.0 -9999.0 -9999.0 -9999.0 -9999.0 -9999.0 -9999.0 -9999.0 -9999.0 -9999.0 -9999.0 -9999.0 -9999.0 -9999.0 -9999.0 -9999.0 -9999.0 -9999.0 nan nan nan nan nan nan nan nan nan nan nan nan -9999.0
nan nan nan nan nan nan nan nan nan nan nan nan nan nan nan nan nan nan nan nan nan nan nan nan nan nan nan nan nan nan 28.1 30.6 31.1 31.7 27.9 nan 14.0 23.0 26.5 14.9 24.1 21.0 22.7 29.9 30.9 30.7 30.4 30.1 29.9 29.6 29.4 29.2 29.1 29.1 29.0 28.7 28.1 27.1 -9999.0 -9999.0 -9999.0 -9999.0 -9999.0 -9999.0 -9999.0 -9999.0 -9999.0 -9999.0 -9999.0 -9999.0 -9999.0 -9999.0 -9999.0 -9999.0 -9999.0 -9999.0 -9999.0 -9999.0 nan nan nan nan nan nan nan nan nan nan nan -9999.0
nan nan nan nan nan nan nan nan nan nan nan nan nan nan nan nan nan nan nan nan nan nan nan nan nan nan nan nan nan nan 28.5 30.1 31.0 31.5 28.1 13.9 nan 27.9 19.4 13.1 20.4 nan 30.4 31.3 30.8 30.5 30.3 30.1 29.9 29.7 29.5 29.3 29.2 29.1 29.0 28.6 27.2 21.7 -9999.0 -9999.0 -9999.0 -9999.0 -9999.0 -9999.0 -9999.0 -9999.0 -9999.0 -9999.0 -9999.0 -9999.0 -9999.0 -9999.0 -9999.0 -9999.0 -9999.0 -9999.0 -9999.0 -9999.0 -9999.0 -9999.0 nan nan nan nan nan nan nan nan nan -9999.0
nan nan nan nan nan nan nan nan nan nan nan nan nan nan nan nan nan nan nan nan nan nan nan nan nan nan nan nan nan nan nan 29.9 30.8 31.0 30.1 nan nan 20.7 19.1 14.8 nan nan 31.8 31.1 30.6 30.4 30.2 30.0 29.9 29.7 29.5 29.4 29.3 29.3 29.4 29.3 28.1 24.2 -9999.0 -9999.0 -9999.0 -9999.0 -9999.0 -9999.0 -9999.0 -9999.0 -9999.0 -9999.0 -9999.0 nan nan nan -9999.0 -9999.0 -9999.0 -9999.0 -9999.0 -9999.0 -9999.0 -9999.0 -9999.0 -9999.0 -9999.0 -9999.0 -9999.0 nan nan nan -9999.0 -9999.0
nan nan nan nan nan nan nan nan nan nan nan nan nan nan nan nan nan nan nan nan nan nan nan nan nan nan nan nan nan nan nan 27.6 30.0 30.7 31.3 nan 13.6 16.9 26.9 13.8 nan nan 31.5 31.1 30.7 30.4 30.1 30.0 29.9 29.7 29.6 29.5 29.5 29.6 29.8 29.8 29.1 24.4 -9999.0 -9999.0 -9999.0 -9999.0 -9999.0 -9999.0 -9999.0 -9999.0 -9999.0 -9999.0 -9999.0 nan nan nan nan nan -9999.0 -9999.0 -9999.0 -9999.0 -9999.0 -9999.0 -9999.0 -9999.0 -9999.0 -9999.0 -9999.0 -9999.0 -9999.0 -9999.0 -9999.0 -9999.0
nan nan nan nan nan nan nan nan nan nan nan nan nan nan nan nan nan nan nan nan nan nan nan nan nan nan nan nan nan nan nan 13.6 29.7 30.6 28.8 28.5 25.8 20.5 16.4 13.1 14.4 nan 31.2 31.2 30.8 30.4 30.1 30.0 29.8 29.7 29.7 29.7 29.8 30.0 30.2 30.0 29.2 21.6 -9999.0 -9999.0 -9999.0 -9999.0 -9999.0 -9999.0 -9999.0 -9999.0 -9999.0 -9999.0 -9999.0 -9999.0 -9999.0 -9999.0 -9999.0 -9999.0 -9999.0 -9999.0 -9999.0 -9999.0 -9999.0 -9999.0 -9999.0 -9999.0 -9999.0 -9999.0 -9999.0 -9999.0 -9999.0 -9999.0 -9999.0 -9999.0
nan nan nan nan nan nan nan nan nan nan nan nan nan nan nan nan nan nan nan nan nan nan nan nan nan nan nan nan nan nan nan 13.5 26.6 30.4 30.9 31.7 31.1 nan 19.3 21.9 12.3 nan 31.4 31.5 30.9 30.4 30.1 30.0 29.9 29.8 29.8 29.9 30.0 30.3 30.6 30.4 28.8 24.4 -9999.0 -9999.0 -9999.0 -9999.0 -9999.0 -9999.0 -9999.0 -9999.0 -9999.0 -9999.0 -9999.0 -9999.0 -9999.0 -9999.0 -9999.0 -9999.0 -9999.0 -9999.0 -9999.0 -9999.0 -9999.0 -9999.0 -9999.0 -9999.0 -9999.0 -9999.0 -9999.0 -9999.0 -9999.0 -9999.0 -9999.0 -9999.0
nan nan nan nan nan nan nan nan nan nan nan nan nan nan nan nan nan nan nan nan nan nan nan nan nan nan nan nan nan nan nan 13.6 25.9 28.7 31.1 31.3 31.2 nan nan 19.3 13.6 nan nan 31.5 31.2 30.5 30.2 29.9 29.8 29.9 29.9 30.0 30.2 30.5 30.9 30.8 29.3 23.0 -9999.0 -9999.0 -9999.0 -9999.0 -9999.0 -9999.0 -9999.0 -9999.0 -9999.0 -9999.0 -9999.0 -9999.0 -9999.0 -9999.0 -9999.0 -9999.0 -9999.0 -9999.0 -9999.0 -9999.0 -9999.0 -9999.0 -9999.0 -9999.0 -9999.0 -9999.0 -9999.0 -9999.0 -9999.0 -9999.0 -9999.0 -9999.0
nan nan nan nan nan nan nan nan nan nan nan nan nan nan nan nan nan nan nan nan nan nan nan nan nan nan nan nan nan nan nan nan 13.2 30.0 30.7 31.1 nan nan nan 19.4 13.5 12.6 nan nan 30.4 30.7 30.4 30.1 30.0 29.9 30.0 30.1 30.4 30.7 31.1 31.1 31.0 25.7 -9999.0 -9999.0 -9999.0 -9999.0 -9999.0 -9999.0 -9999.0 -9999.0 -9999.0 -9999.0 -9999.0 -9999.0 -9999.0 -9999.0 -9999.0 -9999.0 -9999.0 -9999.0 -9999.0 -9999.0 -9999.0 -9999.0 -9999.0 -9999.0 nan nan nan -9999.0 -9999.0 -9999.0 -9999.0 -9999.0
nan nan nan nan nan nan nan nan nan nan nan nan nan nan nan nan nan nan nan nan nan nan nan nan nan nan nan nan nan nan nan nan 28.2 29.5 30.4 31.0 nan nan nan nan 15.2 12.2 22.9 nan 28.9 30.3 30.6 30.2 30.1 30.0 30.1 30.2 30.4 30.8 31.3 31.5 31.6 30.2 -9999.0 -9999.0 -9999.0 -9999.0 -9999.0 -9999.0 -9999.0 -9999.0 -9999.0 -9999.0 -9999.0 -9999.0 -9999.0 -9999.0 -9999.0 -9999.0 -9999.0 -9999.0 -9999.0 -9999.0 -9999.0 -9999.0 nan nan nan nan nan nan nan nan -9999.0 -9999.0
nan nan nan nan nan nan nan nan nan nan nan nan nan nan nan nan nan nan nan nan nan nan nan nan nan nan nan nan nan nan nan nan nan 29.8 30.7 31.2 nan nan nan nan 20.4 13.8 17.2 17.3 nan 30.8 30.8 30.4 30.3 30.2 30.2 30.3 30.4 30.8 31.5 31.9 32.1 31.2 -9999.0 -9999.0 -9999.0 -9999.0 -9999.0 -9999.0 -9999.0 -9999.0 -9999.0 -9999.0 -9999.0 nan nan nan nan nan nan nan nan nan nan nan nan nan nan nan nan nan nan nan nan nan
nan nan nan nan nan nan nan nan nan nan nan nan nan nan nan nan nan nan nan nan nan nan nan nan nan nan nan nan nan nan nan nan nan 30.0 30.9 31.5 31.4 nan nan nan 28.9 15.9 15.5 27.2 nan nan 30.4 30.6 30.5 30.5 30.4 30.5 30.6 31.0 31.6 32.2 32.8 32.9 -9999.0 -9999.0 -9999.0 -9999.0 -9999.0 -9999.0 -9999.0 -9999.0 -9999.0 -9999.0 nan nan nan nan nan nan nan nan nan nan nan nan nan nan nan nan nan nan nan nan nan nan
