data/output/RUN203/ECOSPACE/ECOSPACE_in_PAR3/PAR-VarZ-VarK/PAR-VarZ-VarK_1993_06.asc
ncols        93
nrows        151 
xllcorner    -123.80739
yllcorner    48.29471 
cellsize     0.013497347 
NODATA_value  0.0
[rows 80 to 119 of 151, columns 0 to 89 of 93]
nan nan nan nan nan nan nan nan nan nan nan nan nan nan nan nan nan nan nan nan nan nan nan 24.1 24.2 23.9 25.4 24.8 23.7 22.6 21.6 20.7 20.0 19.4 19.0 18.6 18.3 18.0 17.9 17.8 17.8 17.9 18.0 18.1 18.1 18.1 18.1 18.0 18.0 17.8 17.5 17.1 16.8 16.5 nan nan nan nan nan nan nan nan nan nan nan nan 13.9 14.0 14.1 14.1 nan 13.9 13.8 13.8 13.9 13.9 13.9 13.7 13.7 13.9 14.3 14.4 14.2 nan nan nan nan nan nan nan
nan nan nan nan nan nan nan nan nan nan nan nan nan nan nan nan nan nan nan nan nan nan nan nan nan nan 25.5 25.2 24.5 23.4 22.4 21.4 20.6 19.9 19.4 18.9 18.5 18.2 18.0 17.8 17.8 17.8 17.9 17.9 18.0 18.0 18.0 18.0 18.0 17.8 17.6 17.2 16.9 16.5 16.1 nan nan nan nan nan nan nan nan nan nan nan 14.2 14.2 nan nan nan nan nan 13.9 14.0 14.1 nan 13.8 14.0 14.4 14.6 14.8 nan nan nan nan nan nan nan nan
nan nan nan nan nan nan nan nan nan nan nan nan nan nan nan nan nan nan nan nan nan nan nan nan nan nan nan 25.3 25.0 24.2 23.2 22.2 21.3 20.5 19.9 19.3 18.8 18.4 18.1 17.9 17.8 17.8 17.8 17.8 17.9 17.9 17.9 18.0 18.0 17.9 17.6 17.3 17.0 16.6 16.3 16.1 nan nan nan nan nan nan nan nan nan 14.3 14.5 nan nan nan nan nan nan 14.0 14.1 14.1 nan 14.0 14.4 14.7 14.9 nan nan nan nan nan nan nan nan nan
nan nan nan nan nan nan nan nan nan nan nan nan nan nan nan nan nan nan nan nan nan nan nan nan nan nan nan nan 23.3 24.4 24.0 23.0 22.1 21.2 20.5 19.8 19.2 18.8 18.3 18.1 17.9 17.8 17.8 17.7 17.7 17.8 17.9 17.9 17.9 17.9 17.7 17.4 17.1 16.8 16.5 16.3 16.1 nan nan nan nan nan nan nan nan 14.3 14.5 nan nan nan nan nan nan 14.0 14.2 14.3 14.6 15.0 14.9 14.9 nan nan nan nan nan nan nan nan nan nan
nan nan nan nan nan nan nan nan nan nan nan nan nan nan nan nan nan nan nan nan nan nan nan nan nan nan nan nan nan 14.0 24.6 23.9 22.9 21.9 21.1 20.4 19.7 19.1 18.6 18.2 18.0 17.9 17.7 17.6 17.6 17.7 17.8 17.8 17.9 17.8 17.7 17.6 17.3 17.0 16.7 16.5 16.2 16.0 nan nan nan nan nan nan 14.4 14.5 14.5 nan 14.7 14.6 14.7 nan nan 14.1 14.3 14.6 15.0 15.5 nan nan nan nan nan nan nan nan nan nan nan nan
nan nan nan nan nan nan nan nan nan nan nan nan nan nan nan nan nan nan nan nan nan nan nan nan nan nan nan nan nan nan 14.1 24.4 23.6 22.7 21.9 21.0 20.2 19.5 18.9 18.5 18.1 17.9 17.8 17.6 17.5 17.5 17.6 17.7 17.7 17.8 17.8 17.6 17.5 17.3 17.0 16.7 16.5 16.2 nan nan nan nan nan 14.5 14.6 14.6 14.7 14.7 14.7 14.7 14.7 10.3 nan 14.2 14.5 14.9 15.2 15.4 nan nan nan nan nan nan nan nan nan nan nan nan
nan nan nan nan nan nan nan nan nan nan nan nan nan nan nan nan nan nan nan nan nan nan nan nan nan nan nan nan nan nan nan 22.3 24.0 23.5 22.6 21.7 20.8 20.0 19.3 18.7 18.3 18.0 17.8 17.6 17.4 17.4 17.5 17.5 17.6 17.7 17.7 17.7 17.6 17.5 17.3 17.0 16.8 16.5 16.1 nan nan 14.9 15.1 15.0 14.9 14.9 14.9 14.9 14.9 14.8 14.8 nan nan 14.5 14.8 15.1 15.3 15.4 nan nan nan nan nan nan nan nan nan nan nan nan
nan nan nan nan nan nan nan nan nan nan nan nan nan nan nan nan nan nan nan nan nan nan nan nan nan nan nan nan nan nan nan nan 24.4 23.9 23.1 22.2 21.3 20.4 19.6 19.0 18.5 18.2 17.9 17.6 17.4 17.3 17.3 17.4 17.5 17.6 17.6 17.6 17.6 17.6 17.5 17.2 17.0 16.8 16.5 16.0 15.7 15.6 15.5 nan 15.2 15.3 15.4 15.4 15.4 15.3 15.2 15.0 15.0 15.0 15.0 15.2 15.3 nan nan nan nan nan nan nan nan nan nan nan nan nan
nan nan nan nan nan nan nan nan nan nan nan nan nan nan nan nan nan nan nan nan nan nan nan nan nan nan nan nan nan nan 23.6 24.0 24.5 24.1 23.5 22.7 21.8 20.8 20.0 19.3 18.8 18.3 17.9 17.6 17.4 17.2 17.1 17.2 17.3 17.5 17.5 17.6 17.6 17.6 17.5 17.4 17.2 17.0 16.8 16.5 16.2 16.0 15.9 15.9 15.9 15.9 16.0 16.1 16.0 15.9 15.6 15.3 15.2 15.1 15.2 15.4 15.3 nan nan nan nan nan nan nan nan nan nan nan nan nan
nan nan nan nan nan nan nan nan nan nan nan nan nan nan nan nan nan nan nan nan nan nan nan nan nan nan nan nan nan nan nan nan 24.2 23.9 23.5 23.0 22.3 21.4 20.4 19.6 19.0 18.5 18.1 17.7 17.4 17.2 17.1 17.1 17.1 17.3 17.4 17.5 17.5 17.5 17.5 17.5 17.4 17.3 17.1 16.9 16.7 16.5 16.4 16.5 16.3 16.2 16.3 nan nan nan 15.7 15.5 15.4 15.3 15.3 15.3 nan nan nan nan nan nan nan nan nan nan nan nan nan nan
nan nan nan nan nan nan nan nan nan nan nan nan nan nan nan nan nan nan nan nan nan nan nan nan nan nan nan nan nan nan 16.4 14.7 23.9 23.8 23.5 23.2 22.8 22.1 21.0 20.1 19.4 18.8 18.2 17.8 17.4 17.2 17.0 17.0 17.0 17.1 17.2 17.3 17.4 17.5 17.5 17.6 17.6 17.5 17.4 17.2 17.0 16.8 16.7 16.7 nan nan nan nan nan nan nan 15.7 15.5 15.3 15.3 15.3 nan nan nan nan nan nan nan nan nan nan nan nan nan nan
nan nan nan nan nan nan nan nan nan nan nan nan nan nan nan nan nan nan nan nan nan nan nan nan nan nan nan nan nan nan 14.6 23.3 23.9 24.0 23.5 14.9 23.3 22.8 21.5 20.5 19.7 19.1 18.5 18.0 17.6 17.2 17.0 17.0 16.9 17.0 17.1 17.2 17.3 17.4 17.5 17.6 17.7 17.7 17.6 17.5 17.3 17.1 16.9 nan nan nan nan nan nan 15.6 15.6 15.7 15.5 15.3 15.3 nan nan nan nan nan nan nan nan nan nan nan nan nan nan nan
nan nan nan nan nan nan nan nan nan nan nan nan nan nan nan nan nan nan nan nan nan nan nan nan nan nan nan nan nan nan 16.4 22.5 24.0 24.1 nan nan nan 22.4 21.7 20.8 20.0 19.4 18.7 18.2 17.7 17.4 17.1 17.0 16.9 16.9 17.0 17.1 17.2 17.3 17.5 17.6 17.8 17.8 17.8 17.7 17.5 17.3 17.2 nan nan nan nan nan 15.7 15.7 15.6 15.5 15.3 15.2 nan nan nan nan nan nan nan nan nan nan nan nan nan nan nan nan
nan nan nan nan nan nan nan nan nan nan nan nan nan nan nan nan nan nan nan nan nan nan nan nan nan nan nan nan nan nan 16.3 13.9 24.2 24.2 nan nan nan 20.4 21.6 21.0 20.3 19.6 19.0 18.5 18.0 17.6 17.3 17.1 17.0 16.9 17.0 17.1 17.2 17.3 17.5 17.7 17.8 18.0 18.0 17.9 17.7 17.6 17.4 16.7 16.3 nan 15.8 15.8 15.8 15.6 15.5 15.4 nan nan nan nan nan nan nan nan nan nan nan nan nan nan nan nan nan nan
nan nan nan nan nan nan nan nan nan nan nan nan nan nan nan nan nan nan nan nan nan nan nan nan nan nan nan nan nan nan nan nan 24.2 20.8 nan nan nan nan 21.4 21.1 20.7 20.0 19.4 18.8 18.2 17.8 17.5 17.3 17.1 17.0 17.0 17.1 17.2 17.3 17.5 17.7 17.9 18.1 18.1 18.1 18.0 17.8 17.5 17.1 16.8 16.4 16.1 15.9 15.7 15.6 15.3 nan nan nan nan nan nan nan nan nan nan nan nan nan nan nan nan nan nan nan
nan nan nan nan nan nan nan nan nan nan nan nan nan nan nan nan nan nan nan nan nan nan nan nan nan nan nan nan nan nan nan nan nan 18.9 11.4 nan nan nan 14.2 21.5 21.2 20.5 19.9 19.2 18.6 18.1 17.7 17.5 17.3 17.2 17.1 17.2 17.3 17.4 17.5 17.8 18.0 18.2 18.3 18.2 18.1 18.0 17.7 17.4 17.0 16.5 16.2 15.9 15.7 15.5 15.2 nan nan nan nan nan nan nan nan nan nan nan nan nan nan nan nan nan nan nan
nan nan nan nan nan nan nan nan nan nan nan nan nan nan nan nan nan nan nan nan nan nan nan nan nan nan nan nan nan nan nan nan nan nan 14.2 20.5 nan nan nan nan 21.5 21.2 20.5 19.7 19.1 18.5 18.1 17.8 17.5 17.4 17.3 17.3 17.4 17.5 17.6 17.9 18.1 18.3 18.4 18.5 18.4 18.2 17.9 17.6 17.1 16.7 16.3 16.0 15.7 15.5 15.3 15.1 nan nan nan nan nan nan nan nan nan nan nan nan nan nan nan nan nan nan
nan nan nan nan nan nan nan nan nan nan nan nan nan nan nan nan nan nan nan nan nan nan nan nan nan nan nan nan nan nan nan nan nan nan nan 15.7 16.4 nan nan nan nan 20.6 20.8 20.1 19.5 18.9 18.5 18.1 17.9 17.7 17.6 17.6 17.6 17.7 17.8 18.0 18.3 18.5 18.6 18.6 18.6 18.4 18.1 17.7 17.2 16.7 16.3 16.0 15.7 15.4 15.3 15.2 15.0 10.3 nan nan nan nan nan nan nan nan nan nan nan nan nan nan nan nan
nan nan nan nan nan nan nan nan nan nan nan nan nan nan nan nan nan nan nan nan nan nan nan nan nan nan nan nan nan nan nan nan nan nan 14.4 18.4 21.5 21.4 nan 16.2 nan 18.8 21.0 20.6 20.0 19.5 19.0 18.6 18.3 18.1 18.0 17.9 17.9 17.9 18.0 18.2 18.5 18.7 18.8 18.8 18.7 18.5 18.2 17.7 17.2 16.7 16.2 15.9 15.7 15.4 15.2 15.1 15.1 14.9 nan nan nan nan nan nan nan nan nan nan nan nan nan nan nan nan
nan nan nan nan nan nan nan nan nan nan nan nan nan nan nan nan nan nan nan nan nan nan nan nan nan nan nan nan nan nan nan nan nan nan 21.4 21.7 22.1 22.2 17.4 19.0 20.1 18.2 21.7 21.1 20.6 20.0 19.5 19.1 18.8 18.6 18.4 18.2 18.2 18.2 18.3 18.5 18.7 18.9 19.0 19.0 18.8 18.5 18.1 17.6 17.1 16.5 15.8 15.5 14.7 15.1 15.2 15.2 15.1 15.0 15.0 nan nan nan nan nan nan nan nan nan nan nan nan nan nan nan
nan nan nan nan nan nan nan nan nan nan nan nan nan nan nan nan nan nan nan nan nan nan nan nan nan nan nan nan nan nan nan nan nan nan 21.5 21.9 22.0 22.1 22.4 nan 20.0 20.8 21.6 21.4 21.0 20.5 20.1 19.7 19.3 19.0 18.8 18.6 18.5 18.5 18.6 18.7 18.9 19.1 19.2 19.1 18.9 18.5 -9999.0 -9999.0 -9999.0 -9999.0 -9999.0 -9999.0 -9999.0 11.4 15.2 15.0 15.1 15.0 15.0 nan nan nan nan nan nan nan nan nan nan nan nan nan nan -9999.0
nan nan nan nan nan nan nan nan nan nan nan nan nan nan nan nan nan nan nan nan nan nan nan nan nan nan nan nan nan nan nan nan nan nan 21.5 21.8 21.9 21.8 21.8 nan nan 21.2 21.5 21.5 21.2 20.8 20.5 20.1 19.7 19.4 19.1 18.9 18.8 18.8 18.9 19.0 19.2 19.4 19.4 19.3 19.0 -9999.0 -9999.0 -9999.0 -9999.0 -9999.0 -9999.0 -9999.0 -9999.0 nan 13.5 15.1 15.1 14.7 nan nan nan nan nan nan nan nan nan nan nan nan nan nan nan -9999.0
nan nan nan nan nan nan nan nan nan nan nan nan nan nan nan nan nan nan nan nan nan nan nan nan nan nan nan nan nan nan nan nan nan nan 21.2 21.4 21.5 21.6 22.1 nan 17.2 20.6 21.5 21.5 21.3 21.0 20.6 20.3 20.0 19.7 19.4 19.2 19.1 19.1 19.2 19.4 19.5 19.7 19.6 19.4 19.1 -9999.0 -9999.0 -9999.0 -9999.0 -9999.0 -9999.0 -9999.0 -9999.0 -9999.0 -9999.0 nan 11.0 11.0 nan nan nan nan nan nan nan nan nan nan nan nan nan nan nan -9999.0
nan nan nan nan nan nan nan nan nan nan nan nan nan nan nan nan nan nan nan nan nan nan nan nan nan nan nan nan nan nan nan nan nan nan 21.0 21.1 21.5 22.1 20.4 14.5 19.7 18.1 21.6 21.4 21.2 21.0 20.7 20.5 20.2 19.9 19.7 19.5 19.5 19.5 19.6 19.7 19.9 19.9 19.9 19.6 -9999.0 -9999.0 -9999.0 -9999.0 -9999.0 -9999.0 -9999.0 -9999.0 -9999.0 -9999.0 -9999.0 nan nan nan nan nan nan nan nan nan nan nan nan nan nan nan nan nan nan -9999.0
nan nan nan nan nan nan nan nan nan nan nan nan nan nan nan nan nan nan nan nan nan nan nan nan nan nan nan nan nan nan nan nan 20.5 20.6 21.0 21.4 22.0 22.8 23.5 23.1 nan 21.8 21.5 21.3 21.2 21.0 20.8 20.6 20.3 20.1 20.0 19.8 19.8 19.8 19.9 20.0 20.2 20.2 20.1 -9999.0 -9999.0 -9999.0 -9999.0 -9999.0 -9999.0 -9999.0 -9999.0 -9999.0 -9999.0 -9999.0 -9999.0 -9999.0 nan nan nan nan nan nan nan nan nan nan nan nan nan nan nan nan nan -9999.0
nan nan nan nan nan nan nan nan nan nan nan nan nan nan nan nan nan nan nan nan nan nan nan nan nan nan nan nan nan 16.2 nan nan 20.9 21.0 21.1 21.5 22.3 23.4 24.3 nan nan 21.2 21.2 21.2 21.2 21.1 20.9 20.7 20.5 20.3 20.2 20.1 20.1 20.1 20.2 20.4 20.5 20.6 20.5 -9999.0 -9999.0 -9999.0 -9999.0 -9999.0 -9999.0 -9999.0 -9999.0 -9999.0 -9999.0 -9999.0 -9999.0 -9999.0 -9999.0 -9999.0 nan nan nan nan nan nan nan nan nan nan nan nan nan nan nan -9999.0
nan nan nan nan nan nan nan nan nan nan nan nan nan nan nan nan nan nan nan nan nan nan nan nan nan nan nan nan nan 13.2 13.2 nan 21.2 21.5 20.7 19.2 21.8 23.2 23.8 23.3 nan 21.0 21.1 21.2 21.2 21.2 21.0 20.8 20.7 20.5 20.4 20.3 20.3 20.4 20.5 20.7 20.9 21.1 -9999.0 -9999.0 -9999.0 -9999.0 -9999.0 -9999.0 -9999.0 -9999.0 -9999.0 -9999.0 -9999.0 -9999.0 -9999.0 -9999.0 -9999.0 -9999.0 -9999.0 nan nan nan nan nan nan nan nan nan nan nan nan nan nan -9999.0
nan nan nan nan nan nan nan nan nan nan nan nan nan nan nan nan nan nan nan nan nan nan nan nan nan nan nan nan nan 13.9 21.1 21.2 21.5 21.9 22.4 nan 14.6 22.7 23.1 23.4 nan 21.1 21.4 21.4 21.4 21.2 21.1 20.9 20.8 20.6 20.5 20.5 20.5 20.7 20.9 21.1 21.4 21.6 -9999.0 -9999.0 -9999.0 -9999.0 -9999.0 -9999.0 -9999.0 -9999.0 -9999.0 -9999.0 -9999.0 -9999.0 -9999.0 -9999.0 -9999.0 -9999.0 -9999.0 -9999.0 nan nan nan nan nan nan nan nan nan nan nan nan nan -9999.0
nan nan nan nan nan nan nan nan nan nan nan nan nan nan nan nan nan nan nan nan nan nan nan nan nan nan nan nan nan nan 20.9 21.1 21.5 22.0 22.0 nan nan 22.5 22.9 23.2 nan 19.6 21.1 21.6 21.5 21.3 21.1 20.9 20.8 20.7 20.6 20.6 20.7 20.9 21.2 21.5 22.0 22.4 -9999.0 -9999.0 -9999.0 -9999.0 -9999.0 -9999.0 -9999.0 -9999.0 -9999.0 -9999.0 -9999.0 -9999.0 -9999.0 -9999.0 -9999.0 -9999.0 -9999.0 -9999.0 -9999.0 nan nan nan nan nan nan nan nan nan nan nan nan -9999.0
nan nan nan nan nan nan nan nan nan nan nan nan nan nan nan nan nan nan nan nan nan nan nan nan nan nan nan nan nan nan 19.0 21.0 21.5 22.0 19.8 nan 16.5 17.9 20.0 12.9 19.7 16.0 18.6 21.7 21.6 21.3 21.1 20.9 20.8 20.7 20.7 20.8 20.9 21.2 21.6 22.0 22.6 22.6 -9999.0 -9999.0 -9999.0 -9999.0 -9999.0 -9999.0 -9999.0 -9999.0 -9999.0 -9999.0 -9999.0 -9999.0 -9999.0 -9999.0 -9999.0 -9999.0 -9999.0 -9999.0 -9999.0 -9999.0 nan nan nan nan nan nan nan nan nan nan nan -9999.0
nan nan nan nan nan nan nan nan nan nan nan nan nan nan nan nan nan nan nan nan nan nan nan nan nan nan nan nan nan nan 19.1 20.7 21.5 22.0 22.1 16.5 nan 20.4 16.6 13.6 16.9 nan 21.9 21.9 21.6 21.3 21.0 20.8 20.7 20.7 20.8 20.9 21.1 21.5 22.1 22.7 20.9 16.8 -9999.0 -9999.0 -9999.0 -9999.0 -9999.0 -9999.0 -9999.0 -9999.0 -9999.0 -9999.0 -9999.0 -9999.0 -9999.0 -9999.0 -9999.0 -9999.0 -9999.0 -9999.0 -9999.0 -9999.0 -9999.0 -9999.0 nan nan nan nan nan nan nan nan nan -9999.0
nan nan nan nan nan nan nan nan nan nan nan nan nan nan nan nan nan nan nan nan nan nan nan nan nan nan nan nan nan nan nan 21.0 21.5 22.0 22.5 nan nan 17.4 16.5 17.2 nan nan 21.9 21.8 21.5 21.2 21.0 20.8 20.7 20.7 20.8 21.0 21.4 22.0 22.8 23.3 21.9 19.2 -9999.0 -9999.0 -9999.0 -9999.0 -9999.0 -9999.0 -9999.0 -9999.0 -9999.0 -9999.0 -9999.0 nan nan nan -9999.0 -9999.0 -9999.0 -9999.0 -9999.0 -9999.0 -9999.0 -9999.0 -9999.0 -9999.0 -9999.0 -9999.0 -9999.0 nan nan nan -9999.0 -9999.0
nan nan nan nan nan nan nan nan nan nan nan nan nan nan nan nan nan nan nan nan nan nan nan nan nan nan nan nan nan nan nan 20.8 21.4 22.0 22.5 nan 14.5 17.8 21.8 14.9 nan nan 21.8 21.6 21.3 21.1 20.8 20.7 20.7 20.7 20.9 21.2 21.7 22.5 23.4 24.4 24.6 20.5 -9999.0 -9999.0 -9999.0 -9999.0 -9999.0 -9999.0 -9999.0 -9999.0 -9999.0 -9999.0 -9999.0 nan nan nan nan nan -9999.0 -9999.0 -9999.0 -9999.0 -9999.0 -9999.0 -9999.0 -9999.0 -9999.0 -9999.0 -9999.0 -9999.0 -9999.0 -9999.0 -9999.0 -9999.0
nan nan nan nan nan nan nan nan nan nan nan nan nan nan nan nan nan nan nan nan nan nan nan nan nan nan nan nan nan nan nan 16.1 21.4 22.0 22.7 21.9 20.3 18.8 14.7 11.7 15.2 nan 21.7 21.6 21.3 21.0 20.8 20.7 20.7 20.8 21.0 21.4 22.0 22.9 24.0 25.1 25.7 20.0 -9999.0 -9999.0 -9999.0 -9999.0 -9999.0 -9999.0 -9999.0 -9999.0 -9999.0 -9999.0 -9999.0 -9999.0 -9999.0 -9999.0 -9999.0 -9999.0 -9999.0 -9999.0 -9999.0 -9999.0 -9999.0 -9999.0 -9999.0 -9999.0 -9999.0 -9999.0 -9999.0 -9999.0 -9999.0 -9999.0 -9999.0 -9999.0
nan nan nan nan nan nan nan nan nan nan nan nan nan nan nan nan nan nan nan nan nan nan nan nan nan nan nan nan nan nan nan 16.1 21.2 22.0 22.8 23.2 23.2 nan 14.9 17.6 11.9 nan 21.6 21.7 21.5 21.2 20.9 20.8 20.7 20.8 21.1 21.6 22.4 23.4 24.5 25.5 26.0 20.3 -9999.0 -9999.0 -9999.0 -9999.0 -9999.0 -9999.0 -9999.0 -9999.0 -9999.0 -9999.0 -9999.0 -9999.0 -9999.0 -9999.0 -9999.0 -9999.0 -9999.0 -9999.0 -9999.0 -9999.0 -9999.0 -9999.0 -9999.0 -9999.0 -9999.0 -9999.0 -9999.0 -9999.0 -9999.0 -9999.0 -9999.0 -9999.0
nan nan nan nan nan nan nan nan nan nan nan nan nan nan nan nan nan nan nan nan nan nan nan nan nan nan nan nan nan nan nan 16.1 20.0 21.9 22.8 23.3 23.4 nan nan 16.6 14.8 nan nan 21.8 21.7 21.3 21.1 20.9 20.9 21.0 21.3 21.9 22.7 23.8 24.9 25.9 26.3 19.0 -9999.0 -9999.0 -9999.0 -9999.0 -9999.0 -9999.0 -9999.0 -9999.0 -9999.0 -9999.0 -9999.0 -9999.0 -9999.0 -9999.0 -9999.0 -9999.0 -9999.0 -9999.0 -9999.0 -9999.0 -9999.0 -9999.0 -9999.0 -9999.0 -9999.0 -9999.0 -9999.0 -9999.0 -9999.0 -9999.0 -9999.0 -9999.0
nan nan nan nan nan nan nan nan nan nan nan nan nan nan nan nan nan nan nan nan nan nan nan nan nan nan nan nan nan nan nan nan 15.3 22.0 22.8 23.5 nan nan nan 18.1 13.7 16.3 nan nan 21.3 21.3 21.1 20.9 20.9 21.0 21.4 22.0 22.9 24.0 25.1 26.2 27.2 26.0 -9999.0 -9999.0 -9999.0 -9999.0 -9999.0 -9999.0 -9999.0 -9999.0 -9999.0 -9999.0 -9999.0 -9999.0 -9999.0 -9999.0 -9999.0 -9999.0 -9999.0 -9999.0 -9999.0 -9999.0 -9999.0 -9999.0 -9999.0 -9999.0 nan nan nan -9999.0 -9999.0 -9999.0 -9999.0 -9999.0
nan nan nan nan nan nan nan nan nan nan nan nan nan nan nan nan nan nan nan nan nan nan nan nan nan nan nan nan nan nan nan nan 21.0 21.9 22.6 23.3 nan nan nan nan 15.7 16.2 24.8 nan 20.9 21.5 21.4 21.1 21.1 21.2 21.5 22.1 23.0 24.1 25.4 26.5 27.2 27.5 -9999.0 -9999.0 -9999.0 -9999.0 -9999.0 -9999.0 -9999.0 -9999.0 -9999.0 -9999.0 -9999.0 -9999.0 -9999.0 -9999.0 -9999.0 -9999.0 -9999.0 -9999.0 -9999.0 -9999.0 -9999.0 -9999.0 nan nan nan nan nan nan nan nan -9999.0 -9999.0
nan nan nan nan nan nan nan nan nan nan nan nan nan nan nan nan nan nan nan nan nan nan nan nan nan nan nan nan nan nan nan nan nan 21.8 22.7 23.4 nan nan nan nan 19.5 18.1 22.9 18.3 nan 21.9 22.0 21.5 21.3 21.4 21.7 22.3 23.1 24.2 25.5 26.8 27.8 28.5 -9999.0 -9999.0 -9999.0 -9999.0 -9999.0 -9999.0 -9999.0 -9999.0 -9999.0 -9999.0 -9999.0 nan nan nan nan nan nan nan nan nan nan nan nan nan nan nan nan nan nan nan nan nan
nan nan nan nan nan nan nan nan nan nan nan nan nan nan nan nan nan nan nan nan nan nan nan nan nan nan nan nan nan nan nan nan nan 21.8 22.4 23.6 23.5 nan nan nan 23.3 19.3 19.9 25.5 nan nan 21.9 21.6 21.4 21.5 21.8 22.3 23.0 24.0 25.5 27.0 28.2 29.2 -9999.0 -9999.0 -9999.0 -9999.0 -9999.0 -9999.0 -9999.0 -9999.0 -9999.0 -9999.0 nan nan nan nan nan nan nan nan nan nan nan nan nan nan nan nan nan nan nan nan nan nan
