data/output/RUN203/ECOSPACE/ECOSPACE_in_PAR3/PAR-VarZ-VarK/PAR-VarZ-VarK_2014_07.asc
ncols        93
nrows        151 
xllcorner    -123.80739
yllcorner    48.29471 
cellsize     0.013497347 
NODATA_value  0.0
[rows 80 to 119 of 151, columns 0 to 89 of 93]
nan nan nan nan nan nan nan nan nan nan nan nan nan nan nan nan nan nan nan nan nan nan nan 25.6 25.2 25.4 27.1 26.7 25.8 25.1 24.4 23.9 23.5 23.2 23.0 22.9 22.8 22.9 23.0 23.2 23.3 23.4 23.3 23.2 23.0 22.8 22.5 22.1 21.8 21.4 20.9 20.5 20.1 19.8 nan nan nan nan nan nan nan nan nan nan nan nan 15.9 16.0 16.1 16.1 nan 15.9 15.8 15.7 15.7 15.7 15.6 15.4 15.4 15.6 16.0 16.1 15.9 nan nan nan nan nan nan nan
nan nan nan nan nan nan nan nan nan nan nan nan nan nan nan nan nan nan nan nan nan nan nan nan nan nan 27.1 26.9 26.4 25.6 24.9 24.3 23.8 23.5 23.2 23.1 23.0 23.0 23.0 23.1 23.2 23.3 23.3 23.2 23.0 22.8 22.6 22.3 22.0 21.6 21.2 20.7 20.3 19.9 19.3 nan nan nan nan nan nan nan nan nan nan nan 16.2 16.2 nan nan nan nan nan 15.8 15.8 15.9 nan 15.5 15.6 15.9 16.2 16.3 nan nan nan nan nan nan nan nan
nan nan nan nan nan nan nan nan nan nan nan nan nan nan nan nan nan nan nan nan nan nan nan nan nan nan nan 26.9 26.6 26.1 25.5 24.9 24.3 23.9 23.5 23.3 23.2 23.1 23.0 23.1 23.1 23.2 23.2 23.1 23.0 22.8 22.6 22.4 22.1 21.8 21.4 21.0 20.5 20.1 19.6 19.1 nan nan nan nan nan nan nan nan nan 16.2 16.4 nan nan nan nan nan nan 15.8 15.8 15.8 nan 15.7 15.9 16.2 16.4 nan nan nan nan nan nan nan nan nan
nan nan nan nan nan nan nan nan nan nan nan nan nan nan nan nan nan nan nan nan nan nan nan nan nan nan nan nan 24.8 26.1 26.0 25.4 24.9 24.3 23.9 23.6 23.4 23.2 23.1 23.0 23.0 23.0 23.0 23.0 22.9 22.8 22.6 22.5 22.2 21.9 21.6 21.2 20.7 20.3 19.9 19.4 19.0 nan nan nan nan nan nan nan nan 16.3 16.4 nan nan nan nan nan nan 15.8 15.9 15.9 16.2 16.5 16.4 16.3 nan nan nan nan nan nan nan nan nan nan
nan nan nan nan nan nan nan nan nan nan nan nan nan nan nan nan nan nan nan nan nan nan nan nan nan nan nan nan nan 15.6 26.5 26.0 25.4 24.8 24.4 24.0 23.7 23.4 23.2 23.0 22.9 22.9 22.9 22.9 22.8 22.7 22.6 22.5 22.2 22.0 21.7 21.3 21.0 20.6 20.3 19.8 19.2 18.8 nan nan nan nan nan nan 16.4 16.5 16.5 nan 16.5 16.5 16.4 nan nan 15.9 16.0 16.1 16.5 16.9 nan nan nan nan nan nan nan nan nan nan nan nan
nan nan nan nan nan nan nan nan nan nan nan nan nan nan nan nan nan nan nan nan nan nan nan nan nan nan nan nan nan nan 15.6 26.2 25.9 25.4 24.9 24.4 24.0 23.7 23.4 23.1 22.9 22.8 22.8 22.7 22.6 22.6 22.5 22.4 22.1 21.9 21.7 21.4 21.1 20.8 20.6 20.2 19.8 19.3 nan nan nan nan nan 16.5 16.6 16.6 16.6 16.7 16.6 16.5 16.4 11.6 nan 16.0 16.1 16.4 16.7 16.8 nan nan nan nan nan nan nan nan nan nan nan nan
nan nan nan nan nan nan nan nan nan nan nan nan nan nan nan nan nan nan nan nan nan nan nan nan nan nan nan nan nan nan nan 23.7 25.9 25.9 25.4 24.9 24.4 24.0 23.6 23.3 23.0 22.9 22.7 22.6 22.6 22.5 22.4 22.2 22.1 21.9 21.7 21.5 21.2 21.0 20.8 20.6 20.2 19.6 18.9 nan nan 17.0 17.1 17.0 16.9 16.9 16.9 16.9 16.8 16.7 16.5 nan nan 16.2 16.3 16.5 16.8 16.8 nan nan nan nan nan nan nan nan nan nan nan nan
nan nan nan nan nan nan nan nan nan nan nan nan nan nan nan nan nan nan nan nan nan nan nan nan nan nan nan nan nan nan nan nan 26.6 26.4 25.9 25.4 24.9 24.4 23.9 23.5 23.2 23.0 22.8 22.7 22.6 22.5 22.3 22.1 22.0 21.8 21.7 21.5 21.4 21.1 20.9 20.7 20.4 19.9 19.2 18.3 17.9 17.6 17.5 nan 17.1 17.2 17.2 17.2 17.2 17.0 16.9 16.6 16.5 16.5 16.5 16.7 16.9 nan nan nan nan nan nan nan nan nan nan nan nan nan
nan nan nan nan nan nan nan nan nan nan nan nan nan nan nan nan nan nan nan nan nan nan nan nan nan nan nan nan nan nan 25.6 26.0 26.7 26.6 26.4 26.0 25.5 24.9 24.3 23.9 23.5 23.3 23.0 22.8 22.7 22.5 22.3 22.1 22.0 21.8 21.7 21.5 21.4 21.3 21.0 20.8 20.5 20.1 19.5 19.0 18.5 18.1 17.9 17.8 17.6 17.6 17.6 17.6 17.6 17.5 17.3 17.0 16.8 16.7 16.7 16.9 16.9 nan nan nan nan nan nan nan nan nan nan nan nan nan
nan nan nan nan nan nan nan nan nan nan nan nan nan nan nan nan nan nan nan nan nan nan nan nan nan nan nan nan nan nan nan nan 26.4 26.6 26.5 26.3 25.9 25.4 24.8 24.3 23.8 23.5 23.2 23.0 22.8 22.6 22.3 22.1 22.0 21.8 21.7 21.5 21.5 21.4 21.3 21.1 20.8 20.5 20.0 19.5 19.0 18.6 18.4 18.2 18.0 17.8 17.8 nan nan nan 17.4 17.3 17.0 16.9 16.9 17.0 nan nan nan nan nan nan nan nan nan nan nan nan nan nan
nan nan nan nan nan nan nan nan nan nan nan nan nan nan nan nan nan nan nan nan nan nan nan nan nan nan nan nan nan nan 18.6 16.6 26.4 26.5 26.5 26.4 26.2 25.9 25.4 24.8 24.2 23.7 23.4 23.1 22.8 22.6 22.4 22.1 22.0 21.8 21.7 21.5 21.5 21.4 21.4 21.3 21.2 20.9 20.5 20.0 19.5 19.0 18.6 18.5 nan nan nan nan nan nan nan 17.5 17.2 17.0 17.0 17.0 nan nan nan nan nan nan nan nan nan nan nan nan nan nan
nan nan nan nan nan nan nan nan nan nan nan nan nan nan nan nan nan nan nan nan nan nan nan nan nan nan nan nan nan nan 16.6 25.6 26.5 26.8 26.6 17.0 26.4 26.5 25.8 25.2 24.5 24.0 23.5 23.2 22.9 22.7 22.4 22.1 22.0 21.9 21.7 21.6 21.5 21.5 21.4 21.4 21.3 21.1 20.9 20.4 19.9 19.4 18.9 nan nan nan nan nan nan 17.4 17.4 17.5 17.3 17.2 17.1 nan nan nan nan nan nan nan nan nan nan nan nan nan nan nan
nan nan nan nan nan nan nan nan nan nan nan nan nan nan nan nan nan nan nan nan nan nan nan nan nan nan nan nan nan nan 18.7 24.8 26.6 27.2 nan nan nan 26.1 26.0 25.4 24.8 24.2 23.7 23.3 23.0 22.7 22.4 22.2 22.0 21.9 21.8 21.6 21.5 21.5 21.5 21.5 21.5 21.4 21.1 20.7 20.2 19.6 19.2 nan nan nan nan nan 17.5 17.5 17.4 17.4 17.3 17.2 nan nan nan nan nan nan nan nan nan nan nan nan nan nan nan nan
nan nan nan nan nan nan nan nan nan nan nan nan nan nan nan nan nan nan nan nan nan nan nan nan nan nan nan nan nan nan 18.6 15.7 27.0 27.4 nan nan nan 24.1 25.7 25.4 25.0 24.5 24.0 23.6 23.2 22.9 22.5 22.3 22.1 22.0 21.8 21.7 21.6 21.6 21.6 21.6 21.6 21.5 21.3 20.9 20.4 19.8 19.2 18.4 18.0 nan 17.6 17.6 17.5 17.5 17.4 17.4 nan nan nan nan nan nan nan nan nan nan nan nan nan nan nan nan nan nan
nan nan nan nan nan nan nan nan nan nan nan nan nan nan nan nan nan nan nan nan nan nan nan nan nan nan nan nan nan nan nan nan 27.1 23.8 nan nan nan nan 25.2 25.5 25.3 24.9 24.3 23.8 23.5 23.0 22.7 22.4 22.2 22.0 21.9 21.7 21.6 21.7 21.7 21.8 21.8 21.6 21.4 21.1 20.6 20.0 19.3 18.8 18.3 18.0 17.8 17.6 17.5 17.4 17.3 nan nan nan nan nan nan nan nan nan nan nan nan nan nan nan nan nan nan nan
nan nan nan nan nan nan nan nan nan nan nan nan nan nan nan nan nan nan nan nan nan nan nan nan nan nan nan nan nan nan nan nan nan 21.8 13.5 nan nan nan 16.6 25.7 25.7 25.4 24.8 24.2 23.7 23.2 22.9 22.5 22.3 22.1 21.9 21.7 21.7 21.7 21.8 21.8 21.8 21.7 21.5 21.2 20.8 20.3 19.7 19.1 18.6 18.2 18.0 17.7 17.6 17.4 17.2 nan nan nan nan nan nan nan nan nan nan nan nan nan nan nan nan nan nan nan
nan nan nan nan nan nan nan nan nan nan nan nan nan nan nan nan nan nan nan nan nan nan nan nan nan nan nan nan nan nan nan nan nan nan 15.7 24.0 nan nan nan nan 25.9 26.0 25.2 24.5 24.0 23.5 23.0 22.7 22.4 22.2 22.0 21.8 21.8 21.8 21.9 21.9 21.9 21.8 21.6 21.4 21.0 20.6 20.0 19.4 18.9 18.5 18.2 17.9 17.7 17.5 17.3 17.1 nan nan nan nan nan nan nan nan nan nan nan nan nan nan nan nan nan nan
nan nan nan nan nan nan nan nan nan nan nan nan nan nan nan nan nan nan nan nan nan nan nan nan nan nan nan nan nan nan nan nan nan nan nan 18.5 18.9 nan nan nan nan 25.0 25.4 24.8 24.2 23.6 23.1 22.8 22.5 22.3 22.1 21.9 21.9 21.9 22.0 22.0 22.0 21.9 21.7 21.5 21.2 20.7 20.1 19.6 19.1 18.6 18.3 18.0 17.8 17.5 17.4 17.3 17.2 11.9 nan nan nan nan nan nan nan nan nan nan nan nan nan nan nan nan
nan nan nan nan nan nan nan nan nan nan nan nan nan nan nan nan nan nan nan nan nan nan nan nan nan nan nan nan nan nan nan nan nan nan 17.1 21.5 26.2 26.1 nan 18.9 nan 22.6 25.4 24.9 24.3 23.7 23.2 22.9 22.6 22.4 22.1 22.0 22.0 22.0 22.1 22.1 22.1 22.0 21.9 21.6 21.3 20.8 20.3 19.8 19.2 18.8 18.4 18.2 17.9 17.6 17.3 17.3 17.2 17.0 nan nan nan nan nan nan nan nan nan nan nan nan nan nan nan nan
nan nan nan nan nan nan nan nan nan nan nan nan nan nan nan nan nan nan nan nan nan nan nan nan nan nan nan nan nan nan nan nan nan nan 25.9 26.5 26.7 26.5 19.9 23.1 24.1 22.0 25.5 25.0 24.4 23.8 23.3 23.0 22.6 22.4 22.2 22.1 22.1 22.2 22.2 22.2 22.2 22.1 22.0 21.7 21.4 20.8 20.2 19.6 19.1 18.6 17.9 18.0 18.0 17.8 17.3 17.2 17.1 17.1 17.1 nan nan nan nan nan nan nan nan nan nan nan nan nan nan nan
nan nan nan nan nan nan nan nan nan nan nan nan nan nan nan nan nan nan nan nan nan nan nan nan nan nan nan nan nan nan nan nan nan nan 26.2 26.6 26.7 26.9 26.8 nan 24.4 24.8 25.5 25.1 24.6 24.0 23.4 23.0 22.7 22.5 22.3 22.2 22.3 22.4 22.4 22.4 22.4 22.2 22.1 21.8 21.3 20.7 -9999.0 -9999.0 -9999.0 -9999.0 -9999.0 -9999.0 -9999.0 13.0 17.4 17.2 17.2 17.0 17.0 nan nan nan nan nan nan nan nan nan nan nan nan nan nan -9999.0
nan nan nan nan nan nan nan nan nan nan nan nan nan nan nan nan nan nan nan nan nan nan nan nan nan nan nan nan nan nan nan nan nan nan 26.1 26.4 26.5 26.4 26.4 nan nan 25.7 25.6 25.2 24.7 24.1 23.5 23.1 22.8 22.6 22.5 22.4 22.5 22.5 22.6 22.5 22.5 22.4 22.1 21.8 21.2 -9999.0 -9999.0 -9999.0 -9999.0 -9999.0 -9999.0 -9999.0 -9999.0 nan 15.5 17.4 17.3 16.8 nan nan nan nan nan nan nan nan nan nan nan nan nan nan nan -9999.0
nan nan nan nan nan nan nan nan nan nan nan nan nan nan nan nan nan nan nan nan nan nan nan nan nan nan nan nan nan nan nan nan nan nan 25.9 26.0 26.1 26.2 26.6 nan 21.5 24.9 25.7 25.3 24.7 24.1 23.6 23.2 22.9 22.8 22.7 22.6 22.6 22.7 22.7 22.7 22.6 22.5 22.2 21.8 21.2 -9999.0 -9999.0 -9999.0 -9999.0 -9999.0 -9999.0 -9999.0 -9999.0 -9999.0 -9999.0 nan 12.6 12.6 nan nan nan nan nan nan nan nan nan nan nan nan nan nan nan -9999.0
nan nan nan nan nan nan nan nan nan nan nan nan nan nan nan nan nan nan nan nan nan nan nan nan nan nan nan nan nan nan nan nan nan nan 25.7 25.8 26.2 26.7 24.9 17.6 23.8 22.0 25.7 25.3 24.7 24.2 23.7 23.3 23.1 23.0 22.9 22.8 22.8 22.9 22.9 22.8 22.8 22.6 22.3 21.8 -9999.0 -9999.0 -9999.0 -9999.0 -9999.0 -9999.0 -9999.0 -9999.0 -9999.0 -9999.0 -9999.0 nan nan nan nan nan nan nan nan nan nan nan nan nan nan nan nan nan nan -9999.0
nan nan nan nan nan nan nan nan nan nan nan nan nan nan nan nan nan nan nan nan nan nan nan nan nan nan nan nan nan nan nan nan 24.9 25.2 25.8 26.1 26.8 27.7 28.5 27.8 nan 26.0 25.6 25.2 24.8 24.3 23.9 23.5 23.2 23.1 23.0 23.0 23.0 23.0 23.0 23.1 23.0 22.8 22.4 -9999.0 -9999.0 -9999.0 -9999.0 -9999.0 -9999.0 -9999.0 -9999.0 -9999.0 -9999.0 -9999.0 -9999.0 -9999.0 nan nan nan nan nan nan nan nan nan nan nan nan nan nan nan nan nan -9999.0
nan nan nan nan nan nan nan nan nan nan nan nan nan nan nan nan nan nan nan nan nan nan nan nan nan nan nan nan nan 18.9 nan nan 25.6 25.8 26.0 26.5 27.4 28.5 29.3 nan nan 25.6 25.6 25.3 24.9 24.5 24.0 23.7 23.5 23.3 23.2 23.2 23.1 23.2 23.3 23.4 23.3 23.1 22.7 -9999.0 -9999.0 -9999.0 -9999.0 -9999.0 -9999.0 -9999.0 -9999.0 -9999.0 -9999.0 -9999.0 -9999.0 -9999.0 -9999.0 -9999.0 nan nan nan nan nan nan nan nan nan nan nan nan nan nan nan -9999.0
nan nan nan nan nan nan nan nan nan nan nan nan nan nan nan nan nan nan nan nan nan nan nan nan nan nan nan nan nan 15.5 15.6 nan 25.9 26.3 25.1 23.6 26.4 28.2 28.6 27.6 nan 25.5 25.7 25.5 25.1 24.7 24.3 23.9 23.6 23.5 23.4 23.3 23.4 23.5 23.7 23.8 23.8 23.6 -9999.0 -9999.0 -9999.0 -9999.0 -9999.0 -9999.0 -9999.0 -9999.0 -9999.0 -9999.0 -9999.0 -9999.0 -9999.0 -9999.0 -9999.0 -9999.0 -9999.0 nan nan nan nan nan nan nan nan nan nan nan nan nan nan -9999.0
nan nan nan nan nan nan nan nan nan nan nan nan nan nan nan nan nan nan nan nan nan nan nan nan nan nan nan nan nan 16.4 25.5 25.9 26.2 26.7 27.3 nan 17.1 27.6 27.8 27.9 nan 25.6 26.2 26.0 25.4 25.0 24.6 24.2 23.9 23.8 23.7 23.6 23.7 23.9 24.1 24.3 24.3 24.1 -9999.0 -9999.0 -9999.0 -9999.0 -9999.0 -9999.0 -9999.0 -9999.0 -9999.0 -9999.0 -9999.0 -9999.0 -9999.0 -9999.0 -9999.0 -9999.0 -9999.0 -9999.0 nan nan nan nan nan nan nan nan nan nan nan nan nan -9999.0
nan nan nan nan nan nan nan nan nan nan nan nan nan nan nan nan nan nan nan nan nan nan nan nan nan nan nan nan nan nan 25.3 25.7 26.2 26.8 26.7 nan nan 27.2 27.5 28.4 nan 23.5 25.1 26.2 25.7 25.2 24.8 24.5 24.2 24.0 24.0 24.0 24.1 24.3 24.6 24.8 24.9 24.8 -9999.0 -9999.0 -9999.0 -9999.0 -9999.0 -9999.0 -9999.0 -9999.0 -9999.0 -9999.0 -9999.0 -9999.0 -9999.0 -9999.0 -9999.0 -9999.0 -9999.0 -9999.0 -9999.0 nan nan nan nan nan nan nan nan nan nan nan nan -9999.0
nan nan nan nan nan nan nan nan nan nan nan nan nan nan nan nan nan nan nan nan nan nan nan nan nan nan nan nan nan nan 23.0 25.7 26.2 26.8 24.2 nan 19.2 21.7 24.8 16.1 23.3 18.9 22.0 25.7 25.8 25.5 25.1 24.8 24.6 24.4 24.4 24.4 24.6 24.9 25.2 25.4 25.5 25.3 -9999.0 -9999.0 -9999.0 -9999.0 -9999.0 -9999.0 -9999.0 -9999.0 -9999.0 -9999.0 -9999.0 -9999.0 -9999.0 -9999.0 -9999.0 -9999.0 -9999.0 -9999.0 -9999.0 -9999.0 nan nan nan nan nan nan nan nan nan nan nan -9999.0
nan nan nan nan nan nan nan nan nan nan nan nan nan nan nan nan nan nan nan nan nan nan nan nan nan nan nan nan nan nan 23.3 25.4 26.2 26.7 26.5 19.2 nan 24.7 21.1 17.1 20.5 nan 26.1 26.4 26.1 25.7 25.3 25.1 24.9 24.8 24.7 24.8 25.0 25.3 25.7 25.9 25.7 21.2 -9999.0 -9999.0 -9999.0 -9999.0 -9999.0 -9999.0 -9999.0 -9999.0 -9999.0 -9999.0 -9999.0 -9999.0 -9999.0 -9999.0 -9999.0 -9999.0 -9999.0 -9999.0 -9999.0 -9999.0 -9999.0 -9999.0 nan nan nan nan nan nan nan nan nan -9999.0
nan nan nan nan nan nan nan nan nan nan nan nan nan nan nan nan nan nan nan nan nan nan nan nan nan nan nan nan nan nan nan 25.7 26.2 26.7 27.1 nan nan 20.2 20.9 20.6 nan nan 26.5 26.5 26.2 25.9 25.5 25.3 25.2 25.2 25.2 25.3 25.5 25.8 26.1 26.4 26.1 22.8 -9999.0 -9999.0 -9999.0 -9999.0 -9999.0 -9999.0 -9999.0 -9999.0 -9999.0 -9999.0 -9999.0 nan nan nan -9999.0 -9999.0 -9999.0 -9999.0 -9999.0 -9999.0 -9999.0 -9999.0 -9999.0 -9999.0 -9999.0 -9999.0 -9999.0 nan nan nan -9999.0 -9999.0
nan nan nan nan nan nan nan nan nan nan nan nan nan nan nan nan nan nan nan nan nan nan nan nan nan nan nan nan nan nan nan 25.3 26.1 26.7 27.4 nan 16.9 18.9 26.2 18.1 nan nan 26.5 26.6 26.3 26.0 25.6 25.5 25.4 25.4 25.5 25.7 25.9 26.2 26.6 27.0 27.3 24.2 -9999.0 -9999.0 -9999.0 -9999.0 -9999.0 -9999.0 -9999.0 -9999.0 -9999.0 -9999.0 -9999.0 nan nan nan nan nan -9999.0 -9999.0 -9999.0 -9999.0 -9999.0 -9999.0 -9999.0 -9999.0 -9999.0 -9999.0 -9999.0 -9999.0 -9999.0 -9999.0 -9999.0 -9999.0
nan nan nan nan nan nan nan nan nan nan nan nan nan nan nan nan nan nan nan nan nan nan nan nan nan nan nan nan nan nan nan 18.9 26.0 26.7 27.0 26.8 24.9 22.3 17.4 14.5 18.7 nan 26.5 26.6 26.4 26.1 25.8 25.6 25.6 25.6 25.8 26.0 26.3 26.7 27.0 27.6 28.3 25.1 -9999.0 -9999.0 -9999.0 -9999.0 -9999.0 -9999.0 -9999.0 -9999.0 -9999.0 -9999.0 -9999.0 -9999.0 -9999.0 -9999.0 -9999.0 -9999.0 -9999.0 -9999.0 -9999.0 -9999.0 -9999.0 -9999.0 -9999.0 -9999.0 -9999.0 -9999.0 -9999.0 -9999.0 -9999.0 -9999.0 -9999.0 -9999.0
nan nan nan nan nan nan nan nan nan nan nan nan nan nan nan nan nan nan nan nan nan nan nan nan nan nan nan nan nan nan nan 18.9 25.9 26.6 27.5 27.8 28.0 nan 18.1 21.3 14.3 nan 26.4 26.7 26.6 26.3 26.0 25.8 25.8 25.8 26.0 26.3 26.7 27.1 27.5 28.1 28.8 25.1 -9999.0 -9999.0 -9999.0 -9999.0 -9999.0 -9999.0 -9999.0 -9999.0 -9999.0 -9999.0 -9999.0 -9999.0 -9999.0 -9999.0 -9999.0 -9999.0 -9999.0 -9999.0 -9999.0 -9999.0 -9999.0 -9999.0 -9999.0 -9999.0 -9999.0 -9999.0 -9999.0 -9999.0 -9999.0 -9999.0 -9999.0 -9999.0
nan nan nan nan nan nan nan nan nan nan nan nan nan nan nan nan nan nan nan nan nan nan nan nan nan nan nan nan nan nan nan 18.9 23.9 26.3 27.3 27.9 28.1 nan nan 19.9 18.2 nan nan 26.7 26.6 26.3 26.1 26.0 25.9 26.0 26.2 26.6 27.0 27.5 28.0 28.5 29.2 24.9 -9999.0 -9999.0 -9999.0 -9999.0 -9999.0 -9999.0 -9999.0 -9999.0 -9999.0 -9999.0 -9999.0 -9999.0 -9999.0 -9999.0 -9999.0 -9999.0 -9999.0 -9999.0 -9999.0 -9999.0 -9999.0 -9999.0 -9999.0 -9999.0 -9999.0 -9999.0 -9999.0 -9999.0 -9999.0 -9999.0 -9999.0 -9999.0
nan nan nan nan nan nan nan nan nan nan nan nan nan nan nan nan nan nan nan nan nan nan nan nan nan nan nan nan nan nan nan nan 17.9 26.6 27.3 27.9 nan nan nan 22.1 17.0 21.6 nan nan 26.2 26.2 26.1 26.0 26.0 26.1 26.4 26.8 27.3 27.9 28.5 29.1 29.6 29.8 -9999.0 -9999.0 -9999.0 -9999.0 -9999.0 -9999.0 -9999.0 -9999.0 -9999.0 -9999.0 -9999.0 -9999.0 -9999.0 -9999.0 -9999.0 -9999.0 -9999.0 -9999.0 -9999.0 -9999.0 -9999.0 -9999.0 -9999.0 -9999.0 nan nan nan -9999.0 -9999.0 -9999.0 -9999.0 -9999.0
nan nan nan nan nan nan nan nan nan nan nan nan nan nan nan nan nan nan nan nan nan nan nan nan nan nan nan nan nan nan nan nan 25.6 26.5 27.1 27.8 nan nan nan nan 19.7 20.9 30.2 nan 25.9 26.3 26.3 26.2 26.1 26.2 26.5 27.0 27.6 28.2 28.9 29.6 30.1 30.9 -9999.0 -9999.0 -9999.0 -9999.0 -9999.0 -9999.0 -9999.0 -9999.0 -9999.0 -9999.0 -9999.0 -9999.0 -9999.0 -9999.0 -9999.0 -9999.0 -9999.0 -9999.0 -9999.0 -9999.0 -9999.0 -9999.0 nan nan nan nan nan nan nan nan -9999.0 -9999.0
nan nan nan nan nan nan nan nan nan nan nan nan nan nan nan nan nan nan nan nan nan nan nan nan nan nan nan nan nan nan nan nan nan 26.4 27.2 28.0 nan nan nan nan 23.5 23.0 29.6 21.2 nan 26.6 26.8 26.5 26.4 26.4 26.7 27.1 27.7 28.5 29.2 30.0 30.5 31.3 -9999.0 -9999.0 -9999.0 -9999.0 -9999.0 -9999.0 -9999.0 -9999.0 -9999.0 -9999.0 -9999.0 nan nan nan nan nan nan nan nan nan nan nan nan nan nan nan nan nan nan nan nan nan
nan nan nan nan nan nan nan nan nan nan nan nan nan nan nan nan nan nan nan nan nan nan nan nan nan nan nan nan nan nan nan nan nan 26.3 27.2 28.2 28.2 nan nan nan 27.9 24.9 26.8 30.1 nan nan 26.5 26.4 26.4 26.5 26.7 27.2 27.8 28.6 29.5 30.4 31.0 31.8 -9999.0 -9999.0 -9999.0 -9999.0 -9999.0 -9999.0 -9999.0 -9999.0 -9999.0 -9999.0 nan nan nan nan nan nan nan nan nan nan nan nan nan nan nan nan nan nan nan nan nan nan
