data/output/RUN203/ECOSPACE/ECOSPACE_in_PAR3/PAR-VarZ-VarK/PAR-VarZ-VarK_2013_05.asc
ncols        93
nrows        151 
xllcorner    -123.80739
yllcorner    48.29471 
cellsize     0.013497347 
NODATA_value  0.0
[rows 80 to 119 of 151, columns 0 to 89 of 93]
nan nan nan nan nan nan nan nan nan nan nan nan nan nan nan nan nan nan nan nan nan nan nan 39.4 38.4 39.4 42.5 42.8 41.9 40.8 39.5 38.1 36.7 35.3 33.9 32.7 31.4 30.1 28.7 27.1 25.5 23.9 22.5 21.3 20.3 19.6 18.9 18.4 17.8 17.3 16.8 16.5 16.2 16.1 nan nan nan nan nan nan nan nan nan nan nan nan 14.5 14.7 14.8 14.9 nan 14.6 14.6 14.6 14.7 14.8 14.8 14.6 14.6 14.8 15.2 15.3 15.2 nan nan nan nan nan nan nan
nan nan nan nan nan nan nan nan nan nan nan nan nan nan nan nan nan nan nan nan nan nan nan nan nan nan 43.6 43.4 42.6 41.6 40.4 39.0 37.5 36.1 34.8 33.5 32.2 30.9 29.4 27.8 26.2 24.6 23.1 21.8 20.8 20.0 19.3 18.7 18.1 17.6 17.1 16.7 16.4 16.2 15.9 nan nan nan nan nan nan nan nan nan nan nan 14.8 14.8 nan nan nan nan nan 14.7 14.9 15.0 nan 14.7 14.9 15.2 15.5 15.6 nan nan nan nan nan nan nan nan
nan nan nan nan nan nan nan nan nan nan nan nan nan nan nan nan nan nan nan nan nan nan nan nan nan nan nan 43.8 43.1 42.6 41.4 40.0 38.5 37.0 35.7 34.3 33.0 31.6 30.1 28.5 26.9 25.3 23.7 22.3 21.2 20.3 19.6 19.0 18.5 18.0 17.5 17.0 16.6 16.3 16.1 15.8 nan nan nan nan nan nan nan nan nan 14.8 15.1 nan nan nan nan nan nan 14.8 14.9 14.9 nan 14.9 15.2 15.5 15.6 nan nan nan nan nan nan nan nan nan
nan nan nan nan nan nan nan nan nan nan nan nan nan nan nan nan nan nan nan nan nan nan nan nan nan nan nan nan 41.7 42.6 42.5 41.1 39.5 38.0 36.4 35.0 33.6 32.2 30.7 29.1 27.5 25.9 24.3 22.9 21.6 20.6 19.9 19.3 18.8 18.3 17.8 17.3 16.9 16.6 16.3 16.0 15.8 nan nan nan nan nan nan nan nan 14.8 15.1 nan nan nan nan nan nan 14.8 14.9 15.1 15.3 15.6 15.6 15.6 nan nan nan nan nan nan nan nan nan nan
nan nan nan nan nan nan nan nan nan nan nan nan nan nan nan nan nan nan nan nan nan nan nan nan nan nan nan nan nan 16.4 43.4 42.1 40.5 38.9 37.3 35.7 34.3 32.8 31.3 29.7 28.1 26.4 24.8 23.3 22.0 20.9 20.1 19.5 19.1 18.6 18.2 17.7 17.3 16.9 16.6 16.3 16.0 15.8 nan nan nan nan nan nan 14.8 14.9 15.1 nan 15.3 15.3 15.3 nan nan 14.9 15.1 15.3 15.6 15.9 nan nan nan nan nan nan nan nan nan nan nan nan
nan nan nan nan nan nan nan nan nan nan nan nan nan nan nan nan nan nan nan nan nan nan nan nan nan nan nan nan nan nan 17.5 42.8 41.5 39.8 38.2 36.5 35.0 33.4 31.9 30.3 28.5 26.9 25.3 23.8 22.4 21.3 20.4 19.8 19.3 18.9 18.5 18.1 17.7 17.3 16.9 16.6 16.3 16.0 nan nan nan nan nan 14.9 15.0 15.1 15.2 15.3 15.3 15.3 15.3 10.5 nan 14.9 15.2 15.4 15.6 15.7 nan nan nan nan nan nan nan nan nan nan nan nan
nan nan nan nan nan nan nan nan nan nan nan nan nan nan nan nan nan nan nan nan nan nan nan nan nan nan nan nan nan nan nan 40.1 41.7 40.8 39.1 37.4 35.8 34.2 32.5 30.8 29.0 27.3 25.7 24.2 22.8 21.7 20.8 20.1 19.6 19.2 18.8 18.4 18.1 17.7 17.3 17.0 16.6 16.2 15.8 nan nan 15.1 15.2 15.2 15.1 15.3 15.4 15.4 15.4 15.4 15.3 nan nan 15.1 15.4 15.5 15.7 15.7 nan nan nan nan nan nan nan nan nan nan nan nan
nan nan nan nan nan nan nan nan nan nan nan nan nan nan nan nan nan nan nan nan nan nan nan nan nan nan nan nan nan nan nan nan 42.8 41.4 39.8 38.2 36.6 34.9 33.2 31.3 29.5 27.8 26.2 24.7 23.3 22.1 21.2 20.4 19.9 19.5 19.1 18.8 18.4 18.1 17.7 17.3 17.0 16.6 16.2 15.8 15.6 15.5 15.5 nan 15.4 15.5 15.7 15.8 15.7 15.7 15.6 15.4 15.4 15.5 15.5 15.6 15.7 nan nan nan nan nan nan nan nan nan nan nan nan nan
nan nan nan nan nan nan nan nan nan nan nan nan nan nan nan nan nan nan nan nan nan nan nan nan nan nan nan nan nan nan 41.8 42.3 42.6 41.7 40.5 39.1 37.5 35.7 33.9 32.0 30.1 28.3 26.7 25.2 23.8 22.6 21.6 20.8 20.2 19.8 19.4 19.1 18.8 18.5 18.2 17.8 17.4 16.9 16.5 16.2 15.9 15.8 15.7 15.8 15.8 15.9 16.0 16.1 16.1 16.1 15.9 15.6 15.6 15.6 15.6 15.7 15.6 nan nan nan nan nan nan nan nan nan nan nan nan nan
nan nan nan nan nan nan nan nan nan nan nan nan nan nan nan nan nan nan nan nan nan nan nan nan nan nan nan nan nan nan nan nan 42.4 41.7 40.7 39.7 38.3 36.6 34.6 32.6 30.6 28.9 27.2 25.6 24.2 23.0 22.0 21.2 20.6 20.1 19.8 19.5 19.2 19.0 18.7 18.3 17.9 17.4 17.0 16.6 16.3 16.1 16.1 16.1 16.0 16.0 16.1 nan nan nan 15.9 15.8 15.7 15.6 15.6 15.6 nan nan nan nan nan nan nan nan nan nan nan nan nan nan
nan nan nan nan nan nan nan nan nan nan nan nan nan nan nan nan nan nan nan nan nan nan nan nan nan nan nan nan nan nan 17.5 16.1 41.9 41.5 40.9 40.2 39.2 37.7 35.6 33.5 31.4 29.6 27.8 26.2 24.8 23.5 22.4 21.6 21.0 20.5 20.1 19.8 19.6 19.4 19.1 18.8 18.4 17.9 17.4 17.0 16.6 16.4 16.2 16.2 nan nan nan nan nan nan nan 16.0 15.8 15.6 15.6 15.5 nan nan nan nan nan nan nan nan nan nan nan nan nan nan
nan nan nan nan nan nan nan nan nan nan nan nan nan nan nan nan nan nan nan nan nan nan nan nan nan nan nan nan nan nan 17.9 41.0 41.6 41.4 41.1 19.8 40.0 38.7 36.4 34.3 32.3 30.4 28.5 26.8 25.3 24.0 22.9 22.0 21.4 20.9 20.5 20.2 19.9 19.7 19.5 19.2 18.8 18.3 17.8 17.3 16.9 16.5 16.3 nan nan nan nan nan nan 15.6 15.7 15.8 15.7 15.5 15.5 nan nan nan nan nan nan nan nan nan nan nan nan nan nan nan
nan nan nan nan nan nan nan nan nan nan nan nan nan nan nan nan nan nan nan nan nan nan nan nan nan nan nan nan nan nan 17.6 39.1 41.3 40.9 nan nan nan 38.6 37.2 35.2 33.3 31.2 29.3 27.5 25.9 24.5 23.3 22.4 21.8 21.3 20.8 20.5 20.2 20.0 19.8 19.5 19.1 18.7 18.1 17.6 17.1 16.7 16.4 nan nan nan nan nan 15.5 15.5 15.5 15.6 15.5 15.4 nan nan nan nan nan nan nan nan nan nan nan nan nan nan nan nan
nan nan nan nan nan nan nan nan nan nan nan nan nan nan nan nan nan nan nan nan nan nan nan nan nan nan nan nan nan nan 17.4 16.8 41.2 40.8 nan nan nan 36.1 38.0 36.4 34.4 32.2 30.1 28.2 26.5 25.0 23.8 22.9 22.2 21.6 21.2 20.8 20.5 20.2 20.0 19.7 19.4 18.9 18.3 17.8 17.2 16.8 16.4 15.9 15.7 nan 15.5 15.5 15.5 15.4 15.4 15.3 nan nan nan nan nan nan nan nan nan nan nan nan nan nan nan nan nan nan
nan nan nan nan nan nan nan nan nan nan nan nan nan nan nan nan nan nan nan nan nan nan nan nan nan nan nan nan nan nan nan nan 41.5 33.8 nan nan nan nan 37.6 37.7 35.9 33.4 31.0 28.8 27.0 25.5 24.3 23.3 22.5 22.0 21.5 21.1 20.7 20.5 20.2 19.9 19.5 19.1 18.5 18.0 17.4 16.9 16.4 16.1 15.9 15.7 15.6 15.5 15.4 15.3 15.1 nan nan nan nan nan nan nan nan nan nan nan nan nan nan nan nan nan nan nan
nan nan nan nan nan nan nan nan nan nan nan nan nan nan nan nan nan nan nan nan nan nan nan nan nan nan nan nan nan nan nan nan nan 34.9 17.8 nan nan nan 16.4 39.6 37.7 34.8 31.9 29.5 27.6 26.0 24.7 23.7 22.9 22.2 21.7 21.3 20.9 20.6 20.3 20.0 19.7 19.2 18.7 18.1 17.6 17.0 16.6 16.2 15.9 15.7 15.6 15.4 15.3 15.2 15.1 nan nan nan nan nan nan nan nan nan nan nan nan nan nan nan nan nan nan nan
nan nan nan nan nan nan nan nan nan nan nan nan nan nan nan nan nan nan nan nan nan nan nan nan nan nan nan nan nan nan nan nan nan nan 19.0 33.3 nan nan nan nan 38.5 36.0 32.5 30.0 28.0 26.4 25.0 24.0 23.1 22.5 21.9 21.5 21.1 20.8 20.5 20.2 19.8 19.4 18.8 18.3 17.7 17.2 16.8 16.3 16.0 15.7 15.5 15.4 15.2 15.2 15.1 14.9 nan nan nan nan nan nan nan nan nan nan nan nan nan nan nan nan nan nan
nan nan nan nan nan nan nan nan nan nan nan nan nan nan nan nan nan nan nan nan nan nan nan nan nan nan nan nan nan nan nan nan nan nan nan 24.0 17.4 nan nan nan nan 34.1 32.9 30.3 28.3 26.6 25.3 24.2 23.3 22.7 22.1 21.6 21.3 21.0 20.7 20.4 20.0 19.5 18.9 18.4 17.8 17.3 16.8 16.4 16.0 15.7 15.5 15.3 15.2 15.1 15.0 15.0 15.0 10.4 nan nan nan nan nan nan nan nan nan nan nan nan nan nan nan nan
nan nan nan nan nan nan nan nan nan nan nan nan nan nan nan nan nan nan nan nan nan nan nan nan nan nan nan nan nan nan nan nan nan nan 18.3 22.6 33.4 33.3 nan 17.4 nan 31.1 32.7 30.5 28.5 26.8 25.5 24.4 23.5 22.8 22.3 21.8 21.4 21.1 20.8 20.5 20.1 19.6 19.0 18.4 17.9 17.3 16.8 16.4 15.9 15.6 15.4 15.3 15.2 15.0 14.9 14.9 14.9 14.9 nan nan nan nan nan nan nan nan nan nan nan nan nan nan nan nan
nan nan nan nan nan nan nan nan nan nan nan nan nan nan nan nan nan nan nan nan nan nan nan nan nan nan nan nan nan nan nan nan nan nan 33.9 33.9 34.1 32.0 19.0 30.6 32.5 26.8 32.3 30.6 28.6 27.0 25.7 24.6 23.7 23.0 22.4 21.9 21.5 21.2 20.9 20.6 20.2 19.7 19.1 18.5 17.9 17.3 16.8 16.3 15.9 15.5 14.8 14.9 14.2 14.9 14.8 14.9 14.9 15.0 15.0 nan nan nan nan nan nan nan nan nan nan nan nan nan nan nan
nan nan nan nan nan nan nan nan nan nan nan nan nan nan nan nan nan nan nan nan nan nan nan nan nan nan nan nan nan nan nan nan nan nan 34.1 34.1 33.9 33.6 32.1 nan 35.0 32.4 33.0 30.7 28.7 27.1 25.9 24.8 23.9 23.2 22.6 22.1 21.6 21.3 21.0 20.7 20.2 19.7 19.1 18.5 17.9 17.2 -9999.0 -9999.0 -9999.0 -9999.0 -9999.0 -9999.0 -9999.0 11.3 14.9 14.8 14.9 14.9 14.9 nan nan nan nan nan nan nan nan nan nan nan nan nan nan -9999.0
nan nan nan nan nan nan nan nan nan nan nan nan nan nan nan nan nan nan nan nan nan nan nan nan nan nan nan nan nan nan nan nan nan nan 34.1 33.9 33.7 33.5 33.3 nan nan 35.1 33.0 30.8 28.8 27.2 25.9 24.9 24.0 23.3 22.7 22.2 21.7 21.4 21.1 20.7 20.2 19.7 19.1 18.5 17.8 -9999.0 -9999.0 -9999.0 -9999.0 -9999.0 -9999.0 -9999.0 -9999.0 nan 13.7 14.8 15.0 14.5 nan nan nan nan nan nan nan nan nan nan nan nan nan nan nan -9999.0
nan nan nan nan nan nan nan nan nan nan nan nan nan nan nan nan nan nan nan nan nan nan nan nan nan nan nan nan nan nan nan nan nan nan 33.9 33.6 33.5 33.5 33.9 nan 27.0 30.7 32.7 30.7 28.8 27.3 26.0 25.0 24.1 23.4 22.8 22.3 21.8 21.5 21.1 20.7 20.2 19.7 19.1 18.5 17.8 -9999.0 -9999.0 -9999.0 -9999.0 -9999.0 -9999.0 -9999.0 -9999.0 -9999.0 -9999.0 nan 11.0 11.0 nan nan nan nan nan nan nan nan nan nan nan nan nan nan nan -9999.0
nan nan nan nan nan nan nan nan nan nan nan nan nan nan nan nan nan nan nan nan nan nan nan nan nan nan nan nan nan nan nan nan nan nan 33.6 33.4 33.6 33.5 29.9 20.0 31.4 27.6 32.0 30.6 28.8 27.3 26.1 25.1 24.2 23.5 22.9 22.4 21.9 21.5 21.1 20.7 20.2 19.6 19.1 18.4 -9999.0 -9999.0 -9999.0 -9999.0 -9999.0 -9999.0 -9999.0 -9999.0 -9999.0 -9999.0 -9999.0 nan nan nan nan nan nan nan nan nan nan nan nan nan nan nan nan nan nan -9999.0
nan nan nan nan nan nan nan nan nan nan nan nan nan nan nan nan nan nan nan nan nan nan nan nan nan nan nan nan nan nan nan nan 30.1 31.3 33.2 33.7 34.0 34.4 34.3 32.8 nan 34.3 32.2 30.5 28.9 27.5 26.3 25.3 24.4 23.6 22.9 22.4 22.0 21.5 21.1 20.7 20.2 19.7 19.2 -9999.0 -9999.0 -9999.0 -9999.0 -9999.0 -9999.0 -9999.0 -9999.0 -9999.0 -9999.0 -9999.0 -9999.0 -9999.0 nan nan nan nan nan nan nan nan nan nan nan nan nan nan nan nan nan -9999.0
nan nan nan nan nan nan nan nan nan nan nan nan nan nan nan nan nan nan nan nan nan nan nan nan nan nan nan nan nan 17.3 nan nan 34.0 34.1 33.9 33.9 34.5 35.0 35.5 nan nan 33.5 32.3 30.8 29.2 27.8 26.5 25.4 24.5 23.7 23.0 22.4 21.9 21.5 21.1 20.8 20.4 20.0 19.4 -9999.0 -9999.0 -9999.0 -9999.0 -9999.0 -9999.0 -9999.0 -9999.0 -9999.0 -9999.0 -9999.0 -9999.0 -9999.0 -9999.0 -9999.0 nan nan nan nan nan nan nan nan nan nan nan nan nan nan nan -9999.0
nan nan nan nan nan nan nan nan nan nan nan nan nan nan nan nan nan nan nan nan nan nan nan nan nan nan nan nan nan 15.2 15.2 nan 34.3 34.4 31.7 30.4 32.9 34.8 35.0 33.2 nan 33.9 33.0 31.4 29.8 28.2 26.9 25.7 24.7 23.8 23.1 22.5 22.0 21.5 21.2 21.0 20.7 20.3 -9999.0 -9999.0 -9999.0 -9999.0 -9999.0 -9999.0 -9999.0 -9999.0 -9999.0 -9999.0 -9999.0 -9999.0 -9999.0 -9999.0 -9999.0 -9999.0 -9999.0 nan nan nan nan nan nan nan nan nan nan nan nan nan nan -9999.0
nan nan nan nan nan nan nan nan nan nan nan nan nan nan nan nan nan nan nan nan nan nan nan nan nan nan nan nan nan 16.0 34.2 34.3 34.5 34.7 35.0 nan 15.9 34.7 34.9 35.2 nan 32.8 34.1 32.2 30.4 28.7 27.3 26.1 25.1 24.1 23.3 22.7 22.1 21.7 21.4 21.2 21.1 20.7 -9999.0 -9999.0 -9999.0 -9999.0 -9999.0 -9999.0 -9999.0 -9999.0 -9999.0 -9999.0 -9999.0 -9999.0 -9999.0 -9999.0 -9999.0 -9999.0 -9999.0 -9999.0 nan nan nan nan nan nan nan nan nan nan nan nan nan -9999.0
nan nan nan nan nan nan nan nan nan nan nan nan nan nan nan nan nan nan nan nan nan nan nan nan nan nan nan nan nan nan 33.5 34.2 34.7 35.1 32.5 nan nan 34.0 34.7 35.7 nan 29.7 31.1 32.6 30.8 29.1 27.7 26.5 25.5 24.5 23.6 22.8 22.3 21.9 21.6 21.5 21.4 21.1 -9999.0 -9999.0 -9999.0 -9999.0 -9999.0 -9999.0 -9999.0 -9999.0 -9999.0 -9999.0 -9999.0 -9999.0 -9999.0 -9999.0 -9999.0 -9999.0 -9999.0 -9999.0 -9999.0 nan nan nan nan nan nan nan nan nan nan nan nan -9999.0
nan nan nan nan nan nan nan nan nan nan nan nan nan nan nan nan nan nan nan nan nan nan nan nan nan nan nan nan nan nan 31.1 34.5 34.9 35.4 30.8 nan 17.5 25.7 30.3 18.1 28.3 23.6 26.7 32.1 31.0 29.5 28.1 26.9 25.9 25.0 24.0 23.1 22.5 22.1 21.8 21.7 21.5 20.9 -9999.0 -9999.0 -9999.0 -9999.0 -9999.0 -9999.0 -9999.0 -9999.0 -9999.0 -9999.0 -9999.0 -9999.0 -9999.0 -9999.0 -9999.0 -9999.0 -9999.0 -9999.0 -9999.0 -9999.0 nan nan nan nan nan nan nan nan nan nan nan -9999.0
nan nan nan nan nan nan nan nan nan nan nan nan nan nan nan nan nan nan nan nan nan nan nan nan nan nan nan nan nan nan 32.0 34.0 35.0 35.3 32.5 17.5 nan 31.2 23.8 16.8 24.0 nan 34.4 33.2 31.5 30.0 28.6 27.4 26.4 25.4 24.4 23.5 22.8 22.3 22.0 21.9 20.5 16.3 -9999.0 -9999.0 -9999.0 -9999.0 -9999.0 -9999.0 -9999.0 -9999.0 -9999.0 -9999.0 -9999.0 -9999.0 -9999.0 -9999.0 -9999.0 -9999.0 -9999.0 -9999.0 -9999.0 -9999.0 -9999.0 -9999.0 nan nan nan nan nan nan nan nan nan -9999.0
nan nan nan nan nan nan nan nan nan nan nan nan nan nan nan nan nan nan nan nan nan nan nan nan nan nan nan nan nan nan nan 34.5 34.6 34.9 35.4 nan nan 23.2 22.9 19.4 nan nan 34.7 33.6 32.0 30.5 29.1 27.9 26.8 25.9 24.8 23.9 23.1 22.7 22.4 22.3 20.9 17.5 -9999.0 -9999.0 -9999.0 -9999.0 -9999.0 -9999.0 -9999.0 -9999.0 -9999.0 -9999.0 -9999.0 nan nan nan -9999.0 -9999.0 -9999.0 -9999.0 -9999.0 -9999.0 -9999.0 -9999.0 -9999.0 -9999.0 -9999.0 -9999.0 -9999.0 nan nan nan -9999.0 -9999.0
nan nan nan nan nan nan nan nan nan nan nan nan nan nan nan nan nan nan nan nan nan nan nan nan nan nan nan nan nan nan nan 33.0 34.4 34.9 35.7 nan 16.6 19.9 31.3 17.9 nan nan 34.9 34.0 32.6 31.1 29.7 28.4 27.4 26.4 25.3 24.4 23.6 23.1 22.9 22.8 22.5 18.9 -9999.0 -9999.0 -9999.0 -9999.0 -9999.0 -9999.0 -9999.0 -9999.0 -9999.0 -9999.0 -9999.0 nan nan nan nan nan -9999.0 -9999.0 -9999.0 -9999.0 -9999.0 -9999.0 -9999.0 -9999.0 -9999.0 -9999.0 -9999.0 -9999.0 -9999.0 -9999.0 -9999.0 -9999.0
nan nan nan nan nan nan nan nan nan nan nan nan nan nan nan nan nan nan nan nan nan nan nan nan nan nan nan nan nan nan nan 17.1 34.0 34.8 35.2 33.3 29.2 23.6 19.0 15.5 18.1 nan 35.0 34.5 33.2 31.7 30.3 29.0 27.9 26.9 25.9 24.9 24.1 23.5 23.3 23.2 23.3 18.3 -9999.0 -9999.0 -9999.0 -9999.0 -9999.0 -9999.0 -9999.0 -9999.0 -9999.0 -9999.0 -9999.0 -9999.0 -9999.0 -9999.0 -9999.0 -9999.0 -9999.0 -9999.0 -9999.0 -9999.0 -9999.0 -9999.0 -9999.0 -9999.0 -9999.0 -9999.0 -9999.0 -9999.0 -9999.0 -9999.0 -9999.0 -9999.0
nan nan nan nan nan nan nan nan nan nan nan nan nan nan nan nan nan nan nan nan nan nan nan nan nan nan nan nan nan nan nan 17.1 33.6 35.0 35.8 36.3 36.4 nan 22.0 25.5 14.7 nan 35.6 35.4 34.0 32.5 31.1 29.7 28.5 27.5 26.4 25.5 24.7 24.1 23.7 23.5 23.5 18.9 -9999.0 -9999.0 -9999.0 -9999.0 -9999.0 -9999.0 -9999.0 -9999.0 -9999.0 -9999.0 -9999.0 -9999.0 -9999.0 -9999.0 -9999.0 -9999.0 -9999.0 -9999.0 -9999.0 -9999.0 -9999.0 -9999.0 -9999.0 -9999.0 -9999.0 -9999.0 -9999.0 -9999.0 -9999.0 -9999.0 -9999.0 -9999.0
nan nan nan nan nan nan nan nan nan nan nan nan nan nan nan nan nan nan nan nan nan nan nan nan nan nan nan nan nan nan nan 17.1 29.8 34.0 35.8 36.4 36.4 nan nan 22.6 17.0 nan nan 36.1 34.9 33.3 31.9 30.5 29.2 28.0 27.0 26.1 25.3 24.7 24.3 24.0 24.1 18.4 -9999.0 -9999.0 -9999.0 -9999.0 -9999.0 -9999.0 -9999.0 -9999.0 -9999.0 -9999.0 -9999.0 -9999.0 -9999.0 -9999.0 -9999.0 -9999.0 -9999.0 -9999.0 -9999.0 -9999.0 -9999.0 -9999.0 -9999.0 -9999.0 -9999.0 -9999.0 -9999.0 -9999.0 -9999.0 -9999.0 -9999.0 -9999.0
nan nan nan nan nan nan nan nan nan nan nan nan nan nan nan nan nan nan nan nan nan nan nan nan nan nan nan nan nan nan nan nan 16.5 35.0 35.8 36.4 nan nan nan 23.3 16.8 17.4 nan nan 34.9 34.0 32.7 31.3 30.0 28.8 27.7 26.8 26.0 25.3 24.7 24.4 24.5 23.4 -9999.0 -9999.0 -9999.0 -9999.0 -9999.0 -9999.0 -9999.0 -9999.0 -9999.0 -9999.0 -9999.0 -9999.0 -9999.0 -9999.0 -9999.0 -9999.0 -9999.0 -9999.0 -9999.0 -9999.0 -9999.0 -9999.0 -9999.0 -9999.0 nan nan nan -9999.0 -9999.0 -9999.0 -9999.0 -9999.0
nan nan nan nan nan nan nan nan nan nan nan nan nan nan nan nan nan nan nan nan nan nan nan nan nan nan nan nan nan nan nan nan 33.6 34.7 35.6 36.4 nan nan nan nan 19.3 17.3 30.3 nan 34.0 35.0 33.8 32.2 30.9 29.6 28.4 27.4 26.7 26.0 25.4 25.0 25.0 25.0 -9999.0 -9999.0 -9999.0 -9999.0 -9999.0 -9999.0 -9999.0 -9999.0 -9999.0 -9999.0 -9999.0 -9999.0 -9999.0 -9999.0 -9999.0 -9999.0 -9999.0 -9999.0 -9999.0 -9999.0 -9999.0 -9999.0 nan nan nan nan nan nan nan nan -9999.0 -9999.0
nan nan nan nan nan nan nan nan nan nan nan nan nan nan nan nan nan nan nan nan nan nan nan nan nan nan nan nan nan nan nan nan nan 35.0 36.1 36.9 nan nan nan nan 25.4 19.8 24.7 21.6 nan 36.0 34.8 33.1 31.8 30.4 29.2 28.2 27.4 26.6 26.1 25.8 25.5 25.2 -9999.0 -9999.0 -9999.0 -9999.0 -9999.0 -9999.0 -9999.0 -9999.0 -9999.0 -9999.0 -9999.0 nan nan nan nan nan nan nan nan nan nan nan nan nan nan nan nan nan nan nan nan nan
nan nan nan nan nan nan nan nan nan nan nan nan nan nan nan nan nan nan nan nan nan nan nan nan nan nan nan nan nan nan nan nan nan 35.3 36.5 37.2 37.1 nan nan nan 34.8 21.6 23.1 33.7 nan nan 34.8 33.8 32.6 31.2 30.0 29.0 28.2 27.4 26.9 26.7 26.5 26.5 -9999.0 -9999.0 -9999.0 -9999.0 -9999.0 -9999.0 -9999.0 -9999.0 -9999.0 -9999.0 nan nan nan nan nan nan nan nan nan nan nan nan nan nan nan nan nan nan nan nan nan nan
