data/output/RUN203/ECOSPACE/ECOSPACE_in_PAR3/PAR-VarZ-VarK/PAR-VarZ-VarK_2008_04.asc
ncols        93
nrows        151 
xllcorner    -123.80739
yllcorner    48.29471 
cellsize     0.013497347 
NODATA_value  0.0
[rows 80 to 119 of 151, columns 0 to 89 of 93]
nan nan nan nan nan nan nan nan nan nan nan nan nan nan nan nan nan nan nan nan nan nan nan 41.0 41.0 40.7 43.0 43.6 43.1 42.5 41.7 41.0 40.3 39.6 38.9 38.3 37.9 37.5 37.2 36.6 35.8 35.0 34.0 33.0 32.2 31.4 30.8 30.3 29.6 28.7 27.4 25.9 24.4 23.3 nan nan nan nan nan nan nan nan nan nan nan nan 18.3 18.6 18.8 18.8 nan 18.4 18.4 18.5 18.5 18.7 18.7 18.4 18.3 18.5 19.0 19.2 19.3 nan nan nan nan nan nan nan
nan nan nan nan nan nan nan nan nan nan nan nan nan nan nan nan nan nan nan nan nan nan nan nan nan nan 43.7 43.6 43.2 42.6 41.9 41.1 40.3 39.6 38.8 38.1 37.7 37.3 36.8 36.1 35.3 34.4 33.4 32.5 31.8 31.1 30.6 30.1 29.7 29.0 28.1 26.9 25.4 23.8 22.6 nan nan nan nan nan nan nan nan nan nan nan 18.7 18.8 nan nan nan nan nan 18.6 18.8 19.0 nan 18.6 18.8 19.1 19.6 20.0 nan nan nan nan nan nan nan nan
nan nan nan nan nan nan nan nan nan nan nan nan nan nan nan nan nan nan nan nan nan nan nan nan nan nan nan 43.5 42.9 43.0 42.2 41.3 40.5 39.7 38.9 38.2 37.6 37.0 36.5 35.7 34.8 33.8 32.9 32.0 31.3 30.8 30.3 30.0 29.7 29.2 28.5 27.5 26.2 24.8 23.3 22.3 nan nan nan nan nan nan nan nan nan 18.8 19.1 nan nan nan nan nan nan 18.6 18.9 19.0 nan 19.0 19.5 19.8 20.1 nan nan nan nan nan nan nan nan nan
nan nan nan nan nan nan nan nan nan nan nan nan nan nan nan nan nan nan nan nan nan nan nan nan nan nan nan nan 41.5 42.5 42.7 41.7 40.8 40.0 39.1 38.3 37.6 36.9 36.2 35.3 34.4 33.4 32.4 31.6 30.9 30.5 30.2 29.9 29.7 29.4 28.9 28.1 26.9 25.6 24.3 22.9 22.0 nan nan nan nan nan nan nan nan 18.8 19.2 nan nan nan nan nan nan 18.7 19.0 19.3 19.7 20.2 20.2 20.1 nan nan nan nan nan nan nan nan nan nan
nan nan nan nan nan nan nan nan nan nan nan nan nan nan nan nan nan nan nan nan nan nan nan nan nan nan nan nan nan 14.8 42.9 42.0 41.0 40.1 39.2 38.5 37.6 36.8 36.0 35.1 34.1 33.0 32.0 31.3 30.7 30.3 30.1 29.9 29.8 29.6 29.3 28.6 27.7 26.5 25.1 23.9 22.7 21.9 nan nan nan nan nan nan 18.9 19.1 19.3 nan 19.7 19.7 19.8 nan nan 18.8 19.2 19.6 20.2 20.9 nan nan nan nan nan nan nan nan nan nan nan nan
nan nan nan nan nan nan nan nan nan nan nan nan nan nan nan nan nan nan nan nan nan nan nan nan nan nan nan nan nan nan 15.9 42.2 41.4 40.3 39.4 38.6 37.7 36.8 35.9 35.0 33.9 32.8 31.8 31.1 30.5 30.2 30.0 29.9 29.9 29.8 29.6 29.2 28.4 27.3 26.0 24.6 23.5 22.4 nan nan nan nan nan 19.2 19.3 19.5 19.7 19.8 19.8 19.7 19.7 11.2 nan 18.9 19.5 20.0 20.5 20.9 nan nan nan nan nan nan nan nan nan nan nan nan
nan nan nan nan nan nan nan nan nan nan nan nan nan nan nan nan nan nan nan nan nan nan nan nan nan nan nan nan nan nan nan 39.7 40.7 40.4 39.5 38.7 37.8 36.9 35.9 34.9 33.7 32.6 31.7 31.0 30.5 30.1 30.0 29.9 30.0 30.0 30.0 29.7 29.1 28.1 26.7 25.4 24.1 23.0 22.1 nan nan 19.8 20.2 20.1 19.9 20.1 20.2 20.2 20.0 19.9 19.8 nan nan 19.3 19.8 20.4 20.9 21.0 nan nan nan nan nan nan nan nan nan nan nan nan
nan nan nan nan nan nan nan nan nan nan nan nan nan nan nan nan nan nan nan nan nan nan nan nan nan nan nan nan nan nan nan nan 41.2 40.2 39.4 38.7 37.8 37.0 36.0 34.8 33.7 32.6 31.6 30.9 30.4 30.1 29.9 29.9 30.0 30.1 30.2 30.1 29.6 28.7 27.5 26.1 24.7 23.6 22.7 21.7 21.2 21.0 21.0 nan 20.5 20.8 21.0 21.0 20.8 20.5 20.3 19.9 19.8 20.0 20.3 20.7 21.0 nan nan nan nan nan nan nan nan nan nan nan nan nan
nan nan nan nan nan nan nan nan nan nan nan nan nan nan nan nan nan nan nan nan nan nan nan nan nan nan nan nan nan nan 40.8 40.8 40.5 39.7 39.1 38.5 37.8 37.0 36.1 35.0 33.8 32.7 31.8 31.0 30.5 30.1 29.9 29.9 30.0 30.1 30.3 30.3 30.0 29.2 28.1 27.0 25.8 24.7 23.7 23.0 22.4 22.0 21.8 21.8 21.7 21.9 22.1 21.9 21.6 21.5 21.0 20.5 20.4 20.4 20.7 21.0 21.1 nan nan nan nan nan nan nan nan nan nan nan nan nan
nan nan nan nan nan nan nan nan nan nan nan nan nan nan nan nan nan nan nan nan nan nan nan nan nan nan nan nan nan nan nan nan 39.8 39.1 38.7 38.4 37.8 37.1 36.1 35.1 34.0 32.9 32.0 31.2 30.5 30.1 29.9 29.9 30.0 30.2 30.4 30.4 30.1 29.5 28.6 27.6 26.6 25.6 24.9 24.2 23.5 23.0 22.6 22.6 22.4 22.3 22.5 nan nan nan 21.2 20.9 20.8 20.8 21.0 21.2 nan nan nan nan nan nan nan nan nan nan nan nan nan nan
nan nan nan nan nan nan nan nan nan nan nan nan nan nan nan nan nan nan nan nan nan nan nan nan nan nan nan nan nan nan 15.3 14.1 38.8 38.5 38.4 38.3 38.0 37.3 36.3 35.2 34.2 33.2 32.2 31.4 30.7 30.2 30.0 29.9 30.0 30.1 30.3 30.4 30.2 29.8 29.0 28.1 27.1 26.2 25.5 24.8 24.2 23.6 23.1 22.8 nan nan nan nan nan nan nan 21.2 21.1 21.0 21.1 21.2 nan nan nan nan nan nan nan nan nan nan nan nan nan nan
nan nan nan nan nan nan nan nan nan nan nan nan nan nan nan nan nan nan nan nan nan nan nan nan nan nan nan nan nan nan 15.9 37.7 38.1 38.3 38.3 17.8 37.9 37.6 36.4 35.3 34.3 33.4 32.4 31.6 30.9 30.4 30.0 29.9 29.9 30.1 30.2 30.3 30.2 29.9 29.3 28.4 27.5 26.7 25.9 25.2 24.5 23.8 23.2 nan nan nan nan nan nan 20.9 21.0 21.3 21.2 21.2 21.2 nan nan nan nan nan nan nan nan nan nan nan nan nan nan nan
nan nan nan nan nan nan nan nan nan nan nan nan nan nan nan nan nan nan nan nan nan nan nan nan nan nan nan nan nan nan 15.3 36.3 37.9 38.3 nan nan nan 37.3 36.8 35.7 34.7 33.7 32.7 31.9 31.2 30.6 30.2 29.9 29.9 29.9 30.1 30.1 30.1 29.9 29.5 28.8 27.9 27.1 26.3 25.5 24.6 23.9 23.3 nan nan nan nan nan 21.1 21.1 21.2 21.4 21.3 21.2 nan nan nan nan nan nan nan nan nan nan nan nan nan nan nan nan
nan nan nan nan nan nan nan nan nan nan nan nan nan nan nan nan nan nan nan nan nan nan nan nan nan nan nan nan nan nan 15.1 14.7 37.2 38.2 nan nan nan 35.0 36.7 36.2 35.1 34.0 33.0 32.1 31.4 30.8 30.3 30.0 29.8 29.9 30.0 30.0 30.0 29.9 29.5 28.9 28.2 27.5 26.7 25.8 24.9 24.1 23.5 22.6 22.2 nan 21.2 21.2 21.3 21.3 21.5 21.5 nan nan nan nan nan nan nan nan nan nan nan nan nan nan nan nan nan nan
nan nan nan nan nan nan nan nan nan nan nan nan nan nan nan nan nan nan nan nan nan nan nan nan nan nan nan nan nan nan nan nan 37.3 31.1 nan nan nan nan 35.6 36.5 35.6 34.4 33.3 32.4 31.6 30.9 30.4 30.1 29.9 29.8 29.9 30.0 30.0 29.9 29.6 29.1 28.6 27.9 27.2 26.4 25.5 24.7 23.9 23.3 22.8 22.3 21.9 21.6 21.5 21.5 21.5 nan nan nan nan nan nan nan nan nan nan nan nan nan nan nan nan nan nan nan
nan nan nan nan nan nan nan nan nan nan nan nan nan nan nan nan nan nan nan nan nan nan nan nan nan nan nan nan nan nan nan nan nan 34.2 17.4 nan nan nan 14.4 37.5 36.2 34.7 33.3 32.5 31.8 31.1 30.6 30.2 29.9 29.9 29.9 30.0 30.0 29.9 29.7 29.4 29.0 28.5 27.8 27.1 26.3 25.5 24.8 24.1 23.6 23.0 22.4 22.0 21.8 21.6 21.5 nan nan nan nan nan nan nan nan nan nan nan nan nan nan nan nan nan nan nan
nan nan nan nan nan nan nan nan nan nan nan nan nan nan nan nan nan nan nan nan nan nan nan nan nan nan nan nan nan nan nan nan nan nan 17.9 33.0 nan nan nan nan 36.4 35.3 33.8 32.7 32.0 31.3 30.8 30.3 30.1 30.0 30.0 30.0 30.1 30.0 30.0 29.8 29.5 29.1 28.6 27.9 27.2 26.4 25.7 25.0 24.3 23.6 22.9 22.3 21.9 21.6 21.5 21.5 nan nan nan nan nan nan nan nan nan nan nan nan nan nan nan nan nan nan
nan nan nan nan nan nan nan nan nan nan nan nan nan nan nan nan nan nan nan nan nan nan nan nan nan nan nan nan nan nan nan nan nan nan nan 24.6 15.4 nan nan nan nan 34.0 34.2 33.1 32.3 31.5 31.0 30.5 30.3 30.1 30.1 30.1 30.2 30.3 30.4 30.3 30.2 29.9 29.5 28.8 28.1 27.3 26.5 25.8 24.9 24.0 23.1 22.4 21.9 21.6 21.4 21.5 21.4 11.1 nan nan nan nan nan nan nan nan nan nan nan nan nan nan nan nan
nan nan nan nan nan nan nan nan nan nan nan nan nan nan nan nan nan nan nan nan nan nan nan nan nan nan nan nan nan nan nan nan nan nan 17.2 21.9 34.5 34.6 nan 15.4 nan 32.1 34.1 33.3 32.4 31.7 31.2 30.8 30.5 30.4 30.3 30.4 30.5 30.8 30.9 30.9 30.9 30.7 30.4 29.8 29.0 28.2 27.3 26.3 25.2 24.1 23.1 22.5 22.0 21.6 21.4 21.4 21.4 21.3 nan nan nan nan nan nan nan nan nan nan nan nan nan nan nan nan
nan nan nan nan nan nan nan nan nan nan nan nan nan nan nan nan nan nan nan nan nan nan nan nan nan nan nan nan nan nan nan nan nan nan 34.4 34.0 34.7 29.2 16.9 31.0 33.0 27.7 33.5 33.5 32.6 31.9 31.4 31.0 30.8 30.6 30.6 30.8 31.0 31.3 31.5 31.7 31.7 31.5 31.2 30.6 29.8 28.9 27.8 26.6 25.3 24.0 22.7 22.4 22.2 21.9 21.4 21.3 21.4 21.4 21.6 nan nan nan nan nan nan nan nan nan nan nan nan nan nan nan
nan nan nan nan nan nan nan nan nan nan nan nan nan nan nan nan nan nan nan nan nan nan nan nan nan nan nan nan nan nan nan nan nan nan 34.4 34.7 34.5 34.0 28.2 nan 35.5 32.7 34.8 33.7 32.9 32.2 31.7 31.3 31.0 31.0 31.0 31.2 31.5 31.8 32.1 32.3 32.4 32.3 31.9 31.3 30.4 29.3 -9999.0 -9999.0 -9999.0 -9999.0 -9999.0 -9999.0 -9999.0 11.6 21.6 21.5 21.5 21.5 21.5 nan nan nan nan nan nan nan nan nan nan nan nan nan nan -9999.0
nan nan nan nan nan nan nan nan nan nan nan nan nan nan nan nan nan nan nan nan nan nan nan nan nan nan nan nan nan nan nan nan nan nan 34.3 34.4 34.6 34.6 34.7 nan nan 36.3 35.1 34.0 33.1 32.5 32.0 31.6 31.3 31.2 31.3 31.6 31.9 32.2 32.6 32.8 33.0 32.9 32.5 31.8 30.7 -9999.0 -9999.0 -9999.0 -9999.0 -9999.0 -9999.0 -9999.0 -9999.0 nan 13.3 21.4 21.7 21.0 nan nan nan nan nan nan nan nan nan nan nan nan nan nan nan -9999.0
nan nan nan nan nan nan nan nan nan nan nan nan nan nan nan nan nan nan nan nan nan nan nan nan nan nan nan nan nan nan nan nan nan nan 34.1 34.2 34.3 34.5 34.5 nan 29.4 31.9 35.3 34.2 33.3 32.7 32.2 31.8 31.5 31.4 31.5 31.8 32.2 32.6 33.0 33.4 33.5 33.3 32.9 32.0 30.8 -9999.0 -9999.0 -9999.0 -9999.0 -9999.0 -9999.0 -9999.0 -9999.0 -9999.0 -9999.0 nan 11.3 11.3 nan nan nan nan nan nan nan nan nan nan nan nan nan nan nan -9999.0
nan nan nan nan nan nan nan nan nan nan nan nan nan nan nan nan nan nan nan nan nan nan nan nan nan nan nan nan nan nan nan nan nan nan 33.7 33.8 34.4 31.5 29.8 19.6 32.3 28.5 34.9 34.4 33.5 32.9 32.4 31.9 31.6 31.5 31.6 31.9 32.4 33.0 33.5 33.9 34.1 33.8 33.2 32.1 -9999.0 -9999.0 -9999.0 -9999.0 -9999.0 -9999.0 -9999.0 -9999.0 -9999.0 -9999.0 -9999.0 nan nan nan nan nan nan nan nan nan nan nan nan nan nan nan nan nan nan -9999.0
nan nan nan nan nan nan nan nan nan nan nan nan nan nan nan nan nan nan nan nan nan nan nan nan nan nan nan nan nan nan nan nan 28.3 29.1 31.7 34.0 34.6 34.8 32.8 29.4 nan 36.1 35.3 34.4 33.7 33.0 32.4 31.9 31.5 31.5 31.6 32.0 32.6 33.3 33.9 34.4 34.5 34.2 33.5 -9999.0 -9999.0 -9999.0 -9999.0 -9999.0 -9999.0 -9999.0 -9999.0 -9999.0 -9999.0 -9999.0 -9999.0 -9999.0 nan nan nan nan nan nan nan nan nan nan nan nan nan nan nan nan nan -9999.0
nan nan nan nan nan nan nan nan nan nan nan nan nan nan nan nan nan nan nan nan nan nan nan nan nan nan nan nan nan 15.1 nan nan 33.4 33.2 33.6 33.5 34.6 35.3 35.8 nan nan 35.8 35.2 34.5 33.8 33.1 32.5 31.9 31.5 31.5 31.7 32.1 32.7 33.5 34.1 34.6 34.8 34.5 33.5 -9999.0 -9999.0 -9999.0 -9999.0 -9999.0 -9999.0 -9999.0 -9999.0 -9999.0 -9999.0 -9999.0 -9999.0 -9999.0 -9999.0 -9999.0 nan nan nan nan nan nan nan nan nan nan nan nan nan nan nan -9999.0
nan nan nan nan nan nan nan nan nan nan nan nan nan nan nan nan nan nan nan nan nan nan nan nan nan nan nan nan nan 13.4 13.5 nan 33.5 33.7 30.4 30.4 32.1 35.1 35.5 33.7 nan 35.8 35.5 34.8 34.0 33.2 32.6 32.0 31.7 31.6 31.8 32.3 32.9 33.5 34.0 34.5 34.8 34.5 -9999.0 -9999.0 -9999.0 -9999.0 -9999.0 -9999.0 -9999.0 -9999.0 -9999.0 -9999.0 -9999.0 -9999.0 -9999.0 -9999.0 -9999.0 -9999.0 -9999.0 nan nan nan nan nan nan nan nan nan nan nan nan nan nan -9999.0
nan nan nan nan nan nan nan nan nan nan nan nan nan nan nan nan nan nan nan nan nan nan nan nan nan nan nan nan nan 14.2 32.8 33.1 33.6 33.8 34.1 nan 13.9 34.6 35.4 35.7 nan 33.9 36.1 35.2 34.3 33.4 32.7 32.1 31.7 31.7 32.0 32.4 32.9 33.4 33.8 34.3 34.6 34.3 -9999.0 -9999.0 -9999.0 -9999.0 -9999.0 -9999.0 -9999.0 -9999.0 -9999.0 -9999.0 -9999.0 -9999.0 -9999.0 -9999.0 -9999.0 -9999.0 -9999.0 -9999.0 nan nan nan nan nan nan nan nan nan nan nan nan nan -9999.0
nan nan nan nan nan nan nan nan nan nan nan nan nan nan nan nan nan nan nan nan nan nan nan nan nan nan nan nan nan nan 31.7 32.9 33.5 34.1 31.4 nan nan 32.8 33.9 33.7 nan 29.5 32.1 35.2 34.6 33.8 33.1 32.5 32.2 32.0 32.1 32.5 32.9 33.3 33.8 34.1 34.3 34.1 -9999.0 -9999.0 -9999.0 -9999.0 -9999.0 -9999.0 -9999.0 -9999.0 -9999.0 -9999.0 -9999.0 -9999.0 -9999.0 -9999.0 -9999.0 -9999.0 -9999.0 -9999.0 -9999.0 nan nan nan nan nan nan nan nan nan nan nan nan -9999.0
nan nan nan nan nan nan nan nan nan nan nan nan nan nan nan nan nan nan nan nan nan nan nan nan nan nan nan nan nan nan 29.9 32.9 33.6 34.1 30.0 nan 15.3 26.1 30.2 17.2 27.5 24.1 27.3 34.0 34.8 34.0 33.2 32.8 32.5 32.2 32.3 32.6 33.0 33.3 33.8 34.0 33.7 33.9 -9999.0 -9999.0 -9999.0 -9999.0 -9999.0 -9999.0 -9999.0 -9999.0 -9999.0 -9999.0 -9999.0 -9999.0 -9999.0 -9999.0 -9999.0 -9999.0 -9999.0 -9999.0 -9999.0 -9999.0 nan nan nan nan nan nan nan nan nan nan nan -9999.0
nan nan nan nan nan nan nan nan nan nan nan nan nan nan nan nan nan nan nan nan nan nan nan nan nan nan nan nan nan nan 30.4 32.2 33.3 33.7 31.0 15.1 nan 31.1 22.3 15.3 23.8 nan 35.2 35.5 34.8 34.1 33.5 32.9 32.7 32.5 32.5 32.8 33.2 33.5 33.8 34.0 32.4 29.1 -9999.0 -9999.0 -9999.0 -9999.0 -9999.0 -9999.0 -9999.0 -9999.0 -9999.0 -9999.0 -9999.0 -9999.0 -9999.0 -9999.0 -9999.0 -9999.0 -9999.0 -9999.0 -9999.0 -9999.0 -9999.0 -9999.0 nan nan nan nan nan nan nan nan nan -9999.0
nan nan nan nan nan nan nan nan nan nan nan nan nan nan nan nan nan nan nan nan nan nan nan nan nan nan nan nan nan nan nan 32.4 32.7 33.0 33.4 nan nan 23.0 21.8 17.5 nan nan 35.8 35.4 35.0 34.3 33.7 33.3 32.9 32.7 32.8 33.1 33.4 33.7 34.1 34.4 32.7 31.2 -9999.0 -9999.0 -9999.0 -9999.0 -9999.0 -9999.0 -9999.0 -9999.0 -9999.0 -9999.0 -9999.0 nan nan nan -9999.0 -9999.0 -9999.0 -9999.0 -9999.0 -9999.0 -9999.0 -9999.0 -9999.0 -9999.0 -9999.0 -9999.0 -9999.0 nan nan nan -9999.0 -9999.0
nan nan nan nan nan nan nan nan nan nan nan nan nan nan nan nan nan nan nan nan nan nan nan nan nan nan nan nan nan nan nan 30.5 32.2 32.6 33.5 nan 14.8 18.5 30.3 15.9 nan nan 35.8 35.7 35.2 34.6 34.0 33.5 33.2 33.0 33.1 33.5 33.8 34.0 34.3 34.6 34.5 30.6 -9999.0 -9999.0 -9999.0 -9999.0 -9999.0 -9999.0 -9999.0 -9999.0 -9999.0 -9999.0 -9999.0 nan nan nan nan nan -9999.0 -9999.0 -9999.0 -9999.0 -9999.0 -9999.0 -9999.0 -9999.0 -9999.0 -9999.0 -9999.0 -9999.0 -9999.0 -9999.0 -9999.0 -9999.0
nan nan nan nan nan nan nan nan nan nan nan nan nan nan nan nan nan nan nan nan nan nan nan nan nan nan nan nan nan nan nan 14.8 31.5 32.3 32.8 30.9 28.6 22.4 18.1 14.9 16.4 nan 35.1 35.7 35.3 34.7 34.2 33.7 33.4 33.3 33.4 33.8 34.0 34.2 34.4 34.4 34.4 27.7 -9999.0 -9999.0 -9999.0 -9999.0 -9999.0 -9999.0 -9999.0 -9999.0 -9999.0 -9999.0 -9999.0 -9999.0 -9999.0 -9999.0 -9999.0 -9999.0 -9999.0 -9999.0 -9999.0 -9999.0 -9999.0 -9999.0 -9999.0 -9999.0 -9999.0 -9999.0 -9999.0 -9999.0 -9999.0 -9999.0 -9999.0 -9999.0
nan nan nan nan nan nan nan nan nan nan nan nan nan nan nan nan nan nan nan nan nan nan nan nan nan nan nan nan nan nan nan 14.7 30.7 32.3 33.2 33.6 33.4 nan 21.0 24.3 13.7 nan 35.5 35.7 35.4 34.9 34.3 33.9 33.6 33.5 33.7 34.0 34.2 34.3 34.6 34.5 34.2 28.7 -9999.0 -9999.0 -9999.0 -9999.0 -9999.0 -9999.0 -9999.0 -9999.0 -9999.0 -9999.0 -9999.0 -9999.0 -9999.0 -9999.0 -9999.0 -9999.0 -9999.0 -9999.0 -9999.0 -9999.0 -9999.0 -9999.0 -9999.0 -9999.0 -9999.0 -9999.0 -9999.0 -9999.0 -9999.0 -9999.0 -9999.0 -9999.0
nan nan nan nan nan nan nan nan nan nan nan nan nan nan nan nan nan nan nan nan nan nan nan nan nan nan nan nan nan nan nan 14.8 27.6 31.1 32.7 33.0 32.9 nan nan 21.4 15.0 nan nan 35.8 36.0 35.3 34.6 34.1 33.8 33.8 34.0 34.3 34.3 34.4 34.7 34.8 34.3 28.4 -9999.0 -9999.0 -9999.0 -9999.0 -9999.0 -9999.0 -9999.0 -9999.0 -9999.0 -9999.0 -9999.0 -9999.0 -9999.0 -9999.0 -9999.0 -9999.0 -9999.0 -9999.0 -9999.0 -9999.0 -9999.0 -9999.0 -9999.0 -9999.0 -9999.0 -9999.0 -9999.0 -9999.0 -9999.0 -9999.0 -9999.0 -9999.0
nan nan nan nan nan nan nan nan nan nan nan nan nan nan nan nan nan nan nan nan nan nan nan nan nan nan nan nan nan nan nan nan 14.2 31.8 32.3 32.6 nan nan nan 21.5 14.9 13.9 nan nan 35.2 35.4 34.9 34.5 34.2 34.0 34.1 34.3 34.5 34.5 34.7 35.0 35.0 32.0 -9999.0 -9999.0 -9999.0 -9999.0 -9999.0 -9999.0 -9999.0 -9999.0 -9999.0 -9999.0 -9999.0 -9999.0 -9999.0 -9999.0 -9999.0 -9999.0 -9999.0 -9999.0 -9999.0 -9999.0 -9999.0 -9999.0 -9999.0 -9999.0 nan nan nan -9999.0 -9999.0 -9999.0 -9999.0 -9999.0
nan nan nan nan nan nan nan nan nan nan nan nan nan nan nan nan nan nan nan nan nan nan nan nan nan nan nan nan nan nan nan nan 30.2 31.0 31.7 32.3 nan nan nan nan 17.1 13.8 25.5 nan 33.6 35.1 35.1 34.6 34.3 34.1 34.2 34.4 34.6 34.6 34.9 35.3 35.4 34.3 -9999.0 -9999.0 -9999.0 -9999.0 -9999.0 -9999.0 -9999.0 -9999.0 -9999.0 -9999.0 -9999.0 -9999.0 -9999.0 -9999.0 -9999.0 -9999.0 -9999.0 -9999.0 -9999.0 -9999.0 -9999.0 -9999.0 nan nan nan nan nan nan nan nan -9999.0 -9999.0
nan nan nan nan nan nan nan nan nan nan nan nan nan nan nan nan nan nan nan nan nan nan nan nan nan nan nan nan nan nan nan nan nan 31.2 32.0 32.5 nan nan nan nan 22.8 15.7 19.7 19.0 nan 35.6 35.6 35.2 34.8 34.5 34.4 34.5 34.7 34.8 35.0 35.5 36.0 35.2 -9999.0 -9999.0 -9999.0 -9999.0 -9999.0 -9999.0 -9999.0 -9999.0 -9999.0 -9999.0 -9999.0 nan nan nan nan nan nan nan nan nan nan nan nan nan nan nan nan nan nan nan nan nan
nan nan nan nan nan nan nan nan nan nan nan nan nan nan nan nan nan nan nan nan nan nan nan nan nan nan nan nan nan nan nan nan nan 31.6 32.3 32.8 32.8 nan nan nan 32.0 18.1 18.1 30.7 nan nan 35.4 35.3 35.0 34.7 34.6 34.7 34.8 34.9 35.2 35.8 36.4 37.1 -9999.0 -9999.0 -9999.0 -9999.0 -9999.0 -9999.0 -9999.0 -9999.0 -9999.0 -9999.0 nan nan nan nan nan nan nan nan nan nan nan nan nan nan nan nan nan nan nan nan nan nan
