data/output/RUN203/ECOSPACE/ECOSPACE_in_PAR3/PAR-VarZ-VarK/PAR-VarZ-VarK_1993_07.asc
ncols        93
nrows        151 
xllcorner    -123.80739
yllcorner    48.29471 
cellsize     0.013497347 
NODATA_value  0.0
[rows 80 to 119 of 151, columns 0 to 89 of 93]
nan nan nan nan nan nan nan nan nan nan nan nan nan nan nan nan nan nan nan nan nan nan nan 27.1 25.9 27.9 30.3 30.2 29.5 28.8 27.9 27.1 26.2 25.5 24.7 23.9 23.0 22.3 21.7 21.1 20.6 20.1 19.7 19.2 18.9 18.5 18.1 17.7 17.4 17.0 16.6 16.3 15.9 15.5 nan nan nan nan nan nan nan nan nan nan nan nan 12.9 12.9 12.9 12.9 nan 12.6 12.5 12.4 12.4 12.4 12.3 12.1 12.0 12.1 12.4 12.4 12.2 nan nan nan nan nan nan nan
nan nan nan nan nan nan nan nan nan nan nan nan nan nan nan nan nan nan nan nan nan nan nan nan nan nan 30.5 30.4 30.0 29.3 28.5 27.7 26.9 26.0 25.2 24.4 23.5 22.8 22.1 21.5 20.9 20.4 20.0 19.5 19.1 18.7 18.3 17.9 17.5 17.1 16.7 16.4 16.0 15.6 15.2 nan nan nan nan nan nan nan nan nan nan nan 13.1 13.1 nan nan nan nan nan 12.5 12.6 12.6 nan 12.2 12.2 12.4 12.5 12.6 nan nan nan nan nan nan nan nan
nan nan nan nan nan nan nan nan nan nan nan nan nan nan nan nan nan nan nan nan nan nan nan nan nan nan nan 30.5 30.0 29.8 29.2 28.4 27.6 26.7 25.8 25.0 24.0 23.2 22.5 21.9 21.3 20.8 20.3 19.8 19.3 18.9 18.5 18.1 17.7 17.3 16.9 16.5 16.1 15.8 15.4 15.0 nan nan nan nan nan nan nan nan nan 13.1 13.3 nan nan nan nan nan nan 12.6 12.6 12.6 nan 12.3 12.4 12.6 12.7 nan nan nan nan nan nan nan nan nan
nan nan nan nan nan nan nan nan nan nan nan nan nan nan nan nan nan nan nan nan nan nan nan nan nan nan nan nan 28.3 29.6 29.8 29.1 28.3 27.4 26.5 25.6 24.6 23.7 23.0 22.3 21.6 21.0 20.5 20.0 19.4 19.0 18.6 18.2 17.8 17.4 17.0 16.6 16.3 15.9 15.6 15.3 15.0 nan nan nan nan nan nan nan nan 13.2 13.3 nan nan nan nan nan nan 12.6 12.6 12.6 12.9 13.0 12.8 12.7 nan nan nan nan nan nan nan nan nan nan
nan nan nan nan nan nan nan nan nan nan nan nan nan nan nan nan nan nan nan nan nan nan nan nan nan nan nan nan nan 14.9 30.4 29.9 29.0 28.1 27.2 26.2 25.1 24.2 23.4 22.6 21.9 21.3 20.7 20.1 19.5 19.0 18.6 18.2 17.8 17.5 17.1 16.8 16.4 16.1 15.8 15.5 15.2 14.9 nan nan nan nan nan nan 13.3 13.4 13.3 nan 13.3 13.2 13.1 nan nan 12.6 12.7 12.9 13.1 13.4 nan nan nan nan nan nan nan nan nan nan nan nan
nan nan nan nan nan nan nan nan nan nan nan nan nan nan nan nan nan nan nan nan nan nan nan nan nan nan nan nan nan nan 15.4 30.2 29.7 28.8 27.8 26.8 25.7 24.7 23.8 23.0 22.2 21.5 20.9 20.2 19.6 19.1 18.6 18.2 17.8 17.5 17.1 16.8 16.5 16.3 16.0 15.7 15.5 15.2 nan nan nan nan nan 13.5 13.5 13.5 13.5 13.4 13.3 13.2 13.1 9.3 nan 12.7 12.9 13.0 13.2 13.2 nan nan nan nan nan nan nan nan nan nan nan nan
nan nan nan nan nan nan nan nan nan nan nan nan nan nan nan nan nan nan nan nan nan nan nan nan nan nan nan nan nan nan nan 27.1 29.9 29.4 28.4 27.4 26.3 25.2 24.3 23.4 22.6 21.8 21.1 20.4 19.7 19.1 18.6 18.1 17.8 17.5 17.1 16.9 16.6 16.4 16.2 16.0 15.7 15.4 15.0 nan nan 13.9 13.9 13.8 13.7 13.7 13.7 13.6 13.4 13.3 13.2 nan nan 12.9 13.0 13.1 13.3 13.2 nan nan nan nan nan nan nan nan nan nan nan nan
nan nan nan nan nan nan nan nan nan nan nan nan nan nan nan nan nan nan nan nan nan nan nan nan nan nan nan nan nan nan nan nan 30.5 29.9 28.9 27.9 26.9 25.8 24.8 23.8 23.0 22.1 21.3 20.5 19.8 19.1 18.6 18.1 17.8 17.4 17.1 16.9 16.7 16.5 16.3 16.1 15.8 15.6 15.2 14.7 14.4 14.3 14.2 nan 13.9 13.9 13.9 13.8 13.7 13.5 13.3 13.2 13.2 13.2 13.2 13.2 13.2 nan nan nan nan nan nan nan nan nan nan nan nan nan
nan nan nan nan nan nan nan nan nan nan nan nan nan nan nan nan nan nan nan nan nan nan nan nan nan nan nan nan nan nan 28.9 29.5 30.2 29.9 29.3 28.5 27.5 26.4 25.3 24.3 23.4 22.5 21.6 20.8 20.0 19.3 18.7 18.2 17.7 17.4 17.1 16.9 16.6 16.5 16.3 16.1 16.0 15.7 15.4 15.1 14.8 14.6 14.4 14.3 14.2 14.1 14.1 14.0 13.9 13.8 13.6 13.4 13.3 13.3 13.3 13.3 13.2 nan nan nan nan nan nan nan nan nan nan nan nan nan
nan nan nan nan nan nan nan nan nan nan nan nan nan nan nan nan nan nan nan nan nan nan nan nan nan nan nan nan nan nan nan nan 29.7 29.7 29.4 28.9 28.1 27.1 25.9 24.9 23.9 22.9 22.0 21.0 20.2 19.5 18.8 18.2 17.8 17.4 17.1 16.8 16.6 16.5 16.3 16.2 16.1 15.9 15.6 15.3 15.0 14.8 14.6 14.5 14.4 14.2 14.2 nan nan nan 13.6 13.5 13.4 13.4 13.4 13.3 nan nan nan nan nan nan nan nan nan nan nan nan nan nan
nan nan nan nan nan nan nan nan nan nan nan nan nan nan nan nan nan nan nan nan nan nan nan nan nan nan nan nan nan nan 16.8 15.2 29.4 29.5 29.4 29.1 28.5 27.8 26.7 25.6 24.4 23.4 22.4 21.4 20.5 19.7 19.0 18.4 17.9 17.4 17.1 16.8 16.6 16.5 16.3 16.3 16.2 16.0 15.8 15.5 15.2 14.9 14.7 14.5 nan nan nan nan nan nan nan 13.7 13.5 13.4 13.4 13.3 nan nan nan nan nan nan nan nan nan nan nan nan nan nan
nan nan nan nan nan nan nan nan nan nan nan nan nan nan nan nan nan nan nan nan nan nan nan nan nan nan nan nan nan nan 15.9 28.5 29.3 29.6 29.3 16.7 28.9 28.7 27.5 26.3 25.1 24.0 22.8 21.8 20.8 20.0 19.2 18.5 18.0 17.5 17.1 16.8 16.6 16.5 16.4 16.3 16.3 16.1 15.9 15.7 15.4 15.1 14.8 nan nan nan nan nan nan 13.7 13.7 13.7 13.6 13.4 13.4 nan nan nan nan nan nan nan nan nan nan nan nan nan nan nan
nan nan nan nan nan nan nan nan nan nan nan nan nan nan nan nan nan nan nan nan nan nan nan nan nan nan nan nan nan nan 16.8 26.7 29.3 29.8 nan nan nan 28.7 28.1 26.9 25.7 24.5 23.3 22.2 21.2 20.3 19.5 18.8 18.2 17.7 17.3 16.9 16.7 16.5 16.5 16.4 16.4 16.3 16.1 15.8 15.5 15.2 14.9 nan nan nan nan nan 13.9 13.8 13.8 13.8 13.6 13.5 nan nan nan nan nan nan nan nan nan nan nan nan nan nan nan nan
nan nan nan nan nan nan nan nan nan nan nan nan nan nan nan nan nan nan nan nan nan nan nan nan nan nan nan nan nan nan 16.7 15.0 29.7 30.0 nan nan nan 25.9 28.2 27.4 26.3 25.1 23.9 22.7 21.7 20.7 19.9 19.1 18.5 17.9 17.5 17.1 16.9 16.7 16.6 16.6 16.5 16.5 16.3 16.0 15.7 15.3 14.9 14.5 14.2 nan 14.0 13.9 13.9 13.9 13.9 13.8 nan nan nan nan nan nan nan nan nan nan nan nan nan nan nan nan nan nan
nan nan nan nan nan nan nan nan nan nan nan nan nan nan nan nan nan nan nan nan nan nan nan nan nan nan nan nan nan nan nan nan 29.9 24.7 nan nan nan nan 27.5 27.7 27.0 25.8 24.5 23.3 22.2 21.2 20.3 19.5 18.8 18.2 17.8 17.4 17.1 16.9 16.8 16.7 16.7 16.6 16.5 16.2 15.9 15.5 15.1 14.7 14.4 14.2 14.1 14.0 13.9 13.9 13.9 nan nan nan nan nan nan nan nan nan nan nan nan nan nan nan nan nan nan nan
nan nan nan nan nan nan nan nan nan nan nan nan nan nan nan nan nan nan nan nan nan nan nan nan nan nan nan nan nan nan nan nan nan 24.1 13.2 nan nan nan 15.3 28.1 27.6 26.6 25.3 23.9 22.8 21.8 20.8 20.0 19.2 18.6 18.1 17.7 17.4 17.1 17.0 17.0 16.9 16.8 16.6 16.4 16.1 15.7 15.3 14.9 14.6 14.4 14.2 14.1 14.0 13.9 13.8 nan nan nan nan nan nan nan nan nan nan nan nan nan nan nan nan nan nan nan
nan nan nan nan nan nan nan nan nan nan nan nan nan nan nan nan nan nan nan nan nan nan nan nan nan nan nan nan nan nan nan nan nan nan 15.3 24.6 nan nan nan nan 28.0 27.6 26.0 24.6 23.4 22.3 21.3 20.4 19.7 19.0 18.4 18.0 17.7 17.4 17.3 17.2 17.1 17.0 16.9 16.6 16.3 15.9 15.5 15.1 14.8 14.5 14.3 14.2 14.1 14.0 13.9 13.8 nan nan nan nan nan nan nan nan nan nan nan nan nan nan nan nan nan nan
nan nan nan nan nan nan nan nan nan nan nan nan nan nan nan nan nan nan nan nan nan nan nan nan nan nan nan nan nan nan nan nan nan nan nan 18.8 16.9 nan nan nan nan 26.3 26.5 25.1 24.0 22.9 21.9 20.9 20.1 19.4 18.8 18.4 18.0 17.8 17.6 17.5 17.4 17.3 17.1 16.9 16.5 16.0 15.6 15.3 14.9 14.6 14.4 14.3 14.1 14.0 14.0 13.9 13.8 9.6 nan nan nan nan nan nan nan nan nan nan nan nan nan nan nan nan
nan nan nan nan nan nan nan nan nan nan nan nan nan nan nan nan nan nan nan nan nan nan nan nan nan nan nan nan nan nan nan nan nan nan 16.3 19.8 26.7 26.6 nan 16.9 nan 23.9 26.5 25.7 24.6 23.5 22.4 21.4 20.5 19.8 19.2 18.7 18.4 18.1 17.9 17.8 17.7 17.6 17.4 17.1 16.7 16.3 15.8 15.4 15.1 14.8 14.6 14.4 14.2 14.1 14.0 13.9 13.8 13.6 nan nan nan nan nan nan nan nan nan nan nan nan nan nan nan nan
nan nan nan nan nan nan nan nan nan nan nan nan nan nan nan nan nan nan nan nan nan nan nan nan nan nan nan nan nan nan nan nan nan nan 26.8 26.9 27.2 25.2 16.8 24.0 25.5 21.9 26.8 26.1 25.1 24.0 22.9 21.9 21.0 20.2 19.6 19.1 18.7 18.4 18.2 18.1 18.0 17.9 17.7 17.4 16.9 16.4 15.9 15.5 15.1 14.8 14.3 14.1 13.7 14.3 14.0 13.9 13.9 13.8 13.7 nan nan nan nan nan nan nan nan nan nan nan nan nan nan nan
nan nan nan nan nan nan nan nan nan nan nan nan nan nan nan nan nan nan nan nan nan nan nan nan nan nan nan nan nan nan nan nan nan nan 26.9 27.2 27.3 27.0 26.3 nan 25.9 25.7 27.0 26.4 25.4 24.3 23.2 22.2 21.4 20.6 20.0 19.5 19.1 18.8 18.6 18.5 18.4 18.2 18.0 17.6 17.1 16.6 -9999.0 -9999.0 -9999.0 -9999.0 -9999.0 -9999.0 -9999.0 10.7 14.1 14.0 13.9 13.8 13.8 nan nan nan nan nan nan nan nan nan nan nan nan nan nan -9999.0
nan nan nan nan nan nan nan nan nan nan nan nan nan nan nan nan nan nan nan nan nan nan nan nan nan nan nan nan nan nan nan nan nan nan 26.9 27.1 27.1 27.0 27.1 nan nan 27.2 27.1 26.4 25.5 24.5 23.5 22.5 21.7 21.0 20.4 19.9 19.5 19.2 19.0 18.9 18.8 18.5 18.2 17.8 17.2 -9999.0 -9999.0 -9999.0 -9999.0 -9999.0 -9999.0 -9999.0 -9999.0 nan 12.8 14.0 14.1 13.6 nan nan nan nan nan nan nan nan nan nan nan nan nan nan nan -9999.0
nan nan nan nan nan nan nan nan nan nan nan nan nan nan nan nan nan nan nan nan nan nan nan nan nan nan nan nan nan nan nan nan nan nan 26.7 26.7 26.8 26.8 27.0 nan 22.0 24.9 27.0 26.4 25.5 24.6 23.7 22.8 22.0 21.3 20.7 20.3 19.9 19.7 19.5 19.3 19.1 18.9 18.4 17.9 17.3 -9999.0 -9999.0 -9999.0 -9999.0 -9999.0 -9999.0 -9999.0 -9999.0 -9999.0 -9999.0 nan 10.3 10.2 nan nan nan nan nan nan nan nan nan nan nan nan nan nan nan -9999.0
nan nan nan nan nan nan nan nan nan nan nan nan nan nan nan nan nan nan nan nan nan nan nan nan nan nan nan nan nan nan nan nan nan nan 26.3 26.4 26.8 26.4 24.0 16.4 24.6 22.1 26.8 26.3 25.5 24.7 23.9 23.0 22.3 21.6 21.1 20.7 20.4 20.1 20.0 19.8 19.5 19.2 18.7 18.1 -9999.0 -9999.0 -9999.0 -9999.0 -9999.0 -9999.0 -9999.0 -9999.0 -9999.0 -9999.0 -9999.0 nan nan nan nan nan nan nan nan nan nan nan nan nan nan nan nan nan nan -9999.0
nan nan nan nan nan nan nan nan nan nan nan nan nan nan nan nan nan nan nan nan nan nan nan nan nan nan nan nan nan nan nan nan 24.0 24.7 26.0 26.5 27.1 27.7 26.9 26.2 nan 27.5 26.9 26.3 25.5 24.8 24.0 23.3 22.6 22.0 21.4 21.1 20.8 20.6 20.5 20.2 20.0 19.6 19.0 -9999.0 -9999.0 -9999.0 -9999.0 -9999.0 -9999.0 -9999.0 -9999.0 -9999.0 -9999.0 -9999.0 -9999.0 -9999.0 nan nan nan nan nan nan nan nan nan nan nan nan nan nan nan nan nan -9999.0
nan nan nan nan nan nan nan nan nan nan nan nan nan nan nan nan nan nan nan nan nan nan nan nan nan nan nan nan nan 16.5 nan nan 26.2 26.3 26.4 26.7 27.4 28.2 28.9 nan nan 27.0 26.8 26.3 25.6 24.9 24.2 23.5 22.9 22.3 21.8 21.5 21.3 21.1 21.0 20.8 20.5 20.0 19.5 -9999.0 -9999.0 -9999.0 -9999.0 -9999.0 -9999.0 -9999.0 -9999.0 -9999.0 -9999.0 -9999.0 -9999.0 -9999.0 -9999.0 -9999.0 nan nan nan nan nan nan nan nan nan nan nan nan nan nan nan -9999.0
nan nan nan nan nan nan nan nan nan nan nan nan nan nan nan nan nan nan nan nan nan nan nan nan nan nan nan nan nan 14.0 14.1 nan 26.5 26.7 24.8 23.7 26.2 28.0 28.4 27.2 nan 27.0 27.1 26.6 25.9 25.1 24.4 23.8 23.2 22.6 22.1 21.9 21.7 21.6 21.5 21.3 21.0 20.6 -9999.0 -9999.0 -9999.0 -9999.0 -9999.0 -9999.0 -9999.0 -9999.0 -9999.0 -9999.0 -9999.0 -9999.0 -9999.0 -9999.0 -9999.0 -9999.0 -9999.0 nan nan nan nan nan nan nan nan nan nan nan nan nan nan -9999.0
nan nan nan nan nan nan nan nan nan nan nan nan nan nan nan nan nan nan nan nan nan nan nan nan nan nan nan nan nan 14.8 26.1 26.3 26.6 26.9 27.1 nan 15.2 27.6 28.0 28.3 nan 26.4 27.6 27.0 26.2 25.3 24.6 24.0 23.4 22.9 22.5 22.2 22.1 22.0 22.0 21.9 21.7 21.3 -9999.0 -9999.0 -9999.0 -9999.0 -9999.0 -9999.0 -9999.0 -9999.0 -9999.0 -9999.0 -9999.0 -9999.0 -9999.0 -9999.0 -9999.0 -9999.0 -9999.0 -9999.0 nan nan nan nan nan nan nan nan nan nan nan nan nan -9999.0
nan nan nan nan nan nan nan nan nan nan nan nan nan nan nan nan nan nan nan nan nan nan nan nan nan nan nan nan nan nan 25.7 26.2 26.5 27.0 25.7 nan nan 27.2 27.4 28.4 nan 23.5 25.2 26.9 26.4 25.5 24.8 24.1 23.6 23.1 22.8 22.5 22.5 22.4 22.4 22.4 22.3 22.1 -9999.0 -9999.0 -9999.0 -9999.0 -9999.0 -9999.0 -9999.0 -9999.0 -9999.0 -9999.0 -9999.0 -9999.0 -9999.0 -9999.0 -9999.0 -9999.0 -9999.0 -9999.0 -9999.0 nan nan nan nan nan nan nan nan nan nan nan nan -9999.0
nan nan nan nan nan nan nan nan nan nan nan nan nan nan nan nan nan nan nan nan nan nan nan nan nan nan nan nan nan nan 23.5 26.1 26.6 26.8 24.0 nan 17.0 21.5 24.0 14.4 22.6 18.8 21.9 26.0 26.4 25.6 24.9 24.3 23.7 23.3 23.0 22.8 22.8 22.8 22.9 23.0 22.9 22.2 -9999.0 -9999.0 -9999.0 -9999.0 -9999.0 -9999.0 -9999.0 -9999.0 -9999.0 -9999.0 -9999.0 -9999.0 -9999.0 -9999.0 -9999.0 -9999.0 -9999.0 -9999.0 -9999.0 -9999.0 nan nan nan nan nan nan nan nan nan nan nan -9999.0
nan nan nan nan nan nan nan nan nan nan nan nan nan nan nan nan nan nan nan nan nan nan nan nan nan nan nan nan nan nan 23.9 25.7 26.6 27.0 25.9 16.9 nan 24.8 19.7 14.9 19.6 nan 27.3 27.3 26.6 25.8 25.0 24.4 23.9 23.5 23.3 23.1 23.1 23.2 23.4 23.4 23.1 18.4 -9999.0 -9999.0 -9999.0 -9999.0 -9999.0 -9999.0 -9999.0 -9999.0 -9999.0 -9999.0 -9999.0 -9999.0 -9999.0 -9999.0 -9999.0 -9999.0 -9999.0 -9999.0 -9999.0 -9999.0 -9999.0 -9999.0 nan nan nan nan nan nan nan nan nan -9999.0
nan nan nan nan nan nan nan nan nan nan nan nan nan nan nan nan nan nan nan nan nan nan nan nan nan nan nan nan nan nan nan 26.1 26.6 27.0 27.5 nan nan 19.7 19.3 17.6 nan nan 27.9 27.5 26.8 26.0 25.2 24.6 24.1 23.7 23.5 23.5 23.6 23.7 23.9 24.0 23.2 19.7 -9999.0 -9999.0 -9999.0 -9999.0 -9999.0 -9999.0 -9999.0 -9999.0 -9999.0 -9999.0 -9999.0 nan nan nan -9999.0 -9999.0 -9999.0 -9999.0 -9999.0 -9999.0 -9999.0 -9999.0 -9999.0 -9999.0 -9999.0 -9999.0 -9999.0 nan nan nan -9999.0 -9999.0
nan nan nan nan nan nan nan nan nan nan nan nan nan nan nan nan nan nan nan nan nan nan nan nan nan nan nan nan nan nan nan 25.1 26.4 27.0 27.8 nan 15.4 17.6 25.2 15.7 nan nan 28.0 27.7 27.0 26.2 25.4 24.8 24.3 24.0 23.9 24.0 24.1 24.2 24.5 24.9 24.8 21.1 -9999.0 -9999.0 -9999.0 -9999.0 -9999.0 -9999.0 -9999.0 -9999.0 -9999.0 -9999.0 -9999.0 nan nan nan nan nan -9999.0 -9999.0 -9999.0 -9999.0 -9999.0 -9999.0 -9999.0 -9999.0 -9999.0 -9999.0 -9999.0 -9999.0 -9999.0 -9999.0 -9999.0 -9999.0
nan nan nan nan nan nan nan nan nan nan nan nan nan nan nan nan nan nan nan nan nan nan nan nan nan nan nan nan nan nan nan 16.6 26.5 27.1 27.2 26.3 24.2 20.6 16.0 13.3 15.9 nan 28.1 28.0 27.4 26.6 25.8 25.1 24.7 24.4 24.3 24.4 24.5 24.8 25.1 25.5 25.8 21.6 -9999.0 -9999.0 -9999.0 -9999.0 -9999.0 -9999.0 -9999.0 -9999.0 -9999.0 -9999.0 -9999.0 -9999.0 -9999.0 -9999.0 -9999.0 -9999.0 -9999.0 -9999.0 -9999.0 -9999.0 -9999.0 -9999.0 -9999.0 -9999.0 -9999.0 -9999.0 -9999.0 -9999.0 -9999.0 -9999.0 -9999.0 -9999.0
nan nan nan nan nan nan nan nan nan nan nan nan nan nan nan nan nan nan nan nan nan nan nan nan nan nan nan nan nan nan nan 16.6 26.3 27.1 27.9 28.2 28.5 nan 17.5 20.4 12.9 nan 28.0 28.4 27.8 27.1 26.3 25.6 25.1 24.8 24.7 24.8 25.0 25.3 25.7 25.9 26.2 21.0 -9999.0 -9999.0 -9999.0 -9999.0 -9999.0 -9999.0 -9999.0 -9999.0 -9999.0 -9999.0 -9999.0 -9999.0 -9999.0 -9999.0 -9999.0 -9999.0 -9999.0 -9999.0 -9999.0 -9999.0 -9999.0 -9999.0 -9999.0 -9999.0 -9999.0 -9999.0 -9999.0 -9999.0 -9999.0 -9999.0 -9999.0 -9999.0
nan nan nan nan nan nan nan nan nan nan nan nan nan nan nan nan nan nan nan nan nan nan nan nan nan nan nan nan nan nan nan 16.7 23.9 26.3 27.9 28.4 28.5 nan nan 18.8 15.4 nan nan 28.6 28.3 27.6 26.8 26.1 25.5 25.2 25.1 25.2 25.5 25.9 26.2 26.4 26.8 19.9 -9999.0 -9999.0 -9999.0 -9999.0 -9999.0 -9999.0 -9999.0 -9999.0 -9999.0 -9999.0 -9999.0 -9999.0 -9999.0 -9999.0 -9999.0 -9999.0 -9999.0 -9999.0 -9999.0 -9999.0 -9999.0 -9999.0 -9999.0 -9999.0 -9999.0 -9999.0 -9999.0 -9999.0 -9999.0 -9999.0 -9999.0 -9999.0
nan nan nan nan nan nan nan nan nan nan nan nan nan nan nan nan nan nan nan nan nan nan nan nan nan nan nan nan nan nan nan nan 16.0 27.4 28.0 28.5 nan nan nan 20.2 15.0 15.6 nan nan 28.0 27.8 27.2 26.5 25.9 25.6 25.5 25.7 26.0 26.4 26.7 26.9 27.3 26.2 -9999.0 -9999.0 -9999.0 -9999.0 -9999.0 -9999.0 -9999.0 -9999.0 -9999.0 -9999.0 -9999.0 -9999.0 -9999.0 -9999.0 -9999.0 -9999.0 -9999.0 -9999.0 -9999.0 -9999.0 -9999.0 -9999.0 -9999.0 -9999.0 nan nan nan -9999.0 -9999.0 -9999.0 -9999.0 -9999.0
nan nan nan nan nan nan nan nan nan nan nan nan nan nan nan nan nan nan nan nan nan nan nan nan nan nan nan nan nan nan nan nan 26.8 27.4 28.0 28.6 nan nan nan nan 17.0 15.8 26.1 nan 27.3 28.3 27.9 27.1 26.5 26.1 26.0 26.1 26.5 26.9 27.2 27.5 27.9 28.3 -9999.0 -9999.0 -9999.0 -9999.0 -9999.0 -9999.0 -9999.0 -9999.0 -9999.0 -9999.0 -9999.0 -9999.0 -9999.0 -9999.0 -9999.0 -9999.0 -9999.0 -9999.0 -9999.0 -9999.0 -9999.0 -9999.0 nan nan nan nan nan nan nan nan -9999.0 -9999.0
nan nan nan nan nan nan nan nan nan nan nan nan nan nan nan nan nan nan nan nan nan nan nan nan nan nan nan nan nan nan nan nan nan 27.5 28.2 28.9 nan nan nan nan 21.5 17.2 22.0 19.7 nan 29.0 28.8 27.9 27.2 26.7 26.5 26.6 26.9 27.4 27.7 28.1 28.6 29.1 -9999.0 -9999.0 -9999.0 -9999.0 -9999.0 -9999.0 -9999.0 -9999.0 -9999.0 -9999.0 -9999.0 nan nan nan nan nan nan nan nan nan nan nan nan nan nan nan nan nan nan nan nan nan
nan nan nan nan nan nan nan nan nan nan nan nan nan nan nan nan nan nan nan nan nan nan nan nan nan nan nan nan nan nan nan nan nan 27.7 28.3 29.2 29.2 nan nan nan 27.5 19.2 20.0 28.5 nan nan 28.8 28.3 27.7 27.2 27.0 27.1 27.3 27.7 28.2 28.8 29.4 30.2 -9999.0 -9999.0 -9999.0 -9999.0 -9999.0 -9999.0 -9999.0 -9999.0 -9999.0 -9999.0 nan nan nan nan nan nan nan nan nan nan nan nan nan nan nan nan nan nan nan nan nan nan
