data/output/RUN203/ECOSPACE/ECOSPACE_in_PAR3/PAR-VarZ-VarK/PAR-VarZ-VarK_1995_05.asc
ncols        93
nrows        151 
xllcorner    -123.80739
yllcorner    48.29471 
cellsize     0.013497347 
NODATA_value  0.0
[rows 80 to 119 of 151, columns 0 to 89 of 93]
nan nan nan nan nan nan nan nan nan nan nan nan nan nan nan nan nan nan nan nan nan nan nan 48.1 47.8 46.5 48.8 49.5 49.1 49.0 48.2 47.1 46.0 45.2 44.6 44.2 44.1 43.9 43.6 43.3 43.0 42.7 42.4 41.8 41.0 40.1 39.1 37.9 36.3 34.4 32.1 29.7 27.6 26.2 nan nan nan nan nan nan nan nan nan nan nan nan 21.3 21.9 22.2 22.5 nan 21.7 21.7 21.9 22.1 22.4 22.4 22.1 22.0 22.4 23.1 23.2 23.0 nan nan nan nan nan nan nan
nan nan nan nan nan nan nan nan nan nan nan nan nan nan nan nan nan nan nan nan nan nan nan nan nan nan 48.7 48.9 48.9 48.7 48.7 48.0 46.8 45.8 45.0 44.5 44.2 44.0 43.7 43.3 43.0 42.7 42.5 42.1 41.2 40.2 39.2 38.2 36.9 35.3 33.4 31.0 28.8 26.9 25.3 nan nan nan nan nan nan nan nan nan nan nan 21.8 22.1 nan nan nan nan nan 22.2 22.6 22.9 nan 22.3 22.6 23.4 24.0 24.4 nan nan nan nan nan nan nan nan
nan nan nan nan nan nan nan nan nan nan nan nan nan nan nan nan nan nan nan nan nan nan nan nan nan nan nan 48.1 48.2 48.5 48.6 48.2 47.6 46.5 45.5 44.8 44.4 44.1 43.8 43.5 43.1 42.8 42.5 42.0 41.1 40.2 39.3 38.4 37.4 36.0 34.3 32.2 29.9 27.7 25.9 24.8 nan nan nan nan nan nan nan nan nan 21.8 22.5 nan nan nan nan nan nan 22.2 22.6 22.8 nan 22.7 23.5 24.2 24.7 nan nan nan nan nan nan nan nan nan
nan nan nan nan nan nan nan nan nan nan nan nan nan nan nan nan nan nan nan nan nan nan nan nan nan nan nan nan 45.7 47.1 48.3 48.5 48.1 47.1 46.2 45.3 44.8 44.4 44.0 43.6 43.2 42.8 42.4 41.8 40.9 39.9 39.1 38.3 37.5 36.3 34.8 33.0 30.9 28.7 26.7 25.3 24.5 nan nan nan nan nan nan nan nan 21.8 22.4 nan nan nan nan nan nan 22.2 22.6 23.0 23.7 24.4 24.5 24.6 nan nan nan nan nan nan nan nan nan nan
nan nan nan nan nan nan nan nan nan nan nan nan nan nan nan nan nan nan nan nan nan nan nan nan nan nan nan nan nan 19.7 48.1 48.1 47.8 47.3 46.5 45.7 45.1 44.5 44.0 43.5 43.1 42.6 42.2 41.6 40.5 39.5 38.7 38.1 37.4 36.5 35.2 33.5 31.7 29.6 27.5 25.9 24.9 24.3 nan nan nan nan nan nan 21.6 22.0 22.4 nan 23.1 23.1 23.4 nan nan 22.3 22.9 23.5 24.4 25.4 nan nan nan nan nan nan nan nan nan nan nan nan
nan nan nan nan nan nan nan nan nan nan nan nan nan nan nan nan nan nan nan nan nan nan nan nan nan nan nan nan nan nan 20.7 47.0 47.2 47.1 46.6 45.9 45.2 44.5 44.0 43.4 42.8 42.2 41.8 41.2 40.2 39.2 38.3 37.8 37.2 36.4 35.2 33.8 32.2 30.3 28.4 26.6 25.5 24.7 nan nan nan nan nan 21.7 21.9 22.3 22.6 22.9 23.0 23.1 23.2 14.4 nan 22.5 23.2 23.9 24.6 25.1 nan nan nan nan nan nan nan nan nan nan nan nan
nan nan nan nan nan nan nan nan nan nan nan nan nan nan nan nan nan nan nan nan nan nan nan nan nan nan nan nan nan nan nan 43.4 45.9 46.3 46.3 45.8 45.1 44.5 43.8 43.1 42.4 41.8 41.3 40.7 39.8 38.9 38.2 37.6 37.1 36.3 35.3 34.0 32.5 30.9 29.0 27.3 26.2 25.3 24.5 nan nan 22.2 22.6 22.5 22.5 22.8 23.1 23.2 23.3 23.3 23.3 nan nan 22.9 23.6 24.2 24.9 25.1 nan nan nan nan nan nan nan nan nan nan nan nan
nan nan nan nan nan nan nan nan nan nan nan nan nan nan nan nan nan nan nan nan nan nan nan nan nan nan nan nan nan nan nan nan 45.9 45.8 45.5 45.2 44.7 44.0 43.3 42.6 42.0 41.4 40.8 40.3 39.6 38.7 38.0 37.5 36.9 36.1 35.1 34.0 32.7 31.1 29.4 27.9 26.7 26.0 25.3 24.3 23.7 23.5 23.5 nan 23.1 23.5 24.0 24.3 24.3 24.2 24.0 23.7 23.7 23.8 23.9 24.4 24.9 nan nan nan nan nan nan nan nan nan nan nan nan nan
nan nan nan nan nan nan nan nan nan nan nan nan nan nan nan nan nan nan nan nan nan nan nan nan nan nan nan nan nan nan 45.5 45.4 45.2 44.8 44.4 44.3 44.0 43.4 42.8 42.2 41.6 41.0 40.4 40.0 39.4 38.6 37.9 37.3 36.7 35.9 35.0 34.0 32.8 31.3 29.8 28.5 27.5 26.6 26.0 25.4 24.8 24.4 24.4 24.5 24.6 24.9 25.3 25.5 25.5 25.4 24.8 24.1 24.1 24.1 24.3 24.8 24.9 nan nan nan nan nan nan nan nan nan nan nan nan nan
nan nan nan nan nan nan nan nan nan nan nan nan nan nan nan nan nan nan nan nan nan nan nan nan nan nan nan nan nan nan nan nan 44.3 43.6 43.2 43.2 43.2 42.8 42.2 41.6 41.1 40.5 40.0 39.6 39.1 38.3 37.6 37.1 36.5 35.8 34.9 34.0 32.9 31.6 30.4 29.3 28.3 27.5 26.9 26.4 25.8 25.4 25.3 25.5 25.4 25.5 25.8 nan nan nan 24.8 24.5 24.3 24.3 24.5 24.8 nan nan nan nan nan nan nan nan nan nan nan nan nan nan
nan nan nan nan nan nan nan nan nan nan nan nan nan nan nan nan nan nan nan nan nan nan nan nan nan nan nan nan nan nan 21.1 19.2 42.8 42.6 42.1 42.5 42.5 42.2 41.6 41.0 40.4 39.9 39.5 39.2 38.8 38.0 37.3 36.8 36.3 35.6 34.9 34.1 33.2 32.1 31.0 30.0 29.2 28.4 27.8 27.1 26.5 26.0 25.7 25.8 nan nan nan nan nan nan nan 24.7 24.4 24.3 24.4 24.4 nan nan nan nan nan nan nan nan nan nan nan nan nan nan
nan nan nan nan nan nan nan nan nan nan nan nan nan nan nan nan nan nan nan nan nan nan nan nan nan nan nan nan nan nan 20.8 42.2 42.6 42.6 42.3 22.4 42.2 41.9 41.0 40.4 39.8 39.4 39.0 38.7 38.3 37.7 37.0 36.5 36.0 35.4 34.8 34.1 33.3 32.5 31.5 30.7 30.0 29.4 28.7 27.9 27.1 26.5 25.9 nan nan nan nan nan nan 23.9 24.2 24.4 24.2 24.2 24.3 nan nan nan nan nan nan nan nan nan nan nan nan nan nan nan
nan nan nan nan nan nan nan nan nan nan nan nan nan nan nan nan nan nan nan nan nan nan nan nan nan nan nan nan nan nan 21.1 40.1 42.4 42.6 nan nan nan 40.5 40.2 39.7 39.4 39.0 38.6 38.2 37.8 37.2 36.5 36.0 35.6 35.2 34.6 34.0 33.4 32.7 32.0 31.3 30.7 30.1 29.5 28.7 27.8 27.0 26.4 nan nan nan nan nan 23.9 23.9 23.9 24.0 23.9 23.9 nan nan nan nan nan nan nan nan nan nan nan nan nan nan nan nan
nan nan nan nan nan nan nan nan nan nan nan nan nan nan nan nan nan nan nan nan nan nan nan nan nan nan nan nan nan nan 20.8 19.2 41.6 42.1 nan nan nan 37.3 39.2 39.2 39.1 38.6 38.2 37.7 37.2 36.5 35.9 35.5 35.2 34.9 34.4 33.9 33.4 32.9 32.3 31.7 31.1 30.6 30.1 29.3 28.4 27.6 26.8 25.4 24.7 nan 23.8 23.8 23.9 23.8 23.7 23.6 nan nan nan nan nan nan nan nan nan nan nan nan nan nan nan nan nan nan
nan nan nan nan nan nan nan nan nan nan nan nan nan nan nan nan nan nan nan nan nan nan nan nan nan nan nan nan nan nan nan nan 41.1 35.3 nan nan nan nan 38.6 38.8 38.7 38.3 37.9 37.2 36.7 36.0 35.4 35.1 34.8 34.5 34.1 33.7 33.3 32.9 32.4 31.9 31.5 31.0 30.5 29.8 29.0 28.1 27.2 26.3 25.5 24.8 24.3 23.9 23.8 23.6 23.4 nan nan nan nan nan nan nan nan nan nan nan nan nan nan nan nan nan nan nan
nan nan nan nan nan nan nan nan nan nan nan nan nan nan nan nan nan nan nan nan nan nan nan nan nan nan nan nan nan nan nan nan nan 34.4 18.5 nan nan nan 19.1 39.2 39.1 38.0 37.5 36.8 36.2 35.6 35.0 34.8 34.5 34.2 33.9 33.5 33.2 32.8 32.3 32.0 31.6 31.2 30.8 30.2 29.6 28.8 27.8 26.9 26.0 25.1 24.4 24.0 23.7 23.4 23.1 nan nan nan nan nan nan nan nan nan nan nan nan nan nan nan nan nan nan nan
nan nan nan nan nan nan nan nan nan nan nan nan nan nan nan nan nan nan nan nan nan nan nan nan nan nan nan nan nan nan nan nan nan nan 19.6 34.2 nan nan nan nan 38.6 38.6 37.5 36.6 36.0 35.3 34.8 34.5 34.3 34.0 33.7 33.4 33.0 32.6 32.3 32.0 31.7 31.4 31.0 30.6 30.0 29.3 28.4 27.4 26.4 25.4 24.6 24.0 23.6 23.3 23.1 22.8 nan nan nan nan nan nan nan nan nan nan nan nan nan nan nan nan nan nan
nan nan nan nan nan nan nan nan nan nan nan nan nan nan nan nan nan nan nan nan nan nan nan nan nan nan nan nan nan nan nan nan nan nan nan 26.0 21.0 nan nan nan nan 36.7 37.4 36.5 35.7 35.1 34.6 34.2 34.1 34.0 33.7 33.4 33.0 32.6 32.3 32.0 31.7 31.5 31.2 30.8 30.3 29.6 28.6 27.6 26.5 25.6 24.7 24.1 23.6 23.2 23.0 22.9 22.8 13.9 nan nan nan nan nan nan nan nan nan nan nan nan nan nan nan nan
nan nan nan nan nan nan nan nan nan nan nan nan nan nan nan nan nan nan nan nan nan nan nan nan nan nan nan nan nan nan nan nan nan nan 21.5 28.8 37.2 37.1 nan 21.0 nan 33.7 36.9 36.4 35.5 34.9 34.4 34.1 34.0 33.9 33.7 33.4 33.0 32.7 32.3 32.0 31.7 31.5 31.3 30.9 30.4 29.7 28.6 27.5 26.4 25.3 24.7 24.1 23.7 23.2 22.8 22.8 22.7 22.6 nan nan nan nan nan nan nan nan nan nan nan nan nan nan nan nan
nan nan nan nan nan nan nan nan nan nan nan nan nan nan nan nan nan nan nan nan nan nan nan nan nan nan nan nan nan nan nan nan nan nan 37.1 37.2 37.4 36.0 26.5 32.3 34.3 30.5 35.6 35.7 35.2 34.7 34.2 34.0 33.9 33.8 33.7 33.4 33.1 32.7 32.3 32.0 31.8 31.5 31.2 30.8 30.2 29.4 28.4 27.1 26.1 25.0 23.9 23.4 22.3 23.0 22.8 22.7 22.7 22.7 22.8 nan nan nan nan nan nan nan nan nan nan nan nan nan nan nan
nan nan nan nan nan nan nan nan nan nan nan nan nan nan nan nan nan nan nan nan nan nan nan nan nan nan nan nan nan nan nan nan nan nan 37.1 37.2 37.2 37.2 37.4 nan 35.4 33.8 36.1 35.6 35.1 34.5 34.1 33.9 33.8 33.8 33.6 33.4 33.0 32.6 32.3 32.0 31.9 31.6 31.2 30.6 30.0 29.0 -9999.0 -9999.0 -9999.0 -9999.0 -9999.0 -9999.0 -9999.0 14.8 22.8 22.6 22.6 22.5 22.5 nan nan nan nan nan nan nan nan nan nan nan nan nan nan -9999.0
nan nan nan nan nan nan nan nan nan nan nan nan nan nan nan nan nan nan nan nan nan nan nan nan nan nan nan nan nan nan nan nan nan nan 36.7 36.8 36.8 36.7 36.9 nan nan 36.2 36.0 35.4 34.8 34.3 33.9 33.7 33.6 33.5 33.5 33.3 33.0 32.6 32.4 32.1 31.9 31.6 31.2 30.5 29.7 -9999.0 -9999.0 -9999.0 -9999.0 -9999.0 -9999.0 -9999.0 -9999.0 nan 17.2 22.2 22.4 21.5 nan nan nan nan nan nan nan nan nan nan nan nan nan nan nan -9999.0
nan nan nan nan nan nan nan nan nan nan nan nan nan nan nan nan nan nan nan nan nan nan nan nan nan nan nan nan nan nan nan nan nan nan 36.2 36.1 36.0 36.3 37.0 nan 29.7 33.3 35.8 35.3 34.7 34.2 33.7 33.5 33.4 33.3 33.4 33.1 32.8 32.6 32.4 32.2 32.0 31.6 31.2 30.4 29.4 -9999.0 -9999.0 -9999.0 -9999.0 -9999.0 -9999.0 -9999.0 -9999.0 -9999.0 -9999.0 nan 14.3 14.3 nan nan nan nan nan nan nan nan nan nan nan nan nan nan nan -9999.0
nan nan nan nan nan nan nan nan nan nan nan nan nan nan nan nan nan nan nan nan nan nan nan nan nan nan nan nan nan nan nan nan nan nan 35.6 35.6 36.0 36.2 32.5 22.5 33.0 29.2 35.5 35.1 34.5 34.0 33.6 33.3 33.2 33.1 32.9 32.8 32.5 32.3 32.3 32.2 32.0 31.7 31.2 30.3 -9999.0 -9999.0 -9999.0 -9999.0 -9999.0 -9999.0 -9999.0 -9999.0 -9999.0 -9999.0 -9999.0 nan nan nan nan nan nan nan nan nan nan nan nan nan nan nan nan nan nan -9999.0
nan nan nan nan nan nan nan nan nan nan nan nan nan nan nan nan nan nan nan nan nan nan nan nan nan nan nan nan nan nan nan nan 34.8 34.8 35.7 36.2 36.8 37.5 37.7 35.1 nan 35.6 35.2 34.8 34.2 33.8 33.4 33.1 33.0 32.8 32.6 32.4 32.2 32.1 32.2 32.2 32.2 31.9 31.2 -9999.0 -9999.0 -9999.0 -9999.0 -9999.0 -9999.0 -9999.0 -9999.0 -9999.0 -9999.0 -9999.0 -9999.0 -9999.0 nan nan nan nan nan nan nan nan nan nan nan nan nan nan nan nan nan -9999.0
nan nan nan nan nan nan nan nan nan nan nan nan nan nan nan nan nan nan nan nan nan nan nan nan nan nan nan nan nan 20.9 nan nan 35.7 36.0 36.4 36.8 37.6 38.3 39.2 nan nan 35.0 34.9 34.6 34.1 33.6 33.2 32.9 32.7 32.5 32.3 32.0 31.9 31.9 32.0 32.2 32.2 31.9 31.1 -9999.0 -9999.0 -9999.0 -9999.0 -9999.0 -9999.0 -9999.0 -9999.0 -9999.0 -9999.0 -9999.0 -9999.0 -9999.0 -9999.0 -9999.0 nan nan nan nan nan nan nan nan nan nan nan nan nan nan nan -9999.0
nan nan nan nan nan nan nan nan nan nan nan nan nan nan nan nan nan nan nan nan nan nan nan nan nan nan nan nan nan 18.0 18.0 nan 36.1 36.9 34.6 33.0 36.4 38.3 38.7 37.8 nan 34.9 35.0 34.6 34.0 33.5 33.1 32.7 32.4 32.2 31.9 31.8 31.7 31.8 32.0 32.2 32.4 32.1 -9999.0 -9999.0 -9999.0 -9999.0 -9999.0 -9999.0 -9999.0 -9999.0 -9999.0 -9999.0 -9999.0 -9999.0 -9999.0 -9999.0 -9999.0 -9999.0 -9999.0 nan nan nan nan nan nan nan nan nan nan nan nan nan nan -9999.0
nan nan nan nan nan nan nan nan nan nan nan nan nan nan nan nan nan nan nan nan nan nan nan nan nan nan nan nan nan 18.9 35.6 36.0 36.6 37.5 38.6 nan 18.9 37.8 38.1 38.4 nan 34.4 35.4 34.9 34.2 33.6 33.1 32.6 32.2 32.0 31.8 31.6 31.7 31.8 32.1 32.3 32.5 32.2 -9999.0 -9999.0 -9999.0 -9999.0 -9999.0 -9999.0 -9999.0 -9999.0 -9999.0 -9999.0 -9999.0 -9999.0 -9999.0 -9999.0 -9999.0 -9999.0 -9999.0 -9999.0 nan nan nan nan nan nan nan nan nan nan nan nan nan -9999.0
nan nan nan nan nan nan nan nan nan nan nan nan nan nan nan nan nan nan nan nan nan nan nan nan nan nan nan nan nan nan 35.1 35.9 37.0 38.1 36.7 nan nan 37.2 37.4 37.6 nan 31.4 33.4 35.0 34.4 33.8 33.2 32.7 32.3 32.0 31.7 31.6 31.6 31.7 32.0 32.4 32.7 32.4 -9999.0 -9999.0 -9999.0 -9999.0 -9999.0 -9999.0 -9999.0 -9999.0 -9999.0 -9999.0 -9999.0 -9999.0 -9999.0 -9999.0 -9999.0 -9999.0 -9999.0 -9999.0 -9999.0 nan nan nan nan nan nan nan nan nan nan nan nan -9999.0
nan nan nan nan nan nan nan nan nan nan nan nan nan nan nan nan nan nan nan nan nan nan nan nan nan nan nan nan nan nan 32.1 36.1 37.2 38.3 34.3 nan 21.0 28.3 31.9 19.0 29.1 24.6 28.0 34.0 34.3 33.8 33.3 32.8 32.5 32.1 31.8 31.7 31.8 32.0 32.4 32.7 32.8 31.8 -9999.0 -9999.0 -9999.0 -9999.0 -9999.0 -9999.0 -9999.0 -9999.0 -9999.0 -9999.0 -9999.0 -9999.0 -9999.0 -9999.0 -9999.0 -9999.0 -9999.0 -9999.0 -9999.0 -9999.0 nan nan nan nan nan nan nan nan nan nan nan -9999.0
nan nan nan nan nan nan nan nan nan nan nan nan nan nan nan nan nan nan nan nan nan nan nan nan nan nan nan nan nan nan 32.8 35.4 37.1 38.0 37.3 21.0 nan 32.9 25.2 18.9 24.7 nan 34.3 34.5 34.2 33.8 33.4 33.0 32.7 32.3 32.0 31.9 31.9 32.1 32.6 32.8 32.2 24.5 -9999.0 -9999.0 -9999.0 -9999.0 -9999.0 -9999.0 -9999.0 -9999.0 -9999.0 -9999.0 -9999.0 -9999.0 -9999.0 -9999.0 -9999.0 -9999.0 -9999.0 -9999.0 -9999.0 -9999.0 -9999.0 -9999.0 nan nan nan nan nan nan nan nan nan -9999.0
nan nan nan nan nan nan nan nan nan nan nan nan nan nan nan nan nan nan nan nan nan nan nan nan nan nan nan nan nan nan nan 35.8 36.5 37.4 38.2 nan nan 24.9 24.3 20.9 nan nan 34.3 34.3 34.1 33.8 33.5 33.1 32.8 32.5 32.2 32.1 32.1 32.3 32.9 33.5 31.7 27.8 -9999.0 -9999.0 -9999.0 -9999.0 -9999.0 -9999.0 -9999.0 -9999.0 -9999.0 -9999.0 -9999.0 nan nan nan -9999.0 -9999.0 -9999.0 -9999.0 -9999.0 -9999.0 -9999.0 -9999.0 -9999.0 -9999.0 -9999.0 -9999.0 -9999.0 nan nan nan -9999.0 -9999.0
nan nan nan nan nan nan nan nan nan nan nan nan nan nan nan nan nan nan nan nan nan nan nan nan nan nan nan nan nan nan nan 35.0 36.1 37.1 38.2 nan 19.3 22.4 32.8 19.2 nan nan 34.0 34.2 34.1 33.8 33.6 33.3 32.9 32.7 32.4 32.2 32.2 32.5 33.2 34.2 34.0 29.3 -9999.0 -9999.0 -9999.0 -9999.0 -9999.0 -9999.0 -9999.0 -9999.0 -9999.0 -9999.0 -9999.0 nan nan nan nan nan -9999.0 -9999.0 -9999.0 -9999.0 -9999.0 -9999.0 -9999.0 -9999.0 -9999.0 -9999.0 -9999.0 -9999.0 -9999.0 -9999.0 -9999.0 -9999.0
nan nan nan nan nan nan nan nan nan nan nan nan nan nan nan nan nan nan nan nan nan nan nan nan nan nan nan nan nan nan nan 20.5 35.5 36.8 38.3 37.8 31.9 25.1 20.6 16.4 19.5 nan 33.6 34.0 34.0 33.9 33.7 33.4 33.1 32.8 32.5 32.3 32.3 32.7 33.5 34.3 34.7 27.9 -9999.0 -9999.0 -9999.0 -9999.0 -9999.0 -9999.0 -9999.0 -9999.0 -9999.0 -9999.0 -9999.0 -9999.0 -9999.0 -9999.0 -9999.0 -9999.0 -9999.0 -9999.0 -9999.0 -9999.0 -9999.0 -9999.0 -9999.0 -9999.0 -9999.0 -9999.0 -9999.0 -9999.0 -9999.0 -9999.0 -9999.0 -9999.0
nan nan nan nan nan nan nan nan nan nan nan nan nan nan nan nan nan nan nan nan nan nan nan nan nan nan nan nan nan nan nan 20.4 35.1 36.7 38.0 39.0 39.5 nan 23.5 26.6 16.1 nan 33.1 33.8 34.1 34.1 34.0 33.7 33.4 33.0 32.7 32.5 32.5 33.0 33.7 34.3 34.4 28.3 -9999.0 -9999.0 -9999.0 -9999.0 -9999.0 -9999.0 -9999.0 -9999.0 -9999.0 -9999.0 -9999.0 -9999.0 -9999.0 -9999.0 -9999.0 -9999.0 -9999.0 -9999.0 -9999.0 -9999.0 -9999.0 -9999.0 -9999.0 -9999.0 -9999.0 -9999.0 -9999.0 -9999.0 -9999.0 -9999.0 -9999.0 -9999.0
nan nan nan nan nan nan nan nan nan nan nan nan nan nan nan nan nan nan nan nan nan nan nan nan nan nan nan nan nan nan nan 20.5 32.5 36.3 37.8 38.8 39.2 nan nan 23.6 18.8 nan nan 33.6 34.3 34.3 34.2 34.0 33.8 33.4 33.0 32.8 32.8 33.2 33.8 34.4 35.1 27.7 -9999.0 -9999.0 -9999.0 -9999.0 -9999.0 -9999.0 -9999.0 -9999.0 -9999.0 -9999.0 -9999.0 -9999.0 -9999.0 -9999.0 -9999.0 -9999.0 -9999.0 -9999.0 -9999.0 -9999.0 -9999.0 -9999.0 -9999.0 -9999.0 -9999.0 -9999.0 -9999.0 -9999.0 -9999.0 -9999.0 -9999.0 -9999.0
nan nan nan nan nan nan nan nan nan nan nan nan nan nan nan nan nan nan nan nan nan nan nan nan nan nan nan nan nan nan nan nan 19.6 36.3 37.7 38.9 nan nan nan 25.0 18.4 20.2 nan nan 33.5 34.0 34.0 34.0 33.9 33.6 33.3 33.0 33.0 33.4 34.0 34.7 35.6 34.4 -9999.0 -9999.0 -9999.0 -9999.0 -9999.0 -9999.0 -9999.0 -9999.0 -9999.0 -9999.0 -9999.0 -9999.0 -9999.0 -9999.0 -9999.0 -9999.0 -9999.0 -9999.0 -9999.0 -9999.0 -9999.0 -9999.0 -9999.0 -9999.0 nan nan nan -9999.0 -9999.0 -9999.0 -9999.0 -9999.0
nan nan nan nan nan nan nan nan nan nan nan nan nan nan nan nan nan nan nan nan nan nan nan nan nan nan nan nan nan nan nan nan 34.5 35.8 37.3 38.9 nan nan nan nan 21.0 19.8 33.1 nan 32.3 33.5 33.9 33.9 33.9 33.7 33.5 33.3 33.4 33.6 34.3 35.0 36.0 36.3 -9999.0 -9999.0 -9999.0 -9999.0 -9999.0 -9999.0 -9999.0 -9999.0 -9999.0 -9999.0 -9999.0 -9999.0 -9999.0 -9999.0 -9999.0 -9999.0 -9999.0 -9999.0 -9999.0 -9999.0 -9999.0 -9999.0 nan nan nan nan nan nan nan nan -9999.0 -9999.0
nan nan nan nan nan nan nan nan nan nan nan nan nan nan nan nan nan nan nan nan nan nan nan nan nan nan nan nan nan nan nan nan nan 35.7 37.4 39.2 nan nan nan nan 26.9 22.3 28.0 24.1 nan 33.4 34.2 34.1 34.0 33.9 33.8 33.7 33.8 34.1 34.6 35.5 36.6 37.4 -9999.0 -9999.0 -9999.0 -9999.0 -9999.0 -9999.0 -9999.0 -9999.0 -9999.0 -9999.0 -9999.0 nan nan nan nan nan nan nan nan nan nan nan nan nan nan nan nan nan nan nan nan nan
nan nan nan nan nan nan nan nan nan nan nan nan nan nan nan nan nan nan nan nan nan nan nan nan nan nan nan nan nan nan nan nan nan 35.7 37.7 39.4 39.6 nan nan nan 36.2 23.8 25.6 35.3 nan nan 33.7 33.9 34.0 34.0 33.9 34.0 34.2 34.6 35.2 36.2 37.3 38.5 -9999.0 -9999.0 -9999.0 -9999.0 -9999.0 -9999.0 -9999.0 -9999.0 -9999.0 -9999.0 nan nan nan nan nan nan nan nan nan nan nan nan nan nan nan nan nan nan nan nan nan nan
