data/output/RUN203/ECOSPACE/ECOSPACE_in_PAR3/PAR-VarZ-VarK/PAR-VarZ-VarK_1985_08.asc
ncols        93
nrows        151 
xllcorner    -123.80739
yllcorner    48.29471 
cellsize     0.013497347 
NODATA_value  0.0
[rows 80 to 119 of 151, columns 0 to 89 of 93]
nan nan nan nan nan nan nan nan nan nan nan nan nan nan nan nan nan nan nan nan nan nan nan 34.0 32.0 33.9 35.7 36.0 35.9 35.8 35.6 35.5 35.3 35.2 35.0 34.7 34.3 34.0 33.7 33.5 33.3 33.2 33.0 32.7 32.3 32.0 31.6 31.0 30.2 29.1 27.9 26.6 25.4 24.5 nan nan nan nan nan nan nan nan nan nan nan nan 19.2 19.6 19.7 19.8 nan 19.3 19.3 19.2 19.2 19.2 19.1 18.8 18.6 18.9 19.4 19.5 19.3 nan nan nan nan nan nan nan
nan nan nan nan nan nan nan nan nan nan nan nan nan nan nan nan nan nan nan nan nan nan nan nan nan nan 35.9 35.9 35.9 35.8 35.7 35.5 35.4 35.2 34.9 34.6 34.2 33.9 33.5 33.3 33.2 33.1 32.9 32.6 32.4 32.2 32.0 31.5 30.9 30.0 28.8 27.5 26.3 25.1 23.9 nan nan nan nan nan nan nan nan nan nan nan 19.8 19.9 nan nan nan nan nan 19.4 19.5 19.5 nan 18.9 19.1 19.5 20.0 20.3 nan nan nan nan nan nan nan nan
nan nan nan nan nan nan nan nan nan nan nan nan nan nan nan nan nan nan nan nan nan nan nan nan nan nan nan 35.9 35.8 35.8 35.7 35.6 35.4 35.2 34.8 34.5 34.1 33.7 33.4 33.2 33.0 32.8 32.7 32.5 32.3 32.2 32.1 31.9 31.5 30.8 29.8 28.5 27.2 25.8 24.5 23.6 nan nan nan nan nan nan nan nan nan 19.8 20.4 nan nan nan nan nan nan 19.5 19.5 19.6 nan 19.2 19.7 20.2 20.5 nan nan nan nan nan nan nan nan nan
nan nan nan nan nan nan nan nan nan nan nan nan nan nan nan nan nan nan nan nan nan nan nan nan nan nan nan nan 33.7 35.3 35.8 35.7 35.5 35.2 34.8 34.3 33.9 33.5 33.2 33.0 32.7 32.5 32.4 32.2 32.1 32.0 32.0 31.9 31.7 31.2 30.4 29.4 28.2 26.8 25.4 24.2 23.4 nan nan nan nan nan nan nan nan 19.8 20.3 nan nan nan nan nan nan 19.5 19.7 19.9 20.3 20.8 20.6 20.5 nan nan nan nan nan nan nan nan nan nan
nan nan nan nan nan nan nan nan nan nan nan nan nan nan nan nan nan nan nan nan nan nan nan nan nan nan nan nan nan 16.0 35.9 35.7 35.4 35.1 34.7 34.2 33.8 33.3 33.0 32.7 32.5 32.2 32.0 31.9 31.8 31.8 31.8 31.7 31.7 31.4 30.9 30.0 29.0 27.8 26.5 25.2 24.1 23.3 nan nan nan nan nan nan 19.8 20.1 20.4 nan 20.7 20.7 20.8 nan nan 19.6 20.0 20.3 20.8 21.6 nan nan nan nan nan nan nan nan nan nan nan nan
nan nan nan nan nan nan nan nan nan nan nan nan nan nan nan nan nan nan nan nan nan nan nan nan nan nan nan nan nan nan 16.7 35.8 35.4 35.1 34.7 34.2 33.7 33.2 32.8 32.4 32.2 31.9 31.6 31.5 31.5 31.5 31.5 31.5 31.5 31.5 31.2 30.6 29.7 28.7 27.5 26.4 25.2 24.2 nan nan nan nan nan 19.9 20.2 20.5 20.7 20.8 20.8 20.7 20.7 12.4 nan 19.8 20.3 20.7 21.1 21.4 nan nan nan nan nan nan nan nan nan nan nan nan
nan nan nan nan nan nan nan nan nan nan nan nan nan nan nan nan nan nan nan nan nan nan nan nan nan nan nan nan nan nan nan 33.6 35.3 35.1 34.7 34.2 33.7 33.1 32.7 32.2 31.9 31.6 31.3 31.1 31.1 31.1 31.1 31.2 31.3 31.4 31.4 31.1 30.4 29.5 28.4 27.2 26.1 24.9 23.5 nan nan 20.5 20.9 20.8 20.7 21.0 21.1 21.2 21.1 21.0 21.0 nan nan 20.2 20.7 21.0 21.4 21.5 nan nan nan nan nan nan nan nan nan nan nan nan
nan nan nan nan nan nan nan nan nan nan nan nan nan nan nan nan nan nan nan nan nan nan nan nan nan nan nan nan nan nan nan nan 35.4 35.0 34.6 34.1 33.7 33.2 32.6 32.1 31.7 31.3 31.0 30.8 30.7 30.8 30.8 31.0 31.1 31.4 31.5 31.4 30.9 30.1 29.0 27.8 26.7 25.6 24.4 22.8 22.0 21.9 21.8 nan 21.2 21.6 21.9 22.1 22.0 21.9 21.6 21.2 21.1 21.1 21.1 21.3 21.5 nan nan nan nan nan nan nan nan nan nan nan nan nan
nan nan nan nan nan nan nan nan nan nan nan nan nan nan nan nan nan nan nan nan nan nan nan nan nan nan nan nan nan nan 35.1 35.0 35.1 34.8 34.5 34.0 33.7 33.2 32.6 32.1 31.6 31.2 30.8 30.6 30.5 30.5 30.6 30.8 31.0 31.4 31.6 31.6 31.3 30.7 29.9 28.8 27.6 26.4 25.3 24.2 23.4 22.8 22.5 22.5 22.4 22.6 23.0 23.1 23.0 22.9 22.3 21.8 21.5 21.4 21.4 21.6 21.5 nan nan nan nan nan nan nan nan nan nan nan nan nan
nan nan nan nan nan nan nan nan nan nan nan nan nan nan nan nan nan nan nan nan nan nan nan nan nan nan nan nan nan nan nan nan 34.9 34.8 34.4 34.0 33.7 33.2 32.7 32.2 31.6 31.2 30.8 30.5 30.2 30.2 30.3 30.5 30.9 31.3 31.5 31.7 31.6 31.2 30.6 29.8 28.9 27.8 26.7 25.6 24.7 24.0 23.6 23.5 23.2 23.1 23.3 nan nan nan 22.4 22.2 21.9 21.6 21.6 21.6 nan nan nan nan nan nan nan nan nan nan nan nan nan nan
nan nan nan nan nan nan nan nan nan nan nan nan nan nan nan nan nan nan nan nan nan nan nan nan nan nan nan nan nan nan 17.9 16.2 34.6 34.5 34.5 34.3 34.0 33.6 33.0 32.5 31.8 31.2 30.8 30.3 30.1 30.1 30.1 30.3 30.7 31.1 31.5 31.7 31.7 31.5 31.2 30.6 29.9 29.0 27.9 26.8 25.8 25.0 24.5 24.1 nan nan nan nan nan nan nan 22.6 22.1 21.7 21.6 21.5 nan nan nan nan nan nan nan nan nan nan nan nan nan nan
nan nan nan nan nan nan nan nan nan nan nan nan nan nan nan nan nan nan nan nan nan nan nan nan nan nan nan nan nan nan 17.5 33.9 34.4 34.8 34.7 18.6 34.3 34.0 33.3 32.7 32.0 31.4 30.8 30.3 30.0 29.9 30.0 30.1 30.5 31.0 31.4 31.6 31.7 31.7 31.5 31.2 30.7 29.9 28.9 27.8 26.8 25.9 25.1 nan nan nan nan nan nan 22.0 22.3 22.5 22.0 21.7 21.6 nan nan nan nan nan nan nan nan nan nan nan nan nan nan nan
nan nan nan nan nan nan nan nan nan nan nan nan nan nan nan nan nan nan nan nan nan nan nan nan nan nan nan nan nan nan 17.9 33.0 34.8 35.1 nan nan nan 33.8 33.3 32.7 32.1 31.5 30.9 30.4 30.0 29.9 29.9 30.0 30.3 30.8 31.3 31.5 31.7 31.8 31.8 31.7 31.3 30.6 29.7 28.7 27.5 26.6 25.8 nan nan nan nan nan 22.3 22.2 22.1 22.0 21.7 21.5 nan nan nan nan nan nan nan nan nan nan nan nan nan nan nan nan
nan nan nan nan nan nan nan nan nan nan nan nan nan nan nan nan nan nan nan nan nan nan nan nan nan nan nan nan nan nan 17.9 16.5 35.0 35.4 nan nan nan 31.7 33.2 32.7 32.2 31.7 31.1 30.6 30.2 30.0 29.9 29.9 30.2 30.7 31.1 31.4 31.6 31.8 31.9 31.9 31.7 31.2 30.4 29.3 28.1 26.9 25.8 24.2 23.4 nan 22.3 22.4 22.4 22.1 21.8 21.7 nan nan nan nan nan nan nan nan nan nan nan nan nan nan nan nan nan nan
nan nan nan nan nan nan nan nan nan nan nan nan nan nan nan nan nan nan nan nan nan nan nan nan nan nan nan nan nan nan nan nan 35.0 30.6 nan nan nan nan 32.9 32.7 32.5 32.0 31.4 30.9 30.5 30.1 29.9 29.9 30.2 30.6 31.0 31.2 31.4 31.7 31.9 32.0 32.0 31.6 30.9 29.9 28.7 27.4 26.1 25.0 24.2 23.5 23.0 22.5 22.2 21.9 21.5 nan nan nan nan nan nan nan nan nan nan nan nan nan nan nan nan nan nan nan
nan nan nan nan nan nan nan nan nan nan nan nan nan nan nan nan nan nan nan nan nan nan nan nan nan nan nan nan nan nan nan nan nan 29.8 16.4 nan nan nan 16.3 33.0 33.0 32.6 31.9 31.4 30.8 30.4 30.1 30.1 30.3 30.6 30.9 31.1 31.3 31.5 31.8 32.0 32.0 31.8 31.2 30.4 29.3 28.1 26.9 25.7 24.8 23.9 23.3 22.7 22.3 21.8 21.3 nan nan nan nan nan nan nan nan nan nan nan nan nan nan nan nan nan nan nan
nan nan nan nan nan nan nan nan nan nan nan nan nan nan nan nan nan nan nan nan nan nan nan nan nan nan nan nan nan nan nan nan nan nan 17.1 30.1 nan nan nan nan 33.3 33.2 32.5 31.9 31.3 30.8 30.5 30.4 30.5 30.7 30.9 31.0 31.1 31.4 31.6 31.8 31.9 31.8 31.4 30.7 29.8 28.6 27.5 26.3 25.2 24.2 23.5 22.9 22.4 21.8 21.3 20.9 nan nan nan nan nan nan nan nan nan nan nan nan nan nan nan nan nan nan
nan nan nan nan nan nan nan nan nan nan nan nan nan nan nan nan nan nan nan nan nan nan nan nan nan nan nan nan nan nan nan nan nan nan nan 22.9 18.0 nan nan nan nan 32.5 33.0 32.3 31.8 31.3 30.9 30.7 30.7 30.8 30.9 30.9 30.9 31.1 31.4 31.6 31.8 31.7 31.5 30.9 30.1 29.0 27.8 26.6 25.5 24.4 23.6 22.9 22.4 21.9 21.3 21.0 20.8 12.2 nan nan nan nan nan nan nan nan nan nan nan nan nan nan nan nan
nan nan nan nan nan nan nan nan nan nan nan nan nan nan nan nan nan nan nan nan nan nan nan nan nan nan nan nan nan nan nan nan nan nan 18.5 23.2 32.4 32.5 nan 18.1 nan 29.8 33.1 32.6 32.1 31.7 31.3 31.0 30.9 30.9 30.9 30.9 30.8 31.0 31.1 31.4 31.6 31.6 31.4 31.0 30.2 29.2 28.0 26.7 25.4 24.3 23.6 23.0 22.4 21.9 21.3 21.0 20.8 20.6 nan nan nan nan nan nan nan nan nan nan nan nan nan nan nan nan
nan nan nan nan nan nan nan nan nan nan nan nan nan nan nan nan nan nan nan nan nan nan nan nan nan nan nan nan nan nan nan nan nan nan 32.6 32.6 32.8 31.3 19.5 29.2 30.9 28.0 33.1 32.9 32.5 32.0 31.6 31.3 31.2 31.1 31.0 30.9 30.8 30.9 31.0 31.2 31.5 31.5 31.3 30.9 30.2 29.1 27.8 26.5 25.2 23.9 22.5 22.2 21.7 22.0 21.2 21.0 20.8 20.8 20.8 nan nan nan nan nan nan nan nan nan nan nan nan nan nan nan
nan nan nan nan nan nan nan nan nan nan nan nan nan nan nan nan nan nan nan nan nan nan nan nan nan nan nan nan nan nan nan nan nan nan 32.5 32.5 32.7 32.8 31.8 nan 32.2 31.0 33.4 33.2 32.7 32.3 32.0 31.7 31.5 31.4 31.2 31.0 30.9 31.0 30.9 31.2 31.5 31.4 31.2 30.8 30.0 28.8 -9999.0 -9999.0 -9999.0 -9999.0 -9999.0 -9999.0 -9999.0 13.1 21.3 21.0 20.9 20.7 20.7 nan nan nan nan nan nan nan nan nan nan nan nan nan nan -9999.0
nan nan nan nan nan nan nan nan nan nan nan nan nan nan nan nan nan nan nan nan nan nan nan nan nan nan nan nan nan nan nan nan nan nan 32.3 32.4 32.5 32.6 32.7 nan nan 33.6 33.7 33.5 33.0 32.6 32.3 32.0 31.8 31.7 31.5 31.2 31.0 31.0 31.0 31.3 31.5 31.3 31.2 30.6 29.8 -9999.0 -9999.0 -9999.0 -9999.0 -9999.0 -9999.0 -9999.0 -9999.0 nan 15.1 20.9 21.0 20.3 nan nan nan nan nan nan nan nan nan nan nan nan nan nan nan -9999.0
nan nan nan nan nan nan nan nan nan nan nan nan nan nan nan nan nan nan nan nan nan nan nan nan nan nan nan nan nan nan nan nan nan nan 32.1 32.1 32.2 32.4 32.7 nan 28.1 30.8 33.9 33.7 33.3 32.9 32.5 32.3 32.1 31.9 31.6 31.4 31.2 31.1 31.1 31.3 31.5 31.4 31.1 30.5 29.5 -9999.0 -9999.0 -9999.0 -9999.0 -9999.0 -9999.0 -9999.0 -9999.0 -9999.0 -9999.0 nan 12.6 12.6 nan nan nan nan nan nan nan nan nan nan nan nan nan nan nan -9999.0
nan nan nan nan nan nan nan nan nan nan nan nan nan nan nan nan nan nan nan nan nan nan nan nan nan nan nan nan nan nan nan nan nan nan 31.7 31.8 32.1 31.9 29.3 20.4 30.1 27.9 33.6 33.7 33.4 33.0 32.7 32.4 32.2 32.0 31.7 31.5 31.2 31.1 31.2 31.4 31.6 31.5 31.1 30.4 -9999.0 -9999.0 -9999.0 -9999.0 -9999.0 -9999.0 -9999.0 -9999.0 -9999.0 -9999.0 -9999.0 nan nan nan nan nan nan nan nan nan nan nan nan nan nan nan nan nan nan -9999.0
nan nan nan nan nan nan nan nan nan nan nan nan nan nan nan nan nan nan nan nan nan nan nan nan nan nan nan nan nan nan nan nan 29.5 30.3 31.4 31.9 32.4 33.0 33.0 31.5 nan 34.0 33.7 33.5 33.4 33.1 32.8 32.5 32.2 32.0 31.8 31.6 31.4 31.2 31.4 31.6 31.7 31.6 31.1 -9999.0 -9999.0 -9999.0 -9999.0 -9999.0 -9999.0 -9999.0 -9999.0 -9999.0 -9999.0 -9999.0 -9999.0 -9999.0 nan nan nan nan nan nan nan nan nan nan nan nan nan nan nan nan nan -9999.0
nan nan nan nan nan nan nan nan nan nan nan nan nan nan nan nan nan nan nan nan nan nan nan nan nan nan nan nan nan 17.9 nan nan 31.4 31.5 31.6 32.1 32.8 33.3 33.9 nan nan 33.4 33.6 33.6 33.5 33.2 32.9 32.6 32.3 32.1 31.9 31.7 31.5 31.5 31.6 31.7 31.8 31.7 31.1 -9999.0 -9999.0 -9999.0 -9999.0 -9999.0 -9999.0 -9999.0 -9999.0 -9999.0 -9999.0 -9999.0 -9999.0 -9999.0 -9999.0 -9999.0 nan nan nan nan nan nan nan nan nan nan nan nan nan nan nan -9999.0
nan nan nan nan nan nan nan nan nan nan nan nan nan nan nan nan nan nan nan nan nan nan nan nan nan nan nan nan nan 15.4 15.4 nan 31.5 31.7 29.7 28.6 31.4 33.1 33.4 32.5 nan 33.4 34.0 34.1 33.9 33.6 33.1 32.7 32.3 32.1 32.0 31.8 31.6 31.5 31.6 31.8 31.9 31.9 -9999.0 -9999.0 -9999.0 -9999.0 -9999.0 -9999.0 -9999.0 -9999.0 -9999.0 -9999.0 -9999.0 -9999.0 -9999.0 -9999.0 -9999.0 -9999.0 -9999.0 nan nan nan nan nan nan nan nan nan nan nan nan nan nan -9999.0
nan nan nan nan nan nan nan nan nan nan nan nan nan nan nan nan nan nan nan nan nan nan nan nan nan nan nan nan nan 16.2 30.6 31.1 31.4 31.9 32.6 nan 16.4 32.7 33.1 33.4 nan 33.2 34.7 34.7 34.3 33.8 33.3 32.8 32.4 32.2 32.0 31.9 31.8 31.9 32.0 32.1 32.1 32.1 -9999.0 -9999.0 -9999.0 -9999.0 -9999.0 -9999.0 -9999.0 -9999.0 -9999.0 -9999.0 -9999.0 -9999.0 -9999.0 -9999.0 -9999.0 -9999.0 -9999.0 -9999.0 nan nan nan nan nan nan nan nan nan nan nan nan nan -9999.0
nan nan nan nan nan nan nan nan nan nan nan nan nan nan nan nan nan nan nan nan nan nan nan nan nan nan nan nan nan nan 30.1 30.9 31.5 32.2 31.4 nan nan 32.6 33.0 33.5 nan 30.0 32.5 34.6 34.3 33.8 33.3 32.8 32.4 32.1 32.0 31.9 31.9 32.1 32.2 32.2 32.2 32.2 -9999.0 -9999.0 -9999.0 -9999.0 -9999.0 -9999.0 -9999.0 -9999.0 -9999.0 -9999.0 -9999.0 -9999.0 -9999.0 -9999.0 -9999.0 -9999.0 -9999.0 -9999.0 -9999.0 nan nan nan nan nan nan nan nan nan nan nan nan -9999.0
nan nan nan nan nan nan nan nan nan nan nan nan nan nan nan nan nan nan nan nan nan nan nan nan nan nan nan nan nan nan 28.1 30.9 31.6 32.3 29.3 nan 18.2 25.3 29.9 17.6 27.2 22.9 27.4 33.5 34.0 33.6 33.1 32.6 32.3 32.1 31.9 31.9 32.0 32.3 32.6 32.5 32.3 31.6 -9999.0 -9999.0 -9999.0 -9999.0 -9999.0 -9999.0 -9999.0 -9999.0 -9999.0 -9999.0 -9999.0 -9999.0 -9999.0 -9999.0 -9999.0 -9999.0 -9999.0 -9999.0 -9999.0 -9999.0 nan nan nan nan nan nan nan nan nan nan nan -9999.0
nan nan nan nan nan nan nan nan nan nan nan nan nan nan nan nan nan nan nan nan nan nan nan nan nan nan nan nan nan nan 28.4 30.4 31.5 32.2 31.6 18.2 nan 29.4 24.1 17.2 23.2 nan 33.9 34.3 33.8 33.4 33.0 32.6 32.2 32.0 31.8 31.9 32.1 32.4 32.7 32.6 31.6 24.7 -9999.0 -9999.0 -9999.0 -9999.0 -9999.0 -9999.0 -9999.0 -9999.0 -9999.0 -9999.0 -9999.0 -9999.0 -9999.0 -9999.0 -9999.0 -9999.0 -9999.0 -9999.0 -9999.0 -9999.0 -9999.0 -9999.0 nan nan nan nan nan nan nan nan nan -9999.0
nan nan nan nan nan nan nan nan nan nan nan nan nan nan nan nan nan nan nan nan nan nan nan nan nan nan nan nan nan nan nan 30.8 31.3 32.0 32.7 nan nan 22.8 23.0 20.1 nan nan 34.0 34.1 33.6 33.2 32.8 32.5 32.2 32.0 31.9 31.9 32.2 32.5 32.9 32.9 31.7 27.2 -9999.0 -9999.0 -9999.0 -9999.0 -9999.0 -9999.0 -9999.0 -9999.0 -9999.0 -9999.0 -9999.0 nan nan nan -9999.0 -9999.0 -9999.0 -9999.0 -9999.0 -9999.0 -9999.0 -9999.0 -9999.0 -9999.0 -9999.0 -9999.0 -9999.0 nan nan nan -9999.0 -9999.0
nan nan nan nan nan nan nan nan nan nan nan nan nan nan nan nan nan nan nan nan nan nan nan nan nan nan nan nan nan nan nan 29.8 31.1 31.8 32.7 nan 17.0 19.6 30.0 18.6 nan nan 33.9 33.9 33.5 33.2 32.8 32.4 32.2 32.0 31.9 32.0 32.3 32.7 33.1 33.4 33.0 28.7 -9999.0 -9999.0 -9999.0 -9999.0 -9999.0 -9999.0 -9999.0 -9999.0 -9999.0 -9999.0 -9999.0 nan nan nan nan nan -9999.0 -9999.0 -9999.0 -9999.0 -9999.0 -9999.0 -9999.0 -9999.0 -9999.0 -9999.0 -9999.0 -9999.0 -9999.0 -9999.0 -9999.0 -9999.0
nan nan nan nan nan nan nan nan nan nan nan nan nan nan nan nan nan nan nan nan nan nan nan nan nan nan nan nan nan nan nan 18.0 31.0 31.6 32.2 32.8 30.7 24.4 18.8 15.5 18.5 nan 33.8 33.7 33.4 33.0 32.7 32.5 32.3 32.2 32.1 32.1 32.4 32.8 33.3 33.6 34.0 28.7 -9999.0 -9999.0 -9999.0 -9999.0 -9999.0 -9999.0 -9999.0 -9999.0 -9999.0 -9999.0 -9999.0 -9999.0 -9999.0 -9999.0 -9999.0 -9999.0 -9999.0 -9999.0 -9999.0 -9999.0 -9999.0 -9999.0 -9999.0 -9999.0 -9999.0 -9999.0 -9999.0 -9999.0 -9999.0 -9999.0 -9999.0 -9999.0
nan nan nan nan nan nan nan nan nan nan nan nan nan nan nan nan nan nan nan nan nan nan nan nan nan nan nan nan nan nan nan 18.0 30.7 31.5 32.5 33.1 33.1 nan 21.1 24.3 15.2 nan 33.8 33.8 33.5 33.1 32.8 32.5 32.4 32.3 32.2 32.3 32.6 33.0 33.5 33.9 34.0 28.3 -9999.0 -9999.0 -9999.0 -9999.0 -9999.0 -9999.0 -9999.0 -9999.0 -9999.0 -9999.0 -9999.0 -9999.0 -9999.0 -9999.0 -9999.0 -9999.0 -9999.0 -9999.0 -9999.0 -9999.0 -9999.0 -9999.0 -9999.0 -9999.0 -9999.0 -9999.0 -9999.0 -9999.0 -9999.0 -9999.0 -9999.0 -9999.0
nan nan nan nan nan nan nan nan nan nan nan nan nan nan nan nan nan nan nan nan nan nan nan nan nan nan nan nan nan nan nan 18.0 27.9 30.9 32.1 32.8 33.0 nan nan 21.8 18.2 nan nan 34.0 33.6 33.1 32.9 32.7 32.5 32.4 32.4 32.5 32.8 33.3 33.9 34.3 34.5 27.2 -9999.0 -9999.0 -9999.0 -9999.0 -9999.0 -9999.0 -9999.0 -9999.0 -9999.0 -9999.0 -9999.0 -9999.0 -9999.0 -9999.0 -9999.0 -9999.0 -9999.0 -9999.0 -9999.0 -9999.0 -9999.0 -9999.0 -9999.0 -9999.0 -9999.0 -9999.0 -9999.0 -9999.0 -9999.0 -9999.0 -9999.0 -9999.0
nan nan nan nan nan nan nan nan nan nan nan nan nan nan nan nan nan nan nan nan nan nan nan nan nan nan nan nan nan nan nan nan 17.2 31.4 32.1 32.9 nan nan nan 23.2 17.5 19.3 nan nan 33.2 33.1 32.9 32.7 32.6 32.6 32.6 32.8 33.0 33.5 34.1 34.7 34.8 33.4 -9999.0 -9999.0 -9999.0 -9999.0 -9999.0 -9999.0 -9999.0 -9999.0 -9999.0 -9999.0 -9999.0 -9999.0 -9999.0 -9999.0 -9999.0 -9999.0 -9999.0 -9999.0 -9999.0 -9999.0 -9999.0 -9999.0 -9999.0 -9999.0 nan nan nan -9999.0 -9999.0 -9999.0 -9999.0 -9999.0
nan nan nan nan nan nan nan nan nan nan nan nan nan nan nan nan nan nan nan nan nan nan nan nan nan nan nan nan nan nan nan nan 30.8 31.3 32.0 32.8 nan nan nan nan 19.6 19.1 31.4 nan 32.1 32.9 33.0 32.8 32.8 32.8 33.0 33.1 33.3 33.6 34.3 34.8 34.9 34.2 -9999.0 -9999.0 -9999.0 -9999.0 -9999.0 -9999.0 -9999.0 -9999.0 -9999.0 -9999.0 -9999.0 -9999.0 -9999.0 -9999.0 -9999.0 -9999.0 -9999.0 -9999.0 -9999.0 -9999.0 -9999.0 -9999.0 nan nan nan nan nan nan nan nan -9999.0 -9999.0
nan nan nan nan nan nan nan nan nan nan nan nan nan nan nan nan nan nan nan nan nan nan nan nan nan nan nan nan nan nan nan nan nan 31.3 32.1 33.0 nan nan nan nan 25.1 21.5 27.3 21.4 nan 33.4 33.4 33.0 33.0 33.1 33.2 33.4 33.6 33.9 34.5 35.0 35.3 35.4 -9999.0 -9999.0 -9999.0 -9999.0 -9999.0 -9999.0 -9999.0 -9999.0 -9999.0 -9999.0 -9999.0 nan nan nan nan nan nan nan nan nan nan nan nan nan nan nan nan nan nan nan nan nan
nan nan nan nan nan nan nan nan nan nan nan nan nan nan nan nan nan nan nan nan nan nan nan nan nan nan nan nan nan nan nan nan nan 31.5 32.3 33.2 33.3 nan nan nan 32.3 22.6 25.3 32.3 nan nan 33.1 33.0 33.1 33.2 33.3 33.5 33.7 34.0 34.6 35.3 35.8 36.4 -9999.0 -9999.0 -9999.0 -9999.0 -9999.0 -9999.0 -9999.0 -9999.0 -9999.0 -9999.0 nan nan nan nan nan nan nan nan nan nan nan nan nan nan nan nan nan nan nan nan nan nan
