data/output/RUN203/ECOSPACE/ECOSPACE_in_PAR3/PAR-VarZ-VarK/PAR-VarZ-VarK_1988_05.asc
ncols        93
nrows        151 
xllcorner    -123.80739
yllcorner    48.29471 
cellsize     0.013497347 
NODATA_value  0.0
[rows 80 to 119 of 151, columns 0 to 89 of 93]
nan nan nan nan nan nan nan nan nan nan nan nan nan nan nan nan nan nan nan nan nan nan nan 29.1 28.4 28.6 29.7 30.2 28.8 27.2 25.5 24.0 22.8 21.7 20.6 19.6 18.7 17.8 17.0 16.4 15.7 15.2 14.7 14.3 14.0 13.8 13.6 13.5 13.4 13.4 13.3 13.2 13.1 13.0 nan nan nan nan nan nan nan nan nan nan nan nan 12.2 12.4 12.4 12.5 nan 12.3 12.3 12.4 12.4 12.5 12.5 12.4 12.4 12.5 12.8 12.9 12.9 nan nan nan nan nan nan nan
nan nan nan nan nan nan nan nan nan nan nan nan nan nan nan nan nan nan nan nan nan nan nan nan nan nan 31.6 31.5 30.2 28.6 26.9 25.2 23.8 22.6 21.4 20.3 19.3 18.3 17.5 16.6 16.0 15.4 14.9 14.4 14.1 13.9 13.6 13.5 13.4 13.4 13.3 13.3 13.1 13.1 12.9 nan nan nan nan nan nan nan nan nan nan nan 12.4 12.5 nan nan nan nan nan 12.5 12.6 12.7 nan 12.5 12.6 12.9 13.1 13.2 nan nan nan nan nan nan nan nan
nan nan nan nan nan nan nan nan nan nan nan nan nan nan nan nan nan nan nan nan nan nan nan nan nan nan nan 32.2 31.1 30.1 28.3 26.6 25.0 23.5 22.1 20.9 19.7 18.7 17.7 16.9 16.2 15.6 15.1 14.6 14.3 14.0 13.8 13.6 13.5 13.4 13.3 13.2 13.1 13.1 13.0 12.9 nan nan nan nan nan nan nan nan nan 12.5 12.6 nan nan nan nan nan nan 12.5 12.6 12.7 nan 12.7 12.9 13.1 13.2 nan nan nan nan nan nan nan nan nan
nan nan nan nan nan nan nan nan nan nan nan nan nan nan nan nan nan nan nan nan nan nan nan nan nan nan nan nan 30.1 30.4 29.8 28.0 26.3 24.6 23.0 21.6 20.4 19.3 18.3 17.4 16.6 15.9 15.3 14.8 14.4 14.1 13.9 13.7 13.6 13.4 13.3 13.2 13.2 13.1 13.0 13.0 13.0 nan nan nan nan nan nan nan nan 12.5 12.6 nan nan nan nan nan nan 12.5 12.7 12.8 13.1 13.3 13.3 13.2 nan nan nan nan nan nan nan nan nan nan
nan nan nan nan nan nan nan nan nan nan nan nan nan nan nan nan nan nan nan nan nan nan nan nan nan nan nan nan nan 13.7 31.1 29.5 27.7 25.8 24.1 22.5 21.1 19.9 18.8 17.8 17.0 16.2 15.6 15.1 14.7 14.4 14.1 13.9 13.7 13.6 13.5 13.3 13.2 13.2 13.1 13.0 13.0 12.9 nan nan nan nan nan nan 12.6 12.6 12.7 nan 12.8 12.8 12.9 nan nan 12.6 12.8 13.0 13.3 13.6 nan nan nan nan nan nan nan nan nan nan nan nan
nan nan nan nan nan nan nan nan nan nan nan nan nan nan nan nan nan nan nan nan nan nan nan nan nan nan nan nan nan nan 14.4 30.6 29.1 27.1 25.3 23.6 22.1 20.7 19.5 18.4 17.5 16.7 16.1 15.5 15.0 14.6 14.3 14.1 13.9 13.7 13.6 13.5 13.4 13.2 13.2 13.1 13.1 13.1 nan nan nan nan nan 12.6 12.7 12.8 12.8 12.9 12.9 12.9 12.8 9.1 nan 12.7 12.9 13.1 13.4 13.5 nan nan nan nan nan nan nan nan nan nan nan nan
nan nan nan nan nan nan nan nan nan nan nan nan nan nan nan nan nan nan nan nan nan nan nan nan nan nan nan nan nan nan nan 28.5 29.6 28.4 26.5 24.7 23.0 21.6 20.2 19.0 18.0 17.1 16.5 15.9 15.4 15.0 14.6 14.4 14.1 14.0 13.8 13.6 13.5 13.4 13.3 13.2 13.2 13.2 13.1 nan nan 12.8 12.9 12.9 12.9 12.9 13.0 13.0 12.9 12.9 12.9 nan nan 12.9 13.1 13.3 13.5 13.5 nan nan nan nan nan nan nan nan nan nan nan nan
nan nan nan nan nan nan nan nan nan nan nan nan nan nan nan nan nan nan nan nan nan nan nan nan nan nan nan nan nan nan nan nan 31.1 29.5 27.8 26.0 24.2 22.6 21.1 19.8 18.7 17.8 17.0 16.4 15.8 15.4 15.0 14.7 14.4 14.2 14.1 13.9 13.7 13.6 13.5 13.4 13.3 13.3 13.2 13.1 13.1 13.1 13.1 nan 13.0 13.1 13.2 13.2 13.2 13.1 13.1 13.0 13.1 13.2 13.2 13.4 13.5 nan nan nan nan nan nan nan nan nan nan nan nan nan
nan nan nan nan nan nan nan nan nan nan nan nan nan nan nan nan nan nan nan nan nan nan nan nan nan nan nan nan nan nan 30.4 31.0 31.3 30.3 28.8 27.3 25.5 23.9 22.2 20.8 19.5 18.4 17.6 16.9 16.3 15.8 15.4 15.1 14.8 14.6 14.3 14.2 14.0 13.8 13.7 13.6 13.4 13.4 13.4 13.3 13.3 13.3 13.3 13.3 13.3 13.4 13.5 13.5 13.5 13.4 13.3 13.2 13.2 13.3 13.4 13.5 13.5 nan nan nan nan nan nan nan nan nan nan nan nan nan
nan nan nan nan nan nan nan nan nan nan nan nan nan nan nan nan nan nan nan nan nan nan nan nan nan nan nan nan nan nan nan nan 31.3 30.7 29.8 28.6 27.1 25.3 23.5 21.9 20.5 19.3 18.3 17.5 16.8 16.3 15.9 15.5 15.1 14.9 14.6 14.4 14.3 14.1 13.9 13.8 13.6 13.6 13.5 13.5 13.5 13.5 13.5 13.5 13.5 13.5 13.5 nan nan nan 13.4 13.3 13.3 13.4 13.4 13.5 nan nan nan nan nan nan nan nan nan nan nan nan nan nan
nan nan nan nan nan nan nan nan nan nan nan nan nan nan nan nan nan nan nan nan nan nan nan nan nan nan nan nan nan nan 15.2 13.8 31.3 31.2 30.7 30.0 28.8 27.1 25.0 23.2 21.6 20.3 19.1 18.2 17.4 16.8 16.3 15.9 15.6 15.3 15.0 14.8 14.6 14.4 14.2 14.0 13.9 13.8 13.7 13.7 13.7 13.6 13.6 13.6 nan nan nan nan nan nan nan 13.5 13.5 13.4 13.5 13.4 nan nan nan nan nan nan nan nan nan nan nan nan nan nan
nan nan nan nan nan nan nan nan nan nan nan nan nan nan nan nan nan nan nan nan nan nan nan nan nan nan nan nan nan nan 15.0 30.9 31.7 31.9 31.5 16.3 30.3 28.8 26.5 24.6 22.9 21.4 20.1 19.0 18.1 17.4 16.8 16.4 16.0 15.6 15.4 15.1 14.9 14.7 14.5 14.3 14.1 14.0 13.9 13.8 13.8 13.7 13.6 nan nan nan nan nan nan 13.3 13.4 13.6 13.5 13.5 13.5 nan nan nan nan nan nan nan nan nan nan nan nan nan nan nan
nan nan nan nan nan nan nan nan nan nan nan nan nan nan nan nan nan nan nan nan nan nan nan nan nan nan nan nan nan nan 15.4 30.1 32.1 32.3 nan nan nan 29.1 27.9 26.0 24.2 22.6 21.1 19.8 18.8 18.0 17.4 16.8 16.4 16.0 15.7 15.5 15.2 15.0 14.8 14.6 14.4 14.3 14.1 14.0 13.9 13.8 13.7 nan nan nan nan nan 13.4 13.4 13.5 13.6 13.6 13.5 nan nan nan nan nan nan nan nan nan nan nan nan nan nan nan nan
nan nan nan nan nan nan nan nan nan nan nan nan nan nan nan nan nan nan nan nan nan nan nan nan nan nan nan nan nan nan 15.3 14.4 32.6 32.5 nan nan nan 27.3 28.4 27.3 25.6 23.8 22.2 20.8 19.6 18.7 17.9 17.3 16.8 16.4 16.1 15.9 15.6 15.4 15.1 14.9 14.7 14.5 14.3 14.2 14.0 13.9 13.8 13.6 13.5 nan 13.4 13.4 13.5 13.6 13.7 13.6 nan nan nan nan nan nan nan nan nan nan nan nan nan nan nan nan nan nan
nan nan nan nan nan nan nan nan nan nan nan nan nan nan nan nan nan nan nan nan nan nan nan nan nan nan nan nan nan nan nan nan 33.0 25.6 nan nan nan nan 28.9 28.6 27.2 25.2 23.3 21.7 20.4 19.4 18.5 17.8 17.3 16.9 16.5 16.2 16.0 15.8 15.5 15.3 15.1 14.8 14.6 14.4 14.2 14.1 14.0 13.9 13.8 13.7 13.6 13.6 13.6 13.6 13.6 nan nan nan nan nan nan nan nan nan nan nan nan nan nan nan nan nan nan nan
nan nan nan nan nan nan nan nan nan nan nan nan nan nan nan nan nan nan nan nan nan nan nan nan nan nan nan nan nan nan nan nan nan 26.9 14.3 nan nan nan 14.1 30.3 28.9 26.7 24.5 22.6 21.2 20.0 19.1 18.3 17.7 17.3 16.9 16.7 16.4 16.2 15.9 15.7 15.5 15.2 15.0 14.8 14.6 14.4 14.2 14.1 14.0 13.8 13.7 13.6 13.6 13.6 13.4 nan nan nan nan nan nan nan nan nan nan nan nan nan nan nan nan nan nan nan
nan nan nan nan nan nan nan nan nan nan nan nan nan nan nan nan nan nan nan nan nan nan nan nan nan nan nan nan nan nan nan nan nan nan 16.4 27.3 nan nan nan nan 30.0 28.1 25.5 23.5 22.0 20.7 19.7 18.9 18.2 17.7 17.4 17.1 16.8 16.6 16.4 16.1 15.9 15.7 15.4 15.2 14.9 14.7 14.5 14.3 14.1 14.0 13.8 13.7 13.7 13.6 13.6 13.3 nan nan nan nan nan nan nan nan nan nan nan nan nan nan nan nan nan nan
nan nan nan nan nan nan nan nan nan nan nan nan nan nan nan nan nan nan nan nan nan nan nan nan nan nan nan nan nan nan nan nan nan nan nan 20.1 15.4 nan nan nan nan 26.4 26.1 24.2 22.7 21.3 20.3 19.4 18.7 18.2 17.9 17.6 17.3 17.1 16.9 16.6 16.4 16.1 15.9 15.6 15.3 15.0 14.8 14.5 14.3 14.1 13.9 13.8 13.7 13.6 13.5 13.5 13.4 9.3 nan nan nan nan nan nan nan nan nan nan nan nan nan nan nan nan
nan nan nan nan nan nan nan nan nan nan nan nan nan nan nan nan nan nan nan nan nan nan nan nan nan nan nan nan nan nan nan nan nan nan 15.7 19.7 27.6 27.4 nan 15.3 nan 25.0 25.9 24.8 23.4 22.0 20.9 20.0 19.3 18.8 18.4 18.1 17.8 17.6 17.3 17.1 16.9 16.6 16.3 16.0 15.6 15.3 15.0 14.7 14.4 14.2 13.9 13.8 13.7 13.6 13.4 13.4 13.4 13.4 nan nan nan nan nan nan nan nan nan nan nan nan nan nan nan nan
nan nan nan nan nan nan nan nan nan nan nan nan nan nan nan nan nan nan nan nan nan nan nan nan nan nan nan nan nan nan nan nan nan nan 28.0 28.3 28.6 27.2 17.6 25.7 26.9 21.7 26.0 25.6 24.2 22.8 21.6 20.6 19.9 19.4 18.9 18.6 18.4 18.1 17.8 17.6 17.3 17.0 16.7 16.3 15.9 15.5 15.2 14.8 14.5 14.2 13.6 13.7 13.4 13.7 13.4 13.4 13.4 13.4 13.5 nan nan nan nan nan nan nan nan nan nan nan nan nan nan nan
nan nan nan nan nan nan nan nan nan nan nan nan nan nan nan nan nan nan nan nan nan nan nan nan nan nan nan nan nan nan nan nan nan nan 28.5 28.7 28.9 28.8 27.9 nan 28.3 26.7 27.7 26.4 25.0 23.6 22.4 21.4 20.6 20.0 19.5 19.2 18.9 18.6 18.3 18.0 17.7 17.4 17.0 16.6 16.2 15.7 -9999.0 -9999.0 -9999.0 -9999.0 -9999.0 -9999.0 -9999.0 10.1 13.6 13.3 13.4 13.4 13.4 nan nan nan nan nan nan nan nan nan nan nan nan nan nan -9999.0
nan nan nan nan nan nan nan nan nan nan nan nan nan nan nan nan nan nan nan nan nan nan nan nan nan nan nan nan nan nan nan nan nan nan 28.7 28.9 29.0 28.9 28.8 nan nan 29.5 28.6 27.1 25.7 24.4 23.2 22.1 21.3 20.7 20.2 19.8 19.5 19.1 18.8 18.5 18.2 17.8 17.4 16.9 16.4 -9999.0 -9999.0 -9999.0 -9999.0 -9999.0 -9999.0 -9999.0 -9999.0 nan 12.4 13.2 13.4 13.0 nan nan nan nan nan nan nan nan nan nan nan nan nan nan nan -9999.0
nan nan nan nan nan nan nan nan nan nan nan nan nan nan nan nan nan nan nan nan nan nan nan nan nan nan nan nan nan nan nan nan nan nan 28.6 28.7 28.8 29.0 29.1 nan 22.9 26.1 29.1 27.8 26.4 25.2 24.0 22.9 22.1 21.5 21.0 20.5 20.1 19.6 19.3 19.0 18.6 18.2 17.8 17.2 16.6 -9999.0 -9999.0 -9999.0 -9999.0 -9999.0 -9999.0 -9999.0 -9999.0 -9999.0 -9999.0 nan 9.9 10.0 nan nan nan nan nan nan nan nan nan nan nan nan nan nan nan -9999.0
nan nan nan nan nan nan nan nan nan nan nan nan nan nan nan nan nan nan nan nan nan nan nan nan nan nan nan nan nan nan nan nan nan nan 28.5 28.6 29.1 29.0 26.2 17.8 27.0 23.0 28.4 28.2 27.0 25.8 24.7 23.7 22.9 22.3 21.7 21.2 20.7 20.2 19.8 19.4 19.1 18.6 18.1 17.6 -9999.0 -9999.0 -9999.0 -9999.0 -9999.0 -9999.0 -9999.0 -9999.0 -9999.0 -9999.0 -9999.0 nan nan nan nan nan nan nan nan nan nan nan nan nan nan nan nan nan nan -9999.0
nan nan nan nan nan nan nan nan nan nan nan nan nan nan nan nan nan nan nan nan nan nan nan nan nan nan nan nan nan nan nan nan 26.2 27.0 28.5 29.1 29.7 30.5 29.2 29.0 nan 30.2 29.5 28.6 27.5 26.4 25.4 24.5 23.7 23.1 22.5 21.9 21.3 20.7 20.3 19.9 19.5 19.1 18.6 -9999.0 -9999.0 -9999.0 -9999.0 -9999.0 -9999.0 -9999.0 -9999.0 -9999.0 -9999.0 -9999.0 -9999.0 -9999.0 nan nan nan nan nan nan nan nan nan nan nan nan nan nan nan nan nan -9999.0
nan nan nan nan nan nan nan nan nan nan nan nan nan nan nan nan nan nan nan nan nan nan nan nan nan nan nan nan nan 15.7 nan nan 29.3 29.4 29.4 29.5 30.4 31.1 31.7 nan nan 30.6 30.0 29.1 28.0 27.0 26.0 25.2 24.5 23.8 23.1 22.5 21.8 21.3 20.8 20.4 20.0 19.6 19.1 -9999.0 -9999.0 -9999.0 -9999.0 -9999.0 -9999.0 -9999.0 -9999.0 -9999.0 -9999.0 -9999.0 -9999.0 -9999.0 -9999.0 -9999.0 nan nan nan nan nan nan nan nan nan nan nan nan nan nan nan -9999.0
nan nan nan nan nan nan nan nan nan nan nan nan nan nan nan nan nan nan nan nan nan nan nan nan nan nan nan nan nan 13.8 13.7 nan 29.9 30.2 28.1 26.6 29.2 31.1 31.5 30.3 nan 30.9 30.7 29.8 28.7 27.6 26.7 25.9 25.2 24.5 23.9 23.1 22.4 21.8 21.3 20.9 20.5 20.2 -9999.0 -9999.0 -9999.0 -9999.0 -9999.0 -9999.0 -9999.0 -9999.0 -9999.0 -9999.0 -9999.0 -9999.0 -9999.0 -9999.0 -9999.0 -9999.0 -9999.0 nan nan nan nan nan nan nan nan nan nan nan nan nan nan -9999.0
nan nan nan nan nan nan nan nan nan nan nan nan nan nan nan nan nan nan nan nan nan nan nan nan nan nan nan nan nan 14.5 30.1 30.2 30.4 30.6 31.0 nan 14.3 30.9 31.2 31.4 nan 29.4 31.5 30.7 29.5 28.4 27.4 26.6 25.9 25.2 24.5 23.7 22.9 22.3 21.7 21.3 21.0 20.7 -9999.0 -9999.0 -9999.0 -9999.0 -9999.0 -9999.0 -9999.0 -9999.0 -9999.0 -9999.0 -9999.0 -9999.0 -9999.0 -9999.0 -9999.0 -9999.0 -9999.0 -9999.0 nan nan nan nan nan nan nan nan nan nan nan nan nan -9999.0
nan nan nan nan nan nan nan nan nan nan nan nan nan nan nan nan nan nan nan nan nan nan nan nan nan nan nan nan nan nan 29.4 30.1 30.4 30.9 28.9 nan nan 30.4 31.0 31.8 nan 26.8 28.1 31.2 30.2 29.1 28.1 27.2 26.5 25.8 25.1 24.3 23.4 22.7 22.1 21.6 21.4 21.0 -9999.0 -9999.0 -9999.0 -9999.0 -9999.0 -9999.0 -9999.0 -9999.0 -9999.0 -9999.0 -9999.0 -9999.0 -9999.0 -9999.0 -9999.0 -9999.0 -9999.0 -9999.0 -9999.0 nan nan nan nan nan nan nan nan nan nan nan nan -9999.0
nan nan nan nan nan nan nan nan nan nan nan nan nan nan nan nan nan nan nan nan nan nan nan nan nan nan nan nan nan nan 27.4 30.2 30.6 31.1 27.4 nan 16.0 23.6 27.1 16.6 26.3 21.9 23.9 30.0 30.8 29.8 28.8 27.9 27.1 26.4 25.8 24.8 24.0 23.2 22.5 22.0 21.6 21.0 -9999.0 -9999.0 -9999.0 -9999.0 -9999.0 -9999.0 -9999.0 -9999.0 -9999.0 -9999.0 -9999.0 -9999.0 -9999.0 -9999.0 -9999.0 -9999.0 -9999.0 -9999.0 -9999.0 -9999.0 nan nan nan nan nan nan nan nan nan nan nan -9999.0
nan nan nan nan nan nan nan nan nan nan nan nan nan nan nan nan nan nan nan nan nan nan nan nan nan nan nan nan nan nan 28.1 29.8 30.7 31.1 29.2 15.9 nan 28.6 21.5 16.3 22.8 nan 31.3 32.2 31.4 30.4 29.4 28.5 27.7 26.9 26.2 25.3 24.4 23.7 23.0 22.4 21.5 16.0 -9999.0 -9999.0 -9999.0 -9999.0 -9999.0 -9999.0 -9999.0 -9999.0 -9999.0 -9999.0 -9999.0 -9999.0 -9999.0 -9999.0 -9999.0 -9999.0 -9999.0 -9999.0 -9999.0 -9999.0 -9999.0 -9999.0 nan nan nan nan nan nan nan nan nan -9999.0
nan nan nan nan nan nan nan nan nan nan nan nan nan nan nan nan nan nan nan nan nan nan nan nan nan nan nan nan nan nan nan 30.4 30.7 31.0 31.3 nan nan 21.8 21.4 19.4 nan nan 33.0 32.7 31.9 30.9 30.0 29.0 28.1 27.4 26.6 25.7 24.9 24.2 23.6 23.0 20.6 18.0 -9999.0 -9999.0 -9999.0 -9999.0 -9999.0 -9999.0 -9999.0 -9999.0 -9999.0 -9999.0 -9999.0 nan nan nan -9999.0 -9999.0 -9999.0 -9999.0 -9999.0 -9999.0 -9999.0 -9999.0 -9999.0 -9999.0 -9999.0 -9999.0 -9999.0 nan nan nan -9999.0 -9999.0
nan nan nan nan nan nan nan nan nan nan nan nan nan nan nan nan nan nan nan nan nan nan nan nan nan nan nan nan nan nan nan 29.0 30.6 31.1 31.8 nan 15.2 19.8 29.2 16.7 nan nan 33.3 33.2 32.5 31.5 30.5 29.5 28.6 27.9 27.0 26.2 25.4 24.8 24.1 23.6 22.9 19.1 -9999.0 -9999.0 -9999.0 -9999.0 -9999.0 -9999.0 -9999.0 -9999.0 -9999.0 -9999.0 -9999.0 nan nan nan nan nan -9999.0 -9999.0 -9999.0 -9999.0 -9999.0 -9999.0 -9999.0 -9999.0 -9999.0 -9999.0 -9999.0 -9999.0 -9999.0 -9999.0 -9999.0 -9999.0
nan nan nan nan nan nan nan nan nan nan nan nan nan nan nan nan nan nan nan nan nan nan nan nan nan nan nan nan nan nan nan 15.8 30.6 31.3 29.8 28.4 25.5 22.3 18.4 15.4 17.7 nan 33.1 33.5 32.9 32.0 31.0 30.1 29.2 28.3 27.6 26.8 25.9 25.2 24.6 23.9 23.1 16.5 -9999.0 -9999.0 -9999.0 -9999.0 -9999.0 -9999.0 -9999.0 -9999.0 -9999.0 -9999.0 -9999.0 -9999.0 -9999.0 -9999.0 -9999.0 -9999.0 -9999.0 -9999.0 -9999.0 -9999.0 -9999.0 -9999.0 -9999.0 -9999.0 -9999.0 -9999.0 -9999.0 -9999.0 -9999.0 -9999.0 -9999.0 -9999.0
nan nan nan nan nan nan nan nan nan nan nan nan nan nan nan nan nan nan nan nan nan nan nan nan nan nan nan nan nan nan nan 15.8 29.2 31.6 32.3 32.7 32.8 nan 20.5 24.4 14.7 nan 33.3 33.9 33.4 32.5 31.5 30.6 29.7 28.8 28.0 27.2 26.4 25.7 25.1 24.4 23.8 19.3 -9999.0 -9999.0 -9999.0 -9999.0 -9999.0 -9999.0 -9999.0 -9999.0 -9999.0 -9999.0 -9999.0 -9999.0 -9999.0 -9999.0 -9999.0 -9999.0 -9999.0 -9999.0 -9999.0 -9999.0 -9999.0 -9999.0 -9999.0 -9999.0 -9999.0 -9999.0 -9999.0 -9999.0 -9999.0 -9999.0 -9999.0 -9999.0
nan nan nan nan nan nan nan nan nan nan nan nan nan nan nan nan nan nan nan nan nan nan nan nan nan nan nan nan nan nan nan 15.8 27.2 30.3 32.4 32.8 32.9 nan nan 22.1 16.6 nan nan 34.3 34.2 33.2 32.2 31.2 30.2 29.3 28.5 27.6 26.9 26.1 25.7 25.0 24.4 19.8 -9999.0 -9999.0 -9999.0 -9999.0 -9999.0 -9999.0 -9999.0 -9999.0 -9999.0 -9999.0 -9999.0 -9999.0 -9999.0 -9999.0 -9999.0 -9999.0 -9999.0 -9999.0 -9999.0 -9999.0 -9999.0 -9999.0 -9999.0 -9999.0 -9999.0 -9999.0 -9999.0 -9999.0 -9999.0 -9999.0 -9999.0 -9999.0
nan nan nan nan nan nan nan nan nan nan nan nan nan nan nan nan nan nan nan nan nan nan nan nan nan nan nan nan nan nan nan nan 15.2 31.9 32.5 32.9 nan nan nan 22.6 16.2 16.4 nan nan 33.7 33.5 32.7 31.7 30.8 29.8 29.0 28.2 27.4 26.6 26.2 25.7 25.3 22.2 -9999.0 -9999.0 -9999.0 -9999.0 -9999.0 -9999.0 -9999.0 -9999.0 -9999.0 -9999.0 -9999.0 -9999.0 -9999.0 -9999.0 -9999.0 -9999.0 -9999.0 -9999.0 -9999.0 -9999.0 -9999.0 -9999.0 -9999.0 -9999.0 nan nan nan -9999.0 -9999.0 -9999.0 -9999.0 -9999.0
nan nan nan nan nan nan nan nan nan nan nan nan nan nan nan nan nan nan nan nan nan nan nan nan nan nan nan nan nan nan nan nan 30.3 31.5 32.3 32.9 nan nan nan nan 18.7 16.2 28.0 nan 32.0 33.8 33.3 32.3 31.3 30.4 29.6 28.7 28.0 27.2 26.8 26.3 26.0 25.0 -9999.0 -9999.0 -9999.0 -9999.0 -9999.0 -9999.0 -9999.0 -9999.0 -9999.0 -9999.0 -9999.0 -9999.0 -9999.0 -9999.0 -9999.0 -9999.0 -9999.0 -9999.0 -9999.0 -9999.0 -9999.0 -9999.0 nan nan nan nan nan nan nan nan -9999.0 -9999.0
nan nan nan nan nan nan nan nan nan nan nan nan nan nan nan nan nan nan nan nan nan nan nan nan nan nan nan nan nan nan nan nan nan 31.9 32.8 33.4 nan nan nan nan 24.1 18.4 22.6 20.0 nan 34.7 34.5 33.2 32.1 31.2 30.3 29.4 28.6 27.9 27.3 27.0 26.8 26.4 -9999.0 -9999.0 -9999.0 -9999.0 -9999.0 -9999.0 -9999.0 -9999.0 -9999.0 -9999.0 -9999.0 nan nan nan nan nan nan nan nan nan nan nan nan nan nan nan nan nan nan nan nan nan
nan nan nan nan nan nan nan nan nan nan nan nan nan nan nan nan nan nan nan nan nan nan nan nan nan nan nan nan nan nan nan nan nan 32.2 33.1 34.1 33.7 nan nan nan 32.3 20.8 20.7 32.1 nan nan 34.2 33.6 32.8 31.9 31.1 30.2 29.5 28.7 28.1 27.9 27.6 27.5 -9999.0 -9999.0 -9999.0 -9999.0 -9999.0 -9999.0 -9999.0 -9999.0 -9999.0 -9999.0 nan nan nan nan nan nan nan nan nan nan nan nan nan nan nan nan nan nan nan nan nan nan
