data/output/RUN203/ECOSPACE/ECOSPACE_in_PAR3/PAR-VarZ-VarK/PAR-VarZ-VarK_2015_05.asc
ncols        93
nrows        151 
xllcorner    -123.80739
yllcorner    48.29471 
cellsize     0.013497347 
NODATA_value  0.0
[rows 80 to 119 of 151, columns 0 to 89 of 93]
nan nan nan nan nan nan nan nan nan nan nan nan nan nan nan nan nan nan nan nan nan nan nan 38.2 38.0 37.3 39.3 39.2 37.9 36.6 35.3 34.2 33.2 32.4 31.6 30.7 29.9 29.0 28.0 26.9 25.9 24.9 24.0 23.1 22.3 21.5 20.9 20.2 19.7 19.1 18.5 18.0 17.5 17.1 nan nan nan nan nan nan nan nan nan nan nan nan 15.3 15.4 15.5 15.5 nan 15.2 15.1 15.1 15.1 15.1 15.0 14.8 14.7 14.9 15.1 15.2 15.1 nan nan nan nan nan nan nan
nan nan nan nan nan nan nan nan nan nan nan nan nan nan nan nan nan nan nan nan nan nan nan nan nan nan 40.0 39.6 38.6 37.4 36.1 34.9 33.9 33.0 32.2 31.4 30.5 29.6 28.6 27.5 26.4 25.3 24.4 23.5 22.6 21.8 21.1 20.5 19.8 19.2 18.6 18.1 17.6 17.3 16.8 nan nan nan nan nan nan nan nan nan nan nan 15.6 15.6 nan nan nan nan nan 15.2 15.2 15.3 nan 14.9 14.9 15.1 15.3 15.4 nan nan nan nan nan nan nan nan
nan nan nan nan nan nan nan nan nan nan nan nan nan nan nan nan nan nan nan nan nan nan nan nan nan nan nan 39.7 39.0 38.2 37.0 35.8 34.7 33.8 33.0 32.1 31.2 30.4 29.4 28.1 26.9 25.9 24.9 23.9 22.9 22.0 21.3 20.6 20.0 19.4 18.8 18.2 17.7 17.3 17.0 16.7 nan nan nan nan nan nan nan nan nan 15.6 15.8 nan nan nan nan nan nan 15.2 15.3 15.3 nan 15.1 15.2 15.4 15.5 nan nan nan nan nan nan nan nan nan
nan nan nan nan nan nan nan nan nan nan nan nan nan nan nan nan nan nan nan nan nan nan nan nan nan nan nan nan 36.9 38.1 38.1 36.9 35.7 34.7 33.8 33.0 32.1 31.3 30.4 29.0 27.6 26.5 25.4 24.3 23.2 22.3 21.5 20.8 20.1 19.5 18.9 18.3 17.8 17.4 17.1 16.9 16.6 nan nan nan nan nan nan nan nan 15.7 15.8 nan nan nan nan nan nan 15.3 15.3 15.3 15.5 15.7 15.6 15.4 nan nan nan nan nan nan nan nan nan nan
nan nan nan nan nan nan nan nan nan nan nan nan nan nan nan nan nan nan nan nan nan nan nan nan nan nan nan nan nan 17.1 38.6 37.8 36.6 35.5 34.7 33.9 33.1 32.3 31.3 29.8 28.4 27.1 25.9 24.7 23.6 22.6 21.8 21.0 20.3 19.6 19.0 18.5 18.0 17.6 17.2 17.0 16.8 16.6 nan nan nan nan nan nan 15.8 15.8 15.9 nan 16.0 16.0 15.9 nan nan 15.4 15.4 15.5 15.7 16.0 nan nan nan nan nan nan nan nan nan nan nan nan
nan nan nan nan nan nan nan nan nan nan nan nan nan nan nan nan nan nan nan nan nan nan nan nan nan nan nan nan nan nan 17.9 38.2 37.3 36.3 35.5 34.8 33.9 33.1 32.0 30.5 29.1 27.6 26.3 25.0 23.9 22.9 22.0 21.2 20.4 19.7 19.1 18.5 18.1 17.7 17.4 17.1 17.0 16.8 nan nan nan nan nan 15.9 15.9 15.9 16.0 16.0 16.0 15.9 15.9 11.1 nan 15.4 15.6 15.7 15.8 15.9 nan nan nan nan nan nan nan nan nan nan nan nan
nan nan nan nan nan nan nan nan nan nan nan nan nan nan nan nan nan nan nan nan nan nan nan nan nan nan nan nan nan nan nan 35.2 37.8 37.2 36.4 35.6 34.8 33.8 32.5 31.0 29.5 28.0 26.6 25.3 24.2 23.2 22.3 21.4 20.6 19.9 19.2 18.7 18.2 17.9 17.6 17.3 17.1 17.0 16.8 nan nan 16.1 16.2 16.1 16.0 16.0 16.1 16.0 16.0 15.9 15.9 nan nan 15.6 15.8 15.8 15.9 15.9 nan nan nan nan nan nan nan nan nan nan nan nan
nan nan nan nan nan nan nan nan nan nan nan nan nan nan nan nan nan nan nan nan nan nan nan nan nan nan nan nan nan nan nan nan 38.2 37.7 37.0 36.2 35.3 34.2 32.9 31.4 29.9 28.4 26.9 25.7 24.5 23.5 22.5 21.7 20.8 20.0 19.4 18.9 18.4 18.0 17.8 17.5 17.3 17.1 17.0 16.7 16.5 16.4 16.3 nan 16.1 16.1 16.1 16.1 16.1 16.0 15.9 15.9 15.9 15.9 15.9 15.9 15.9 nan nan nan nan nan nan nan nan nan nan nan nan nan
nan nan nan nan nan nan nan nan nan nan nan nan nan nan nan nan nan nan nan nan nan nan nan nan nan nan nan nan nan nan 37.5 37.8 38.1 37.8 37.2 36.6 35.7 34.5 33.1 31.6 30.2 28.7 27.3 26.0 24.9 23.8 22.8 21.9 21.1 20.3 19.6 19.0 18.6 18.3 18.0 17.7 17.5 17.2 17.0 16.8 16.6 16.5 16.4 16.3 16.3 16.2 16.2 16.2 16.2 16.1 16.0 15.9 15.9 15.9 15.9 16.0 15.9 nan nan nan nan nan nan nan nan nan nan nan nan nan
nan nan nan nan nan nan nan nan nan nan nan nan nan nan nan nan nan nan nan nan nan nan nan nan nan nan nan nan nan nan nan nan 37.7 37.5 37.1 36.7 35.9 34.8 33.5 32.1 30.5 29.0 27.6 26.3 25.2 24.1 23.1 22.2 21.3 20.5 19.8 19.2 18.8 18.5 18.2 17.9 17.6 17.4 17.2 17.0 16.8 16.6 16.5 16.4 16.3 16.2 16.2 nan nan nan 16.0 16.0 16.0 16.0 16.0 15.9 nan nan nan nan nan nan nan nan nan nan nan nan nan nan
nan nan nan nan nan nan nan nan nan nan nan nan nan nan nan nan nan nan nan nan nan nan nan nan nan nan nan nan nan nan 18.8 17.1 37.3 37.2 36.9 36.6 36.0 35.4 34.2 32.7 31.1 29.5 28.0 26.7 25.5 24.4 23.3 22.4 21.5 20.7 20.0 19.4 19.0 18.6 18.4 18.1 17.8 17.6 17.3 17.1 16.9 16.7 16.5 16.4 nan nan nan nan nan nan nan 16.1 16.0 16.0 15.9 15.8 nan nan nan nan nan nan nan nan nan nan nan nan nan nan
nan nan nan nan nan nan nan nan nan nan nan nan nan nan nan nan nan nan nan nan nan nan nan nan nan nan nan nan nan nan 18.4 36.2 36.8 37.1 36.8 19.6 36.2 36.1 34.8 33.3 31.7 30.1 28.6 27.1 25.8 24.7 23.6 22.6 21.7 20.9 20.1 19.6 19.1 18.8 18.5 18.3 18.0 17.8 17.5 17.3 17.0 16.8 16.6 nan nan nan nan nan nan 16.0 16.1 16.2 16.0 15.9 15.9 nan nan nan nan nan nan nan nan nan nan nan nan nan nan nan
nan nan nan nan nan nan nan nan nan nan nan nan nan nan nan nan nan nan nan nan nan nan nan nan nan nan nan nan nan nan 18.8 34.6 36.7 36.9 nan nan nan 35.9 35.1 33.8 32.3 30.7 29.2 27.6 26.2 25.0 23.9 22.8 21.9 21.0 20.3 19.8 19.3 19.0 18.7 18.5 18.2 18.0 17.7 17.4 17.1 16.9 16.7 nan nan nan nan nan 16.1 16.1 16.1 16.1 16.0 15.9 nan nan nan nan nan nan nan nan nan nan nan nan nan nan nan nan
nan nan nan nan nan nan nan nan nan nan nan nan nan nan nan nan nan nan nan nan nan nan nan nan nan nan nan nan nan nan 18.6 17.2 37.0 36.9 nan nan nan 33.3 35.2 34.3 32.9 31.3 29.8 28.2 26.7 25.4 24.2 23.1 22.1 21.3 20.5 20.0 19.5 19.2 18.9 18.7 18.4 18.2 17.9 17.6 17.3 17.0 16.8 16.4 16.2 nan 16.1 16.1 16.1 16.1 16.1 16.0 nan nan nan nan nan nan nan nan nan nan nan nan nan nan nan nan nan nan
nan nan nan nan nan nan nan nan nan nan nan nan nan nan nan nan nan nan nan nan nan nan nan nan nan nan nan nan nan nan nan nan 37.1 30.7 nan nan nan nan 34.8 34.6 33.7 32.1 30.4 28.7 27.2 25.8 24.5 23.4 22.4 21.6 20.8 20.2 19.8 19.5 19.2 18.9 18.7 18.4 18.1 17.8 17.5 17.2 16.9 16.6 16.4 16.3 16.2 16.1 16.0 16.0 15.9 nan nan nan nan nan nan nan nan nan nan nan nan nan nan nan nan nan nan nan
nan nan nan nan nan nan nan nan nan nan nan nan nan nan nan nan nan nan nan nan nan nan nan nan nan nan nan nan nan nan nan nan nan 30.0 16.4 nan nan nan 17.3 35.5 34.7 33.2 31.1 29.3 27.7 26.2 24.9 23.7 22.8 21.9 21.1 20.5 20.1 19.8 19.5 19.2 19.0 18.7 18.4 18.1 17.8 17.4 17.1 16.8 16.5 16.3 16.2 16.1 16.0 15.9 15.8 nan nan nan nan nan nan nan nan nan nan nan nan nan nan nan nan nan nan nan
nan nan nan nan nan nan nan nan nan nan nan nan nan nan nan nan nan nan nan nan nan nan nan nan nan nan nan nan nan nan nan nan nan nan 17.9 30.8 nan nan nan nan 35.3 34.4 32.0 30.0 28.2 26.6 25.2 24.0 23.1 22.3 21.5 20.9 20.5 20.2 19.9 19.6 19.3 19.0 18.7 18.4 18.0 17.7 17.3 17.0 16.6 16.4 16.2 16.1 16.0 15.9 15.9 15.7 nan nan nan nan nan nan nan nan nan nan nan nan nan nan nan nan nan nan
nan nan nan nan nan nan nan nan nan nan nan nan nan nan nan nan nan nan nan nan nan nan nan nan nan nan nan nan nan nan nan nan nan nan nan 22.7 18.7 nan nan nan nan 32.7 32.4 30.4 28.5 26.9 25.5 24.4 23.4 22.6 22.0 21.4 21.0 20.6 20.3 20.0 19.8 19.5 19.1 18.8 18.3 17.9 17.5 17.1 16.7 16.4 16.2 16.0 16.0 15.9 15.9 15.8 15.7 11.0 nan nan nan nan nan nan nan nan nan nan nan nan nan nan nan nan
nan nan nan nan nan nan nan nan nan nan nan nan nan nan nan nan nan nan nan nan nan nan nan nan nan nan nan nan nan nan nan nan nan nan 19.1 22.8 33.1 32.8 nan 18.6 nan 29.6 32.1 30.5 28.8 27.2 25.9 24.7 23.7 23.0 22.4 21.9 21.5 21.1 20.8 20.5 20.2 19.9 19.5 19.1 18.6 18.1 17.6 17.1 16.7 16.4 16.1 16.0 15.9 15.9 15.8 15.8 15.7 15.6 nan nan nan nan nan nan nan nan nan nan nan nan nan nan nan nan
nan nan nan nan nan nan nan nan nan nan nan nan nan nan nan nan nan nan nan nan nan nan nan nan nan nan nan nan nan nan nan nan nan nan 33.5 33.5 33.7 31.6 20.0 29.4 31.0 26.3 31.8 30.6 29.0 27.5 26.2 25.0 24.1 23.3 22.8 22.3 21.9 21.6 21.3 21.0 20.7 20.3 19.8 19.3 18.7 18.1 17.6 17.1 16.6 16.3 15.6 15.6 14.8 15.6 15.7 15.8 15.7 15.7 15.7 nan nan nan nan nan nan nan nan nan nan nan nan nan nan nan
nan nan nan nan nan nan nan nan nan nan nan nan nan nan nan nan nan nan nan nan nan nan nan nan nan nan nan nan nan nan nan nan nan nan 33.6 33.7 33.7 32.7 32.3 nan 32.1 31.2 32.2 30.6 29.1 27.6 26.3 25.2 24.4 23.6 23.1 22.7 22.4 22.1 21.8 21.4 21.1 20.6 20.0 19.5 18.8 18.2 -9999.0 -9999.0 -9999.0 -9999.0 -9999.0 -9999.0 -9999.0 12.0 15.8 15.7 15.8 15.7 15.7 nan nan nan nan nan nan nan nan nan nan nan nan nan nan -9999.0
nan nan nan nan nan nan nan nan nan nan nan nan nan nan nan nan nan nan nan nan nan nan nan nan nan nan nan nan nan nan nan nan nan nan 33.5 33.5 33.3 33.0 32.9 nan nan 33.0 32.0 30.5 29.0 27.6 26.4 25.4 24.6 24.0 23.5 23.1 22.8 22.5 22.2 21.8 21.4 20.9 20.2 19.5 18.8 -9999.0 -9999.0 -9999.0 -9999.0 -9999.0 -9999.0 -9999.0 -9999.0 nan 14.5 15.7 15.8 15.3 nan nan nan nan nan nan nan nan nan nan nan nan nan nan nan -9999.0
nan nan nan nan nan nan nan nan nan nan nan nan nan nan nan nan nan nan nan nan nan nan nan nan nan nan nan nan nan nan nan nan nan nan 33.1 32.9 32.8 32.8 33.0 nan 26.0 30.0 31.7 30.3 28.9 27.5 26.4 25.5 24.8 24.2 23.8 23.5 23.2 22.9 22.6 22.2 21.7 21.1 20.4 19.6 18.8 -9999.0 -9999.0 -9999.0 -9999.0 -9999.0 -9999.0 -9999.0 -9999.0 -9999.0 -9999.0 nan 11.6 11.7 nan nan nan nan nan nan nan nan nan nan nan nan nan nan nan -9999.0
nan nan nan nan nan nan nan nan nan nan nan nan nan nan nan nan nan nan nan nan nan nan nan nan nan nan nan nan nan nan nan nan nan nan 32.6 32.6 32.9 32.5 29.2 19.2 29.8 25.8 31.2 30.1 28.6 27.4 26.4 25.5 24.9 24.4 24.0 23.7 23.5 23.3 23.0 22.5 22.0 21.4 20.6 19.7 -9999.0 -9999.0 -9999.0 -9999.0 -9999.0 -9999.0 -9999.0 -9999.0 -9999.0 -9999.0 -9999.0 nan nan nan nan nan nan nan nan nan nan nan nan nan nan nan nan nan nan -9999.0
nan nan nan nan nan nan nan nan nan nan nan nan nan nan nan nan nan nan nan nan nan nan nan nan nan nan nan nan nan nan nan nan 29.7 30.7 32.2 32.8 33.3 33.9 32.5 32.1 nan 32.8 31.3 29.9 28.5 27.3 26.3 25.5 25.0 24.6 24.2 24.0 23.8 23.6 23.3 22.9 22.4 21.6 20.8 -9999.0 -9999.0 -9999.0 -9999.0 -9999.0 -9999.0 -9999.0 -9999.0 -9999.0 -9999.0 -9999.0 -9999.0 -9999.0 nan nan nan nan nan nan nan nan nan nan nan nan nan nan nan nan nan -9999.0
nan nan nan nan nan nan nan nan nan nan nan nan nan nan nan nan nan nan nan nan nan nan nan nan nan nan nan nan nan 18.6 nan nan 32.7 32.8 32.6 33.0 33.8 34.5 35.0 nan nan 32.1 31.0 29.7 28.4 27.2 26.2 25.5 25.0 24.7 24.4 24.2 24.0 23.9 23.6 23.3 22.7 22.0 21.2 -9999.0 -9999.0 -9999.0 -9999.0 -9999.0 -9999.0 -9999.0 -9999.0 -9999.0 -9999.0 -9999.0 -9999.0 -9999.0 -9999.0 -9999.0 nan nan nan nan nan nan nan nan nan nan nan nan nan nan nan -9999.0
nan nan nan nan nan nan nan nan nan nan nan nan nan nan nan nan nan nan nan nan nan nan nan nan nan nan nan nan nan 16.1 16.1 nan 33.0 33.2 30.7 29.2 32.5 34.3 34.5 32.7 nan 31.9 31.0 29.8 28.4 27.2 26.2 25.5 25.1 24.8 24.5 24.4 24.3 24.1 24.0 23.7 23.2 22.5 -9999.0 -9999.0 -9999.0 -9999.0 -9999.0 -9999.0 -9999.0 -9999.0 -9999.0 -9999.0 -9999.0 -9999.0 -9999.0 -9999.0 -9999.0 -9999.0 -9999.0 nan nan nan nan nan nan nan nan nan nan nan nan nan nan -9999.0
nan nan nan nan nan nan nan nan nan nan nan nan nan nan nan nan nan nan nan nan nan nan nan nan nan nan nan nan nan 16.9 32.8 32.9 33.3 33.5 33.9 nan 17.0 33.9 33.8 34.3 nan 31.3 31.4 30.2 28.6 27.4 26.4 25.7 25.3 24.9 24.7 24.6 24.6 24.6 24.5 24.2 23.8 23.2 -9999.0 -9999.0 -9999.0 -9999.0 -9999.0 -9999.0 -9999.0 -9999.0 -9999.0 -9999.0 -9999.0 -9999.0 -9999.0 -9999.0 -9999.0 -9999.0 -9999.0 -9999.0 nan nan nan nan nan nan nan nan nan nan nan nan nan -9999.0
nan nan nan nan nan nan nan nan nan nan nan nan nan nan nan nan nan nan nan nan nan nan nan nan nan nan nan nan nan nan 32.2 32.9 33.4 33.9 31.5 nan nan 33.3 33.4 34.2 nan 27.8 29.0 30.2 28.9 27.6 26.6 26.0 25.5 25.2 25.0 24.9 25.0 25.0 25.0 24.8 24.5 23.8 -9999.0 -9999.0 -9999.0 -9999.0 -9999.0 -9999.0 -9999.0 -9999.0 -9999.0 -9999.0 -9999.0 -9999.0 -9999.0 -9999.0 -9999.0 -9999.0 -9999.0 -9999.0 -9999.0 nan nan nan nan nan nan nan nan nan nan nan nan -9999.0
nan nan nan nan nan nan nan nan nan nan nan nan nan nan nan nan nan nan nan nan nan nan nan nan nan nan nan nan nan nan 29.5 32.9 33.5 34.0 29.8 nan 18.8 25.9 29.7 17.5 26.7 22.0 25.3 29.5 29.2 27.9 27.0 26.3 25.8 25.5 25.3 25.3 25.4 25.5 25.5 25.3 25.0 24.0 -9999.0 -9999.0 -9999.0 -9999.0 -9999.0 -9999.0 -9999.0 -9999.0 -9999.0 -9999.0 -9999.0 -9999.0 -9999.0 -9999.0 -9999.0 -9999.0 -9999.0 -9999.0 -9999.0 -9999.0 nan nan nan nan nan nan nan nan nan nan nan -9999.0
nan nan nan nan nan nan nan nan nan nan nan nan nan nan nan nan nan nan nan nan nan nan nan nan nan nan nan nan nan nan 30.0 32.3 33.5 34.0 32.2 18.8 nan 30.1 23.9 17.3 23.0 nan 32.0 31.2 29.7 28.5 27.4 26.7 26.2 25.9 25.7 25.7 25.8 25.9 25.9 25.7 23.7 18.0 -9999.0 -9999.0 -9999.0 -9999.0 -9999.0 -9999.0 -9999.0 -9999.0 -9999.0 -9999.0 -9999.0 -9999.0 -9999.0 -9999.0 -9999.0 -9999.0 -9999.0 -9999.0 -9999.0 -9999.0 -9999.0 -9999.0 nan nan nan nan nan nan nan nan nan -9999.0
nan nan nan nan nan nan nan nan nan nan nan nan nan nan nan nan nan nan nan nan nan nan nan nan nan nan nan nan nan nan nan 32.8 33.1 33.6 34.1 nan nan 22.7 22.8 21.2 nan nan 32.3 31.6 30.4 29.1 28.0 27.2 26.7 26.4 26.2 26.2 26.3 26.4 26.4 26.1 23.9 19.5 -9999.0 -9999.0 -9999.0 -9999.0 -9999.0 -9999.0 -9999.0 -9999.0 -9999.0 -9999.0 -9999.0 nan nan nan -9999.0 -9999.0 -9999.0 -9999.0 -9999.0 -9999.0 -9999.0 -9999.0 -9999.0 -9999.0 -9999.0 -9999.0 -9999.0 nan nan nan -9999.0 -9999.0
nan nan nan nan nan nan nan nan nan nan nan nan nan nan nan nan nan nan nan nan nan nan nan nan nan nan nan nan nan nan nan 31.3 32.8 33.4 34.2 nan 17.5 19.9 30.3 18.4 nan nan 32.7 32.1 31.0 29.8 28.6 27.8 27.3 26.9 26.8 26.8 26.9 27.0 26.9 26.7 25.7 21.1 -9999.0 -9999.0 -9999.0 -9999.0 -9999.0 -9999.0 -9999.0 -9999.0 -9999.0 -9999.0 -9999.0 nan nan nan nan nan -9999.0 -9999.0 -9999.0 -9999.0 -9999.0 -9999.0 -9999.0 -9999.0 -9999.0 -9999.0 -9999.0 -9999.0 -9999.0 -9999.0 -9999.0 -9999.0
nan nan nan nan nan nan nan nan nan nan nan nan nan nan nan nan nan nan nan nan nan nan nan nan nan nan nan nan nan nan nan 18.4 32.4 33.3 33.3 33.1 29.2 24.2 18.7 15.4 18.3 nan 33.0 32.7 31.7 30.5 29.4 28.5 28.0 27.6 27.5 27.5 27.5 27.5 27.4 27.1 26.7 20.8 -9999.0 -9999.0 -9999.0 -9999.0 -9999.0 -9999.0 -9999.0 -9999.0 -9999.0 -9999.0 -9999.0 -9999.0 -9999.0 -9999.0 -9999.0 -9999.0 -9999.0 -9999.0 -9999.0 -9999.0 -9999.0 -9999.0 -9999.0 -9999.0 -9999.0 -9999.0 -9999.0 -9999.0 -9999.0 -9999.0 -9999.0 -9999.0
nan nan nan nan nan nan nan nan nan nan nan nan nan nan nan nan nan nan nan nan nan nan nan nan nan nan nan nan nan nan nan 18.4 31.8 33.3 34.3 34.9 35.0 nan 20.9 24.6 14.7 nan 33.3 33.3 32.6 31.6 30.4 29.5 28.8 28.4 28.2 28.1 28.2 28.1 28.0 27.6 27.2 21.0 -9999.0 -9999.0 -9999.0 -9999.0 -9999.0 -9999.0 -9999.0 -9999.0 -9999.0 -9999.0 -9999.0 -9999.0 -9999.0 -9999.0 -9999.0 -9999.0 -9999.0 -9999.0 -9999.0 -9999.0 -9999.0 -9999.0 -9999.0 -9999.0 -9999.0 -9999.0 -9999.0 -9999.0 -9999.0 -9999.0 -9999.0 -9999.0
nan nan nan nan nan nan nan nan nan nan nan nan nan nan nan nan nan nan nan nan nan nan nan nan nan nan nan nan nan nan nan 18.4 29.0 32.6 34.3 34.9 35.0 nan nan 22.0 17.5 nan nan 33.8 33.4 32.5 31.5 30.5 29.7 29.1 28.9 28.8 28.8 28.8 28.5 28.2 27.6 19.8 -9999.0 -9999.0 -9999.0 -9999.0 -9999.0 -9999.0 -9999.0 -9999.0 -9999.0 -9999.0 -9999.0 -9999.0 -9999.0 -9999.0 -9999.0 -9999.0 -9999.0 -9999.0 -9999.0 -9999.0 -9999.0 -9999.0 -9999.0 -9999.0 -9999.0 -9999.0 -9999.0 -9999.0 -9999.0 -9999.0 -9999.0 -9999.0
nan nan nan nan nan nan nan nan nan nan nan nan nan nan nan nan nan nan nan nan nan nan nan nan nan nan nan nan nan nan nan nan 17.7 33.4 34.3 35.0 nan nan nan 23.2 16.9 18.4 nan nan 33.0 32.7 32.1 31.3 30.5 29.9 29.6 29.5 29.4 29.3 29.0 28.7 28.1 26.5 -9999.0 -9999.0 -9999.0 -9999.0 -9999.0 -9999.0 -9999.0 -9999.0 -9999.0 -9999.0 -9999.0 -9999.0 -9999.0 -9999.0 -9999.0 -9999.0 -9999.0 -9999.0 -9999.0 -9999.0 -9999.0 -9999.0 -9999.0 -9999.0 nan nan nan -9999.0 -9999.0 -9999.0 -9999.0 -9999.0
nan nan nan nan nan nan nan nan nan nan nan nan nan nan nan nan nan nan nan nan nan nan nan nan nan nan nan nan nan nan nan nan 31.9 33.2 34.2 35.0 nan nan nan nan 19.5 18.1 31.0 nan 32.8 33.4 32.9 32.0 31.4 30.8 30.4 30.3 30.1 29.8 29.4 29.2 28.8 28.3 -9999.0 -9999.0 -9999.0 -9999.0 -9999.0 -9999.0 -9999.0 -9999.0 -9999.0 -9999.0 -9999.0 -9999.0 -9999.0 -9999.0 -9999.0 -9999.0 -9999.0 -9999.0 -9999.0 -9999.0 -9999.0 -9999.0 nan nan nan nan nan nan nan nan -9999.0 -9999.0
nan nan nan nan nan nan nan nan nan nan nan nan nan nan nan nan nan nan nan nan nan nan nan nan nan nan nan nan nan nan nan nan nan 33.4 34.5 35.4 nan nan nan nan 25.5 20.3 26.1 22.7 nan 34.3 34.2 33.3 32.5 31.8 31.3 31.1 30.8 30.4 30.0 29.9 29.5 29.2 -9999.0 -9999.0 -9999.0 -9999.0 -9999.0 -9999.0 -9999.0 -9999.0 -9999.0 -9999.0 -9999.0 nan nan nan nan nan nan nan nan nan nan nan nan nan nan nan nan nan nan nan nan nan
nan nan nan nan nan nan nan nan nan nan nan nan nan nan nan nan nan nan nan nan nan nan nan nan nan nan nan nan nan nan nan nan nan 33.6 34.8 36.0 35.9 nan nan nan 34.0 21.8 23.9 34.3 nan nan 34.3 34.0 33.3 32.6 32.1 31.8 31.6 31.1 30.7 30.6 30.2 30.1 -9999.0 -9999.0 -9999.0 -9999.0 -9999.0 -9999.0 -9999.0 -9999.0 -9999.0 -9999.0 nan nan nan nan nan nan nan nan nan nan nan nan nan nan nan nan nan nan nan nan nan nan
