data/output/RUN203/ECOSPACE/ECOSPACE_in_PAR3/PAR-VarZ-VarK/PAR-VarZ-VarK_1997_04.asc
ncols        93
nrows        151 
xllcorner    -123.80739
yllcorner    48.29471 
cellsize     0.013497347 
NODATA_value  0.0
[rows 80 to 119 of 151, columns 0 to 89 of 93]
nan nan nan nan nan nan nan nan nan nan nan nan nan nan nan nan nan nan nan nan nan nan nan 35.5 34.9 35.0 36.3 36.7 35.9 34.9 33.7 32.8 31.9 31.1 30.4 29.9 29.3 28.8 28.4 28.0 27.7 27.4 27.1 26.8 26.3 25.8 25.1 24.3 23.4 22.4 21.5 20.6 19.8 19.2 nan nan nan nan nan nan nan nan nan nan nan nan 16.5 16.9 17.1 17.2 nan 16.8 16.8 16.9 17.1 17.3 17.3 17.0 16.9 17.2 17.6 17.8 17.7 nan nan nan nan nan nan nan
nan nan nan nan nan nan nan nan nan nan nan nan nan nan nan nan nan nan nan nan nan nan nan nan nan nan 36.9 36.9 36.7 35.8 34.5 33.7 32.8 31.9 31.1 30.4 29.8 29.1 28.6 28.1 27.6 27.3 26.8 26.6 26.3 25.9 25.3 24.5 23.8 23.0 22.0 21.1 20.3 19.6 18.9 nan nan nan nan nan nan nan nan nan nan nan 16.8 17.0 nan nan nan nan nan 17.1 17.3 17.5 nan 17.2 17.3 17.8 18.2 18.5 nan nan nan nan nan nan nan nan
nan nan nan nan nan nan nan nan nan nan nan nan nan nan nan nan nan nan nan nan nan nan nan nan nan nan nan 37.2 36.4 36.7 35.7 34.7 33.8 32.8 31.9 31.0 30.4 29.6 28.9 28.3 27.8 27.3 26.9 26.6 26.3 26.0 25.4 24.8 24.1 23.5 22.6 21.7 20.8 20.0 19.3 18.8 nan nan nan nan nan nan nan nan nan 16.9 17.3 nan nan nan nan nan nan 17.1 17.4 17.5 nan 17.4 17.9 18.3 18.6 nan nan nan nan nan nan nan nan nan
nan nan nan nan nan nan nan nan nan nan nan nan nan nan nan nan nan nan nan nan nan nan nan nan nan nan nan nan 36.7 36.0 36.5 35.7 34.7 33.6 32.6 31.7 30.8 30.1 29.3 28.6 28.0 27.4 27.0 26.6 26.4 26.0 25.5 24.9 24.3 23.7 22.9 22.1 21.2 20.4 19.7 19.1 18.8 nan nan nan nan nan nan nan nan 16.9 17.3 nan nan nan nan nan nan 17.2 17.5 17.7 18.2 18.7 18.6 18.6 nan nan nan nan nan nan nan nan nan nan
nan nan nan nan nan nan nan nan nan nan nan nan nan nan nan nan nan nan nan nan nan nan nan nan nan nan nan nan nan 14.0 36.7 36.7 35.8 34.6 33.5 32.4 31.4 30.5 29.6 28.9 28.2 27.6 27.1 26.8 26.5 26.1 25.5 25.0 24.5 24.0 23.3 22.5 21.7 20.9 20.1 19.5 19.0 18.7 nan nan nan nan nan nan 16.9 17.1 17.5 nan 18.0 18.1 18.2 nan nan 17.3 17.6 18.0 18.6 19.4 nan nan nan nan nan nan nan nan nan nan nan nan
nan nan nan nan nan nan nan nan nan nan nan nan nan nan nan nan nan nan nan nan nan nan nan nan nan nan nan nan nan nan 15.0 36.1 36.5 35.5 34.2 32.9 31.8 30.9 29.9 29.1 28.5 27.8 27.2 26.9 26.6 26.1 25.6 25.1 24.7 24.2 23.6 22.9 22.2 21.4 20.6 20.0 19.4 19.0 nan nan nan nan nan 17.0 17.2 17.5 17.8 18.0 18.0 18.0 18.1 10.7 nan 17.4 17.9 18.3 18.9 19.3 nan nan nan nan nan nan nan nan nan nan nan nan
nan nan nan nan nan nan nan nan nan nan nan nan nan nan nan nan nan nan nan nan nan nan nan nan nan nan nan nan nan nan nan 35.6 35.9 35.9 34.9 33.7 32.4 31.2 30.2 29.3 28.6 27.9 27.2 27.0 26.8 26.4 25.8 25.3 24.9 24.6 24.1 23.5 22.7 22.0 21.3 20.6 20.0 19.6 19.1 nan nan 17.4 17.8 17.8 17.8 18.0 18.2 18.3 18.3 18.2 18.2 nan nan 17.8 18.2 18.6 19.1 19.3 nan nan nan nan nan nan nan nan nan nan nan nan
nan nan nan nan nan nan nan nan nan nan nan nan nan nan nan nan nan nan nan nan nan nan nan nan nan nan nan nan nan nan nan nan 36.9 36.5 35.6 34.3 32.9 31.6 30.5 29.5 28.7 28.0 27.4 27.0 26.9 26.4 26.0 25.5 25.2 24.9 24.5 24.0 23.4 22.7 22.0 21.4 20.7 20.2 19.8 18.9 18.5 18.4 18.5 nan 18.3 18.6 18.9 19.1 19.1 18.9 18.7 18.3 18.4 18.5 18.6 18.9 19.2 nan nan nan nan nan nan nan nan nan nan nan nan nan
nan nan nan nan nan nan nan nan nan nan nan nan nan nan nan nan nan nan nan nan nan nan nan nan nan nan nan nan nan nan 37.7 37.8 36.9 36.5 35.7 34.6 33.4 32.2 30.9 30.0 29.1 28.3 27.7 27.2 26.9 26.6 26.2 25.8 25.4 25.1 24.8 24.5 24.1 23.6 23.0 22.4 21.7 21.0 20.4 19.8 19.4 19.1 19.1 19.2 19.3 19.6 19.9 20.1 20.0 19.9 19.4 18.9 18.8 18.8 18.9 19.2 19.2 nan nan nan nan nan nan nan nan nan nan nan nan nan
nan nan nan nan nan nan nan nan nan nan nan nan nan nan nan nan nan nan nan nan nan nan nan nan nan nan nan nan nan nan nan nan 36.9 36.4 35.8 35.0 33.9 32.8 31.5 30.4 29.5 28.7 28.0 27.5 27.1 26.8 26.4 25.9 25.5 25.2 25.0 24.9 24.7 24.4 24.0 23.4 22.7 22.0 21.3 20.6 20.1 19.8 19.8 19.9 19.9 20.0 20.2 nan nan nan 19.5 19.2 19.1 19.0 19.0 19.2 nan nan nan nan nan nan nan nan nan nan nan nan nan nan
nan nan nan nan nan nan nan nan nan nan nan nan nan nan nan nan nan nan nan nan nan nan nan nan nan nan nan nan nan nan 14.7 13.5 36.1 36.1 35.7 35.3 34.5 33.4 32.2 30.9 29.9 29.1 28.4 27.8 27.4 27.0 26.6 26.1 25.6 25.3 25.1 25.1 25.1 25.0 24.7 24.3 23.7 23.0 22.2 21.5 20.9 20.4 20.2 20.2 nan nan nan nan nan nan nan 19.4 19.1 19.1 19.1 19.1 nan nan nan nan nan nan nan nan nan nan nan nan nan nan
nan nan nan nan nan nan nan nan nan nan nan nan nan nan nan nan nan nan nan nan nan nan nan nan nan nan nan nan nan nan 15.3 36.0 35.9 36.5 36.4 17.1 35.0 34.2 33.0 31.8 30.6 29.7 28.8 28.2 27.8 27.3 26.9 26.3 25.8 25.4 25.2 25.2 25.3 25.3 25.2 24.9 24.5 23.9 23.1 22.4 21.6 21.0 20.5 nan nan nan nan nan nan 18.8 19.0 19.2 19.0 19.0 19.0 nan nan nan nan nan nan nan nan nan nan nan nan nan nan nan
nan nan nan nan nan nan nan nan nan nan nan nan nan nan nan nan nan nan nan nan nan nan nan nan nan nan nan nan nan nan 14.7 34.0 35.8 36.5 nan nan nan 34.4 33.7 32.5 31.5 30.4 29.4 28.7 28.2 27.8 27.3 26.7 26.1 25.6 25.4 25.4 25.5 25.5 25.4 25.2 24.9 24.5 23.8 23.1 22.3 21.6 21.1 nan nan nan nan nan 18.8 18.8 18.9 19.0 18.8 18.8 nan nan nan nan nan nan nan nan nan nan nan nan nan nan nan nan
nan nan nan nan nan nan nan nan nan nan nan nan nan nan nan nan nan nan nan nan nan nan nan nan nan nan nan nan nan nan 14.5 14.2 36.1 36.2 nan nan nan 32.8 33.8 33.3 32.2 31.1 30.0 29.2 28.6 28.2 27.7 27.1 26.5 26.0 25.6 25.5 25.6 25.6 25.5 25.3 25.0 24.7 24.3 23.7 22.9 22.1 21.3 20.0 19.5 nan 18.7 18.8 18.9 18.8 18.8 18.8 nan nan nan nan nan nan nan nan nan nan nan nan nan nan nan nan nan nan
nan nan nan nan nan nan nan nan nan nan nan nan nan nan nan nan nan nan nan nan nan nan nan nan nan nan nan nan nan nan nan nan 36.2 29.0 nan nan nan nan 34.1 34.0 33.4 32.1 31.0 30.1 29.3 28.8 28.2 27.5 26.9 26.3 25.9 25.8 25.7 25.7 25.5 25.3 25.1 25.0 24.6 24.2 23.5 22.7 21.7 20.9 20.3 19.6 19.2 19.0 18.9 18.7 18.6 nan nan nan nan nan nan nan nan nan nan nan nan nan nan nan nan nan nan nan
nan nan nan nan nan nan nan nan nan nan nan nan nan nan nan nan nan nan nan nan nan nan nan nan nan nan nan nan nan nan nan nan nan 33.0 17.3 nan nan nan 13.9 35.3 34.4 33.2 31.7 30.8 30.0 29.5 28.9 28.1 27.4 26.8 26.3 26.0 25.9 25.8 25.6 25.4 25.3 25.2 24.9 24.6 24.1 23.4 22.6 21.8 20.9 20.2 19.6 19.2 18.9 18.7 18.4 nan nan nan nan nan nan nan nan nan nan nan nan nan nan nan nan nan nan nan
nan nan nan nan nan nan nan nan nan nan nan nan nan nan nan nan nan nan nan nan nan nan nan nan nan nan nan nan nan nan nan nan nan nan 17.8 34.0 nan nan nan nan 34.9 34.2 32.8 31.7 30.8 30.2 29.7 28.9 28.1 27.4 26.7 26.3 26.1 25.9 25.7 25.5 25.4 25.3 25.2 25.0 24.6 24.1 23.3 22.4 21.4 20.5 19.8 19.2 18.9 18.6 18.5 18.3 nan nan nan nan nan nan nan nan nan nan nan nan nan nan nan nan nan nan
nan nan nan nan nan nan nan nan nan nan nan nan nan nan nan nan nan nan nan nan nan nan nan nan nan nan nan nan nan nan nan nan nan nan nan 25.5 14.9 nan nan nan nan 32.3 33.1 32.5 31.6 31.0 30.4 29.5 28.6 27.9 27.2 26.7 26.3 26.1 25.9 25.7 25.6 25.5 25.4 25.3 24.9 24.4 23.6 22.7 21.6 20.6 19.8 19.2 18.8 18.5 18.4 18.4 18.3 10.3 nan nan nan nan nan nan nan nan nan nan nan nan nan nan nan nan
nan nan nan nan nan nan nan nan nan nan nan nan nan nan nan nan nan nan nan nan nan nan nan nan nan nan nan nan nan nan nan nan nan nan 17.3 21.3 36.0 35.8 nan 15.0 nan 31.7 33.1 33.1 32.3 31.5 30.9 30.1 29.2 28.3 27.6 27.1 26.7 26.5 26.2 26.0 25.9 25.6 25.6 25.4 25.1 24.5 23.6 22.7 21.5 20.4 19.6 19.1 18.7 18.4 18.2 18.2 18.2 18.2 nan nan nan nan nan nan nan nan nan nan nan nan nan nan nan nan
nan nan nan nan nan nan nan nan nan nan nan nan nan nan nan nan nan nan nan nan nan nan nan nan nan nan nan nan nan nan nan nan nan nan 35.6 34.3 35.3 29.2 16.6 31.7 33.3 27.4 32.5 33.3 32.7 32.0 31.3 30.4 29.5 28.7 28.0 27.5 27.1 26.8 26.5 26.3 26.1 25.9 25.8 25.6 25.2 24.5 23.5 22.4 21.2 20.0 18.9 18.6 17.9 18.4 18.1 18.1 18.2 18.2 18.3 nan nan nan nan nan nan nan nan nan nan nan nan nan nan nan
nan nan nan nan nan nan nan nan nan nan nan nan nan nan nan nan nan nan nan nan nan nan nan nan nan nan nan nan nan nan nan nan nan nan 36.0 36.0 35.8 34.8 29.0 nan 35.7 31.9 34.2 33.6 33.0 32.1 31.4 30.6 29.9 29.1 28.5 27.9 27.5 27.1 26.8 26.6 26.4 26.2 26.0 25.6 25.1 24.3 -9999.0 -9999.0 -9999.0 -9999.0 -9999.0 -9999.0 -9999.0 10.8 18.1 18.1 18.2 18.1 18.2 nan nan nan nan nan nan nan nan nan nan nan nan nan nan -9999.0
nan nan nan nan nan nan nan nan nan nan nan nan nan nan nan nan nan nan nan nan nan nan nan nan nan nan nan nan nan nan nan nan nan nan 35.8 36.0 36.0 35.8 35.9 nan nan 35.1 34.8 33.9 33.2 32.3 31.6 30.8 30.1 29.5 28.9 28.3 27.9 27.4 27.1 26.9 26.6 26.4 26.0 25.6 24.9 -9999.0 -9999.0 -9999.0 -9999.0 -9999.0 -9999.0 -9999.0 -9999.0 nan 12.5 17.9 18.1 17.4 nan nan nan nan nan nan nan nan nan nan nan nan nan nan nan -9999.0
nan nan nan nan nan nan nan nan nan nan nan nan nan nan nan nan nan nan nan nan nan nan nan nan nan nan nan nan nan nan nan nan nan nan 35.6 35.8 36.0 36.2 36.0 nan 30.0 30.6 34.7 34.2 33.2 32.3 31.6 30.9 30.3 29.7 29.1 28.5 28.0 27.6 27.3 27.1 26.9 26.6 26.1 25.5 24.6 -9999.0 -9999.0 -9999.0 -9999.0 -9999.0 -9999.0 -9999.0 -9999.0 -9999.0 -9999.0 nan 10.5 10.5 nan nan nan nan nan nan nan nan nan nan nan nan nan nan nan -9999.0
nan nan nan nan nan nan nan nan nan nan nan nan nan nan nan nan nan nan nan nan nan nan nan nan nan nan nan nan nan nan nan nan nan nan 35.4 35.7 36.2 31.6 29.9 19.5 32.0 26.3 34.5 33.9 32.9 32.1 31.5 30.8 30.2 29.7 29.2 28.6 28.2 27.8 27.5 27.3 27.0 26.7 26.0 25.3 -9999.0 -9999.0 -9999.0 -9999.0 -9999.0 -9999.0 -9999.0 -9999.0 -9999.0 -9999.0 -9999.0 nan nan nan nan nan nan nan nan nan nan nan nan nan nan nan nan nan nan -9999.0
nan nan nan nan nan nan nan nan nan nan nan nan nan nan nan nan nan nan nan nan nan nan nan nan nan nan nan nan nan nan nan nan 28.9 29.9 32.6 35.9 36.4 36.2 32.9 30.6 nan 34.9 34.5 33.7 32.9 32.0 31.4 30.8 30.2 29.6 29.1 28.5 28.2 27.9 27.7 27.5 27.3 26.9 26.1 -9999.0 -9999.0 -9999.0 -9999.0 -9999.0 -9999.0 -9999.0 -9999.0 -9999.0 -9999.0 -9999.0 -9999.0 -9999.0 nan nan nan nan nan nan nan nan nan nan nan nan nan nan nan nan nan -9999.0
nan nan nan nan nan nan nan nan nan nan nan nan nan nan nan nan nan nan nan nan nan nan nan nan nan nan nan nan nan 14.8 nan nan 35.6 35.3 36.3 35.2 36.3 36.6 36.4 nan nan 34.8 34.3 33.6 32.7 32.0 31.3 30.6 30.0 29.4 28.8 28.3 28.1 28.0 27.8 27.7 27.5 27.0 26.1 -9999.0 -9999.0 -9999.0 -9999.0 -9999.0 -9999.0 -9999.0 -9999.0 -9999.0 -9999.0 -9999.0 -9999.0 -9999.0 -9999.0 -9999.0 nan nan nan nan nan nan nan nan nan nan nan nan nan nan nan -9999.0
nan nan nan nan nan nan nan nan nan nan nan nan nan nan nan nan nan nan nan nan nan nan nan nan nan nan nan nan nan 13.5 13.5 nan 35.8 36.3 31.8 33.1 33.0 36.2 36.3 34.2 nan 35.1 34.5 33.7 32.8 31.9 31.2 30.5 29.8 29.1 28.5 28.2 28.0 28.0 27.8 27.8 27.6 27.1 -9999.0 -9999.0 -9999.0 -9999.0 -9999.0 -9999.0 -9999.0 -9999.0 -9999.0 -9999.0 -9999.0 -9999.0 -9999.0 -9999.0 -9999.0 -9999.0 -9999.0 nan nan nan nan nan nan nan nan nan nan nan nan nan nan -9999.0
nan nan nan nan nan nan nan nan nan nan nan nan nan nan nan nan nan nan nan nan nan nan nan nan nan nan nan nan nan 14.2 36.1 36.2 36.5 36.9 37.0 nan 13.7 35.8 36.1 36.0 nan 34.3 34.7 34.0 32.9 32.0 31.1 30.3 29.6 28.8 28.3 28.1 28.0 27.9 27.9 27.9 27.8 27.4 -9999.0 -9999.0 -9999.0 -9999.0 -9999.0 -9999.0 -9999.0 -9999.0 -9999.0 -9999.0 -9999.0 -9999.0 -9999.0 -9999.0 -9999.0 -9999.0 -9999.0 -9999.0 nan nan nan nan nan nan nan nan nan nan nan nan nan -9999.0
nan nan nan nan nan nan nan nan nan nan nan nan nan nan nan nan nan nan nan nan nan nan nan nan nan nan nan nan nan nan 34.2 36.3 36.8 37.1 32.2 nan nan 31.9 32.9 29.6 nan 28.2 30.2 33.6 32.9 31.9 31.0 30.2 29.3 28.6 28.2 27.9 27.9 27.8 28.0 28.0 28.0 27.8 -9999.0 -9999.0 -9999.0 -9999.0 -9999.0 -9999.0 -9999.0 -9999.0 -9999.0 -9999.0 -9999.0 -9999.0 -9999.0 -9999.0 -9999.0 -9999.0 -9999.0 -9999.0 -9999.0 nan nan nan nan nan nan nan nan nan nan nan nan -9999.0
nan nan nan nan nan nan nan nan nan nan nan nan nan nan nan nan nan nan nan nan nan nan nan nan nan nan nan nan nan nan 33.7 35.9 36.7 37.2 32.8 nan 15.0 27.1 30.0 15.9 25.9 22.7 25.7 33.2 32.7 31.7 30.7 29.9 29.0 28.4 28.0 27.7 27.8 27.9 28.2 28.2 28.0 27.8 -9999.0 -9999.0 -9999.0 -9999.0 -9999.0 -9999.0 -9999.0 -9999.0 -9999.0 -9999.0 -9999.0 -9999.0 -9999.0 -9999.0 -9999.0 -9999.0 -9999.0 -9999.0 -9999.0 -9999.0 nan nan nan nan nan nan nan nan nan nan nan -9999.0
nan nan nan nan nan nan nan nan nan nan nan nan nan nan nan nan nan nan nan nan nan nan nan nan nan nan nan nan nan nan 34.7 34.5 36.2 36.8 31.0 14.9 nan 33.2 20.8 13.8 22.1 nan 34.6 34.0 32.8 31.6 30.7 29.9 29.1 28.4 28.0 27.8 27.9 28.1 28.4 28.5 27.7 21.8 -9999.0 -9999.0 -9999.0 -9999.0 -9999.0 -9999.0 -9999.0 -9999.0 -9999.0 -9999.0 -9999.0 -9999.0 -9999.0 -9999.0 -9999.0 -9999.0 -9999.0 -9999.0 -9999.0 -9999.0 -9999.0 -9999.0 nan nan nan nan nan nan nan nan nan -9999.0
nan nan nan nan nan nan nan nan nan nan nan nan nan nan nan nan nan nan nan nan nan nan nan nan nan nan nan nan nan nan nan 34.9 36.2 36.4 36.3 nan nan 24.0 21.5 14.8 nan nan 34.5 34.0 32.9 31.8 30.7 29.7 29.0 28.5 28.2 28.0 28.2 28.5 28.8 29.0 27.6 24.3 -9999.0 -9999.0 -9999.0 -9999.0 -9999.0 -9999.0 -9999.0 -9999.0 -9999.0 -9999.0 -9999.0 nan nan nan -9999.0 -9999.0 -9999.0 -9999.0 -9999.0 -9999.0 -9999.0 -9999.0 -9999.0 -9999.0 -9999.0 -9999.0 -9999.0 nan nan nan -9999.0 -9999.0
nan nan nan nan nan nan nan nan nan nan nan nan nan nan nan nan nan nan nan nan nan nan nan nan nan nan nan nan nan nan nan 31.6 34.9 35.9 36.3 nan 14.9 19.0 30.6 14.6 nan nan 34.4 34.1 33.2 32.0 30.9 30.2 29.7 29.1 28.5 28.4 28.4 28.8 29.2 29.2 29.1 25.0 -9999.0 -9999.0 -9999.0 -9999.0 -9999.0 -9999.0 -9999.0 -9999.0 -9999.0 -9999.0 -9999.0 nan nan nan nan nan -9999.0 -9999.0 -9999.0 -9999.0 -9999.0 -9999.0 -9999.0 -9999.0 -9999.0 -9999.0 -9999.0 -9999.0 -9999.0 -9999.0 -9999.0 -9999.0
nan nan nan nan nan nan nan nan nan nan nan nan nan nan nan nan nan nan nan nan nan nan nan nan nan nan nan nan nan nan nan 14.5 34.8 36.1 35.4 33.3 29.8 22.9 18.5 14.2 15.8 nan 34.0 34.5 33.6 32.4 31.2 30.4 30.0 29.4 28.9 28.8 28.8 29.0 29.2 29.3 29.0 22.9 -9999.0 -9999.0 -9999.0 -9999.0 -9999.0 -9999.0 -9999.0 -9999.0 -9999.0 -9999.0 -9999.0 -9999.0 -9999.0 -9999.0 -9999.0 -9999.0 -9999.0 -9999.0 -9999.0 -9999.0 -9999.0 -9999.0 -9999.0 -9999.0 -9999.0 -9999.0 -9999.0 -9999.0 -9999.0 -9999.0 -9999.0 -9999.0
nan nan nan nan nan nan nan nan nan nan nan nan nan nan nan nan nan nan nan nan nan nan nan nan nan nan nan nan nan nan nan 14.4 30.6 35.8 36.8 37.0 36.6 nan 22.7 25.0 13.5 nan 35.0 34.5 34.2 33.0 31.9 30.9 30.2 29.6 29.1 29.1 29.3 29.4 29.6 29.6 29.9 27.0 -9999.0 -9999.0 -9999.0 -9999.0 -9999.0 -9999.0 -9999.0 -9999.0 -9999.0 -9999.0 -9999.0 -9999.0 -9999.0 -9999.0 -9999.0 -9999.0 -9999.0 -9999.0 -9999.0 -9999.0 -9999.0 -9999.0 -9999.0 -9999.0 -9999.0 -9999.0 -9999.0 -9999.0 -9999.0 -9999.0 -9999.0 -9999.0
nan nan nan nan nan nan nan nan nan nan nan nan nan nan nan nan nan nan nan nan nan nan nan nan nan nan nan nan nan nan nan 14.5 30.1 32.5 36.5 36.5 36.2 nan nan 21.9 14.8 nan nan 34.2 34.5 33.6 32.5 31.5 30.8 30.3 29.9 29.6 29.6 29.7 29.7 29.8 30.2 25.9 -9999.0 -9999.0 -9999.0 -9999.0 -9999.0 -9999.0 -9999.0 -9999.0 -9999.0 -9999.0 -9999.0 -9999.0 -9999.0 -9999.0 -9999.0 -9999.0 -9999.0 -9999.0 -9999.0 -9999.0 -9999.0 -9999.0 -9999.0 -9999.0 -9999.0 -9999.0 -9999.0 -9999.0 -9999.0 -9999.0 -9999.0 -9999.0
nan nan nan nan nan nan nan nan nan nan nan nan nan nan nan nan nan nan nan nan nan nan nan nan nan nan nan nan nan nan nan nan 14.2 35.3 35.7 36.0 nan nan nan 21.8 14.8 13.5 nan nan 33.7 33.9 33.1 32.1 31.2 30.6 30.2 30.1 30.2 30.2 29.9 30.2 30.7 29.1 -9999.0 -9999.0 -9999.0 -9999.0 -9999.0 -9999.0 -9999.0 -9999.0 -9999.0 -9999.0 -9999.0 -9999.0 -9999.0 -9999.0 -9999.0 -9999.0 -9999.0 -9999.0 -9999.0 -9999.0 -9999.0 -9999.0 -9999.0 -9999.0 nan nan nan -9999.0 -9999.0 -9999.0 -9999.0 -9999.0
nan nan nan nan nan nan nan nan nan nan nan nan nan nan nan nan nan nan nan nan nan nan nan nan nan nan nan nan nan nan nan nan 32.7 34.3 35.3 35.7 nan nan nan nan 17.0 13.3 24.9 nan 33.0 33.7 33.7 32.6 31.9 31.2 30.6 30.4 30.4 30.5 30.3 30.5 31.0 30.2 -9999.0 -9999.0 -9999.0 -9999.0 -9999.0 -9999.0 -9999.0 -9999.0 -9999.0 -9999.0 -9999.0 -9999.0 -9999.0 -9999.0 -9999.0 -9999.0 -9999.0 -9999.0 -9999.0 -9999.0 -9999.0 -9999.0 nan nan nan nan nan nan nan nan -9999.0 -9999.0
nan nan nan nan nan nan nan nan nan nan nan nan nan nan nan nan nan nan nan nan nan nan nan nan nan nan nan nan nan nan nan nan nan 34.8 35.5 35.6 nan nan nan nan 22.9 15.0 18.0 18.8 nan 34.2 34.4 33.5 32.6 31.9 31.4 31.1 30.9 30.9 30.7 30.9 31.5 31.4 -9999.0 -9999.0 -9999.0 -9999.0 -9999.0 -9999.0 -9999.0 -9999.0 -9999.0 -9999.0 -9999.0 nan nan nan nan nan nan nan nan nan nan nan nan nan nan nan nan nan nan nan nan nan
nan nan nan nan nan nan nan nan nan nan nan nan nan nan nan nan nan nan nan nan nan nan nan nan nan nan nan nan nan nan nan nan nan 35.0 35.7 35.8 35.9 nan nan nan 32.6 17.5 16.4 30.4 nan nan 33.6 34.1 33.6 32.5 32.0 31.6 31.3 31.2 31.1 31.3 32.0 32.4 -9999.0 -9999.0 -9999.0 -9999.0 -9999.0 -9999.0 -9999.0 -9999.0 -9999.0 -9999.0 nan nan nan nan nan nan nan nan nan nan nan nan nan nan nan nan nan nan nan nan nan nan
