data/output/RUN203/ECOSPACE/ECOSPACE_in_PAR3/PAR-VarZ-VarK/PAR-VarZ-VarK_2003_05.asc
ncols        93
nrows        151 
xllcorner    -123.80739
yllcorner    48.29471 
cellsize     0.013497347 
NODATA_value  0.0
[rows 80 to 119 of 151, columns 0 to 89 of 93]
nan nan nan nan nan nan nan nan nan nan nan nan nan nan nan nan nan nan nan nan nan nan nan 35.6 34.8 34.9 37.7 37.3 36.1 34.7 33.2 31.9 30.6 29.5 28.5 27.5 26.5 25.4 24.3 23.2 22.1 21.3 20.7 20.3 20.0 19.8 19.5 19.3 19.0 18.7 18.4 18.2 17.9 17.5 nan nan nan nan nan nan nan nan nan nan nan nan 15.9 16.1 16.2 16.3 nan 16.0 16.0 16.1 16.1 16.2 16.2 16.1 16.0 16.3 16.7 16.9 16.8 nan nan nan nan nan nan nan
nan nan nan nan nan nan nan nan nan nan nan nan nan nan nan nan nan nan nan nan nan nan nan nan nan nan 38.3 38.0 37.1 35.8 34.5 33.1 31.7 30.4 29.2 28.1 27.0 25.8 24.5 23.3 22.2 21.3 20.7 20.2 19.9 19.6 19.4 19.2 18.9 18.6 18.3 18.1 17.9 17.6 17.2 nan nan nan nan nan nan nan nan nan nan nan 16.2 16.2 nan nan nan nan nan 16.2 16.3 16.5 nan 16.2 16.4 16.8 17.2 17.4 nan nan nan nan nan nan nan nan
nan nan nan nan nan nan nan nan nan nan nan nan nan nan nan nan nan nan nan nan nan nan nan nan nan nan nan 38.5 37.7 37.0 35.8 34.4 32.9 31.5 30.0 28.7 27.4 26.1 24.7 23.4 22.2 21.3 20.7 20.2 19.9 19.6 19.4 19.1 18.9 18.6 18.3 18.1 17.9 17.6 17.3 16.9 nan nan nan nan nan nan nan nan nan 16.2 16.5 nan nan nan nan nan nan 16.2 16.4 16.5 nan 16.5 16.9 17.2 17.5 nan nan nan nan nan nan nan nan nan
nan nan nan nan nan nan nan nan nan nan nan nan nan nan nan nan nan nan nan nan nan nan nan nan nan nan nan nan 36.1 37.0 37.0 35.8 34.3 32.7 31.0 29.5 28.0 26.5 24.9 23.5 22.4 21.5 20.8 20.3 19.9 19.6 19.4 19.1 18.9 18.6 18.3 18.1 17.9 17.6 17.3 17.1 16.9 nan nan nan nan nan nan nan nan 16.2 16.4 nan nan nan nan nan nan 16.2 16.5 16.6 17.0 17.4 17.4 17.4 nan nan nan nan nan nan nan nan nan nan
nan nan nan nan nan nan nan nan nan nan nan nan nan nan nan nan nan nan nan nan nan nan nan nan nan nan nan nan nan 15.4 37.9 36.9 35.5 33.8 32.1 30.3 28.6 26.9 25.2 23.8 22.6 21.6 21.0 20.5 20.0 19.6 19.4 19.2 19.0 18.7 18.4 18.2 18.0 17.8 17.5 17.2 17.0 16.9 nan nan nan nan nan nan 16.2 16.3 16.4 nan 16.7 16.6 16.7 nan nan 16.3 16.6 16.9 17.3 17.8 nan nan nan nan nan nan nan nan nan nan nan nan
nan nan nan nan nan nan nan nan nan nan nan nan nan nan nan nan nan nan nan nan nan nan nan nan nan nan nan nan nan nan 16.2 37.5 36.3 34.7 33.0 31.1 29.2 27.3 25.6 24.1 22.9 22.0 21.2 20.7 20.2 19.8 19.5 19.3 19.1 18.8 18.6 18.3 18.1 17.9 17.7 17.4 17.2 17.0 nan nan nan nan nan 16.2 16.3 16.4 16.5 16.6 16.6 16.6 16.6 10.8 nan 16.4 16.7 17.0 17.4 17.6 nan nan nan nan nan nan nan nan nan nan nan nan
nan nan nan nan nan nan nan nan nan nan nan nan nan nan nan nan nan nan nan nan nan nan nan nan nan nan nan nan nan nan nan 34.4 36.4 35.5 33.7 31.8 29.8 27.9 26.0 24.5 23.3 22.3 21.6 20.9 20.4 20.0 19.7 19.5 19.2 19.0 18.8 18.5 18.3 18.1 17.9 17.7 17.4 17.2 17.0 nan nan 16.5 16.6 16.5 16.5 16.6 16.7 16.7 16.7 16.7 16.6 nan nan 16.6 16.9 17.2 17.5 17.6 nan nan nan nan nan nan nan nan nan nan nan nan
nan nan nan nan nan nan nan nan nan nan nan nan nan nan nan nan nan nan nan nan nan nan nan nan nan nan nan nan nan nan nan nan 36.9 35.6 34.0 32.2 30.3 28.3 26.5 25.0 23.7 22.7 21.9 21.3 20.7 20.3 20.0 19.7 19.5 19.2 19.0 18.8 18.6 18.4 18.2 18.0 17.7 17.5 17.2 17.0 16.8 16.8 16.8 nan 16.7 16.9 17.0 17.1 17.0 17.0 16.9 16.8 16.8 17.0 17.0 17.3 17.5 nan nan nan nan nan nan nan nan nan nan nan nan nan
nan nan nan nan nan nan nan nan nan nan nan nan nan nan nan nan nan nan nan nan nan nan nan nan nan nan nan nan nan nan 35.9 36.4 36.5 35.2 33.8 32.3 30.7 28.8 27.0 25.5 24.2 23.2 22.3 21.6 21.1 20.6 20.3 20.0 19.8 19.6 19.3 19.1 18.9 18.7 18.5 18.3 18.0 17.8 17.5 17.3 17.1 17.0 17.0 17.1 17.1 17.2 17.4 17.5 17.4 17.4 17.2 16.9 16.9 17.0 17.2 17.5 17.5 nan nan nan nan nan nan nan nan nan nan nan nan nan
nan nan nan nan nan nan nan nan nan nan nan nan nan nan nan nan nan nan nan nan nan nan nan nan nan nan nan nan nan nan nan nan 35.6 34.7 33.6 32.5 31.1 29.4 27.5 26.0 24.6 23.6 22.7 22.0 21.4 21.0 20.6 20.4 20.1 19.9 19.7 19.5 19.3 19.1 18.9 18.6 18.4 18.1 17.9 17.6 17.5 17.3 17.4 17.4 17.4 17.4 17.5 nan nan nan 17.2 17.1 17.1 17.2 17.3 17.4 nan nan nan nan nan nan nan nan nan nan nan nan nan nan
nan nan nan nan nan nan nan nan nan nan nan nan nan nan nan nan nan nan nan nan nan nan nan nan nan nan nan nan nan nan 16.5 15.1 35.1 34.5 33.7 32.8 31.9 30.2 28.0 26.4 25.1 24.0 23.1 22.4 21.8 21.4 21.0 20.7 20.5 20.3 20.1 19.9 19.7 19.5 19.3 19.1 18.8 18.5 18.3 18.0 17.8 17.6 17.5 17.6 nan nan nan nan nan nan nan 17.2 17.2 17.3 17.4 17.4 nan nan nan nan nan nan nan nan nan nan nan nan nan nan
nan nan nan nan nan nan nan nan nan nan nan nan nan nan nan nan nan nan nan nan nan nan nan nan nan nan nan nan nan nan 16.4 34.7 35.0 35.0 34.2 17.5 33.0 31.0 28.4 26.8 25.5 24.4 23.5 22.8 22.2 21.7 21.4 21.1 20.9 20.7 20.5 20.4 20.2 20.1 19.9 19.6 19.3 19.0 18.8 18.4 18.1 17.8 17.6 nan nan nan nan nan nan 16.9 17.0 17.2 17.2 17.3 17.4 nan nan nan nan nan nan nan nan nan nan nan nan nan nan nan
nan nan nan nan nan nan nan nan nan nan nan nan nan nan nan nan nan nan nan nan nan nan nan nan nan nan nan nan nan nan 16.6 32.7 35.2 35.0 nan nan nan 30.3 28.7 27.3 26.0 24.9 24.0 23.2 22.5 22.1 21.8 21.5 21.3 21.2 21.1 21.0 20.9 20.7 20.5 20.3 20.0 19.7 19.4 19.0 18.5 18.1 17.8 nan nan nan nan nan 17.0 17.0 17.1 17.2 17.2 17.2 nan nan nan nan nan nan nan nan nan nan nan nan nan nan nan nan
nan nan nan nan nan nan nan nan nan nan nan nan nan nan nan nan nan nan nan nan nan nan nan nan nan nan nan nan nan nan 16.5 15.5 35.5 35.2 nan nan nan 27.4 29.1 27.9 26.7 25.4 24.4 23.5 22.9 22.5 22.1 21.9 21.8 21.7 21.6 21.6 21.5 21.4 21.2 21.0 20.8 20.4 20.1 19.6 19.0 18.5 18.1 17.5 17.2 nan 16.9 17.0 17.1 17.1 17.2 17.1 nan nan nan nan nan nan nan nan nan nan nan nan nan nan nan nan nan nan
nan nan nan nan nan nan nan nan nan nan nan nan nan nan nan nan nan nan nan nan nan nan nan nan nan nan nan nan nan nan nan nan 35.5 28.4 nan nan nan nan 28.5 28.7 27.7 26.1 24.8 23.9 23.3 22.8 22.5 22.3 22.2 22.2 22.2 22.3 22.2 22.2 22.0 21.9 21.6 21.3 20.8 20.3 19.6 19.0 18.4 17.9 17.5 17.3 17.2 17.0 17.0 17.1 16.9 nan nan nan nan nan nan nan nan nan nan nan nan nan nan nan nan nan nan nan
nan nan nan nan nan nan nan nan nan nan nan nan nan nan nan nan nan nan nan nan nan nan nan nan nan nan nan nan nan nan nan nan nan 28.3 14.9 nan nan nan 14.8 30.5 29.0 27.0 25.4 24.3 23.6 23.1 22.8 22.7 22.7 22.7 22.8 22.9 23.0 23.0 22.9 22.7 22.5 22.1 21.6 21.0 20.2 19.5 18.9 18.3 17.8 17.5 17.2 17.0 17.0 17.0 16.9 nan nan nan nan nan nan nan nan nan nan nan nan nan nan nan nan nan nan nan
nan nan nan nan nan nan nan nan nan nan nan nan nan nan nan nan nan nan nan nan nan nan nan nan nan nan nan nan nan nan nan nan nan nan 17.8 27.1 nan nan nan nan 29.5 27.9 25.8 24.6 23.8 23.3 23.1 23.0 23.0 23.2 23.4 23.5 23.6 23.7 23.6 23.5 23.2 22.8 22.3 21.6 20.9 20.1 19.3 18.6 18.0 17.6 17.3 17.1 17.0 17.0 17.0 16.7 nan nan nan nan nan nan nan nan nan nan nan nan nan nan nan nan nan nan
nan nan nan nan nan nan nan nan nan nan nan nan nan nan nan nan nan nan nan nan nan nan nan nan nan nan nan nan nan nan nan nan nan nan nan 19.9 16.2 nan nan nan nan 26.3 26.1 24.8 24.0 23.5 23.3 23.2 23.4 23.5 23.8 24.0 24.1 24.2 24.2 24.1 23.8 23.4 22.9 22.2 21.4 20.5 19.6 18.9 18.2 17.7 17.4 17.1 17.0 16.9 16.9 16.9 16.8 10.6 nan nan nan nan nan nan nan nan nan nan nan nan nan nan nan nan
nan nan nan nan nan nan nan nan nan nan nan nan nan nan nan nan nan nan nan nan nan nan nan nan nan nan nan nan nan nan nan nan nan nan 16.1 21.5 27.0 26.7 nan 16.1 nan 24.0 26.1 25.0 24.1 23.6 23.4 23.4 23.6 23.8 24.0 24.2 24.4 24.5 24.5 24.4 24.2 23.8 23.2 22.5 21.7 20.8 19.9 19.1 18.4 17.8 17.5 17.2 17.0 16.9 16.8 16.8 16.8 16.7 nan nan nan nan nan nan nan nan nan nan nan nan nan nan nan nan
nan nan nan nan nan nan nan nan nan nan nan nan nan nan nan nan nan nan nan nan nan nan nan nan nan nan nan nan nan nan nan nan nan nan 27.6 27.5 27.6 26.6 19.2 25.0 26.2 21.5 26.4 25.0 24.3 23.8 23.5 23.5 23.6 23.8 24.0 24.2 24.5 24.6 24.7 24.7 24.5 24.1 23.5 22.8 21.9 20.9 19.9 19.1 18.3 17.8 17.0 16.5 15.9 16.7 16.7 16.8 16.8 16.8 16.9 nan nan nan nan nan nan nan nan nan nan nan nan nan nan nan
nan nan nan nan nan nan nan nan nan nan nan nan nan nan nan nan nan nan nan nan nan nan nan nan nan nan nan nan nan nan nan nan nan nan 27.8 27.9 27.8 27.7 28.0 nan 26.6 25.5 26.4 25.1 24.4 23.8 23.6 23.5 23.6 23.8 24.0 24.1 24.4 24.6 24.8 24.8 24.6 24.3 23.7 22.9 21.9 20.9 -9999.0 -9999.0 -9999.0 -9999.0 -9999.0 -9999.0 -9999.0 11.4 16.9 16.7 16.8 16.7 16.7 nan nan nan nan nan nan nan nan nan nan nan nan nan nan -9999.0
nan nan nan nan nan nan nan nan nan nan nan nan nan nan nan nan nan nan nan nan nan nan nan nan nan nan nan nan nan nan nan nan nan nan 27.7 27.8 27.7 27.4 27.5 nan nan 27.5 26.6 25.4 24.5 23.9 23.6 23.5 23.6 23.7 23.8 24.0 24.3 24.6 24.8 24.9 24.7 24.4 23.7 22.9 21.8 -9999.0 -9999.0 -9999.0 -9999.0 -9999.0 -9999.0 -9999.0 -9999.0 nan 13.4 16.5 16.8 16.3 nan nan nan nan nan nan nan nan nan nan nan nan nan nan nan -9999.0
nan nan nan nan nan nan nan nan nan nan nan nan nan nan nan nan nan nan nan nan nan nan nan nan nan nan nan nan nan nan nan nan nan nan 27.6 27.4 27.3 27.3 27.8 nan 21.5 24.9 26.8 25.6 24.6 24.0 23.6 23.5 23.5 23.6 23.7 23.9 24.2 24.5 24.8 24.9 24.8 24.5 23.8 22.8 21.7 -9999.0 -9999.0 -9999.0 -9999.0 -9999.0 -9999.0 -9999.0 -9999.0 -9999.0 -9999.0 nan 11.0 11.0 nan nan nan nan nan nan nan nan nan nan nan nan nan nan nan -9999.0
nan nan nan nan nan nan nan nan nan nan nan nan nan nan nan nan nan nan nan nan nan nan nan nan nan nan nan nan nan nan nan nan nan nan 27.3 27.2 27.4 27.9 25.5 17.3 26.0 22.3 26.3 25.7 24.7 24.0 23.6 23.5 23.4 23.5 23.6 23.8 24.1 24.5 24.7 24.9 24.9 24.6 23.9 22.8 -9999.0 -9999.0 -9999.0 -9999.0 -9999.0 -9999.0 -9999.0 -9999.0 -9999.0 -9999.0 -9999.0 nan nan nan nan nan nan nan nan nan nan nan nan nan nan nan nan nan nan -9999.0
nan nan nan nan nan nan nan nan nan nan nan nan nan nan nan nan nan nan nan nan nan nan nan nan nan nan nan nan nan nan nan nan 26.7 26.9 27.4 27.7 28.2 29.0 29.3 28.5 nan 27.8 26.9 25.7 24.8 24.0 23.6 23.4 23.3 23.4 23.5 23.7 24.1 24.5 24.8 25.0 25.1 24.8 24.1 -9999.0 -9999.0 -9999.0 -9999.0 -9999.0 -9999.0 -9999.0 -9999.0 -9999.0 -9999.0 -9999.0 -9999.0 -9999.0 nan nan nan nan nan nan nan nan nan nan nan nan nan nan nan nan nan -9999.0
nan nan nan nan nan nan nan nan nan nan nan nan nan nan nan nan nan nan nan nan nan nan nan nan nan nan nan nan nan 16.4 nan nan 27.9 28.0 27.9 28.2 29.0 29.8 30.7 nan nan 27.8 27.0 25.9 24.9 24.1 23.6 23.3 23.2 23.3 23.5 23.7 24.1 24.5 24.9 25.2 25.3 25.1 24.4 -9999.0 -9999.0 -9999.0 -9999.0 -9999.0 -9999.0 -9999.0 -9999.0 -9999.0 -9999.0 -9999.0 -9999.0 -9999.0 -9999.0 -9999.0 nan nan nan nan nan nan nan nan nan nan nan nan nan nan nan -9999.0
nan nan nan nan nan nan nan nan nan nan nan nan nan nan nan nan nan nan nan nan nan nan nan nan nan nan nan nan nan 14.1 14.1 nan 28.3 28.8 27.2 25.3 28.5 29.8 30.1 29.1 nan 28.2 27.5 26.2 25.1 24.2 23.7 23.4 23.3 23.3 23.5 23.8 24.2 24.6 25.0 25.5 25.6 25.5 -9999.0 -9999.0 -9999.0 -9999.0 -9999.0 -9999.0 -9999.0 -9999.0 -9999.0 -9999.0 -9999.0 -9999.0 -9999.0 -9999.0 -9999.0 -9999.0 -9999.0 nan nan nan nan nan nan nan nan nan nan nan nan nan nan -9999.0
nan nan nan nan nan nan nan nan nan nan nan nan nan nan nan nan nan nan nan nan nan nan nan nan nan nan nan nan nan 14.9 28.4 28.5 28.9 29.4 30.1 nan 14.9 29.6 29.7 29.9 nan 27.7 27.9 26.8 25.5 24.5 23.9 23.5 23.4 23.5 23.7 24.0 24.4 24.7 25.2 25.6 25.9 25.8 -9999.0 -9999.0 -9999.0 -9999.0 -9999.0 -9999.0 -9999.0 -9999.0 -9999.0 -9999.0 -9999.0 -9999.0 -9999.0 -9999.0 -9999.0 -9999.0 -9999.0 -9999.0 nan nan nan nan nan nan nan nan nan nan nan nan nan -9999.0
nan nan nan nan nan nan nan nan nan nan nan nan nan nan nan nan nan nan nan nan nan nan nan nan nan nan nan nan nan nan 27.8 28.4 29.0 29.8 29.2 nan nan 29.5 29.7 30.4 nan 24.6 25.8 27.0 26.0 24.9 24.2 23.8 23.7 23.8 24.0 24.3 24.6 25.0 25.4 25.6 25.8 25.9 -9999.0 -9999.0 -9999.0 -9999.0 -9999.0 -9999.0 -9999.0 -9999.0 -9999.0 -9999.0 -9999.0 -9999.0 -9999.0 -9999.0 -9999.0 -9999.0 -9999.0 -9999.0 -9999.0 nan nan nan nan nan nan nan nan nan nan nan nan -9999.0
nan nan nan nan nan nan nan nan nan nan nan nan nan nan nan nan nan nan nan nan nan nan nan nan nan nan nan nan nan nan 25.5 28.5 29.2 30.1 26.9 nan 16.6 23.3 26.1 16.1 25.4 20.7 22.3 26.4 26.5 25.4 24.7 24.3 24.1 24.2 24.3 24.6 24.9 25.3 25.7 25.8 25.8 25.6 -9999.0 -9999.0 -9999.0 -9999.0 -9999.0 -9999.0 -9999.0 -9999.0 -9999.0 -9999.0 -9999.0 -9999.0 -9999.0 -9999.0 -9999.0 -9999.0 -9999.0 -9999.0 -9999.0 -9999.0 nan nan nan nan nan nan nan nan nan nan nan -9999.0
nan nan nan nan nan nan nan nan nan nan nan nan nan nan nan nan nan nan nan nan nan nan nan nan nan nan nan nan nan nan 26.0 28.0 29.2 29.9 29.4 16.7 nan 26.8 22.0 16.8 22.1 nan 28.9 28.5 27.3 26.3 25.5 25.0 24.7 24.7 24.8 24.9 25.2 25.6 26.0 26.0 24.9 18.1 -9999.0 -9999.0 -9999.0 -9999.0 -9999.0 -9999.0 -9999.0 -9999.0 -9999.0 -9999.0 -9999.0 -9999.0 -9999.0 -9999.0 -9999.0 -9999.0 -9999.0 -9999.0 -9999.0 -9999.0 -9999.0 -9999.0 nan nan nan nan nan nan nan nan nan -9999.0
nan nan nan nan nan nan nan nan nan nan nan nan nan nan nan nan nan nan nan nan nan nan nan nan nan nan nan nan nan nan nan 28.6 29.0 29.7 30.4 nan nan 20.9 21.1 19.5 nan nan 29.5 29.2 28.3 27.3 26.4 25.7 25.4 25.2 25.2 25.3 25.6 25.9 26.4 26.5 25.2 21.4 -9999.0 -9999.0 -9999.0 -9999.0 -9999.0 -9999.0 -9999.0 -9999.0 -9999.0 -9999.0 -9999.0 nan nan nan -9999.0 -9999.0 -9999.0 -9999.0 -9999.0 -9999.0 -9999.0 -9999.0 -9999.0 -9999.0 -9999.0 -9999.0 -9999.0 nan nan nan -9999.0 -9999.0
nan nan nan nan nan nan nan nan nan nan nan nan nan nan nan nan nan nan nan nan nan nan nan nan nan nan nan nan nan nan nan 28.0 28.8 29.6 30.3 nan 15.5 18.6 28.0 17.0 nan nan 29.9 29.8 29.1 28.3 27.3 26.5 26.0 25.8 25.7 25.8 26.0 26.3 26.7 27.1 27.1 22.0 -9999.0 -9999.0 -9999.0 -9999.0 -9999.0 -9999.0 -9999.0 -9999.0 -9999.0 -9999.0 -9999.0 nan nan nan nan nan -9999.0 -9999.0 -9999.0 -9999.0 -9999.0 -9999.0 -9999.0 -9999.0 -9999.0 -9999.0 -9999.0 -9999.0 -9999.0 -9999.0 -9999.0 -9999.0
nan nan nan nan nan nan nan nan nan nan nan nan nan nan nan nan nan nan nan nan nan nan nan nan nan nan nan nan nan nan nan 16.4 28.5 29.5 30.7 29.8 25.3 21.7 17.8 14.6 17.5 nan 30.0 30.1 29.8 29.0 28.2 27.4 26.8 26.4 26.2 26.1 26.3 26.5 26.9 27.1 27.0 19.4 -9999.0 -9999.0 -9999.0 -9999.0 -9999.0 -9999.0 -9999.0 -9999.0 -9999.0 -9999.0 -9999.0 -9999.0 -9999.0 -9999.0 -9999.0 -9999.0 -9999.0 -9999.0 -9999.0 -9999.0 -9999.0 -9999.0 -9999.0 -9999.0 -9999.0 -9999.0 -9999.0 -9999.0 -9999.0 -9999.0 -9999.0 -9999.0
nan nan nan nan nan nan nan nan nan nan nan nan nan nan nan nan nan nan nan nan nan nan nan nan nan nan nan nan nan nan nan 16.4 28.5 29.6 30.8 31.5 31.7 nan 19.3 23.2 14.4 nan 30.0 30.5 30.3 29.8 29.0 28.2 27.5 27.0 26.7 26.6 26.6 26.8 27.1 27.1 27.2 21.9 -9999.0 -9999.0 -9999.0 -9999.0 -9999.0 -9999.0 -9999.0 -9999.0 -9999.0 -9999.0 -9999.0 -9999.0 -9999.0 -9999.0 -9999.0 -9999.0 -9999.0 -9999.0 -9999.0 -9999.0 -9999.0 -9999.0 -9999.0 -9999.0 -9999.0 -9999.0 -9999.0 -9999.0 -9999.0 -9999.0 -9999.0 -9999.0
nan nan nan nan nan nan nan nan nan nan nan nan nan nan nan nan nan nan nan nan nan nan nan nan nan nan nan nan nan nan nan 16.4 26.2 29.5 30.7 31.5 31.7 nan nan 20.9 16.7 nan nan 30.7 30.9 30.4 29.7 29.0 28.2 27.7 27.3 27.1 27.0 27.1 27.4 27.5 27.6 20.5 -9999.0 -9999.0 -9999.0 -9999.0 -9999.0 -9999.0 -9999.0 -9999.0 -9999.0 -9999.0 -9999.0 -9999.0 -9999.0 -9999.0 -9999.0 -9999.0 -9999.0 -9999.0 -9999.0 -9999.0 -9999.0 -9999.0 -9999.0 -9999.0 -9999.0 -9999.0 -9999.0 -9999.0 -9999.0 -9999.0 -9999.0 -9999.0
nan nan nan nan nan nan nan nan nan nan nan nan nan nan nan nan nan nan nan nan nan nan nan nan nan nan nan nan nan nan nan nan 15.7 29.9 30.8 31.6 nan nan nan 21.9 16.2 17.6 nan nan 30.5 30.6 30.1 29.5 28.9 28.4 27.9 27.6 27.5 27.5 27.7 27.9 28.0 26.7 -9999.0 -9999.0 -9999.0 -9999.0 -9999.0 -9999.0 -9999.0 -9999.0 -9999.0 -9999.0 -9999.0 -9999.0 -9999.0 -9999.0 -9999.0 -9999.0 -9999.0 -9999.0 -9999.0 -9999.0 -9999.0 -9999.0 -9999.0 -9999.0 nan nan nan -9999.0 -9999.0 -9999.0 -9999.0 -9999.0
nan nan nan nan nan nan nan nan nan nan nan nan nan nan nan nan nan nan nan nan nan nan nan nan nan nan nan nan nan nan nan nan 28.5 29.6 30.7 31.8 nan nan nan nan 18.3 17.2 29.5 nan 29.8 30.9 30.6 30.0 29.5 29.0 28.6 28.2 28.0 27.9 28.1 28.3 28.5 27.8 -9999.0 -9999.0 -9999.0 -9999.0 -9999.0 -9999.0 -9999.0 -9999.0 -9999.0 -9999.0 -9999.0 -9999.0 -9999.0 -9999.0 -9999.0 -9999.0 -9999.0 -9999.0 -9999.0 -9999.0 -9999.0 -9999.0 nan nan nan nan nan nan nan nan -9999.0 -9999.0
nan nan nan nan nan nan nan nan nan nan nan nan nan nan nan nan nan nan nan nan nan nan nan nan nan nan nan nan nan nan nan nan nan 29.8 31.0 32.1 nan nan nan nan 24.1 19.4 24.5 20.6 nan 31.2 31.5 30.8 30.2 29.7 29.2 28.8 28.5 28.4 28.5 28.8 29.1 29.2 -9999.0 -9999.0 -9999.0 -9999.0 -9999.0 -9999.0 -9999.0 -9999.0 -9999.0 -9999.0 -9999.0 nan nan nan nan nan nan nan nan nan nan nan nan nan nan nan nan nan nan nan nan nan
nan nan nan nan nan nan nan nan nan nan nan nan nan nan nan nan nan nan nan nan nan nan nan nan nan nan nan nan nan nan nan nan nan 29.9 31.2 32.9 32.8 nan nan nan 31.7 21.0 21.5 32.3 nan nan 31.4 31.2 30.8 30.3 29.9 29.4 29.0 28.8 29.0 29.3 29.7 30.0 -9999.0 -9999.0 -9999.0 -9999.0 -9999.0 -9999.0 -9999.0 -9999.0 -9999.0 -9999.0 nan nan nan nan nan nan nan nan nan nan nan nan nan nan nan nan nan nan nan nan nan nan
