data/output/RUN203/ECOSPACE/ECOSPACE_in_PAR3/PAR-VarZ-VarK/PAR-VarZ-VarK_2017_05.asc
ncols        93
nrows        151 
xllcorner    -123.80739
yllcorner    48.29471 
cellsize     0.013497347 
NODATA_value  0.0
[rows 80 to 119 of 151, columns 0 to 89 of 93]
nan nan nan nan nan nan nan nan nan nan nan nan nan nan nan nan nan nan nan nan nan nan nan 31.1 30.5 29.9 32.4 33.0 32.9 32.7 32.6 32.4 32.0 31.5 30.9 30.3 29.6 29.0 28.3 27.7 27.0 26.2 25.3 24.6 23.9 23.2 22.6 21.9 21.2 20.4 19.4 18.3 17.4 17.1 nan nan nan nan nan nan nan nan nan nan nan nan 14.4 14.5 14.6 14.6 nan 14.5 14.5 14.5 14.6 14.7 14.7 14.6 14.6 14.8 15.3 15.4 15.4 nan nan nan nan nan nan nan
nan nan nan nan nan nan nan nan nan nan nan nan nan nan nan nan nan nan nan nan nan nan nan nan nan nan 32.9 33.0 33.0 32.9 32.7 32.5 32.2 31.7 31.0 30.4 29.6 28.9 28.2 27.5 26.7 25.9 25.1 24.4 23.7 23.0 22.4 21.9 21.3 20.6 19.7 18.7 17.9 17.4 16.8 nan nan nan nan nan nan nan nan nan nan nan 14.6 14.6 nan nan nan nan nan 14.6 14.7 14.8 nan 14.6 14.8 15.2 15.6 15.7 nan nan nan nan nan nan nan nan
nan nan nan nan nan nan nan nan nan nan nan nan nan nan nan nan nan nan nan nan nan nan nan nan nan nan nan 32.8 32.8 33.0 32.9 32.7 32.4 31.9 31.2 30.5 29.7 28.9 28.1 27.4 26.5 25.6 24.8 24.0 23.4 22.8 22.2 21.7 21.2 20.7 19.9 18.9 18.1 17.5 17.0 16.5 nan nan nan nan nan nan nan nan nan 14.6 14.8 nan nan nan nan nan nan 14.6 14.7 14.8 nan 14.8 15.2 15.6 15.8 nan nan nan nan nan nan nan nan nan
nan nan nan nan nan nan nan nan nan nan nan nan nan nan nan nan nan nan nan nan nan nan nan nan nan nan nan nan 30.6 32.2 33.0 32.8 32.5 32.0 31.2 30.5 29.7 28.9 28.0 27.1 26.2 25.2 24.4 23.6 23.0 22.4 22.0 21.5 21.1 20.6 19.8 19.0 18.3 17.6 17.1 16.8 16.4 nan nan nan nan nan nan nan nan 14.6 14.8 nan nan nan nan nan nan 14.6 14.7 14.9 15.3 15.6 15.6 15.7 nan nan nan nan nan nan nan nan nan nan
nan nan nan nan nan nan nan nan nan nan nan nan nan nan nan nan nan nan nan nan nan nan nan nan nan nan nan nan nan 15.3 33.1 32.9 32.5 32.0 31.5 30.6 29.8 28.8 27.9 26.9 25.9 25.0 24.0 23.2 22.6 22.1 21.7 21.3 20.9 20.4 19.8 19.2 18.5 17.9 17.4 17.0 16.6 16.3 nan nan nan nan nan nan 14.6 14.7 14.8 nan 15.0 15.0 15.1 nan nan 14.6 14.9 15.1 15.6 16.0 nan nan nan nan nan nan nan nan nan nan nan nan
nan nan nan nan nan nan nan nan nan nan nan nan nan nan nan nan nan nan nan nan nan nan nan nan nan nan nan nan nan nan 15.9 32.9 32.7 32.2 31.5 30.6 29.6 28.6 27.7 26.6 25.6 24.6 23.7 22.9 22.3 21.8 21.4 21.0 20.6 20.2 19.7 19.2 18.6 18.1 17.6 17.2 16.9 16.6 nan nan nan nan nan 14.7 14.8 14.8 14.9 15.0 15.0 15.0 15.0 10.6 nan 14.7 15.0 15.3 15.7 15.9 nan nan nan nan nan nan nan nan nan nan nan nan
nan nan nan nan nan nan nan nan nan nan nan nan nan nan nan nan nan nan nan nan nan nan nan nan nan nan nan nan nan nan nan 29.6 32.5 32.3 31.6 30.7 29.7 28.6 27.5 26.4 25.3 24.4 23.5 22.7 22.0 21.5 21.1 20.8 20.4 20.0 19.6 19.2 18.7 18.2 17.8 17.4 17.1 16.9 16.3 nan nan 15.0 15.1 15.1 14.9 15.0 15.0 15.1 15.1 15.0 15.0 nan nan 14.9 15.2 15.5 15.8 15.9 nan nan nan nan nan nan nan nan nan nan nan nan
nan nan nan nan nan nan nan nan nan nan nan nan nan nan nan nan nan nan nan nan nan nan nan nan nan nan nan nan nan nan nan nan 32.8 32.3 31.6 30.7 29.5 28.4 27.4 26.2 25.1 24.1 23.2 22.5 21.8 21.3 20.9 20.6 20.2 19.9 19.5 19.1 18.7 18.3 17.8 17.5 17.1 16.8 16.5 15.9 15.6 15.5 15.4 nan 15.1 15.2 15.3 15.4 15.4 15.3 15.3 15.1 15.1 15.2 15.4 15.6 15.8 nan nan nan nan nan nan nan nan nan nan nan nan nan
nan nan nan nan nan nan nan nan nan nan nan nan nan nan nan nan nan nan nan nan nan nan nan nan nan nan nan nan nan nan 31.8 32.0 32.4 31.9 31.3 30.5 29.5 28.6 27.4 26.2 25.0 24.0 23.1 22.3 21.6 21.2 20.8 20.4 20.1 19.8 19.5 19.1 18.7 18.3 17.9 17.6 17.2 16.9 16.6 16.2 16.0 15.7 15.6 15.7 15.6 15.6 15.8 15.8 15.8 15.8 15.6 15.3 15.3 15.3 15.5 15.7 15.8 nan nan nan nan nan nan nan nan nan nan nan nan nan
nan nan nan nan nan nan nan nan nan nan nan nan nan nan nan nan nan nan nan nan nan nan nan nan nan nan nan nan nan nan nan nan 31.6 31.2 30.7 30.1 29.4 28.5 27.3 26.0 24.9 23.9 23.0 22.2 21.5 21.0 20.6 20.3 19.9 19.6 19.4 19.0 18.7 18.4 18.1 17.8 17.5 17.2 16.9 16.6 16.3 16.0 15.9 16.0 15.9 15.9 15.9 nan nan nan 15.7 15.6 15.5 15.5 15.6 15.8 nan nan nan nan nan nan nan nan nan nan nan nan nan nan
nan nan nan nan nan nan nan nan nan nan nan nan nan nan nan nan nan nan nan nan nan nan nan nan nan nan nan nan nan nan 17.0 15.4 30.9 30.5 30.1 29.8 29.4 28.6 27.2 26.0 24.9 23.8 22.9 22.1 21.4 20.9 20.5 20.1 19.8 19.6 19.3 19.0 18.8 18.5 18.3 18.1 17.8 17.5 17.2 16.9 16.5 16.2 16.1 16.1 nan nan nan nan nan nan nan 15.8 15.6 15.6 15.7 15.7 nan nan nan nan nan nan nan nan nan nan nan nan nan nan
nan nan nan nan nan nan nan nan nan nan nan nan nan nan nan nan nan nan nan nan nan nan nan nan nan nan nan nan nan nan 16.1 29.9 30.4 30.3 29.9 17.0 29.7 28.7 27.2 26.0 24.9 23.8 22.9 22.0 21.3 20.7 20.2 20.0 19.7 19.5 19.2 19.0 18.9 18.7 18.5 18.3 18.1 17.8 17.5 17.1 16.8 16.4 16.1 nan nan nan nan nan nan 15.4 15.5 15.7 15.7 15.6 15.7 nan nan nan nan nan nan nan nan nan nan nan nan nan nan nan
nan nan nan nan nan nan nan nan nan nan nan nan nan nan nan nan nan nan nan nan nan nan nan nan nan nan nan nan nan nan 16.9 28.0 30.4 30.2 nan nan nan 28.2 27.2 26.0 25.0 24.0 22.9 22.1 21.4 20.7 20.2 19.9 19.6 19.5 19.3 19.1 19.0 18.9 18.8 18.6 18.4 18.1 17.8 17.4 17.0 16.6 16.4 nan nan nan nan nan 15.4 15.5 15.5 15.7 15.6 15.6 nan nan nan nan nan nan nan nan nan nan nan nan nan nan nan nan
nan nan nan nan nan nan nan nan nan nan nan nan nan nan nan nan nan nan nan nan nan nan nan nan nan nan nan nan nan nan 16.8 15.1 30.4 30.2 nan nan nan 25.7 27.2 26.3 25.4 24.2 23.1 22.1 21.4 20.7 20.2 19.9 19.6 19.5 19.4 19.2 19.2 19.1 19.0 18.8 18.6 18.4 18.0 17.6 17.1 16.7 16.3 15.8 15.5 nan 15.4 15.4 15.5 15.5 15.6 15.7 nan nan nan nan nan nan nan nan nan nan nan nan nan nan nan nan nan nan
nan nan nan nan nan nan nan nan nan nan nan nan nan nan nan nan nan nan nan nan nan nan nan nan nan nan nan nan nan nan nan nan 30.5 24.6 nan nan nan nan 26.9 26.8 25.9 24.6 23.4 22.4 21.5 20.9 20.3 20.0 19.7 19.6 19.5 19.4 19.4 19.3 19.2 19.1 18.8 18.6 18.2 17.8 17.3 16.7 16.2 15.8 15.7 15.6 15.5 15.4 15.4 15.5 15.5 nan nan nan nan nan nan nan nan nan nan nan nan nan nan nan nan nan nan nan
nan nan nan nan nan nan nan nan nan nan nan nan nan nan nan nan nan nan nan nan nan nan nan nan nan nan nan nan nan nan nan nan nan 23.8 12.5 nan nan nan 15.1 27.7 26.8 25.3 23.8 22.6 21.7 21.0 20.5 20.1 19.9 19.8 19.8 19.7 19.7 19.6 19.5 19.3 19.0 18.7 18.4 17.9 17.3 16.8 16.3 16.0 15.7 15.6 15.5 15.4 15.5 15.5 15.4 nan nan nan nan nan nan nan nan nan nan nan nan nan nan nan nan nan nan nan
nan nan nan nan nan nan nan nan nan nan nan nan nan nan nan nan nan nan nan nan nan nan nan nan nan nan nan nan nan nan nan nan nan nan 14.4 24.0 nan nan nan nan 27.1 26.0 24.1 22.9 22.0 21.3 20.8 20.5 20.2 20.1 20.1 20.0 20.0 19.9 19.8 19.6 19.3 18.9 18.5 18.0 17.4 16.9 16.5 16.1 15.8 15.6 15.5 15.5 15.5 15.5 15.5 15.3 nan nan nan nan nan nan nan nan nan nan nan nan nan nan nan nan nan nan
nan nan nan nan nan nan nan nan nan nan nan nan nan nan nan nan nan nan nan nan nan nan nan nan nan nan nan nan nan nan nan nan nan nan nan 17.7 16.7 nan nan nan nan 24.6 24.3 23.1 22.2 21.5 21.1 20.8 20.6 20.5 20.4 20.4 20.3 20.2 20.1 19.8 19.5 19.1 18.7 18.1 17.6 17.0 16.6 16.2 15.9 15.7 15.6 15.6 15.5 15.5 15.4 15.4 15.3 10.7 nan nan nan nan nan nan nan nan nan nan nan nan nan nan nan nan
nan nan nan nan nan nan nan nan nan nan nan nan nan nan nan nan nan nan nan nan nan nan nan nan nan nan nan nan nan nan nan nan nan nan 15.9 20.3 25.4 25.3 nan 16.7 nan 21.8 24.4 23.3 22.4 21.8 21.4 21.1 20.9 20.8 20.7 20.7 20.7 20.6 20.4 20.1 19.7 19.3 18.8 18.2 17.7 17.1 16.7 16.3 16.0 15.7 15.6 15.6 15.6 15.4 15.3 15.3 15.3 15.2 nan nan nan nan nan nan nan nan nan nan nan nan nan nan nan nan
nan nan nan nan nan nan nan nan nan nan nan nan nan nan nan nan nan nan nan nan nan nan nan nan nan nan nan nan nan nan nan nan nan nan 25.5 25.7 26.0 25.4 18.8 22.4 23.5 19.9 24.4 23.4 22.5 21.9 21.6 21.3 21.2 21.1 21.1 21.0 21.0 20.8 20.6 20.3 20.0 19.5 18.9 18.3 17.8 17.2 16.7 16.3 16.0 15.7 15.2 15.0 14.5 15.3 15.2 15.2 15.2 15.3 15.4 nan nan nan nan nan nan nan nan nan nan nan nan nan nan nan
nan nan nan nan nan nan nan nan nan nan nan nan nan nan nan nan nan nan nan nan nan nan nan nan nan nan nan nan nan nan nan nan nan nan 25.5 25.8 25.9 25.9 26.2 nan 24.8 24.1 24.5 23.5 22.6 22.0 21.7 21.5 21.4 21.4 21.4 21.3 21.2 21.1 20.9 20.6 20.2 19.7 19.1 18.5 17.8 17.2 -9999.0 -9999.0 -9999.0 -9999.0 -9999.0 -9999.0 -9999.0 11.5 15.3 15.1 15.3 15.2 15.3 nan nan nan nan nan nan nan nan nan nan nan nan nan nan -9999.0
nan nan nan nan nan nan nan nan nan nan nan nan nan nan nan nan nan nan nan nan nan nan nan nan nan nan nan nan nan nan nan nan nan nan 25.4 25.6 25.7 25.5 25.5 nan nan 25.6 24.7 23.6 22.7 22.1 21.8 21.7 21.7 21.6 21.6 21.5 21.5 21.3 21.1 20.8 20.4 19.8 19.2 18.6 17.9 -9999.0 -9999.0 -9999.0 -9999.0 -9999.0 -9999.0 -9999.0 -9999.0 nan 13.9 15.1 15.3 14.7 nan nan nan nan nan nan nan nan nan nan nan nan nan nan nan -9999.0
nan nan nan nan nan nan nan nan nan nan nan nan nan nan nan nan nan nan nan nan nan nan nan nan nan nan nan nan nan nan nan nan nan nan 25.1 25.2 25.2 25.4 25.8 nan 19.4 23.5 24.7 23.6 22.8 22.2 21.9 21.8 21.8 21.8 21.8 21.8 21.7 21.6 21.4 21.0 20.5 20.0 19.3 18.6 17.9 -9999.0 -9999.0 -9999.0 -9999.0 -9999.0 -9999.0 -9999.0 -9999.0 -9999.0 -9999.0 nan 11.2 11.3 nan nan nan nan nan nan nan nan nan nan nan nan nan nan nan -9999.0
nan nan nan nan nan nan nan nan nan nan nan nan nan nan nan nan nan nan nan nan nan nan nan nan nan nan nan nan nan nan nan nan nan nan 24.8 24.9 25.2 25.7 23.2 15.5 22.8 20.2 24.3 23.5 22.8 22.3 22.0 21.9 21.9 22.0 21.9 21.9 21.8 21.8 21.6 21.2 20.7 20.1 19.4 18.7 -9999.0 -9999.0 -9999.0 -9999.0 -9999.0 -9999.0 -9999.0 -9999.0 -9999.0 -9999.0 -9999.0 nan nan nan nan nan nan nan nan nan nan nan nan nan nan nan nan nan nan -9999.0
nan nan nan nan nan nan nan nan nan nan nan nan nan nan nan nan nan nan nan nan nan nan nan nan nan nan nan nan nan nan nan nan 24.4 24.5 24.9 25.2 25.8 26.5 27.1 26.2 nan 25.5 24.4 23.5 22.8 22.4 22.1 22.0 22.0 22.0 22.0 22.1 22.1 22.1 21.9 21.5 20.9 20.3 19.6 -9999.0 -9999.0 -9999.0 -9999.0 -9999.0 -9999.0 -9999.0 -9999.0 -9999.0 -9999.0 -9999.0 -9999.0 -9999.0 nan nan nan nan nan nan nan nan nan nan nan nan nan nan nan nan nan -9999.0
nan nan nan nan nan nan nan nan nan nan nan nan nan nan nan nan nan nan nan nan nan nan nan nan nan nan nan nan nan 16.5 nan nan 24.7 25.0 25.0 25.5 26.3 27.1 27.6 nan nan 25.0 24.3 23.4 22.8 22.5 22.3 22.1 22.1 22.1 22.1 22.1 22.3 22.3 22.1 21.8 21.3 20.7 20.0 -9999.0 -9999.0 -9999.0 -9999.0 -9999.0 -9999.0 -9999.0 -9999.0 -9999.0 -9999.0 -9999.0 -9999.0 -9999.0 -9999.0 -9999.0 nan nan nan nan nan nan nan nan nan nan nan nan nan nan nan -9999.0
nan nan nan nan nan nan nan nan nan nan nan nan nan nan nan nan nan nan nan nan nan nan nan nan nan nan nan nan nan 13.8 13.9 nan 25.0 25.3 23.8 22.5 25.5 26.8 26.9 26.3 nan 25.1 24.6 23.8 23.0 22.6 22.3 22.2 22.1 22.0 22.1 22.3 22.4 22.4 22.3 22.0 21.6 21.1 -9999.0 -9999.0 -9999.0 -9999.0 -9999.0 -9999.0 -9999.0 -9999.0 -9999.0 -9999.0 -9999.0 -9999.0 -9999.0 -9999.0 -9999.0 -9999.0 -9999.0 nan nan nan nan nan nan nan nan nan nan nan nan nan nan -9999.0
nan nan nan nan nan nan nan nan nan nan nan nan nan nan nan nan nan nan nan nan nan nan nan nan nan nan nan nan nan 14.5 24.5 24.8 25.2 25.6 26.0 nan 15.1 26.4 26.5 26.8 nan 24.8 25.1 24.2 23.4 22.8 22.5 22.3 22.2 22.2 22.3 22.4 22.5 22.5 22.4 22.2 22.0 21.6 -9999.0 -9999.0 -9999.0 -9999.0 -9999.0 -9999.0 -9999.0 -9999.0 -9999.0 -9999.0 -9999.0 -9999.0 -9999.0 -9999.0 -9999.0 -9999.0 -9999.0 -9999.0 nan nan nan nan nan nan nan nan nan nan nan nan nan -9999.0
nan nan nan nan nan nan nan nan nan nan nan nan nan nan nan nan nan nan nan nan nan nan nan nan nan nan nan nan nan nan 24.2 24.6 25.1 25.8 25.1 nan nan 26.4 26.3 27.0 nan 21.7 23.1 24.4 23.6 23.0 22.6 22.3 22.2 22.2 22.3 22.4 22.5 22.5 22.5 22.4 22.3 22.0 -9999.0 -9999.0 -9999.0 -9999.0 -9999.0 -9999.0 -9999.0 -9999.0 -9999.0 -9999.0 -9999.0 -9999.0 -9999.0 -9999.0 -9999.0 -9999.0 -9999.0 -9999.0 -9999.0 nan nan nan nan nan nan nan nan nan nan nan nan -9999.0
nan nan nan nan nan nan nan nan nan nan nan nan nan nan nan nan nan nan nan nan nan nan nan nan nan nan nan nan nan nan 21.9 24.6 25.1 25.8 22.8 nan 16.8 19.9 23.1 13.8 21.0 16.8 19.8 23.9 23.7 23.1 22.7 22.4 22.2 22.4 22.5 22.5 22.6 22.6 22.7 22.8 22.7 22.0 -9999.0 -9999.0 -9999.0 -9999.0 -9999.0 -9999.0 -9999.0 -9999.0 -9999.0 -9999.0 -9999.0 -9999.0 -9999.0 -9999.0 -9999.0 -9999.0 -9999.0 -9999.0 -9999.0 -9999.0 nan nan nan nan nan nan nan nan nan nan nan -9999.0
nan nan nan nan nan nan nan nan nan nan nan nan nan nan nan nan nan nan nan nan nan nan nan nan nan nan nan nan nan nan 22.3 24.1 25.1 25.6 25.0 16.7 nan 23.6 19.0 13.7 18.4 nan 25.5 25.0 24.1 23.4 23.0 22.6 22.5 22.5 22.5 22.6 22.7 22.8 22.9 23.0 22.6 17.5 -9999.0 -9999.0 -9999.0 -9999.0 -9999.0 -9999.0 -9999.0 -9999.0 -9999.0 -9999.0 -9999.0 -9999.0 -9999.0 -9999.0 -9999.0 -9999.0 -9999.0 -9999.0 -9999.0 -9999.0 -9999.0 -9999.0 nan nan nan nan nan nan nan nan nan -9999.0
nan nan nan nan nan nan nan nan nan nan nan nan nan nan nan nan nan nan nan nan nan nan nan nan nan nan nan nan nan nan nan 24.5 24.9 25.3 25.8 nan nan 18.0 17.8 16.7 nan nan 25.9 25.5 24.8 24.0 23.3 22.9 22.7 22.8 22.8 22.8 22.9 22.9 23.1 23.2 22.2 18.8 -9999.0 -9999.0 -9999.0 -9999.0 -9999.0 -9999.0 -9999.0 -9999.0 -9999.0 -9999.0 -9999.0 nan nan nan -9999.0 -9999.0 -9999.0 -9999.0 -9999.0 -9999.0 -9999.0 -9999.0 -9999.0 -9999.0 -9999.0 -9999.0 -9999.0 nan nan nan -9999.0 -9999.0
nan nan nan nan nan nan nan nan nan nan nan nan nan nan nan nan nan nan nan nan nan nan nan nan nan nan nan nan nan nan nan 24.0 24.6 25.2 26.0 nan 15.1 16.3 24.2 14.4 nan nan 26.3 26.1 25.4 24.6 23.9 23.4 23.1 23.0 23.0 23.1 23.1 23.2 23.4 23.7 23.4 18.9 -9999.0 -9999.0 -9999.0 -9999.0 -9999.0 -9999.0 -9999.0 -9999.0 -9999.0 -9999.0 -9999.0 nan nan nan nan nan -9999.0 -9999.0 -9999.0 -9999.0 -9999.0 -9999.0 -9999.0 -9999.0 -9999.0 -9999.0 -9999.0 -9999.0 -9999.0 -9999.0 -9999.0 -9999.0
nan nan nan nan nan nan nan nan nan nan nan nan nan nan nan nan nan nan nan nan nan nan nan nan nan nan nan nan nan nan nan 16.4 24.4 25.1 26.2 25.8 22.5 19.2 14.8 12.0 14.7 nan 26.5 26.6 26.0 25.2 24.5 23.9 23.6 23.5 23.4 23.5 23.5 23.5 23.8 23.9 23.9 17.7 -9999.0 -9999.0 -9999.0 -9999.0 -9999.0 -9999.0 -9999.0 -9999.0 -9999.0 -9999.0 -9999.0 -9999.0 -9999.0 -9999.0 -9999.0 -9999.0 -9999.0 -9999.0 -9999.0 -9999.0 -9999.0 -9999.0 -9999.0 -9999.0 -9999.0 -9999.0 -9999.0 -9999.0 -9999.0 -9999.0 -9999.0 -9999.0
nan nan nan nan nan nan nan nan nan nan nan nan nan nan nan nan nan nan nan nan nan nan nan nan nan nan nan nan nan nan nan 16.3 24.2 25.1 26.1 26.6 26.6 nan 16.2 19.2 11.5 nan 26.6 26.9 26.6 25.9 25.2 24.6 24.1 23.9 23.8 23.9 23.9 23.9 24.1 24.1 24.0 17.3 -9999.0 -9999.0 -9999.0 -9999.0 -9999.0 -9999.0 -9999.0 -9999.0 -9999.0 -9999.0 -9999.0 -9999.0 -9999.0 -9999.0 -9999.0 -9999.0 -9999.0 -9999.0 -9999.0 -9999.0 -9999.0 -9999.0 -9999.0 -9999.0 -9999.0 -9999.0 -9999.0 -9999.0 -9999.0 -9999.0 -9999.0 -9999.0
nan nan nan nan nan nan nan nan nan nan nan nan nan nan nan nan nan nan nan nan nan nan nan nan nan nan nan nan nan nan nan 16.3 22.2 24.8 25.8 26.4 26.4 nan nan 17.4 14.1 nan nan 27.2 27.2 26.5 25.9 25.2 24.7 24.4 24.3 24.3 24.3 24.4 24.4 24.4 24.4 16.1 -9999.0 -9999.0 -9999.0 -9999.0 -9999.0 -9999.0 -9999.0 -9999.0 -9999.0 -9999.0 -9999.0 -9999.0 -9999.0 -9999.0 -9999.0 -9999.0 -9999.0 -9999.0 -9999.0 -9999.0 -9999.0 -9999.0 -9999.0 -9999.0 -9999.0 -9999.0 -9999.0 -9999.0 -9999.0 -9999.0 -9999.0 -9999.0
nan nan nan nan nan nan nan nan nan nan nan nan nan nan nan nan nan nan nan nan nan nan nan nan nan nan nan nan nan nan nan nan 15.5 25.0 25.7 26.3 nan nan nan 18.5 13.6 15.2 nan nan 26.9 26.8 26.3 25.8 25.4 25.1 24.9 24.8 24.8 24.8 24.9 24.9 25.0 23.2 -9999.0 -9999.0 -9999.0 -9999.0 -9999.0 -9999.0 -9999.0 -9999.0 -9999.0 -9999.0 -9999.0 -9999.0 -9999.0 -9999.0 -9999.0 -9999.0 -9999.0 -9999.0 -9999.0 -9999.0 -9999.0 -9999.0 -9999.0 -9999.0 nan nan nan -9999.0 -9999.0 -9999.0 -9999.0 -9999.0
nan nan nan nan nan nan nan nan nan nan nan nan nan nan nan nan nan nan nan nan nan nan nan nan nan nan nan nan nan nan nan nan 24.0 24.7 25.4 26.2 nan nan nan nan 15.3 14.6 25.3 nan 26.5 27.1 26.9 26.4 26.0 25.7 25.5 25.3 25.2 25.2 25.3 25.3 25.5 25.7 -9999.0 -9999.0 -9999.0 -9999.0 -9999.0 -9999.0 -9999.0 -9999.0 -9999.0 -9999.0 -9999.0 -9999.0 -9999.0 -9999.0 -9999.0 -9999.0 -9999.0 -9999.0 -9999.0 -9999.0 -9999.0 -9999.0 nan nan nan nan nan nan nan nan -9999.0 -9999.0
nan nan nan nan nan nan nan nan nan nan nan nan nan nan nan nan nan nan nan nan nan nan nan nan nan nan nan nan nan nan nan nan nan 24.6 25.5 26.4 nan nan nan nan 20.4 17.0 21.7 19.6 nan 27.5 27.7 27.1 26.7 26.4 26.1 25.9 25.7 25.7 25.7 25.9 26.0 26.3 -9999.0 -9999.0 -9999.0 -9999.0 -9999.0 -9999.0 -9999.0 -9999.0 -9999.0 -9999.0 -9999.0 nan nan nan nan nan nan nan nan nan nan nan nan nan nan nan nan nan nan nan nan nan
nan nan nan nan nan nan nan nan nan nan nan nan nan nan nan nan nan nan nan nan nan nan nan nan nan nan nan nan nan nan nan nan nan 24.6 25.5 26.9 26.9 nan nan nan 26.4 17.7 19.0 26.8 nan nan 27.5 27.5 27.3 27.0 26.7 26.4 26.2 26.2 26.2 26.5 26.6 26.9 -9999.0 -9999.0 -9999.0 -9999.0 -9999.0 -9999.0 -9999.0 -9999.0 -9999.0 -9999.0 nan nan nan nan nan nan nan nan nan nan nan nan nan nan nan nan nan nan nan nan nan nan
