data/output/RUN203/ECOSPACE/ECOSPACE_in_PAR3/PAR-VarZ-VarK/PAR-VarZ-VarK_2008_07.asc
ncols        93
nrows        151 
xllcorner    -123.80739
yllcorner    48.29471 
cellsize     0.013497347 
NODATA_value  0.0
[rows 80 to 119 of 151, columns 0 to 89 of 93]
nan nan nan nan nan nan nan nan nan nan nan nan nan nan nan nan nan nan nan nan nan nan nan 28.9 27.9 29.4 31.5 31.2 30.4 29.6 28.8 28.0 27.4 27.0 26.7 26.5 26.3 26.1 25.8 25.5 25.0 24.6 24.1 23.3 22.6 21.9 21.2 20.5 19.9 19.2 18.6 18.2 17.8 17.5 nan nan nan nan nan nan nan nan nan nan nan nan 15.9 15.9 16.0 15.9 nan 15.7 15.6 15.6 15.6 15.5 15.4 15.3 15.2 15.5 15.9 16.0 15.7 nan nan nan nan nan nan nan
nan nan nan nan nan nan nan nan nan nan nan nan nan nan nan nan nan nan nan nan nan nan nan nan nan nan 31.5 31.5 31.0 30.3 29.5 28.7 28.0 27.5 27.1 26.8 26.6 26.4 26.1 25.7 25.3 24.8 24.2 23.5 22.6 21.9 21.3 20.7 20.1 19.4 18.8 18.4 18.0 17.7 17.3 nan nan nan nan nan nan nan nan nan nan nan 16.1 16.1 nan nan nan nan nan 15.7 15.6 15.6 nan 15.3 15.4 15.7 16.0 16.1 nan nan nan nan nan nan nan nan
nan nan nan nan nan nan nan nan nan nan nan nan nan nan nan nan nan nan nan nan nan nan nan nan nan nan nan 31.7 31.4 30.9 30.2 29.4 28.6 28.0 27.6 27.3 27.0 26.8 26.5 26.0 25.5 25.0 24.4 23.6 22.8 22.0 21.3 20.8 20.3 19.7 19.1 18.6 18.1 17.8 17.5 17.2 nan nan nan nan nan nan nan nan nan 16.1 16.3 nan nan nan nan nan nan 15.7 15.6 15.6 nan 15.4 15.6 15.9 16.1 nan nan nan nan nan nan nan nan nan
nan nan nan nan nan nan nan nan nan nan nan nan nan nan nan nan nan nan nan nan nan nan nan nan nan nan nan nan 29.7 31.1 30.9 30.1 29.4 28.7 28.1 27.8 27.5 27.2 26.9 26.4 25.8 25.2 24.5 23.7 22.9 22.1 21.4 20.9 20.4 19.8 19.3 18.8 18.3 17.9 17.6 17.3 17.2 nan nan nan nan nan nan nan nan 16.2 16.2 nan nan nan nan nan nan 15.7 15.7 15.7 15.9 16.2 16.1 16.0 nan nan nan nan nan nan nan nan nan nan
nan nan nan nan nan nan nan nan nan nan nan nan nan nan nan nan nan nan nan nan nan nan nan nan nan nan nan nan nan 16.7 31.5 30.9 30.1 29.4 28.8 28.4 28.0 27.6 27.2 26.7 26.1 25.4 24.6 23.8 22.9 22.1 21.5 20.9 20.5 20.0 19.5 19.0 18.5 18.1 17.7 17.5 17.3 17.1 nan nan nan nan nan nan 16.2 16.2 16.3 nan 16.2 16.1 16.1 nan nan 15.7 15.8 16.0 16.2 16.6 nan nan nan nan nan nan nan nan nan nan nan nan
nan nan nan nan nan nan nan nan nan nan nan nan nan nan nan nan nan nan nan nan nan nan nan nan nan nan nan nan nan nan 17.0 31.4 30.8 30.2 29.6 29.0 28.5 28.1 27.6 27.0 26.3 25.5 24.8 23.9 23.0 22.2 21.5 21.0 20.5 20.0 19.6 19.1 18.7 18.3 17.9 17.6 17.4 17.3 nan nan nan nan nan 16.3 16.3 16.3 16.3 16.3 16.2 16.2 16.1 11.6 nan 15.8 16.0 16.2 16.4 16.4 nan nan nan nan nan nan nan nan nan nan nan nan
nan nan nan nan nan nan nan nan nan nan nan nan nan nan nan nan nan nan nan nan nan nan nan nan nan nan nan nan nan nan nan 29.2 31.2 30.9 30.4 29.8 29.1 28.6 28.0 27.3 26.5 25.7 24.9 23.9 23.0 22.2 21.6 21.0 20.5 20.1 19.7 19.3 18.9 18.5 18.1 17.8 17.6 17.5 17.3 nan nan 16.5 16.6 16.5 16.4 16.5 16.4 16.4 16.3 16.2 16.1 nan nan 16.0 16.1 16.3 16.4 16.4 nan nan nan nan nan nan nan nan nan nan nan nan
nan nan nan nan nan nan nan nan nan nan nan nan nan nan nan nan nan nan nan nan nan nan nan nan nan nan nan nan nan nan nan nan 31.7 31.4 30.9 30.4 29.7 29.0 28.3 27.5 26.7 25.9 25.0 24.0 23.1 22.3 21.6 21.1 20.6 20.2 19.8 19.4 19.0 18.7 18.3 18.0 17.8 17.6 17.5 17.1 16.9 16.9 16.8 nan 16.6 16.6 16.6 16.6 16.5 16.4 16.3 16.2 16.2 16.3 16.3 16.4 16.4 nan nan nan nan nan nan nan nan nan nan nan nan nan
nan nan nan nan nan nan nan nan nan nan nan nan nan nan nan nan nan nan nan nan nan nan nan nan nan nan nan nan nan nan 31.2 31.3 31.7 31.5 31.2 30.7 30.1 29.4 28.6 27.8 26.9 26.0 25.1 24.1 23.1 22.4 21.7 21.2 20.7 20.3 19.9 19.5 19.2 18.9 18.5 18.2 17.9 17.7 17.5 17.3 17.2 17.0 17.0 16.9 16.9 16.8 16.8 16.8 16.8 16.7 16.5 16.4 16.3 16.3 16.4 16.5 16.4 nan nan nan nan nan nan nan nan nan nan nan nan nan
nan nan nan nan nan nan nan nan nan nan nan nan nan nan nan nan nan nan nan nan nan nan nan nan nan nan nan nan nan nan nan nan 31.3 31.4 31.2 30.8 30.3 29.7 28.9 28.0 27.1 26.2 25.2 24.2 23.3 22.5 21.9 21.3 20.8 20.4 20.0 19.7 19.4 19.1 18.8 18.5 18.2 18.0 17.8 17.6 17.4 17.2 17.2 17.2 17.0 16.9 16.9 nan nan nan 16.6 16.5 16.4 16.4 16.4 16.5 nan nan nan nan nan nan nan nan nan nan nan nan nan nan
nan nan nan nan nan nan nan nan nan nan nan nan nan nan nan nan nan nan nan nan nan nan nan nan nan nan nan nan nan nan 19.5 17.5 31.2 31.2 31.1 30.9 30.6 30.1 29.3 28.3 27.4 26.4 25.3 24.3 23.4 22.7 22.0 21.4 20.9 20.5 20.2 19.9 19.6 19.4 19.1 18.9 18.6 18.3 18.1 17.8 17.6 17.5 17.4 17.3 nan nan nan nan nan nan nan 16.6 16.5 16.5 16.5 16.5 nan nan nan nan nan nan nan nan nan nan nan nan nan nan
nan nan nan nan nan nan nan nan nan nan nan nan nan nan nan nan nan nan nan nan nan nan nan nan nan nan nan nan nan nan 17.9 30.7 31.2 31.5 31.2 18.6 30.8 30.4 29.5 28.6 27.6 26.6 25.6 24.6 23.7 22.9 22.2 21.6 21.1 20.7 20.4 20.1 19.9 19.6 19.4 19.2 19.0 18.7 18.5 18.2 17.9 17.7 17.6 nan nan nan nan nan nan 16.6 16.7 16.8 16.6 16.6 16.6 nan nan nan nan nan nan nan nan nan nan nan nan nan nan nan
nan nan nan nan nan nan nan nan nan nan nan nan nan nan nan nan nan nan nan nan nan nan nan nan nan nan nan nan nan nan 19.5 29.5 31.4 31.6 nan nan nan 30.1 29.6 28.9 27.9 26.9 25.9 24.8 23.9 23.1 22.4 21.9 21.4 21.0 20.7 20.4 20.2 20.0 19.8 19.6 19.4 19.1 18.8 18.5 18.2 18.0 17.8 nan nan nan nan nan 16.8 16.8 16.8 16.8 16.7 16.6 nan nan nan nan nan nan nan nan nan nan nan nan nan nan nan nan
nan nan nan nan nan nan nan nan nan nan nan nan nan nan nan nan nan nan nan nan nan nan nan nan nan nan nan nan nan nan 19.4 17.0 31.9 31.7 nan nan nan 28.4 29.8 29.1 28.4 27.4 26.2 25.1 24.2 23.4 22.7 22.1 21.6 21.2 21.0 20.8 20.6 20.4 20.2 20.0 19.8 19.5 19.2 18.9 18.5 18.3 18.0 17.4 17.1 nan 16.9 16.9 16.9 16.9 16.9 16.9 nan nan nan nan nan nan nan nan nan nan nan nan nan nan nan nan nan nan
nan nan nan nan nan nan nan nan nan nan nan nan nan nan nan nan nan nan nan nan nan nan nan nan nan nan nan nan nan nan nan nan 31.9 27.1 nan nan nan nan 29.7 29.5 28.9 27.9 26.6 25.5 24.5 23.6 22.9 22.3 21.9 21.5 21.3 21.1 21.0 20.9 20.7 20.5 20.3 20.0 19.7 19.3 18.9 18.5 18.1 17.7 17.4 17.2 17.1 17.0 16.9 16.9 16.9 nan nan nan nan nan nan nan nan nan nan nan nan nan nan nan nan nan nan nan
nan nan nan nan nan nan nan nan nan nan nan nan nan nan nan nan nan nan nan nan nan nan nan nan nan nan nan nan nan nan nan nan nan 26.0 14.8 nan nan nan 17.4 30.1 29.6 28.5 27.0 25.8 24.7 23.8 23.1 22.5 22.1 21.9 21.6 21.5 21.4 21.4 21.2 21.1 20.8 20.6 20.2 19.8 19.3 18.9 18.4 18.0 17.6 17.4 17.2 17.1 17.1 17.0 16.9 nan nan nan nan nan nan nan nan nan nan nan nan nan nan nan nan nan nan nan
nan nan nan nan nan nan nan nan nan nan nan nan nan nan nan nan nan nan nan nan nan nan nan nan nan nan nan nan nan nan nan nan nan nan 17.7 26.2 nan nan nan nan 29.8 29.0 27.3 26.0 24.9 24.0 23.3 22.8 22.4 22.2 22.0 21.9 21.9 21.9 21.8 21.7 21.4 21.1 20.8 20.3 19.8 19.3 18.7 18.3 17.9 17.6 17.4 17.3 17.2 17.2 17.1 16.9 nan nan nan nan nan nan nan nan nan nan nan nan nan nan nan nan nan nan
nan nan nan nan nan nan nan nan nan nan nan nan nan nan nan nan nan nan nan nan nan nan nan nan nan nan nan nan nan nan nan nan nan nan nan 20.1 19.2 nan nan nan nan 28.0 27.4 26.1 25.1 24.2 23.5 23.0 22.6 22.5 22.3 22.3 22.3 22.3 22.3 22.2 22.0 21.8 21.4 20.8 20.2 19.7 19.1 18.5 18.1 17.8 17.6 17.5 17.4 17.3 17.1 17.0 16.8 11.9 nan nan nan nan nan nan nan nan nan nan nan nan nan nan nan nan
nan nan nan nan nan nan nan nan nan nan nan nan nan nan nan nan nan nan nan nan nan nan nan nan nan nan nan nan nan nan nan nan nan nan 17.7 22.2 27.3 27.1 nan 19.3 nan 25.5 27.5 26.3 25.2 24.3 23.6 23.2 22.9 22.7 22.6 22.6 22.7 22.8 22.8 22.7 22.6 22.3 21.9 21.3 20.6 20.0 19.4 18.8 18.3 18.0 17.8 17.6 17.5 17.3 17.1 17.0 16.9 16.7 nan nan nan nan nan nan nan nan nan nan nan nan nan nan nan nan
nan nan nan nan nan nan nan nan nan nan nan nan nan nan nan nan nan nan nan nan nan nan nan nan nan nan nan nan nan nan nan nan nan nan 27.6 27.5 27.6 26.7 19.7 24.9 26.7 23.5 27.6 26.3 25.3 24.4 23.8 23.3 23.1 23.0 22.9 23.0 23.0 23.1 23.2 23.2 23.0 22.8 22.4 21.7 20.9 20.2 19.6 18.9 18.4 18.0 17.4 17.4 17.1 17.4 17.1 17.0 16.9 16.8 16.8 nan nan nan nan nan nan nan nan nan nan nan nan nan nan nan
nan nan nan nan nan nan nan nan nan nan nan nan nan nan nan nan nan nan nan nan nan nan nan nan nan nan nan nan nan nan nan nan nan nan 27.6 27.6 27.5 27.5 27.4 nan 27.7 26.7 27.3 26.3 25.3 24.5 23.9 23.5 23.3 23.2 23.2 23.2 23.4 23.5 23.5 23.5 23.4 23.1 22.7 22.0 21.1 20.4 -9999.0 -9999.0 -9999.0 -9999.0 -9999.0 -9999.0 -9999.0 13.0 17.1 17.0 17.0 16.8 16.8 nan nan nan nan nan nan nan nan nan nan nan nan nan nan -9999.0
nan nan nan nan nan nan nan nan nan nan nan nan nan nan nan nan nan nan nan nan nan nan nan nan nan nan nan nan nan nan nan nan nan nan 27.5 27.4 27.3 27.1 27.0 nan nan 28.2 27.3 26.3 25.3 24.5 24.0 23.6 23.4 23.4 23.4 23.5 23.7 23.8 23.9 23.9 23.6 23.5 23.0 22.2 21.3 -9999.0 -9999.0 -9999.0 -9999.0 -9999.0 -9999.0 -9999.0 -9999.0 nan 15.6 17.0 17.1 16.5 nan nan nan nan nan nan nan nan nan nan nan nan nan nan nan -9999.0
nan nan nan nan nan nan nan nan nan nan nan nan nan nan nan nan nan nan nan nan nan nan nan nan nan nan nan nan nan nan nan nan nan nan 27.3 27.1 26.9 27.0 27.4 nan 23.2 26.2 27.5 26.4 25.4 24.6 24.1 23.8 23.6 23.5 23.6 23.8 24.0 24.2 24.2 24.2 24.1 23.7 23.2 22.4 21.5 -9999.0 -9999.0 -9999.0 -9999.0 -9999.0 -9999.0 -9999.0 -9999.0 -9999.0 -9999.0 nan 12.6 12.6 nan nan nan nan nan nan nan nan nan nan nan nan nan nan nan -9999.0
nan nan nan nan nan nan nan nan nan nan nan nan nan nan nan nan nan nan nan nan nan nan nan nan nan nan nan nan nan nan nan nan nan nan 27.0 26.8 26.9 27.4 24.6 17.3 26.1 23.9 27.2 26.4 25.5 24.7 24.2 23.9 23.8 23.7 23.8 24.0 24.3 24.5 24.6 24.7 24.5 24.1 23.4 22.6 -9999.0 -9999.0 -9999.0 -9999.0 -9999.0 -9999.0 -9999.0 -9999.0 -9999.0 -9999.0 -9999.0 nan nan nan nan nan nan nan nan nan nan nan nan nan nan nan nan nan nan -9999.0
nan nan nan nan nan nan nan nan nan nan nan nan nan nan nan nan nan nan nan nan nan nan nan nan nan nan nan nan nan nan nan nan 26.2 26.4 26.7 26.9 27.2 28.0 27.7 27.3 nan 28.5 27.4 26.4 25.6 24.9 24.4 24.1 23.9 23.9 24.0 24.2 24.5 24.8 25.0 25.1 25.0 24.5 23.7 -9999.0 -9999.0 -9999.0 -9999.0 -9999.0 -9999.0 -9999.0 -9999.0 -9999.0 -9999.0 -9999.0 -9999.0 -9999.0 nan nan nan nan nan nan nan nan nan nan nan nan nan nan nan nan nan -9999.0
nan nan nan nan nan nan nan nan nan nan nan nan nan nan nan nan nan nan nan nan nan nan nan nan nan nan nan nan nan 19.1 nan nan 26.9 26.9 26.7 26.9 27.5 28.3 29.1 nan nan 28.0 27.4 26.6 25.9 25.1 24.6 24.2 24.0 24.0 24.1 24.3 24.6 24.9 25.2 25.5 25.4 25.0 24.2 -9999.0 -9999.0 -9999.0 -9999.0 -9999.0 -9999.0 -9999.0 -9999.0 -9999.0 -9999.0 -9999.0 -9999.0 -9999.0 -9999.0 -9999.0 nan nan nan nan nan nan nan nan nan nan nan nan nan nan nan -9999.0
nan nan nan nan nan nan nan nan nan nan nan nan nan nan nan nan nan nan nan nan nan nan nan nan nan nan nan nan nan 15.7 15.8 nan 27.1 27.2 25.6 23.9 26.8 28.0 28.4 27.9 nan 28.2 27.8 27.2 26.4 25.5 24.9 24.4 24.2 24.1 24.1 24.3 24.7 25.1 25.5 25.8 25.8 25.4 -9999.0 -9999.0 -9999.0 -9999.0 -9999.0 -9999.0 -9999.0 -9999.0 -9999.0 -9999.0 -9999.0 -9999.0 -9999.0 -9999.0 -9999.0 -9999.0 -9999.0 nan nan nan nan nan nan nan nan nan nan nan nan nan nan -9999.0
nan nan nan nan nan nan nan nan nan nan nan nan nan nan nan nan nan nan nan nan nan nan nan nan nan nan nan nan nan 16.6 26.8 27.0 27.2 27.4 27.5 nan 17.2 27.8 28.0 28.3 nan 28.0 28.8 28.2 27.1 26.0 25.2 24.7 24.3 24.2 24.2 24.4 24.8 25.3 25.8 26.2 26.2 25.9 -9999.0 -9999.0 -9999.0 -9999.0 -9999.0 -9999.0 -9999.0 -9999.0 -9999.0 -9999.0 -9999.0 -9999.0 -9999.0 -9999.0 -9999.0 -9999.0 -9999.0 -9999.0 nan nan nan nan nan nan nan nan nan nan nan nan nan -9999.0
nan nan nan nan nan nan nan nan nan nan nan nan nan nan nan nan nan nan nan nan nan nan nan nan nan nan nan nan nan nan 26.4 26.8 27.1 27.4 26.7 nan nan 27.8 28.2 28.3 nan 25.0 26.9 28.4 27.8 26.6 25.7 25.0 24.5 24.4 24.4 24.6 25.0 25.6 26.1 26.4 26.4 26.0 -9999.0 -9999.0 -9999.0 -9999.0 -9999.0 -9999.0 -9999.0 -9999.0 -9999.0 -9999.0 -9999.0 -9999.0 -9999.0 -9999.0 -9999.0 -9999.0 -9999.0 -9999.0 -9999.0 nan nan nan nan nan nan nan nan nan nan nan nan -9999.0
nan nan nan nan nan nan nan nan nan nan nan nan nan nan nan nan nan nan nan nan nan nan nan nan nan nan nan nan nan nan 24.1 26.7 27.0 27.4 24.6 nan 19.4 23.9 25.6 15.8 24.9 20.3 23.3 27.8 28.2 27.1 26.1 25.4 24.8 24.6 24.6 24.9 25.2 25.8 26.4 26.5 26.3 25.6 -9999.0 -9999.0 -9999.0 -9999.0 -9999.0 -9999.0 -9999.0 -9999.0 -9999.0 -9999.0 -9999.0 -9999.0 -9999.0 -9999.0 -9999.0 -9999.0 -9999.0 -9999.0 -9999.0 -9999.0 nan nan nan nan nan nan nan nan nan nan nan -9999.0
nan nan nan nan nan nan nan nan nan nan nan nan nan nan nan nan nan nan nan nan nan nan nan nan nan nan nan nan nan nan 24.3 26.4 27.0 27.3 27.1 19.3 nan 25.5 22.2 16.9 21.7 nan 29.1 29.4 28.7 27.8 26.8 25.9 25.3 25.0 25.0 25.2 25.5 26.0 26.4 26.5 25.3 20.0 -9999.0 -9999.0 -9999.0 -9999.0 -9999.0 -9999.0 -9999.0 -9999.0 -9999.0 -9999.0 -9999.0 -9999.0 -9999.0 -9999.0 -9999.0 -9999.0 -9999.0 -9999.0 -9999.0 -9999.0 -9999.0 -9999.0 nan nan nan nan nan nan nan nan nan -9999.0
nan nan nan nan nan nan nan nan nan nan nan nan nan nan nan nan nan nan nan nan nan nan nan nan nan nan nan nan nan nan nan 26.7 26.9 27.2 27.6 nan nan 20.8 21.5 19.9 nan nan 29.5 29.8 29.2 28.4 27.4 26.5 25.9 25.6 25.5 25.6 25.8 26.2 26.6 26.8 25.9 22.6 -9999.0 -9999.0 -9999.0 -9999.0 -9999.0 -9999.0 -9999.0 -9999.0 -9999.0 -9999.0 -9999.0 nan nan nan -9999.0 -9999.0 -9999.0 -9999.0 -9999.0 -9999.0 -9999.0 -9999.0 -9999.0 -9999.0 -9999.0 -9999.0 -9999.0 nan nan nan -9999.0 -9999.0
nan nan nan nan nan nan nan nan nan nan nan nan nan nan nan nan nan nan nan nan nan nan nan nan nan nan nan nan nan nan nan 26.3 26.8 27.2 27.9 nan 17.0 18.9 27.0 17.9 nan nan 29.8 30.1 29.8 29.0 28.1 27.2 26.6 26.1 26.0 26.0 26.2 26.5 26.9 27.2 27.1 23.6 -9999.0 -9999.0 -9999.0 -9999.0 -9999.0 -9999.0 -9999.0 -9999.0 -9999.0 -9999.0 -9999.0 nan nan nan nan nan -9999.0 -9999.0 -9999.0 -9999.0 -9999.0 -9999.0 -9999.0 -9999.0 -9999.0 -9999.0 -9999.0 -9999.0 -9999.0 -9999.0 -9999.0 -9999.0
nan nan nan nan nan nan nan nan nan nan nan nan nan nan nan nan nan nan nan nan nan nan nan nan nan nan nan nan nan nan nan 19.1 26.6 27.2 27.6 27.3 25.0 21.8 17.4 14.5 17.8 nan 30.0 30.4 30.2 29.7 28.8 28.0 27.3 26.8 26.5 26.5 26.6 26.9 27.2 27.5 27.8 22.9 -9999.0 -9999.0 -9999.0 -9999.0 -9999.0 -9999.0 -9999.0 -9999.0 -9999.0 -9999.0 -9999.0 -9999.0 -9999.0 -9999.0 -9999.0 -9999.0 -9999.0 -9999.0 -9999.0 -9999.0 -9999.0 -9999.0 -9999.0 -9999.0 -9999.0 -9999.0 -9999.0 -9999.0 -9999.0 -9999.0 -9999.0 -9999.0
nan nan nan nan nan nan nan nan nan nan nan nan nan nan nan nan nan nan nan nan nan nan nan nan nan nan nan nan nan nan nan 19.0 26.5 27.1 27.9 28.3 28.2 nan 18.4 21.8 14.3 nan 30.0 30.7 30.8 30.4 29.6 28.8 28.0 27.4 27.0 26.9 27.0 27.2 27.5 27.6 27.9 23.8 -9999.0 -9999.0 -9999.0 -9999.0 -9999.0 -9999.0 -9999.0 -9999.0 -9999.0 -9999.0 -9999.0 -9999.0 -9999.0 -9999.0 -9999.0 -9999.0 -9999.0 -9999.0 -9999.0 -9999.0 -9999.0 -9999.0 -9999.0 -9999.0 -9999.0 -9999.0 -9999.0 -9999.0 -9999.0 -9999.0 -9999.0 -9999.0
nan nan nan nan nan nan nan nan nan nan nan nan nan nan nan nan nan nan nan nan nan nan nan nan nan nan nan nan nan nan nan 19.0 24.7 27.0 27.7 28.2 28.2 nan nan 20.2 17.8 nan nan 31.0 31.5 31.0 30.3 29.5 28.7 28.1 27.6 27.5 27.5 27.7 27.9 28.0 28.1 23.2 -9999.0 -9999.0 -9999.0 -9999.0 -9999.0 -9999.0 -9999.0 -9999.0 -9999.0 -9999.0 -9999.0 -9999.0 -9999.0 -9999.0 -9999.0 -9999.0 -9999.0 -9999.0 -9999.0 -9999.0 -9999.0 -9999.0 -9999.0 -9999.0 -9999.0 -9999.0 -9999.0 -9999.0 -9999.0 -9999.0 -9999.0 -9999.0
nan nan nan nan nan nan nan nan nan nan nan nan nan nan nan nan nan nan nan nan nan nan nan nan nan nan nan nan nan nan nan nan 18.0 27.1 27.7 28.3 nan nan nan 21.9 17.1 19.2 nan nan 31.3 31.2 30.7 30.0 29.2 28.7 28.3 28.0 28.0 28.0 28.3 28.4 28.4 27.8 -9999.0 -9999.0 -9999.0 -9999.0 -9999.0 -9999.0 -9999.0 -9999.0 -9999.0 -9999.0 -9999.0 -9999.0 -9999.0 -9999.0 -9999.0 -9999.0 -9999.0 -9999.0 -9999.0 -9999.0 -9999.0 -9999.0 -9999.0 -9999.0 nan nan nan -9999.0 -9999.0 -9999.0 -9999.0 -9999.0
nan nan nan nan nan nan nan nan nan nan nan nan nan nan nan nan nan nan nan nan nan nan nan nan nan nan nan nan nan nan nan nan 26.4 27.0 27.5 28.2 nan nan nan nan 19.0 18.9 29.8 nan 30.5 31.4 31.1 30.4 29.8 29.3 28.9 28.6 28.4 28.5 28.7 28.8 28.8 29.0 -9999.0 -9999.0 -9999.0 -9999.0 -9999.0 -9999.0 -9999.0 -9999.0 -9999.0 -9999.0 -9999.0 -9999.0 -9999.0 -9999.0 -9999.0 -9999.0 -9999.0 -9999.0 -9999.0 -9999.0 -9999.0 -9999.0 nan nan nan nan nan nan nan nan -9999.0 -9999.0
nan nan nan nan nan nan nan nan nan nan nan nan nan nan nan nan nan nan nan nan nan nan nan nan nan nan nan nan nan nan nan nan nan 26.9 27.7 28.5 nan nan nan nan 23.4 21.3 26.3 21.5 nan 31.8 31.8 31.0 30.5 30.0 29.6 29.3 29.0 29.0 29.2 29.4 29.4 29.6 -9999.0 -9999.0 -9999.0 -9999.0 -9999.0 -9999.0 -9999.0 -9999.0 -9999.0 -9999.0 -9999.0 nan nan nan nan nan nan nan nan nan nan nan nan nan nan nan nan nan nan nan nan nan
nan nan nan nan nan nan nan nan nan nan nan nan nan nan nan nan nan nan nan nan nan nan nan nan nan nan nan nan nan nan nan nan nan 26.8 27.8 28.8 28.8 nan nan nan 28.6 22.6 23.8 29.9 nan nan 31.6 31.3 30.8 30.5 30.2 29.9 29.6 29.5 29.8 30.0 30.1 30.3 -9999.0 -9999.0 -9999.0 -9999.0 -9999.0 -9999.0 -9999.0 -9999.0 -9999.0 -9999.0 nan nan nan nan nan nan nan nan nan nan nan nan nan nan nan nan nan nan nan nan nan nan
