data/output/RUN203/ECOSPACE/ECOSPACE_in_PAR3/PAR-VarZ-VarK/PAR-VarZ-VarK_2005_08.asc
ncols        93
nrows        151 
xllcorner    -123.80739
yllcorner    48.29471 
cellsize     0.013497347 
NODATA_value  0.0
[rows 80 to 119 of 151, columns 0 to 89 of 93]
nan nan nan nan nan nan nan nan nan nan nan nan nan nan nan nan nan nan nan nan nan nan nan 32.3 30.9 32.8 35.3 35.2 34.8 34.4 33.9 33.4 33.0 32.6 32.3 32.1 31.9 31.7 31.5 31.2 30.9 30.6 30.3 30.0 29.6 29.3 28.9 28.4 27.5 26.4 25.1 23.8 22.6 21.7 nan nan nan nan nan nan nan nan nan nan nan nan 18.0 18.2 18.4 18.4 nan 18.1 18.0 18.0 18.1 18.1 18.1 17.9 17.7 18.0 18.5 18.7 18.4 nan nan nan nan nan nan nan
nan nan nan nan nan nan nan nan nan nan nan nan nan nan nan nan nan nan nan nan nan nan nan nan nan nan 35.3 35.2 35.0 34.7 34.2 33.7 33.2 32.8 32.5 32.2 32.0 31.8 31.7 31.5 31.2 30.9 30.6 30.2 29.9 29.5 29.1 28.7 28.1 27.3 26.0 24.7 23.3 22.1 21.0 nan nan nan nan nan nan nan nan nan nan nan 18.4 18.5 nan nan nan nan nan 18.2 18.3 18.4 nan 17.9 18.0 18.5 18.9 19.0 nan nan nan nan nan nan nan nan
nan nan nan nan nan nan nan nan nan nan nan nan nan nan nan nan nan nan nan nan nan nan nan nan nan nan nan 35.2 35.0 34.8 34.5 34.0 33.5 33.1 32.8 32.5 32.3 32.1 31.9 31.7 31.5 31.2 30.9 30.5 30.1 29.7 29.3 28.9 28.4 27.7 26.7 25.5 24.0 22.6 21.5 20.6 nan nan nan nan nan nan nan nan nan 18.3 18.7 nan nan nan nan nan nan 18.2 18.3 18.4 nan 18.2 18.5 18.9 19.2 nan nan nan nan nan nan nan nan nan
nan nan nan nan nan nan nan nan nan nan nan nan nan nan nan nan nan nan nan nan nan nan nan nan nan nan nan nan 33.1 34.7 34.7 34.3 33.9 33.5 33.1 32.8 32.5 32.3 32.1 32.0 31.8 31.5 31.2 30.8 30.4 29.9 29.5 29.1 28.6 28.0 27.1 26.0 24.7 23.3 22.0 21.1 20.5 nan nan nan nan nan nan nan nan 18.4 18.7 nan nan nan nan nan nan 18.2 18.4 18.6 19.0 19.3 19.2 19.1 nan nan nan nan nan nan nan nan nan nan
nan nan nan nan nan nan nan nan nan nan nan nan nan nan nan nan nan nan nan nan nan nan nan nan nan nan nan nan nan 16.4 35.0 34.7 34.2 33.8 33.4 33.1 32.8 32.6 32.4 32.2 31.9 31.7 31.4 31.0 30.6 30.1 29.6 29.1 28.7 28.1 27.4 26.4 25.3 24.0 22.8 21.7 20.9 20.3 nan nan nan nan nan nan 18.4 18.5 18.7 nan 18.8 18.7 18.8 nan nan 18.3 18.6 19.0 19.4 19.9 nan nan nan nan nan nan nan nan nan nan nan nan
nan nan nan nan nan nan nan nan nan nan nan nan nan nan nan nan nan nan nan nan nan nan nan nan nan nan nan nan nan nan 17.0 34.8 34.5 34.1 33.7 33.4 33.1 32.8 32.5 32.3 32.0 31.8 31.5 31.0 30.6 30.1 29.6 29.1 28.7 28.2 27.6 26.8 25.8 24.7 23.5 22.4 21.5 20.7 nan nan nan nan nan 18.5 18.6 18.7 18.8 18.9 18.9 18.8 18.8 12.2 nan 18.5 18.9 19.2 19.6 19.7 nan nan nan nan nan nan nan nan nan nan nan nan
nan nan nan nan nan nan nan nan nan nan nan nan nan nan nan nan nan nan nan nan nan nan nan nan nan nan nan nan nan nan nan 32.4 34.5 34.4 34.0 33.6 33.2 32.9 32.6 32.3 32.0 31.7 31.3 30.9 30.5 30.0 29.6 29.1 28.7 28.3 27.8 27.1 26.4 25.4 24.3 23.1 22.1 21.2 20.3 nan nan 18.9 19.0 19.0 18.9 19.0 19.1 19.1 19.0 18.9 18.9 nan nan 18.8 19.1 19.5 19.7 19.7 nan nan nan nan nan nan nan nan nan nan nan nan
nan nan nan nan nan nan nan nan nan nan nan nan nan nan nan nan nan nan nan nan nan nan nan nan nan nan nan nan nan nan nan nan 35.0 34.6 34.2 33.7 33.3 32.9 32.6 32.3 31.9 31.5 31.1 30.7 30.3 29.9 29.5 29.1 28.7 28.3 27.9 27.4 26.8 26.0 25.0 24.0 22.9 21.9 21.0 20.2 19.8 19.6 19.5 nan 19.2 19.4 19.5 19.5 19.5 19.3 19.2 19.0 19.1 19.3 19.4 19.6 19.7 nan nan nan nan nan nan nan nan nan nan nan nan nan
nan nan nan nan nan nan nan nan nan nan nan nan nan nan nan nan nan nan nan nan nan nan nan nan nan nan nan nan nan nan 34.5 34.7 34.9 34.5 34.1 33.7 33.3 33.0 32.7 32.2 31.8 31.3 30.9 30.4 30.0 29.7 29.3 29.0 28.6 28.2 27.9 27.5 27.1 26.5 25.7 24.8 23.8 22.8 21.9 21.2 20.6 20.2 20.0 19.9 19.9 19.9 20.1 20.1 20.0 19.9 19.6 19.3 19.3 19.5 19.6 19.7 19.6 nan nan nan nan nan nan nan nan nan nan nan nan nan
nan nan nan nan nan nan nan nan nan nan nan nan nan nan nan nan nan nan nan nan nan nan nan nan nan nan nan nan nan nan nan nan 34.3 34.2 33.8 33.5 33.2 33.0 32.6 32.2 31.6 31.1 30.6 30.1 29.7 29.4 29.1 28.8 28.4 28.2 27.9 27.6 27.3 26.9 26.3 25.5 24.6 23.7 22.9 22.2 21.5 21.0 20.6 20.5 20.3 20.2 20.3 nan nan nan 19.6 19.5 19.5 19.5 19.6 19.6 nan nan nan nan nan nan nan nan nan nan nan nan nan nan
nan nan nan nan nan nan nan nan nan nan nan nan nan nan nan nan nan nan nan nan nan nan nan nan nan nan nan nan nan nan 18.5 16.8 33.9 33.8 33.5 33.3 33.2 33.0 32.6 32.1 31.5 31.0 30.4 29.9 29.4 29.1 28.9 28.6 28.3 28.1 27.9 27.7 27.5 27.2 26.7 26.1 25.4 24.5 23.7 22.9 22.2 21.5 21.2 20.9 nan nan nan nan nan nan nan 19.6 19.6 19.5 19.5 19.5 nan nan nan nan nan nan nan nan nan nan nan nan nan nan
nan nan nan nan nan nan nan nan nan nan nan nan nan nan nan nan nan nan nan nan nan nan nan nan nan nan nan nan nan nan 17.9 33.3 33.8 34.0 33.6 18.7 33.2 33.0 32.5 32.0 31.5 30.9 30.2 29.7 29.3 28.9 28.7 28.5 28.3 28.1 28.0 27.9 27.7 27.5 27.1 26.6 25.9 25.1 24.3 23.4 22.6 21.9 21.4 nan nan nan nan nan nan 19.5 19.5 19.6 19.5 19.4 19.4 nan nan nan nan nan nan nan nan nan nan nan nan nan nan nan
nan nan nan nan nan nan nan nan nan nan nan nan nan nan nan nan nan nan nan nan nan nan nan nan nan nan nan nan nan nan 18.6 32.0 34.0 34.4 nan nan nan 32.7 32.4 31.9 31.4 30.8 30.2 29.6 29.2 28.8 28.6 28.4 28.2 28.2 28.1 28.0 27.9 27.7 27.4 26.9 26.3 25.5 24.7 23.8 22.9 22.1 21.5 nan nan nan nan nan 19.6 19.6 19.5 19.5 19.4 19.3 nan nan nan nan nan nan nan nan nan nan nan nan nan nan nan nan
nan nan nan nan nan nan nan nan nan nan nan nan nan nan nan nan nan nan nan nan nan nan nan nan nan nan nan nan nan nan 18.5 16.9 34.5 34.7 nan nan nan 30.6 32.2 31.8 31.4 30.8 30.2 29.6 29.2 28.8 28.6 28.4 28.3 28.3 28.3 28.2 28.1 27.9 27.6 27.1 26.6 25.9 25.0 24.1 23.2 22.4 21.6 20.6 20.2 nan 19.8 19.8 19.8 19.6 19.5 19.4 nan nan nan nan nan nan nan nan nan nan nan nan nan nan nan nan nan nan
nan nan nan nan nan nan nan nan nan nan nan nan nan nan nan nan nan nan nan nan nan nan nan nan nan nan nan nan nan nan nan nan 34.7 30.1 nan nan nan nan 31.9 31.8 31.6 31.0 30.3 29.7 29.2 28.9 28.6 28.5 28.4 28.4 28.3 28.3 28.2 28.0 27.8 27.4 26.9 26.2 25.4 24.5 23.5 22.6 21.8 21.1 20.7 20.4 20.1 19.9 19.7 19.6 19.4 nan nan nan nan nan nan nan nan nan nan nan nan nan nan nan nan nan nan nan
nan nan nan nan nan nan nan nan nan nan nan nan nan nan nan nan nan nan nan nan nan nan nan nan nan nan nan nan nan nan nan nan nan 28.1 14.5 nan nan nan 16.9 32.2 31.9 31.3 30.5 29.7 29.2 28.9 28.7 28.5 28.4 28.4 28.4 28.3 28.2 28.1 27.9 27.6 27.1 26.5 25.8 24.9 23.9 23.0 22.2 21.5 20.9 20.5 20.2 19.9 19.7 19.5 19.3 nan nan nan nan nan nan nan nan nan nan nan nan nan nan nan nan nan nan nan
nan nan nan nan nan nan nan nan nan nan nan nan nan nan nan nan nan nan nan nan nan nan nan nan nan nan nan nan nan nan nan nan nan nan 16.7 27.4 nan nan nan nan 32.1 31.6 30.6 29.7 29.2 28.8 28.6 28.4 28.3 28.3 28.3 28.3 28.2 28.1 28.0 27.7 27.4 26.9 26.2 25.4 24.4 23.5 22.6 21.9 21.2 20.7 20.3 20.0 19.7 19.5 19.3 19.1 nan nan nan nan nan nan nan nan nan nan nan nan nan nan nan nan nan nan
nan nan nan nan nan nan nan nan nan nan nan nan nan nan nan nan nan nan nan nan nan nan nan nan nan nan nan nan nan nan nan nan nan nan nan 21.2 18.5 nan nan nan nan 30.9 30.5 29.7 29.1 28.7 28.5 28.3 28.2 28.2 28.2 28.2 28.1 28.1 28.0 27.8 27.5 27.1 26.5 25.8 24.9 24.0 23.0 22.2 21.5 20.9 20.4 20.0 19.8 19.5 19.3 19.2 19.0 12.1 nan nan nan nan nan nan nan nan nan nan nan nan nan nan nan nan
nan nan nan nan nan nan nan nan nan nan nan nan nan nan nan nan nan nan nan nan nan nan nan nan nan nan nan nan nan nan nan nan nan nan 18.2 23.4 29.9 29.8 nan 18.5 nan 28.2 30.4 29.5 29.0 28.6 28.4 28.2 28.1 28.1 28.1 28.1 28.1 28.0 28.0 27.9 27.7 27.4 26.8 26.1 25.3 24.3 23.4 22.4 21.6 21.0 20.5 20.2 19.9 19.5 19.3 19.2 19.1 18.9 nan nan nan nan nan nan nan nan nan nan nan nan nan nan nan nan
nan nan nan nan nan nan nan nan nan nan nan nan nan nan nan nan nan nan nan nan nan nan nan nan nan nan nan nan nan nan nan nan nan nan 30.2 30.2 30.3 29.1 19.8 26.5 28.6 25.9 30.1 29.4 28.8 28.4 28.2 28.1 28.0 28.0 28.1 28.1 28.1 28.1 28.0 27.9 27.8 27.5 27.0 26.4 25.5 24.5 23.5 22.6 21.7 21.0 20.2 20.1 20.0 19.9 19.4 19.3 19.2 19.1 19.1 nan nan nan nan nan nan nan nan nan nan nan nan nan nan nan
nan nan nan nan nan nan nan nan nan nan nan nan nan nan nan nan nan nan nan nan nan nan nan nan nan nan nan nan nan nan nan nan nan nan 30.2 30.3 30.3 30.3 28.3 nan 29.9 29.4 29.9 29.2 28.7 28.3 28.0 27.9 27.9 27.9 28.0 28.0 28.1 28.1 28.1 28.0 27.8 27.5 27.1 26.4 25.6 24.6 -9999.0 -9999.0 -9999.0 -9999.0 -9999.0 -9999.0 -9999.0 13.1 19.4 19.4 19.3 19.1 19.0 nan nan nan nan nan nan nan nan nan nan nan nan nan nan -9999.0
nan nan nan nan nan nan nan nan nan nan nan nan nan nan nan nan nan nan nan nan nan nan nan nan nan nan nan nan nan nan nan nan nan nan 30.0 30.0 30.0 29.8 29.8 nan nan 30.5 29.8 29.2 28.6 28.2 27.9 27.8 27.7 27.8 27.9 28.0 28.1 28.1 28.2 28.1 27.9 27.6 27.0 26.3 25.5 -9999.0 -9999.0 -9999.0 -9999.0 -9999.0 -9999.0 -9999.0 -9999.0 nan 15.4 19.2 19.3 18.3 nan nan nan nan nan nan nan nan nan nan nan nan nan nan nan -9999.0
nan nan nan nan nan nan nan nan nan nan nan nan nan nan nan nan nan nan nan nan nan nan nan nan nan nan nan nan nan nan nan nan nan nan 29.7 29.5 29.5 29.6 29.8 nan 25.6 28.4 29.8 29.0 28.5 28.1 27.8 27.6 27.6 27.6 27.7 27.9 28.0 28.1 28.2 28.2 28.0 27.6 27.0 26.2 25.3 -9999.0 -9999.0 -9999.0 -9999.0 -9999.0 -9999.0 -9999.0 -9999.0 -9999.0 -9999.0 nan 12.7 12.7 nan nan nan nan nan nan nan nan nan nan nan nan nan nan nan -9999.0
nan nan nan nan nan nan nan nan nan nan nan nan nan nan nan nan nan nan nan nan nan nan nan nan nan nan nan nan nan nan nan nan nan nan 29.3 29.2 29.5 29.9 27.1 18.4 28.4 25.5 29.5 28.9 28.3 28.0 27.7 27.5 27.5 27.5 27.6 27.7 27.9 28.1 28.2 28.3 28.1 27.6 27.0 26.2 -9999.0 -9999.0 -9999.0 -9999.0 -9999.0 -9999.0 -9999.0 -9999.0 -9999.0 -9999.0 -9999.0 nan nan nan nan nan nan nan nan nan nan nan nan nan nan nan nan nan nan -9999.0
nan nan nan nan nan nan nan nan nan nan nan nan nan nan nan nan nan nan nan nan nan nan nan nan nan nan nan nan nan nan nan nan 28.0 28.6 29.1 29.5 29.9 30.5 30.8 29.6 nan 30.5 29.5 28.8 28.3 27.9 27.7 27.5 27.4 27.4 27.5 27.7 27.9 28.1 28.3 28.4 28.1 27.7 27.1 -9999.0 -9999.0 -9999.0 -9999.0 -9999.0 -9999.0 -9999.0 -9999.0 -9999.0 -9999.0 -9999.0 -9999.0 -9999.0 nan nan nan nan nan nan nan nan nan nan nan nan nan nan nan nan nan -9999.0
nan nan nan nan nan nan nan nan nan nan nan nan nan nan nan nan nan nan nan nan nan nan nan nan nan nan nan nan nan 18.5 nan nan 29.4 29.4 29.4 29.7 30.3 31.0 31.6 nan nan 29.7 29.3 28.9 28.4 28.0 27.7 27.5 27.4 27.4 27.5 27.7 27.9 28.2 28.4 28.5 28.3 27.9 27.3 -9999.0 -9999.0 -9999.0 -9999.0 -9999.0 -9999.0 -9999.0 -9999.0 -9999.0 -9999.0 -9999.0 -9999.0 -9999.0 -9999.0 -9999.0 nan nan nan nan nan nan nan nan nan nan nan nan nan nan nan -9999.0
nan nan nan nan nan nan nan nan nan nan nan nan nan nan nan nan nan nan nan nan nan nan nan nan nan nan nan nan nan 15.7 15.8 nan 29.6 29.8 27.9 26.5 29.6 30.8 31.1 30.3 nan 29.6 29.4 29.1 28.6 28.1 27.8 27.6 27.5 27.5 27.5 27.8 28.0 28.3 28.5 28.6 28.6 28.3 -9999.0 -9999.0 -9999.0 -9999.0 -9999.0 -9999.0 -9999.0 -9999.0 -9999.0 -9999.0 -9999.0 -9999.0 -9999.0 -9999.0 -9999.0 -9999.0 -9999.0 nan nan nan nan nan nan nan nan nan nan nan nan nan nan -9999.0
nan nan nan nan nan nan nan nan nan nan nan nan nan nan nan nan nan nan nan nan nan nan nan nan nan nan nan nan nan 16.6 29.6 29.7 29.9 30.2 30.6 nan 16.7 30.5 30.6 30.7 nan 29.0 29.8 29.4 28.8 28.3 27.9 27.7 27.6 27.5 27.6 27.9 28.1 28.5 28.8 29.1 29.1 28.8 -9999.0 -9999.0 -9999.0 -9999.0 -9999.0 -9999.0 -9999.0 -9999.0 -9999.0 -9999.0 -9999.0 -9999.0 -9999.0 -9999.0 -9999.0 -9999.0 -9999.0 -9999.0 nan nan nan nan nan nan nan nan nan nan nan nan nan -9999.0
nan nan nan nan nan nan nan nan nan nan nan nan nan nan nan nan nan nan nan nan nan nan nan nan nan nan nan nan nan nan 29.1 29.5 29.9 30.5 29.7 nan nan 30.1 30.2 31.0 nan 26.8 27.9 29.3 28.9 28.4 28.0 27.8 27.6 27.6 27.8 28.0 28.3 28.7 29.2 29.5 29.6 29.3 -9999.0 -9999.0 -9999.0 -9999.0 -9999.0 -9999.0 -9999.0 -9999.0 -9999.0 -9999.0 -9999.0 -9999.0 -9999.0 -9999.0 -9999.0 -9999.0 -9999.0 -9999.0 -9999.0 nan nan nan nan nan nan nan nan nan nan nan nan -9999.0
nan nan nan nan nan nan nan nan nan nan nan nan nan nan nan nan nan nan nan nan nan nan nan nan nan nan nan nan nan nan 26.6 29.5 30.0 30.5 27.5 nan 18.6 25.0 27.3 16.5 26.0 21.5 24.2 28.9 28.9 28.4 28.0 27.7 27.6 27.7 27.9 28.1 28.5 29.0 29.5 29.8 29.9 29.1 -9999.0 -9999.0 -9999.0 -9999.0 -9999.0 -9999.0 -9999.0 -9999.0 -9999.0 -9999.0 -9999.0 -9999.0 -9999.0 -9999.0 -9999.0 -9999.0 -9999.0 -9999.0 -9999.0 -9999.0 nan nan nan nan nan nan nan nan nan nan nan -9999.0
nan nan nan nan nan nan nan nan nan nan nan nan nan nan nan nan nan nan nan nan nan nan nan nan nan nan nan nan nan nan 26.9 29.3 30.0 30.4 29.9 18.7 nan 27.2 22.9 16.6 22.8 nan 29.8 29.6 29.1 28.5 28.0 27.7 27.6 27.7 28.0 28.3 28.7 29.1 29.7 30.1 29.7 23.6 -9999.0 -9999.0 -9999.0 -9999.0 -9999.0 -9999.0 -9999.0 -9999.0 -9999.0 -9999.0 -9999.0 -9999.0 -9999.0 -9999.0 -9999.0 -9999.0 -9999.0 -9999.0 -9999.0 -9999.0 -9999.0 -9999.0 nan nan nan nan nan nan nan nan nan -9999.0
nan nan nan nan nan nan nan nan nan nan nan nan nan nan nan nan nan nan nan nan nan nan nan nan nan nan nan nan nan nan nan 29.7 29.9 30.3 30.8 nan nan 22.0 22.2 19.8 nan nan 29.9 29.8 29.3 28.8 28.3 27.9 27.8 27.9 28.1 28.5 28.9 29.3 29.9 30.4 30.1 25.3 -9999.0 -9999.0 -9999.0 -9999.0 -9999.0 -9999.0 -9999.0 -9999.0 -9999.0 -9999.0 -9999.0 nan nan nan -9999.0 -9999.0 -9999.0 -9999.0 -9999.0 -9999.0 -9999.0 -9999.0 -9999.0 -9999.0 -9999.0 -9999.0 -9999.0 nan nan nan -9999.0 -9999.0
nan nan nan nan nan nan nan nan nan nan nan nan nan nan nan nan nan nan nan nan nan nan nan nan nan nan nan nan nan nan nan 29.0 29.7 30.2 30.9 nan 17.0 19.5 28.0 17.8 nan nan 29.9 29.8 29.5 29.1 28.6 28.2 28.0 28.1 28.3 28.6 29.0 29.5 30.1 30.9 31.2 27.2 -9999.0 -9999.0 -9999.0 -9999.0 -9999.0 -9999.0 -9999.0 -9999.0 -9999.0 -9999.0 -9999.0 nan nan nan nan nan -9999.0 -9999.0 -9999.0 -9999.0 -9999.0 -9999.0 -9999.0 -9999.0 -9999.0 -9999.0 -9999.0 -9999.0 -9999.0 -9999.0 -9999.0 -9999.0
nan nan nan nan nan nan nan nan nan nan nan nan nan nan nan nan nan nan nan nan nan nan nan nan nan nan nan nan nan nan nan 18.5 29.7 30.2 30.1 30.6 28.7 22.3 18.0 14.6 18.6 nan 29.9 29.9 29.7 29.3 28.9 28.5 28.3 28.3 28.5 28.8 29.2 29.7 30.4 31.1 31.9 28.0 -9999.0 -9999.0 -9999.0 -9999.0 -9999.0 -9999.0 -9999.0 -9999.0 -9999.0 -9999.0 -9999.0 -9999.0 -9999.0 -9999.0 -9999.0 -9999.0 -9999.0 -9999.0 -9999.0 -9999.0 -9999.0 -9999.0 -9999.0 -9999.0 -9999.0 -9999.0 -9999.0 -9999.0 -9999.0 -9999.0 -9999.0 -9999.0
nan nan nan nan nan nan nan nan nan nan nan nan nan nan nan nan nan nan nan nan nan nan nan nan nan nan nan nan nan nan nan 18.5 29.5 30.2 31.0 31.3 31.6 nan 19.6 22.8 14.6 nan 29.8 30.0 29.9 29.6 29.2 28.9 28.6 28.6 28.7 29.0 29.4 30.0 30.6 31.3 31.9 28.7 -9999.0 -9999.0 -9999.0 -9999.0 -9999.0 -9999.0 -9999.0 -9999.0 -9999.0 -9999.0 -9999.0 -9999.0 -9999.0 -9999.0 -9999.0 -9999.0 -9999.0 -9999.0 -9999.0 -9999.0 -9999.0 -9999.0 -9999.0 -9999.0 -9999.0 -9999.0 -9999.0 -9999.0 -9999.0 -9999.0 -9999.0 -9999.0
nan nan nan nan nan nan nan nan nan nan nan nan nan nan nan nan nan nan nan nan nan nan nan nan nan nan nan nan nan nan nan 18.5 27.5 30.0 31.0 31.5 31.7 nan nan 20.8 17.6 nan nan 30.2 30.2 29.9 29.6 29.2 29.0 28.9 29.0 29.2 29.6 30.1 30.7 31.4 32.2 27.9 -9999.0 -9999.0 -9999.0 -9999.0 -9999.0 -9999.0 -9999.0 -9999.0 -9999.0 -9999.0 -9999.0 -9999.0 -9999.0 -9999.0 -9999.0 -9999.0 -9999.0 -9999.0 -9999.0 -9999.0 -9999.0 -9999.0 -9999.0 -9999.0 -9999.0 -9999.0 -9999.0 -9999.0 -9999.0 -9999.0 -9999.0 -9999.0
nan nan nan nan nan nan nan nan nan nan nan nan nan nan nan nan nan nan nan nan nan nan nan nan nan nan nan nan nan nan nan nan 17.7 30.5 31.0 31.6 nan nan nan 22.4 16.8 20.3 nan nan 30.0 30.0 29.7 29.4 29.2 29.1 29.1 29.4 29.8 30.3 30.9 31.6 32.0 32.0 -9999.0 -9999.0 -9999.0 -9999.0 -9999.0 -9999.0 -9999.0 -9999.0 -9999.0 -9999.0 -9999.0 -9999.0 -9999.0 -9999.0 -9999.0 -9999.0 -9999.0 -9999.0 -9999.0 -9999.0 -9999.0 -9999.0 -9999.0 -9999.0 nan nan nan -9999.0 -9999.0 -9999.0 -9999.0 -9999.0
nan nan nan nan nan nan nan nan nan nan nan nan nan nan nan nan nan nan nan nan nan nan nan nan nan nan nan nan nan nan nan nan 29.9 30.5 31.0 31.6 nan nan nan nan 19.1 19.3 30.0 nan 29.5 30.1 29.9 29.6 29.4 29.3 29.3 29.6 30.0 30.4 31.0 31.7 32.3 32.8 -9999.0 -9999.0 -9999.0 -9999.0 -9999.0 -9999.0 -9999.0 -9999.0 -9999.0 -9999.0 -9999.0 -9999.0 -9999.0 -9999.0 -9999.0 -9999.0 -9999.0 -9999.0 -9999.0 -9999.0 -9999.0 -9999.0 nan nan nan nan nan nan nan nan -9999.0 -9999.0
nan nan nan nan nan nan nan nan nan nan nan nan nan nan nan nan nan nan nan nan nan nan nan nan nan nan nan nan nan nan nan nan nan 30.6 31.2 31.8 nan nan nan nan 23.6 21.8 27.2 21.3 nan 30.5 30.4 29.9 29.6 29.5 29.6 29.9 30.2 30.6 31.2 31.8 32.4 33.0 -9999.0 -9999.0 -9999.0 -9999.0 -9999.0 -9999.0 -9999.0 -9999.0 -9999.0 -9999.0 -9999.0 nan nan nan nan nan nan nan nan nan nan nan nan nan nan nan nan nan nan nan nan nan
nan nan nan nan nan nan nan nan nan nan nan nan nan nan nan nan nan nan nan nan nan nan nan nan nan nan nan nan nan nan nan nan nan 30.6 31.3 32.2 32.2 nan nan nan 30.0 22.8 24.8 31.0 nan nan 30.2 30.0 29.7 29.6 29.8 30.0 30.4 30.8 31.3 31.9 32.6 33.4 -9999.0 -9999.0 -9999.0 -9999.0 -9999.0 -9999.0 -9999.0 -9999.0 -9999.0 -9999.0 nan nan nan nan nan nan nan nan nan nan nan nan nan nan nan nan nan nan nan nan nan nan
