data/output/RUN203/ECOSPACE/ECOSPACE_in_PAR3/PAR-VarZ-VarK/PAR-VarZ-VarK_2007_04.asc
ncols        93
nrows        151 
xllcorner    -123.80739
yllcorner    48.29471 
cellsize     0.013497347 
NODATA_value  0.0
[rows 80 to 119 of 151, columns 0 to 89 of 93]
nan nan nan nan nan nan nan nan nan nan nan nan nan nan nan nan nan nan nan nan nan nan nan 36.0 35.3 36.1 37.9 38.5 37.3 35.7 34.0 32.4 31.0 29.4 27.7 26.2 24.9 23.6 22.7 22.1 21.6 21.2 20.8 20.5 20.1 19.7 19.4 19.1 18.8 18.5 18.1 17.7 17.1 16.7 nan nan nan nan nan nan nan nan nan nan nan nan 15.0 15.3 15.5 15.6 nan 15.4 15.4 15.5 15.6 15.8 15.9 15.7 15.6 15.8 16.1 16.3 16.4 nan nan nan nan nan nan nan
nan nan nan nan nan nan nan nan nan nan nan nan nan nan nan nan nan nan nan nan nan nan nan nan nan nan 39.4 39.1 38.2 36.8 35.3 33.6 31.9 30.0 28.1 26.4 25.0 23.8 22.9 22.1 21.6 21.2 20.8 20.5 20.2 19.8 19.5 19.2 18.9 18.6 18.3 17.9 17.4 16.9 16.3 nan nan nan nan nan nan nan nan nan nan nan 15.2 15.4 nan nan nan nan nan 15.6 15.9 16.1 nan 15.9 16.0 16.3 16.7 16.9 nan nan nan nan nan nan nan nan
nan nan nan nan nan nan nan nan nan nan nan nan nan nan nan nan nan nan nan nan nan nan nan nan nan nan nan 39.5 38.7 38.1 36.6 34.8 32.9 30.8 28.7 26.8 25.2 24.0 23.0 22.2 21.7 21.2 20.9 20.6 20.2 19.9 19.5 19.3 19.0 18.7 18.5 18.1 17.7 17.1 16.6 16.2 nan nan nan nan nan nan nan nan nan 15.2 15.6 nan nan nan nan nan nan 15.6 15.9 16.1 nan 16.2 16.6 16.8 17.1 nan nan nan nan nan nan nan nan nan
nan nan nan nan nan nan nan nan nan nan nan nan nan nan nan nan nan nan nan nan nan nan nan nan nan nan nan nan 37.6 38.4 38.0 36.2 34.0 31.6 29.3 27.2 25.5 24.2 23.2 22.4 21.7 21.3 20.9 20.6 20.3 19.9 19.6 19.3 19.1 18.8 18.6 18.2 17.8 17.4 16.9 16.4 16.2 nan nan nan nan nan nan nan nan 15.2 15.6 nan nan nan nan nan nan 15.7 16.0 16.3 16.7 17.1 17.1 17.1 nan nan nan nan nan nan nan nan nan nan
nan nan nan nan nan nan nan nan nan nan nan nan nan nan nan nan nan nan nan nan nan nan nan nan nan nan nan nan nan 13.0 39.0 37.4 35.1 32.6 30.1 27.9 26.1 24.7 23.5 22.7 21.9 21.4 21.0 20.7 20.3 20.0 19.6 19.4 19.1 19.0 18.7 18.4 18.0 17.6 17.2 16.7 16.4 16.1 nan nan nan nan nan nan 15.2 15.4 15.7 nan 16.2 16.2 16.4 nan nan 15.8 16.2 16.6 17.0 17.5 nan nan nan nan nan nan nan nan nan nan nan nan
nan nan nan nan nan nan nan nan nan nan nan nan nan nan nan nan nan nan nan nan nan nan nan nan nan nan nan nan nan nan 14.0 38.1 36.1 33.4 30.9 28.7 26.8 25.2 24.0 23.0 22.2 21.6 21.1 20.8 20.3 20.0 19.7 19.4 19.2 19.0 18.8 18.5 18.2 17.9 17.5 17.0 16.7 16.5 nan nan nan nan nan 15.4 15.5 15.8 15.9 16.2 16.2 16.3 16.3 9.6 nan 15.9 16.4 16.8 17.2 17.4 nan nan nan nan nan nan nan nan nan nan nan nan
nan nan nan nan nan nan nan nan nan nan nan nan nan nan nan nan nan nan nan nan nan nan nan nan nan nan nan nan nan nan nan 35.9 36.0 34.2 31.8 29.5 27.6 25.9 24.5 23.4 22.5 21.8 21.3 20.8 20.4 20.0 19.7 19.5 19.3 19.0 18.9 18.7 18.5 18.2 17.8 17.5 17.1 16.8 16.6 nan nan 15.7 16.0 16.0 16.0 16.2 16.3 16.4 16.4 16.4 16.4 nan nan 16.1 16.6 17.0 17.3 17.4 nan nan nan nan nan nan nan nan nan nan nan nan
nan nan nan nan nan nan nan nan nan nan nan nan nan nan nan nan nan nan nan nan nan nan nan nan nan nan nan nan nan nan nan nan 36.7 34.7 32.6 30.4 28.5 26.7 25.1 23.8 22.9 22.1 21.5 20.9 20.4 20.0 19.8 19.5 19.3 19.2 19.0 18.9 18.8 18.5 18.2 17.9 17.5 17.3 17.0 16.6 16.4 16.4 16.5 nan 16.3 16.6 16.9 17.0 17.0 16.9 16.8 16.5 16.5 16.7 16.9 17.1 17.2 nan nan nan nan nan nan nan nan nan nan nan nan nan
nan nan nan nan nan nan nan nan nan nan nan nan nan nan nan nan nan nan nan nan nan nan nan nan nan nan nan nan nan nan 36.1 36.5 36.3 34.9 33.3 31.4 29.5 27.6 25.8 24.4 23.4 22.5 21.7 21.1 20.6 20.1 19.8 19.6 19.4 19.3 19.2 19.2 19.1 18.8 18.5 18.3 18.0 17.8 17.5 17.3 17.1 16.9 16.9 17.0 17.1 17.3 17.6 17.7 17.7 17.7 17.3 17.0 17.0 17.0 17.1 17.2 17.2 nan nan nan nan nan nan nan nan nan nan nan nan nan
nan nan nan nan nan nan nan nan nan nan nan nan nan nan nan nan nan nan nan nan nan nan nan nan nan nan nan nan nan nan nan nan 36.1 35.2 34.0 32.5 30.6 28.5 26.5 25.1 23.9 22.9 22.1 21.3 20.7 20.3 20.0 19.7 19.6 19.5 19.4 19.4 19.3 19.1 18.9 18.7 18.5 18.3 18.1 17.9 17.6 17.4 17.3 17.4 17.5 17.6 17.8 nan nan nan 17.5 17.3 17.2 17.2 17.2 17.1 nan nan nan nan nan nan nan nan nan nan nan nan nan nan
nan nan nan nan nan nan nan nan nan nan nan nan nan nan nan nan nan nan nan nan nan nan nan nan nan nan nan nan nan nan 13.4 12.3 35.8 35.5 34.8 33.9 32.2 29.8 27.4 25.9 24.6 23.5 22.5 21.7 21.0 20.5 20.1 19.9 19.8 19.6 19.6 19.6 19.5 19.4 19.2 19.1 19.0 18.8 18.6 18.4 18.1 17.8 17.6 17.6 nan nan nan nan nan nan nan 17.4 17.3 17.2 17.1 17.0 nan nan nan nan nan nan nan nan nan nan nan nan nan nan
nan nan nan nan nan nan nan nan nan nan nan nan nan nan nan nan nan nan nan nan nan nan nan nan nan nan nan nan nan nan 14.1 35.0 35.8 35.7 35.3 15.8 33.7 31.0 28.4 26.8 25.4 24.1 23.1 22.2 21.4 20.8 20.5 20.2 20.0 19.9 19.8 19.8 19.7 19.6 19.6 19.5 19.4 19.3 19.1 18.7 18.4 18.0 17.7 nan nan nan nan nan nan 16.9 17.1 17.2 17.1 17.0 17.0 nan nan nan nan nan nan nan nan nan nan nan nan nan nan nan
nan nan nan nan nan nan nan nan nan nan nan nan nan nan nan nan nan nan nan nan nan nan nan nan nan nan nan nan nan nan 13.4 33.6 35.7 35.7 nan nan nan 30.5 29.4 27.8 26.3 25.0 23.8 22.8 21.9 21.3 20.9 20.6 20.4 20.3 20.2 20.1 20.0 20.0 19.9 19.9 19.8 19.7 19.5 19.1 18.7 18.3 18.0 nan nan nan nan nan 16.9 16.9 16.9 16.9 16.8 16.8 nan nan nan nan nan nan nan nan nan nan nan nan nan nan nan nan
nan nan nan nan nan nan nan nan nan nan nan nan nan nan nan nan nan nan nan nan nan nan nan nan nan nan nan nan nan nan 13.3 13.2 35.4 35.8 nan nan nan 28.3 30.0 29.0 27.5 26.0 24.6 23.5 22.6 21.9 21.4 21.1 20.9 20.8 20.7 20.6 20.5 20.5 20.4 20.3 20.2 20.1 20.0 19.6 19.2 18.7 18.2 17.5 17.2 nan 16.8 16.8 16.8 16.7 16.7 16.6 nan nan nan nan nan nan nan nan nan nan nan nan nan nan nan nan nan nan
nan nan nan nan nan nan nan nan nan nan nan nan nan nan nan nan nan nan nan nan nan nan nan nan nan nan nan nan nan nan nan nan 35.8 28.9 nan nan nan nan 29.5 29.9 28.8 27.1 25.5 24.3 23.3 22.6 22.1 21.7 21.5 21.3 21.3 21.2 21.2 21.1 21.0 20.9 20.8 20.7 20.5 20.2 19.8 19.2 18.7 18.1 17.6 17.3 17.0 16.8 16.7 16.5 16.4 nan nan nan nan nan nan nan nan nan nan nan nan nan nan nan nan nan nan nan
nan nan nan nan nan nan nan nan nan nan nan nan nan nan nan nan nan nan nan nan nan nan nan nan nan nan nan nan nan nan nan nan nan 31.8 15.8 nan nan nan 12.5 31.9 30.2 28.3 26.6 25.2 24.2 23.3 22.7 22.3 22.1 22.0 21.9 21.9 21.9 21.8 21.8 21.6 21.5 21.4 21.1 20.8 20.4 19.8 19.2 18.6 18.0 17.5 17.1 16.9 16.6 16.4 16.2 nan nan nan nan nan nan nan nan nan nan nan nan nan nan nan nan nan nan nan
nan nan nan nan nan nan nan nan nan nan nan nan nan nan nan nan nan nan nan nan nan nan nan nan nan nan nan nan nan nan nan nan nan nan 16.4 29.3 nan nan nan nan 31.2 29.6 27.8 26.4 25.2 24.2 23.4 23.0 22.7 22.5 22.5 22.5 22.6 22.6 22.5 22.3 22.2 22.0 21.8 21.4 21.0 20.4 19.7 19.0 18.4 17.8 17.3 16.9 16.5 16.3 16.2 16.0 nan nan nan nan nan nan nan nan nan nan nan nan nan nan nan nan nan nan
nan nan nan nan nan nan nan nan nan nan nan nan nan nan nan nan nan nan nan nan nan nan nan nan nan nan nan nan nan nan nan nan nan nan nan 21.8 13.4 nan nan nan nan 28.4 28.7 27.3 26.1 25.1 24.3 23.7 23.3 23.2 23.1 23.2 23.2 23.2 23.1 23.0 22.8 22.6 22.4 22.0 21.5 20.8 20.1 19.3 18.6 17.9 17.2 16.8 16.5 16.2 16.1 16.1 16.1 9.2 nan nan nan nan nan nan nan nan nan nan nan nan nan nan nan nan
nan nan nan nan nan nan nan nan nan nan nan nan nan nan nan nan nan nan nan nan nan nan nan nan nan nan nan nan nan nan nan nan nan nan 15.0 19.0 29.8 29.7 nan 13.4 nan 27.0 28.0 28.0 27.0 26.1 25.3 24.7 24.2 23.9 23.8 23.8 23.8 23.8 23.6 23.4 23.2 23.1 22.8 22.5 21.9 21.1 20.3 19.5 18.6 17.8 17.2 16.8 16.5 16.2 16.0 16.0 16.1 16.1 nan nan nan nan nan nan nan nan nan nan nan nan nan nan nan nan
nan nan nan nan nan nan nan nan nan nan nan nan nan nan nan nan nan nan nan nan nan nan nan nan nan nan nan nan nan nan nan nan nan nan 30.1 30.2 30.4 27.2 15.7 27.5 28.9 23.1 28.9 29.0 28.0 27.2 26.4 25.7 25.2 24.8 24.6 24.5 24.4 24.2 24.1 23.9 23.7 23.5 23.2 22.8 22.2 21.4 20.4 19.5 18.5 17.6 16.8 16.8 16.4 16.4 16.0 16.0 16.1 16.2 16.3 nan nan nan nan nan nan nan nan nan nan nan nan nan nan nan
nan nan nan nan nan nan nan nan nan nan nan nan nan nan nan nan nan nan nan nan nan nan nan nan nan nan nan nan nan nan nan nan nan nan 30.5 30.6 30.7 30.4 27.4 nan 30.3 28.5 30.8 29.9 29.0 28.2 27.4 26.7 26.1 25.6 25.3 25.1 24.9 24.8 24.6 24.4 24.2 24.0 23.6 23.1 22.4 21.5 -9999.0 -9999.0 -9999.0 -9999.0 -9999.0 -9999.0 -9999.0 9.8 16.2 16.1 16.2 16.2 16.3 nan nan nan nan nan nan nan nan nan nan nan nan nan nan -9999.0
nan nan nan nan nan nan nan nan nan nan nan nan nan nan nan nan nan nan nan nan nan nan nan nan nan nan nan nan nan nan nan nan nan nan 30.5 30.7 30.8 30.9 31.0 nan nan 32.0 31.7 30.8 29.9 29.0 28.3 27.6 27.0 26.5 26.0 25.7 25.5 25.3 25.1 24.9 24.6 24.4 24.0 23.4 22.6 -9999.0 -9999.0 -9999.0 -9999.0 -9999.0 -9999.0 -9999.0 -9999.0 nan 11.4 15.9 16.1 15.7 nan nan nan nan nan nan nan nan nan nan nan nan nan nan nan -9999.0
nan nan nan nan nan nan nan nan nan nan nan nan nan nan nan nan nan nan nan nan nan nan nan nan nan nan nan nan nan nan nan nan nan nan 30.5 30.6 30.9 31.2 30.6 nan 25.5 28.4 32.3 31.5 30.6 29.8 29.1 28.5 27.8 27.2 26.7 26.4 26.2 25.9 25.6 25.4 25.1 24.8 24.3 23.6 22.7 -9999.0 -9999.0 -9999.0 -9999.0 -9999.0 -9999.0 -9999.0 -9999.0 -9999.0 -9999.0 nan 9.6 9.6 nan nan nan nan nan nan nan nan nan nan nan nan nan nan nan -9999.0
nan nan nan nan nan nan nan nan nan nan nan nan nan nan nan nan nan nan nan nan nan nan nan nan nan nan nan nan nan nan nan nan nan nan 30.5 30.7 31.2 28.1 27.2 18.0 29.1 25.8 31.6 31.9 31.1 30.5 29.8 29.1 28.5 27.9 27.4 27.0 26.7 26.4 26.1 25.9 25.5 25.2 24.6 23.8 -9999.0 -9999.0 -9999.0 -9999.0 -9999.0 -9999.0 -9999.0 -9999.0 -9999.0 -9999.0 -9999.0 nan nan nan nan nan nan nan nan nan nan nan nan nan nan nan nan nan nan -9999.0
nan nan nan nan nan nan nan nan nan nan nan nan nan nan nan nan nan nan nan nan nan nan nan nan nan nan nan nan nan nan nan nan 26.0 27.4 29.5 31.2 31.7 31.9 29.9 27.9 nan 33.4 32.9 32.2 31.6 31.0 30.4 29.7 29.0 28.5 28.0 27.6 27.2 26.8 26.5 26.2 25.9 25.5 24.9 -9999.0 -9999.0 -9999.0 -9999.0 -9999.0 -9999.0 -9999.0 -9999.0 -9999.0 -9999.0 -9999.0 -9999.0 -9999.0 nan nan nan nan nan nan nan nan nan nan nan nan nan nan nan nan nan -9999.0
nan nan nan nan nan nan nan nan nan nan nan nan nan nan nan nan nan nan nan nan nan nan nan nan nan nan nan nan nan 13.4 nan nan 30.7 30.8 31.0 30.9 32.0 32.5 33.0 nan nan 33.6 33.3 32.7 32.1 31.4 30.8 30.0 29.4 28.9 28.4 27.9 27.5 27.1 26.8 26.5 26.1 25.6 24.9 -9999.0 -9999.0 -9999.0 -9999.0 -9999.0 -9999.0 -9999.0 -9999.0 -9999.0 -9999.0 -9999.0 -9999.0 -9999.0 -9999.0 -9999.0 nan nan nan nan nan nan nan nan nan nan nan nan nan nan nan -9999.0
nan nan nan nan nan nan nan nan nan nan nan nan nan nan nan nan nan nan nan nan nan nan nan nan nan nan nan nan nan 12.1 12.1 nan 31.1 31.4 28.4 28.5 29.6 32.6 33.1 31.8 nan 34.1 34.0 33.4 32.6 31.9 31.1 30.4 29.7 29.2 28.7 28.2 27.7 27.3 26.9 26.5 26.2 25.7 -9999.0 -9999.0 -9999.0 -9999.0 -9999.0 -9999.0 -9999.0 -9999.0 -9999.0 -9999.0 -9999.0 -9999.0 -9999.0 -9999.0 -9999.0 -9999.0 -9999.0 nan nan nan nan nan nan nan nan nan nan nan nan nan nan -9999.0
nan nan nan nan nan nan nan nan nan nan nan nan nan nan nan nan nan nan nan nan nan nan nan nan nan nan nan nan nan 12.8 31.0 31.1 31.4 31.6 31.9 nan 12.5 32.2 32.9 33.2 nan 33.2 34.9 34.2 33.3 32.3 31.5 30.7 30.0 29.5 29.0 28.4 28.0 27.5 27.1 26.7 26.2 25.8 -9999.0 -9999.0 -9999.0 -9999.0 -9999.0 -9999.0 -9999.0 -9999.0 -9999.0 -9999.0 -9999.0 -9999.0 -9999.0 -9999.0 -9999.0 -9999.0 -9999.0 -9999.0 nan nan nan nan nan nan nan nan nan nan nan nan nan -9999.0
nan nan nan nan nan nan nan nan nan nan nan nan nan nan nan nan nan nan nan nan nan nan nan nan nan nan nan nan nan nan 30.1 31.2 31.6 32.1 28.1 nan nan 30.2 31.7 32.0 nan 28.3 31.0 34.1 33.6 32.5 31.7 30.9 30.3 29.7 29.2 28.6 28.1 27.7 27.2 26.7 26.3 25.9 -9999.0 -9999.0 -9999.0 -9999.0 -9999.0 -9999.0 -9999.0 -9999.0 -9999.0 -9999.0 -9999.0 -9999.0 -9999.0 -9999.0 -9999.0 -9999.0 -9999.0 -9999.0 -9999.0 nan nan nan nan nan nan nan nan nan nan nan nan -9999.0
nan nan nan nan nan nan nan nan nan nan nan nan nan nan nan nan nan nan nan nan nan nan nan nan nan nan nan nan nan nan 28.6 31.4 31.8 32.4 28.5 nan 13.7 24.5 27.8 16.4 26.4 23.2 25.5 32.6 33.6 32.7 31.9 31.1 30.5 29.9 29.3 28.8 28.3 27.9 27.4 26.8 26.3 26.1 -9999.0 -9999.0 -9999.0 -9999.0 -9999.0 -9999.0 -9999.0 -9999.0 -9999.0 -9999.0 -9999.0 -9999.0 -9999.0 -9999.0 -9999.0 -9999.0 -9999.0 -9999.0 -9999.0 -9999.0 nan nan nan nan nan nan nan nan nan nan nan -9999.0
nan nan nan nan nan nan nan nan nan nan nan nan nan nan nan nan nan nan nan nan nan nan nan nan nan nan nan nan nan nan 29.3 31.0 31.8 32.2 28.8 13.6 nan 29.6 20.7 14.0 22.5 nan 33.7 34.3 33.6 32.9 32.1 31.3 30.6 30.0 29.4 28.9 28.4 28.0 27.5 26.9 25.4 20.2 -9999.0 -9999.0 -9999.0 -9999.0 -9999.0 -9999.0 -9999.0 -9999.0 -9999.0 -9999.0 -9999.0 -9999.0 -9999.0 -9999.0 -9999.0 -9999.0 -9999.0 -9999.0 -9999.0 -9999.0 -9999.0 -9999.0 nan nan nan nan nan nan nan nan nan -9999.0
nan nan nan nan nan nan nan nan nan nan nan nan nan nan nan nan nan nan nan nan nan nan nan nan nan nan nan nan nan nan nan 31.0 31.4 31.8 31.5 nan nan 21.9 20.4 15.3 nan nan 34.5 34.2 33.7 33.0 32.3 31.5 30.8 30.2 29.5 29.0 28.6 28.2 27.7 27.4 25.0 22.7 -9999.0 -9999.0 -9999.0 -9999.0 -9999.0 -9999.0 -9999.0 -9999.0 -9999.0 -9999.0 -9999.0 nan nan nan -9999.0 -9999.0 -9999.0 -9999.0 -9999.0 -9999.0 -9999.0 -9999.0 -9999.0 -9999.0 -9999.0 -9999.0 -9999.0 nan nan nan -9999.0 -9999.0
nan nan nan nan nan nan nan nan nan nan nan nan nan nan nan nan nan nan nan nan nan nan nan nan nan nan nan nan nan nan nan 28.9 30.6 31.6 32.2 nan 13.5 17.8 28.5 14.8 nan nan 34.5 34.3 33.8 33.2 32.5 31.8 31.1 30.3 29.7 29.1 28.9 28.5 28.0 27.7 26.9 23.1 -9999.0 -9999.0 -9999.0 -9999.0 -9999.0 -9999.0 -9999.0 -9999.0 -9999.0 -9999.0 -9999.0 nan nan nan nan nan -9999.0 -9999.0 -9999.0 -9999.0 -9999.0 -9999.0 -9999.0 -9999.0 -9999.0 -9999.0 -9999.0 -9999.0 -9999.0 -9999.0 -9999.0 -9999.0
nan nan nan nan nan nan nan nan nan nan nan nan nan nan nan nan nan nan nan nan nan nan nan nan nan nan nan nan nan nan nan 13.3 30.6 31.5 30.0 29.6 26.1 21.5 17.4 14.1 15.5 nan 34.2 34.5 34.1 33.5 32.8 32.1 31.3 30.6 29.9 29.4 29.0 28.7 28.3 27.8 26.5 20.4 -9999.0 -9999.0 -9999.0 -9999.0 -9999.0 -9999.0 -9999.0 -9999.0 -9999.0 -9999.0 -9999.0 -9999.0 -9999.0 -9999.0 -9999.0 -9999.0 -9999.0 -9999.0 -9999.0 -9999.0 -9999.0 -9999.0 -9999.0 -9999.0 -9999.0 -9999.0 -9999.0 -9999.0 -9999.0 -9999.0 -9999.0 -9999.0
nan nan nan nan nan nan nan nan nan nan nan nan nan nan nan nan nan nan nan nan nan nan nan nan nan nan nan nan nan nan nan 13.3 27.8 31.5 31.8 32.7 32.0 nan 20.5 23.4 13.3 nan 34.4 34.8 34.3 33.7 33.0 32.3 31.6 30.8 30.1 29.6 29.2 28.9 28.6 28.1 26.7 23.5 -9999.0 -9999.0 -9999.0 -9999.0 -9999.0 -9999.0 -9999.0 -9999.0 -9999.0 -9999.0 -9999.0 -9999.0 -9999.0 -9999.0 -9999.0 -9999.0 -9999.0 -9999.0 -9999.0 -9999.0 -9999.0 -9999.0 -9999.0 -9999.0 -9999.0 -9999.0 -9999.0 -9999.0 -9999.0 -9999.0 -9999.0 -9999.0
nan nan nan nan nan nan nan nan nan nan nan nan nan nan nan nan nan nan nan nan nan nan nan nan nan nan nan nan nan nan nan 13.3 26.6 29.3 32.0 32.2 32.0 nan nan 20.7 14.5 nan nan 35.0 34.7 34.0 33.4 32.6 31.8 31.1 30.4 29.8 29.5 29.1 29.0 28.6 26.7 22.4 -9999.0 -9999.0 -9999.0 -9999.0 -9999.0 -9999.0 -9999.0 -9999.0 -9999.0 -9999.0 -9999.0 -9999.0 -9999.0 -9999.0 -9999.0 -9999.0 -9999.0 -9999.0 -9999.0 -9999.0 -9999.0 -9999.0 -9999.0 -9999.0 -9999.0 -9999.0 -9999.0 -9999.0 -9999.0 -9999.0 -9999.0 -9999.0
nan nan nan nan nan nan nan nan nan nan nan nan nan nan nan nan nan nan nan nan nan nan nan nan nan nan nan nan nan nan nan nan 12.9 31.0 31.6 31.8 nan nan nan 20.9 14.4 13.2 nan nan 33.9 34.3 33.7 33.0 32.2 31.4 30.7 30.1 29.7 29.4 29.3 29.1 28.9 24.2 -9999.0 -9999.0 -9999.0 -9999.0 -9999.0 -9999.0 -9999.0 -9999.0 -9999.0 -9999.0 -9999.0 -9999.0 -9999.0 -9999.0 -9999.0 -9999.0 -9999.0 -9999.0 -9999.0 -9999.0 -9999.0 -9999.0 -9999.0 -9999.0 nan nan nan -9999.0 -9999.0 -9999.0 -9999.0 -9999.0
nan nan nan nan nan nan nan nan nan nan nan nan nan nan nan nan nan nan nan nan nan nan nan nan nan nan nan nan nan nan nan nan 29.2 30.4 31.1 31.6 nan nan nan nan 16.4 13.0 24.1 nan 32.4 34.5 34.2 33.3 32.6 31.8 31.0 30.5 30.0 29.7 29.6 29.6 29.5 26.3 -9999.0 -9999.0 -9999.0 -9999.0 -9999.0 -9999.0 -9999.0 -9999.0 -9999.0 -9999.0 -9999.0 -9999.0 -9999.0 -9999.0 -9999.0 -9999.0 -9999.0 -9999.0 -9999.0 -9999.0 -9999.0 -9999.0 nan nan nan nan nan nan nan nan -9999.0 -9999.0
nan nan nan nan nan nan nan nan nan nan nan nan nan nan nan nan nan nan nan nan nan nan nan nan nan nan nan nan nan nan nan nan nan 30.6 31.4 31.8 nan nan nan nan 22.0 14.8 18.0 17.5 nan 35.1 34.8 34.0 33.2 32.3 31.5 30.9 30.5 30.1 29.9 30.1 29.9 27.6 -9999.0 -9999.0 -9999.0 -9999.0 -9999.0 -9999.0 -9999.0 -9999.0 -9999.0 -9999.0 -9999.0 nan nan nan nan nan nan nan nan nan nan nan nan nan nan nan nan nan nan nan nan nan
nan nan nan nan nan nan nan nan nan nan nan nan nan nan nan nan nan nan nan nan nan nan nan nan nan nan nan nan nan nan nan nan nan 31.0 31.7 32.1 32.0 nan nan nan 30.8 17.0 16.4 29.4 nan nan 34.4 34.2 33.6 32.8 32.1 31.5 31.0 30.6 30.5 30.6 30.7 29.7 -9999.0 -9999.0 -9999.0 -9999.0 -9999.0 -9999.0 -9999.0 -9999.0 -9999.0 -9999.0 nan nan nan nan nan nan nan nan nan nan nan nan nan nan nan nan nan nan nan nan nan nan
