data/output/RUN203/ECOSPACE/ECOSPACE_in_PAR3/PAR-VarZ-VarK/PAR-VarZ-VarK_2011_06.asc
ncols        93
nrows        151 
xllcorner    -123.80739
yllcorner    48.29471 
cellsize     0.013497347 
NODATA_value  0.0
[rows 80 to 119 of 151, columns 0 to 89 of 93]
nan nan nan nan nan nan nan nan nan nan nan nan nan nan nan nan nan nan nan nan nan nan nan 21.8 22.0 21.7 22.9 22.6 21.9 21.0 20.2 19.5 18.9 18.5 18.3 18.0 17.8 17.6 17.4 17.1 16.9 16.6 16.3 15.9 15.5 15.0 14.7 14.4 14.0 13.8 13.5 13.3 13.1 12.9 nan nan nan nan nan nan nan nan nan nan nan nan 11.5 11.6 11.6 11.6 nan 11.4 11.4 11.4 11.4 11.5 11.5 11.4 11.3 11.4 11.7 11.7 11.5 nan nan nan nan nan nan nan
nan nan nan nan nan nan nan nan nan nan nan nan nan nan nan nan nan nan nan nan nan nan nan nan nan nan 23.0 22.9 22.5 21.7 20.8 20.0 19.4 18.9 18.5 18.2 17.9 17.7 17.4 17.1 16.9 16.6 16.3 16.0 15.6 15.2 14.8 14.5 14.2 13.9 13.6 13.4 13.2 13.0 12.7 nan nan nan nan nan nan nan nan nan nan nan 11.7 11.7 nan nan nan nan nan 11.5 11.6 11.6 nan 11.4 11.5 11.7 11.9 11.9 nan nan nan nan nan nan nan nan
nan nan nan nan nan nan nan nan nan nan nan nan nan nan nan nan nan nan nan nan nan nan nan nan nan nan nan 23.0 22.8 22.2 21.5 20.6 19.9 19.3 18.8 18.4 18.1 17.8 17.5 17.2 16.9 16.6 16.3 16.0 15.7 15.3 15.0 14.7 14.4 14.1 13.8 13.5 13.3 13.1 12.9 12.6 nan nan nan nan nan nan nan nan nan 11.7 11.8 nan nan nan nan nan nan 11.5 11.6 11.6 nan 11.5 11.7 11.9 11.9 nan nan nan nan nan nan nan nan nan
nan nan nan nan nan nan nan nan nan nan nan nan nan nan nan nan nan nan nan nan nan nan nan nan nan nan nan nan 21.5 22.4 22.1 21.3 20.5 19.8 19.2 18.7 18.3 18.0 17.6 17.3 17.0 16.7 16.4 16.1 15.8 15.5 15.1 14.9 14.6 14.3 14.0 13.7 13.4 13.2 13.0 12.8 12.6 nan nan nan nan nan nan nan nan 11.8 11.8 nan nan nan nan nan nan 11.5 11.6 11.7 11.9 12.1 11.9 11.9 nan nan nan nan nan nan nan nan nan nan
nan nan nan nan nan nan nan nan nan nan nan nan nan nan nan nan nan nan nan nan nan nan nan nan nan nan nan nan nan 13.6 22.6 22.0 21.2 20.5 19.8 19.2 18.7 18.2 17.9 17.5 17.1 16.8 16.4 16.1 15.9 15.6 15.3 15.0 14.7 14.4 14.2 13.9 13.6 13.4 13.1 12.9 12.7 12.5 nan nan nan nan nan nan 11.8 11.8 11.8 nan 11.9 11.8 11.8 nan nan 11.6 11.7 11.9 12.1 12.3 nan nan nan nan nan nan nan nan nan nan nan nan
nan nan nan nan nan nan nan nan nan nan nan nan nan nan nan nan nan nan nan nan nan nan nan nan nan nan nan nan nan nan 13.6 22.5 21.9 21.2 20.5 19.8 19.2 18.7 18.2 17.8 17.3 16.9 16.5 16.3 16.0 15.8 15.4 15.2 14.9 14.6 14.4 14.1 13.9 13.6 13.3 13.1 12.9 12.7 nan nan nan nan nan 11.9 11.9 11.9 11.9 11.9 11.9 11.9 11.8 8.9 nan 11.6 11.8 12.0 12.1 12.1 nan nan nan nan nan nan nan nan nan nan nan nan
nan nan nan nan nan nan nan nan nan nan nan nan nan nan nan nan nan nan nan nan nan nan nan nan nan nan nan nan nan nan nan 20.8 22.3 21.9 21.2 20.5 19.8 19.1 18.6 18.1 17.6 17.1 16.8 16.4 16.2 15.9 15.6 15.3 15.1 14.9 14.6 14.4 14.1 13.9 13.6 13.4 13.1 12.9 12.6 nan nan 12.1 12.2 12.1 12.0 12.0 12.1 12.0 12.0 11.9 11.8 nan nan 11.8 11.9 12.0 12.1 12.1 nan nan nan nan nan nan nan nan nan nan nan nan
nan nan nan nan nan nan nan nan nan nan nan nan nan nan nan nan nan nan nan nan nan nan nan nan nan nan nan nan nan nan nan nan 22.7 22.4 21.9 21.1 20.3 19.6 19.0 18.4 17.9 17.4 17.0 16.6 16.3 16.1 15.8 15.6 15.3 15.1 14.9 14.6 14.4 14.1 13.9 13.6 13.3 13.1 12.8 12.6 12.4 12.3 12.3 nan 12.1 12.2 12.2 12.2 12.1 12.0 12.0 11.9 12.0 12.0 12.0 12.1 12.1 nan nan nan nan nan nan nan nan nan nan nan nan nan
nan nan nan nan nan nan nan nan nan nan nan nan nan nan nan nan nan nan nan nan nan nan nan nan nan nan nan nan nan nan 22.1 22.4 22.8 22.6 22.2 21.7 20.9 20.2 19.5 18.8 18.2 17.7 17.2 16.9 16.6 16.3 16.0 15.8 15.6 15.3 15.1 14.9 14.6 14.4 14.2 13.9 13.6 13.3 13.0 12.8 12.6 12.5 12.4 12.4 12.4 12.4 12.4 12.4 12.3 12.2 12.1 12.0 12.0 12.0 12.1 12.1 12.0 nan nan nan nan nan nan nan nan nan nan nan nan nan
nan nan nan nan nan nan nan nan nan nan nan nan nan nan nan nan nan nan nan nan nan nan nan nan nan nan nan nan nan nan nan nan 22.6 22.6 22.4 22.0 21.4 20.8 20.0 19.3 18.7 18.1 17.6 17.1 16.8 16.5 16.3 16.0 15.8 15.6 15.4 15.2 14.9 14.7 14.5 14.2 13.9 13.6 13.3 13.0 12.8 12.6 12.6 12.6 12.5 12.4 12.4 nan nan nan 12.1 12.1 12.1 12.1 12.1 12.0 nan nan nan nan nan nan nan nan nan nan nan nan nan nan
nan nan nan nan nan nan nan nan nan nan nan nan nan nan nan nan nan nan nan nan nan nan nan nan nan nan nan nan nan nan 16.4 14.6 22.5 22.5 22.4 22.2 22.0 21.4 20.6 19.9 19.2 18.5 18.0 17.5 17.1 16.8 16.5 16.3 16.1 15.9 15.6 15.4 15.2 15.0 14.8 14.5 14.2 13.9 13.6 13.3 13.0 12.8 12.7 12.6 nan nan nan nan nan nan nan 12.2 12.1 12.1 12.1 12.0 nan nan nan nan nan nan nan nan nan nan nan nan nan nan
nan nan nan nan nan nan nan nan nan nan nan nan nan nan nan nan nan nan nan nan nan nan nan nan nan nan nan nan nan nan 14.3 22.1 22.6 22.8 22.6 14.6 22.4 22.0 21.1 20.3 19.6 18.9 18.3 17.8 17.4 17.1 16.8 16.5 16.3 16.1 15.9 15.7 15.5 15.3 15.1 14.8 14.5 14.2 13.9 13.5 13.2 13.0 12.8 nan nan nan nan nan nan 12.2 12.2 12.2 12.1 12.1 12.0 nan nan nan nan nan nan nan nan nan nan nan nan nan nan nan
nan nan nan nan nan nan nan nan nan nan nan nan nan nan nan nan nan nan nan nan nan nan nan nan nan nan nan nan nan nan 16.4 21.6 22.7 23.0 nan nan nan 21.8 21.4 20.7 20.0 19.3 18.7 18.1 17.7 17.4 17.0 16.8 16.6 16.4 16.1 15.9 15.7 15.5 15.3 15.1 14.9 14.5 14.1 13.8 13.4 13.1 12.9 nan nan nan nan nan 12.3 12.2 12.2 12.2 12.1 12.0 nan nan nan nan nan nan nan nan nan nan nan nan nan nan nan nan
nan nan nan nan nan nan nan nan nan nan nan nan nan nan nan nan nan nan nan nan nan nan nan nan nan nan nan nan nan nan 16.3 13.6 23.1 23.1 nan nan nan 20.2 21.4 21.0 20.4 19.7 19.1 18.5 18.0 17.6 17.3 17.0 16.8 16.5 16.3 16.1 15.9 15.7 15.6 15.4 15.2 14.8 14.4 14.0 13.6 13.2 12.9 12.6 12.4 nan 12.3 12.3 12.3 12.3 12.2 12.1 nan nan nan nan nan nan nan nan nan nan nan nan nan nan nan nan nan nan
nan nan nan nan nan nan nan nan nan nan nan nan nan nan nan nan nan nan nan nan nan nan nan nan nan nan nan nan nan nan nan nan 23.1 19.8 nan nan nan nan 21.3 21.2 20.8 20.2 19.5 18.8 18.3 17.9 17.5 17.2 17.0 16.8 16.5 16.3 16.1 16.0 15.9 15.7 15.5 15.1 14.6 14.2 13.7 13.3 13.0 12.7 12.5 12.5 12.4 12.3 12.3 12.2 12.2 nan nan nan nan nan nan nan nan nan nan nan nan nan nan nan nan nan nan nan
nan nan nan nan nan nan nan nan nan nan nan nan nan nan nan nan nan nan nan nan nan nan nan nan nan nan nan nan nan nan nan nan nan 18.2 11.6 nan nan nan 14.3 21.7 21.4 20.6 19.9 19.2 18.6 18.1 17.7 17.4 17.2 17.0 16.7 16.5 16.4 16.2 16.1 16.0 15.7 15.3 14.9 14.4 13.9 13.5 13.1 12.8 12.6 12.4 12.4 12.3 12.2 12.2 12.1 nan nan nan nan nan nan nan nan nan nan nan nan nan nan nan nan nan nan nan
nan nan nan nan nan nan nan nan nan nan nan nan nan nan nan nan nan nan nan nan nan nan nan nan nan nan nan nan nan nan nan nan nan nan 13.8 20.2 nan nan nan nan 21.6 21.2 20.3 19.5 18.8 18.3 17.9 17.6 17.4 17.1 16.9 16.7 16.6 16.5 16.4 16.2 15.9 15.6 15.1 14.6 14.1 13.7 13.3 12.9 12.7 12.5 12.4 12.3 12.3 12.2 12.2 12.0 nan nan nan nan nan nan nan nan nan nan nan nan nan nan nan nan nan nan
nan nan nan nan nan nan nan nan nan nan nan nan nan nan nan nan nan nan nan nan nan nan nan nan nan nan nan nan nan nan nan nan nan nan nan 15.3 16.4 nan nan nan nan 20.7 20.5 19.7 19.0 18.5 18.1 17.8 17.5 17.3 17.1 16.9 16.8 16.7 16.7 16.5 16.2 15.8 15.3 14.8 14.3 13.8 13.4 13.0 12.7 12.5 12.4 12.4 12.3 12.2 12.2 12.1 12.0 9.1 nan nan nan nan nan nan nan nan nan nan nan nan nan nan nan nan
nan nan nan nan nan nan nan nan nan nan nan nan nan nan nan nan nan nan nan nan nan nan nan nan nan nan nan nan nan nan nan nan nan nan 14.2 17.0 21.0 20.9 nan 16.3 nan 18.8 20.7 19.9 19.2 18.7 18.3 17.9 17.7 17.5 17.3 17.1 17.0 16.9 16.8 16.6 16.3 15.9 15.4 14.9 14.4 13.9 13.4 13.1 12.8 12.6 12.5 12.4 12.3 12.2 12.2 12.1 12.1 11.9 nan nan nan nan nan nan nan nan nan nan nan nan nan nan nan nan
nan nan nan nan nan nan nan nan nan nan nan nan nan nan nan nan nan nan nan nan nan nan nan nan nan nan nan nan nan nan nan nan nan nan 20.9 21.2 21.6 21.4 16.2 18.7 19.8 17.9 20.8 20.0 19.4 18.8 18.4 18.1 17.8 17.6 17.4 17.2 17.1 17.1 17.0 16.8 16.5 16.0 15.6 15.0 14.5 13.9 13.5 13.1 12.8 12.6 12.1 12.1 11.6 12.2 12.1 12.1 12.1 12.0 12.0 nan nan nan nan nan nan nan nan nan nan nan nan nan nan nan
nan nan nan nan nan nan nan nan nan nan nan nan nan nan nan nan nan nan nan nan nan nan nan nan nan nan nan nan nan nan nan nan nan nan 21.1 21.5 21.6 21.6 21.8 nan 20.3 20.2 20.7 20.1 19.5 18.9 18.5 18.2 17.9 17.7 17.5 17.4 17.3 17.2 17.1 16.9 16.5 16.1 15.6 15.1 14.5 14.0 -9999.0 -9999.0 -9999.0 -9999.0 -9999.0 -9999.0 -9999.0 10.1 12.2 12.0 12.1 11.9 12.0 nan nan nan nan nan nan nan nan nan nan nan nan nan nan -9999.0
nan nan nan nan nan nan nan nan nan nan nan nan nan nan nan nan nan nan nan nan nan nan nan nan nan nan nan nan nan nan nan nan nan nan 21.1 21.4 21.4 21.3 21.2 nan nan 21.1 20.7 20.2 19.6 19.0 18.6 18.3 18.0 17.8 17.6 17.5 17.4 17.3 17.2 17.0 16.6 16.2 15.7 15.1 14.6 -9999.0 -9999.0 -9999.0 -9999.0 -9999.0 -9999.0 -9999.0 -9999.0 nan 12.5 12.0 11.9 11.7 nan nan nan nan nan nan nan nan nan nan nan nan nan nan nan -9999.0
nan nan nan nan nan nan nan nan nan nan nan nan nan nan nan nan nan nan nan nan nan nan nan nan nan nan nan nan nan nan nan nan nan nan 20.9 21.0 21.0 21.1 21.5 nan 17.2 20.3 20.8 20.3 19.7 19.1 18.7 18.4 18.1 17.9 17.7 17.6 17.5 17.4 17.2 17.0 16.7 16.3 15.8 15.2 14.6 -9999.0 -9999.0 -9999.0 -9999.0 -9999.0 -9999.0 -9999.0 -9999.0 -9999.0 -9999.0 nan 9.8 9.7 nan nan nan nan nan nan nan nan nan nan nan nan nan nan nan -9999.0
nan nan nan nan nan nan nan nan nan nan nan nan nan nan nan nan nan nan nan nan nan nan nan nan nan nan nan nan nan nan nan nan nan nan 20.7 20.7 21.0 21.5 20.0 13.8 19.5 17.9 20.7 20.2 19.7 19.2 18.8 18.5 18.2 18.0 17.8 17.7 17.6 17.5 17.3 17.1 16.9 16.5 15.9 15.3 -9999.0 -9999.0 -9999.0 -9999.0 -9999.0 -9999.0 -9999.0 -9999.0 -9999.0 -9999.0 -9999.0 nan nan nan nan nan nan nan nan nan nan nan nan nan nan nan nan nan nan -9999.0
nan nan nan nan nan nan nan nan nan nan nan nan nan nan nan nan nan nan nan nan nan nan nan nan nan nan nan nan nan nan nan nan 20.0 20.3 20.7 21.0 21.4 22.2 22.5 22.5 nan 21.2 20.6 20.2 19.7 19.3 18.9 18.5 18.3 18.1 17.9 17.8 17.7 17.5 17.4 17.3 17.0 16.6 16.1 -9999.0 -9999.0 -9999.0 -9999.0 -9999.0 -9999.0 -9999.0 -9999.0 -9999.0 -9999.0 -9999.0 -9999.0 -9999.0 nan nan nan nan nan nan nan nan nan nan nan nan nan nan nan nan nan -9999.0
nan nan nan nan nan nan nan nan nan nan nan nan nan nan nan nan nan nan nan nan nan nan nan nan nan nan nan nan nan 16.5 nan nan 20.6 20.7 20.8 21.1 21.9 22.8 23.4 nan nan 20.8 20.6 20.2 19.8 19.4 19.0 18.7 18.4 18.1 18.0 17.9 17.8 17.6 17.5 17.4 17.2 16.9 16.4 -9999.0 -9999.0 -9999.0 -9999.0 -9999.0 -9999.0 -9999.0 -9999.0 -9999.0 -9999.0 -9999.0 -9999.0 -9999.0 -9999.0 -9999.0 nan nan nan nan nan nan nan nan nan nan nan nan nan nan nan -9999.0
nan nan nan nan nan nan nan nan nan nan nan nan nan nan nan nan nan nan nan nan nan nan nan nan nan nan nan nan nan 13.3 13.3 nan 20.9 21.2 20.2 19.0 21.5 22.7 23.0 22.4 nan 20.8 20.7 20.4 20.0 19.6 19.2 18.8 18.5 18.2 18.1 18.0 17.8 17.8 17.6 17.6 17.4 17.2 -9999.0 -9999.0 -9999.0 -9999.0 -9999.0 -9999.0 -9999.0 -9999.0 -9999.0 -9999.0 -9999.0 -9999.0 -9999.0 -9999.0 -9999.0 -9999.0 -9999.0 nan nan nan nan nan nan nan nan nan nan nan nan nan nan -9999.0
nan nan nan nan nan nan nan nan nan nan nan nan nan nan nan nan nan nan nan nan nan nan nan nan nan nan nan nan nan 14.0 20.7 20.9 21.2 21.6 22.0 nan 14.8 22.3 22.6 22.7 nan 20.8 21.1 20.8 20.3 19.8 19.4 19.0 18.6 18.4 18.2 18.0 18.0 17.9 17.8 17.8 17.7 17.5 -9999.0 -9999.0 -9999.0 -9999.0 -9999.0 -9999.0 -9999.0 -9999.0 -9999.0 -9999.0 -9999.0 -9999.0 -9999.0 -9999.0 -9999.0 -9999.0 -9999.0 -9999.0 nan nan nan nan nan nan nan nan nan nan nan nan nan -9999.0
nan nan nan nan nan nan nan nan nan nan nan nan nan nan nan nan nan nan nan nan nan nan nan nan nan nan nan nan nan nan 20.5 20.8 21.2 21.8 21.4 nan nan 22.1 22.4 22.2 nan 18.9 20.1 20.9 20.5 20.0 19.6 19.2 18.8 18.5 18.3 18.1 18.0 18.0 18.0 18.0 18.0 17.8 -9999.0 -9999.0 -9999.0 -9999.0 -9999.0 -9999.0 -9999.0 -9999.0 -9999.0 -9999.0 -9999.0 -9999.0 -9999.0 -9999.0 -9999.0 -9999.0 -9999.0 -9999.0 -9999.0 nan nan nan nan nan nan nan nan nan nan nan nan -9999.0
nan nan nan nan nan nan nan nan nan nan nan nan nan nan nan nan nan nan nan nan nan nan nan nan nan nan nan nan nan nan 18.6 20.8 21.3 21.8 19.8 nan 16.8 17.7 20.1 12.5 19.0 15.4 17.5 20.4 20.6 20.1 19.7 19.3 19.0 18.7 18.4 18.3 18.2 18.1 18.2 18.2 18.2 17.9 -9999.0 -9999.0 -9999.0 -9999.0 -9999.0 -9999.0 -9999.0 -9999.0 -9999.0 -9999.0 -9999.0 -9999.0 -9999.0 -9999.0 -9999.0 -9999.0 -9999.0 -9999.0 -9999.0 -9999.0 nan nan nan nan nan nan nan nan nan nan nan -9999.0
nan nan nan nan nan nan nan nan nan nan nan nan nan nan nan nan nan nan nan nan nan nan nan nan nan nan nan nan nan nan 18.8 20.5 21.3 21.9 21.7 16.9 nan 20.0 17.3 13.8 16.5 nan 21.5 21.2 20.7 20.3 19.9 19.5 19.1 18.8 18.6 18.4 18.3 18.3 18.5 18.4 17.4 13.7 -9999.0 -9999.0 -9999.0 -9999.0 -9999.0 -9999.0 -9999.0 -9999.0 -9999.0 -9999.0 -9999.0 -9999.0 -9999.0 -9999.0 -9999.0 -9999.0 -9999.0 -9999.0 -9999.0 -9999.0 -9999.0 -9999.0 nan nan nan nan nan nan nan nan nan -9999.0
nan nan nan nan nan nan nan nan nan nan nan nan nan nan nan nan nan nan nan nan nan nan nan nan nan nan nan nan nan nan nan 20.8 21.3 21.8 22.3 nan nan 16.7 17.0 16.9 nan nan 21.5 21.3 20.9 20.4 20.0 19.6 19.3 19.0 18.8 18.6 18.6 18.6 18.8 18.8 17.5 14.9 -9999.0 -9999.0 -9999.0 -9999.0 -9999.0 -9999.0 -9999.0 -9999.0 -9999.0 -9999.0 -9999.0 nan nan nan -9999.0 -9999.0 -9999.0 -9999.0 -9999.0 -9999.0 -9999.0 -9999.0 -9999.0 -9999.0 -9999.0 -9999.0 -9999.0 nan nan nan -9999.0 -9999.0
nan nan nan nan nan nan nan nan nan nan nan nan nan nan nan nan nan nan nan nan nan nan nan nan nan nan nan nan nan nan nan 20.6 21.2 21.8 22.2 nan 14.4 15.9 21.5 15.1 nan nan 21.6 21.4 21.0 20.6 20.2 19.8 19.5 19.2 19.0 18.8 18.8 18.9 19.1 19.3 19.2 16.1 -9999.0 -9999.0 -9999.0 -9999.0 -9999.0 -9999.0 -9999.0 -9999.0 -9999.0 -9999.0 -9999.0 nan nan nan nan nan -9999.0 -9999.0 -9999.0 -9999.0 -9999.0 -9999.0 -9999.0 -9999.0 -9999.0 -9999.0 -9999.0 -9999.0 -9999.0 -9999.0 -9999.0 -9999.0
nan nan nan nan nan nan nan nan nan nan nan nan nan nan nan nan nan nan nan nan nan nan nan nan nan nan nan nan nan nan nan 16.5 21.1 21.6 22.2 21.7 19.4 17.7 14.4 12.1 14.9 nan 21.6 21.5 21.2 20.9 20.4 20.0 19.7 19.4 19.2 19.1 19.0 19.1 19.3 19.6 19.6 16.0 -9999.0 -9999.0 -9999.0 -9999.0 -9999.0 -9999.0 -9999.0 -9999.0 -9999.0 -9999.0 -9999.0 -9999.0 -9999.0 -9999.0 -9999.0 -9999.0 -9999.0 -9999.0 -9999.0 -9999.0 -9999.0 -9999.0 -9999.0 -9999.0 -9999.0 -9999.0 -9999.0 -9999.0 -9999.0 -9999.0 -9999.0 -9999.0
nan nan nan nan nan nan nan nan nan nan nan nan nan nan nan nan nan nan nan nan nan nan nan nan nan nan nan nan nan nan nan 16.5 20.9 21.6 22.3 22.8 23.1 nan 15.0 17.9 11.6 nan 21.6 21.7 21.5 21.1 20.7 20.3 19.9 19.6 19.4 19.3 19.3 19.4 19.6 19.8 20.0 16.0 -9999.0 -9999.0 -9999.0 -9999.0 -9999.0 -9999.0 -9999.0 -9999.0 -9999.0 -9999.0 -9999.0 -9999.0 -9999.0 -9999.0 -9999.0 -9999.0 -9999.0 -9999.0 -9999.0 -9999.0 -9999.0 -9999.0 -9999.0 -9999.0 -9999.0 -9999.0 -9999.0 -9999.0 -9999.0 -9999.0 -9999.0 -9999.0
nan nan nan nan nan nan nan nan nan nan nan nan nan nan nan nan nan nan nan nan nan nan nan nan nan nan nan nan nan nan nan 16.5 19.7 21.6 22.4 23.0 23.2 nan nan 16.6 14.3 nan nan 21.8 21.7 21.3 20.9 20.6 20.2 20.0 19.8 19.7 19.7 19.8 19.9 20.0 20.3 15.5 -9999.0 -9999.0 -9999.0 -9999.0 -9999.0 -9999.0 -9999.0 -9999.0 -9999.0 -9999.0 -9999.0 -9999.0 -9999.0 -9999.0 -9999.0 -9999.0 -9999.0 -9999.0 -9999.0 -9999.0 -9999.0 -9999.0 -9999.0 -9999.0 -9999.0 -9999.0 -9999.0 -9999.0 -9999.0 -9999.0 -9999.0 -9999.0
nan nan nan nan nan nan nan nan nan nan nan nan nan nan nan nan nan nan nan nan nan nan nan nan nan nan nan nan nan nan nan nan 15.5 21.7 22.5 23.3 nan nan nan 17.5 13.6 14.8 nan nan 21.4 21.3 21.0 20.7 20.5 20.2 20.1 20.0 20.0 20.1 20.2 20.3 20.6 20.2 -9999.0 -9999.0 -9999.0 -9999.0 -9999.0 -9999.0 -9999.0 -9999.0 -9999.0 -9999.0 -9999.0 -9999.0 -9999.0 -9999.0 -9999.0 -9999.0 -9999.0 -9999.0 -9999.0 -9999.0 -9999.0 -9999.0 -9999.0 -9999.0 nan nan nan -9999.0 -9999.0 -9999.0 -9999.0 -9999.0
nan nan nan nan nan nan nan nan nan nan nan nan nan nan nan nan nan nan nan nan nan nan nan nan nan nan nan nan nan nan nan nan 20.9 21.6 22.5 23.3 nan nan nan nan 15.8 15.0 23.6 nan 21.3 21.5 21.3 21.0 20.7 20.5 20.4 20.3 20.3 20.5 20.6 20.7 20.9 21.1 -9999.0 -9999.0 -9999.0 -9999.0 -9999.0 -9999.0 -9999.0 -9999.0 -9999.0 -9999.0 -9999.0 -9999.0 -9999.0 -9999.0 -9999.0 -9999.0 -9999.0 -9999.0 -9999.0 -9999.0 -9999.0 -9999.0 nan nan nan nan nan nan nan nan -9999.0 -9999.0
nan nan nan nan nan nan nan nan nan nan nan nan nan nan nan nan nan nan nan nan nan nan nan nan nan nan nan nan nan nan nan nan nan 21.6 22.6 23.5 nan nan nan nan 19.0 16.5 21.1 18.1 nan 21.9 21.9 21.4 21.1 20.9 20.7 20.6 20.6 20.8 21.0 21.1 21.3 21.6 -9999.0 -9999.0 -9999.0 -9999.0 -9999.0 -9999.0 -9999.0 -9999.0 -9999.0 -9999.0 -9999.0 nan nan nan nan nan nan nan nan nan nan nan nan nan nan nan nan nan nan nan nan nan
nan nan nan nan nan nan nan nan nan nan nan nan nan nan nan nan nan nan nan nan nan nan nan nan nan nan nan nan nan nan nan nan nan 21.5 22.5 23.7 23.7 nan nan nan 22.3 18.0 19.3 24.3 nan nan 21.7 21.5 21.3 21.1 21.0 20.9 20.9 21.1 21.3 21.5 21.7 22.1 -9999.0 -9999.0 -9999.0 -9999.0 -9999.0 -9999.0 -9999.0 -9999.0 -9999.0 -9999.0 nan nan nan nan nan nan nan nan nan nan nan nan nan nan nan nan nan nan nan nan nan nan
