data/output/RUN203/ECOSPACE/ECOSPACE_in_PAR3/PAR-VarZ-VarK/PAR-VarZ-VarK_1980_09.asc
ncols        93
nrows        151 
xllcorner    -123.80739
yllcorner    48.29471 
cellsize     0.013497347 
NODATA_value  0.0
[rows 80 to 119 of 151, columns 0 to 89 of 93]
nan nan nan nan nan nan nan nan nan nan nan nan nan nan nan nan nan nan nan nan nan nan nan 24.2 22.6 24.5 26.0 26.1 25.4 24.7 23.8 22.9 22.1 21.3 20.6 19.9 19.3 18.8 18.3 17.7 17.2 16.6 16.1 15.7 15.3 14.8 14.4 14.1 13.8 13.6 13.4 13.3 13.2 13.1 nan nan nan nan nan nan nan nan nan nan nan nan 11.2 11.4 11.4 11.5 nan 11.2 11.2 11.2 11.2 11.3 11.2 11.1 10.9 11.0 11.3 11.4 11.3 nan nan nan nan nan nan nan
nan nan nan nan nan nan nan nan nan nan nan nan nan nan nan nan nan nan nan nan nan nan nan nan nan nan 26.4 26.1 25.6 24.9 24.1 23.3 22.4 21.5 20.8 20.0 19.4 18.8 18.2 17.6 17.1 16.5 16.0 15.6 15.2 14.8 14.4 14.0 13.8 13.5 13.3 13.2 13.1 13.1 12.9 nan nan nan nan nan nan nan nan nan nan nan 11.5 11.5 nan nan nan nan nan 11.3 11.4 11.4 nan 11.2 11.2 11.4 11.6 11.7 nan nan nan nan nan nan nan nan
nan nan nan nan nan nan nan nan nan nan nan nan nan nan nan nan nan nan nan nan nan nan nan nan nan nan nan 26.1 25.6 25.2 24.5 23.6 22.6 21.7 20.9 20.2 19.5 18.8 18.2 17.6 17.0 16.5 16.0 15.5 15.1 14.7 14.4 14.0 13.8 13.5 13.3 13.1 13.1 13.1 13.0 12.7 nan nan nan nan nan nan nan nan nan 11.5 11.7 nan nan nan nan nan nan 11.3 11.4 11.4 nan 11.4 11.5 11.6 11.8 nan nan nan nan nan nan nan nan nan
nan nan nan nan nan nan nan nan nan nan nan nan nan nan nan nan nan nan nan nan nan nan nan nan nan nan nan nan 24.4 25.1 24.9 24.0 22.9 22.0 21.1 20.3 19.6 18.9 18.2 17.6 17.0 16.5 15.9 15.5 15.1 14.7 14.4 14.1 13.8 13.6 13.4 13.2 13.1 13.0 13.0 12.8 12.6 nan nan nan nan nan nan nan nan 11.5 11.7 nan nan nan nan nan nan 11.3 11.4 11.5 11.8 12.0 11.9 11.8 nan nan nan nan nan nan nan nan nan nan
nan nan nan nan nan nan nan nan nan nan nan nan nan nan nan nan nan nan nan nan nan nan nan nan nan nan nan nan nan 10.0 25.2 24.3 23.2 22.2 21.3 20.4 19.6 19.0 18.3 17.7 17.1 16.5 15.9 15.5 15.1 14.8 14.5 14.2 13.9 13.7 13.5 13.3 13.2 13.1 13.0 12.9 12.8 12.6 nan nan nan nan nan nan 11.5 11.6 11.7 nan 11.8 11.8 11.8 nan nan 11.4 11.5 11.7 11.9 12.2 nan nan nan nan nan nan nan nan nan nan nan nan
nan nan nan nan nan nan nan nan nan nan nan nan nan nan nan nan nan nan nan nan nan nan nan nan nan nan nan nan nan nan 10.6 24.5 23.5 22.4 21.4 20.5 19.7 19.0 18.3 17.7 17.1 16.5 16.0 15.5 15.2 14.9 14.6 14.3 14.1 13.9 13.7 13.6 13.4 13.3 13.2 13.1 13.0 12.9 nan nan nan nan nan 11.6 11.7 11.8 11.8 11.9 11.8 11.8 11.8 7.1 nan 11.4 11.6 11.8 12.0 12.1 nan nan nan nan nan nan nan nan nan nan nan nan
nan nan nan nan nan nan nan nan nan nan nan nan nan nan nan nan nan nan nan nan nan nan nan nan nan nan nan nan nan nan nan 22.8 23.6 22.6 21.6 20.7 19.9 19.1 18.4 17.8 17.2 16.6 16.1 15.7 15.3 15.0 14.7 14.5 14.4 14.2 14.1 13.9 13.8 13.6 13.5 13.4 13.3 13.2 12.9 nan nan 11.9 12.1 12.0 12.0 12.0 12.0 12.0 12.0 11.9 11.9 nan nan 11.6 11.8 11.9 12.1 12.1 nan nan nan nan nan nan nan nan nan nan nan nan
nan nan nan nan nan nan nan nan nan nan nan nan nan nan nan nan nan nan nan nan nan nan nan nan nan nan nan nan nan nan nan nan 23.8 22.8 21.8 21.0 20.2 19.4 18.6 18.0 17.3 16.8 16.3 15.8 15.5 15.2 15.0 14.8 14.7 14.6 14.5 14.4 14.2 14.1 14.0 13.9 13.7 13.6 13.3 12.9 12.6 12.5 12.5 nan 12.2 12.3 12.4 12.4 12.4 12.3 12.1 12.0 11.9 11.9 12.0 12.1 12.1 nan nan nan nan nan nan nan nan nan nan nan nan nan
nan nan nan nan nan nan nan nan nan nan nan nan nan nan nan nan nan nan nan nan nan nan nan nan nan nan nan nan nan nan 23.1 23.4 23.5 22.8 22.0 21.3 20.5 19.7 18.9 18.2 17.6 17.0 16.5 16.1 15.7 15.5 15.3 15.1 15.1 15.0 15.0 14.9 14.8 14.7 14.6 14.4 14.2 14.0 13.7 13.4 13.1 12.9 12.8 12.8 12.8 12.8 12.9 12.9 12.9 12.8 12.5 12.2 12.1 12.1 12.1 12.2 12.1 nan nan nan nan nan nan nan nan nan nan nan nan nan
nan nan nan nan nan nan nan nan nan nan nan nan nan nan nan nan nan nan nan nan nan nan nan nan nan nan nan nan nan nan nan nan 23.3 22.8 22.3 21.8 21.0 20.2 19.3 18.6 18.0 17.4 16.9 16.4 16.1 15.8 15.7 15.6 15.5 15.5 15.5 15.5 15.5 15.4 15.3 15.1 14.9 14.6 14.3 13.9 13.6 13.4 13.3 13.2 13.1 13.1 13.1 nan nan nan 12.6 12.4 12.3 12.2 12.2 12.2 nan nan nan nan nan nan nan nan nan nan nan nan nan nan
nan nan nan nan nan nan nan nan nan nan nan nan nan nan nan nan nan nan nan nan nan nan nan nan nan nan nan nan nan nan 10.7 9.8 22.9 22.8 22.6 22.4 21.9 21.0 19.9 19.1 18.4 17.8 17.3 16.8 16.5 16.2 16.1 16.1 16.1 16.1 16.2 16.2 16.2 16.1 16.0 15.8 15.6 15.3 14.9 14.5 14.1 13.8 13.6 13.4 nan nan nan nan nan nan nan 12.6 12.4 12.2 12.2 12.1 nan nan nan nan nan nan nan nan nan nan nan nan nan nan
nan nan nan nan nan nan nan nan nan nan nan nan nan nan nan nan nan nan nan nan nan nan nan nan nan nan nan nan nan nan 10.7 22.6 22.9 23.1 23.0 11.6 22.8 21.7 20.4 19.6 18.9 18.3 17.7 17.3 16.9 16.7 16.6 16.5 16.6 16.6 16.7 16.8 16.8 16.8 16.7 16.5 16.2 15.9 15.5 15.1 14.5 14.1 13.7 nan nan nan nan nan nan 12.4 12.4 12.5 12.3 12.2 12.1 nan nan nan nan nan nan nan nan nan nan nan nan nan nan nan
nan nan nan nan nan nan nan nan nan nan nan nan nan nan nan nan nan nan nan nan nan nan nan nan nan nan nan nan nan nan 10.7 21.8 23.1 23.4 nan nan nan 21.4 20.8 20.1 19.4 18.8 18.2 17.8 17.4 17.2 17.0 17.0 17.0 17.0 17.1 17.2 17.2 17.3 17.2 17.1 16.9 16.6 16.2 15.6 15.1 14.6 14.1 nan nan nan nan nan 12.4 12.4 12.3 12.2 12.1 12.1 nan nan nan nan nan nan nan nan nan nan nan nan nan nan nan nan
nan nan nan nan nan nan nan nan nan nan nan nan nan nan nan nan nan nan nan nan nan nan nan nan nan nan nan nan nan nan 10.7 10.1 23.3 23.7 nan nan nan 19.6 21.1 20.5 20.0 19.3 18.8 18.3 17.9 17.6 17.5 17.4 17.4 17.4 17.4 17.5 17.6 17.7 17.8 17.7 17.6 17.3 16.8 16.3 15.7 15.1 14.4 13.5 13.1 nan 12.5 12.5 12.5 12.3 12.2 12.1 nan nan nan nan nan nan nan nan nan nan nan nan nan nan nan nan nan nan
nan nan nan nan nan nan nan nan nan nan nan nan nan nan nan nan nan nan nan nan nan nan nan nan nan nan nan nan nan nan nan nan 23.4 19.9 nan nan nan nan 20.7 20.9 20.6 19.9 19.3 18.8 18.4 18.0 17.9 17.7 17.7 17.6 17.7 17.8 17.9 18.1 18.2 18.2 18.1 17.9 17.5 17.0 16.4 15.6 14.9 14.2 13.7 13.2 12.9 12.6 12.4 12.2 12.0 nan nan nan nan nan nan nan nan nan nan nan nan nan nan nan nan nan nan nan
nan nan nan nan nan nan nan nan nan nan nan nan nan nan nan nan nan nan nan nan nan nan nan nan nan nan nan nan nan nan nan nan nan 20.0 9.8 nan nan nan 9.9 21.5 21.1 20.5 19.9 19.3 18.8 18.5 18.2 18.0 18.0 18.0 18.0 18.1 18.2 18.4 18.5 18.6 18.6 18.4 18.1 17.6 17.0 16.3 15.5 14.8 14.1 13.5 13.1 12.7 12.4 12.2 12.0 nan nan nan nan nan nan nan nan nan nan nan nan nan nan nan nan nan nan nan
nan nan nan nan nan nan nan nan nan nan nan nan nan nan nan nan nan nan nan nan nan nan nan nan nan nan nan nan nan nan nan nan nan nan 10.7 19.5 nan nan nan nan 21.5 21.1 20.4 19.8 19.3 18.9 18.6 18.4 18.3 18.3 18.4 18.5 18.6 18.7 18.9 19.0 19.0 18.9 18.6 18.2 17.6 17.0 16.1 15.2 14.4 13.8 13.2 12.8 12.5 12.2 12.1 11.9 nan nan nan nan nan nan nan nan nan nan nan nan nan nan nan nan nan nan
nan nan nan nan nan nan nan nan nan nan nan nan nan nan nan nan nan nan nan nan nan nan nan nan nan nan nan nan nan nan nan nan nan nan nan 14.7 10.9 nan nan nan nan 20.6 20.8 20.3 19.8 19.4 19.0 18.8 18.7 18.7 18.7 18.8 19.0 19.1 19.2 19.3 19.3 19.2 19.0 18.6 18.1 17.4 16.5 15.6 14.7 13.9 13.4 12.9 12.5 12.2 12.1 12.0 11.9 7.0 nan nan nan nan nan nan nan nan nan nan nan nan nan nan nan nan
nan nan nan nan nan nan nan nan nan nan nan nan nan nan nan nan nan nan nan nan nan nan nan nan nan nan nan nan nan nan nan nan nan nan 11.6 14.2 21.6 21.5 nan 10.9 nan 18.9 21.1 20.7 20.3 19.9 19.5 19.2 19.1 19.1 19.2 19.2 19.4 19.5 19.5 19.6 19.5 19.5 19.3 19.0 18.4 17.7 16.8 15.8 14.9 14.1 13.5 13.1 12.7 12.3 12.1 12.0 12.0 11.9 nan nan nan nan nan nan nan nan nan nan nan nan nan nan nan nan
nan nan nan nan nan nan nan nan nan nan nan nan nan nan nan nan nan nan nan nan nan nan nan nan nan nan nan nan nan nan nan nan nan nan 21.7 21.7 21.8 20.1 11.6 19.1 20.4 17.9 21.6 21.2 20.8 20.4 20.0 19.8 19.6 19.6 19.6 19.6 19.7 19.8 19.8 19.8 19.8 19.7 19.5 19.1 18.6 17.8 16.8 15.8 14.9 14.0 13.3 13.1 12.5 12.5 12.1 12.1 12.0 12.0 12.0 nan nan nan nan nan nan nan nan nan nan nan nan nan nan nan
nan nan nan nan nan nan nan nan nan nan nan nan nan nan nan nan nan nan nan nan nan nan nan nan nan nan nan nan nan nan nan nan nan nan 21.6 21.8 21.9 21.6 20.3 nan 20.8 20.7 22.0 21.7 21.3 20.9 20.6 20.3 20.1 20.0 20.0 20.0 20.0 20.1 20.0 20.0 19.9 19.8 19.6 19.2 18.6 17.7 -9999.0 -9999.0 -9999.0 -9999.0 -9999.0 -9999.0 -9999.0 7.6 12.2 12.1 12.1 12.0 12.0 nan nan nan nan nan nan nan nan nan nan nan nan nan nan -9999.0
nan nan nan nan nan nan nan nan nan nan nan nan nan nan nan nan nan nan nan nan nan nan nan nan nan nan nan nan nan nan nan nan nan nan 21.5 21.6 21.7 21.8 21.8 nan nan 22.0 22.2 22.0 21.7 21.4 21.1 20.9 20.7 20.6 20.5 20.4 20.4 20.3 20.2 20.2 20.1 19.9 19.6 19.1 18.4 -9999.0 -9999.0 -9999.0 -9999.0 -9999.0 -9999.0 -9999.0 -9999.0 nan 8.7 12.0 12.0 11.4 nan nan nan nan nan nan nan nan nan nan nan nan nan nan nan -9999.0
nan nan nan nan nan nan nan nan nan nan nan nan nan nan nan nan nan nan nan nan nan nan nan nan nan nan nan nan nan nan nan nan nan nan 21.4 21.4 21.5 21.6 21.5 nan 18.1 20.2 22.3 22.2 22.0 21.8 21.5 21.4 21.2 21.1 20.9 20.8 20.7 20.5 20.4 20.3 20.1 19.9 19.5 18.9 18.1 -9999.0 -9999.0 -9999.0 -9999.0 -9999.0 -9999.0 -9999.0 -9999.0 -9999.0 -9999.0 nan 7.3 7.3 nan nan nan nan nan nan nan nan nan nan nan nan nan nan nan -9999.0
nan nan nan nan nan nan nan nan nan nan nan nan nan nan nan nan nan nan nan nan nan nan nan nan nan nan nan nan nan nan nan nan nan nan 21.1 21.2 21.4 20.2 19.1 13.2 20.5 18.4 22.0 22.2 22.1 21.9 21.8 21.7 21.5 21.4 21.3 21.1 21.0 20.7 20.5 20.4 20.2 19.9 19.4 18.7 -9999.0 -9999.0 -9999.0 -9999.0 -9999.0 -9999.0 -9999.0 -9999.0 -9999.0 -9999.0 -9999.0 nan nan nan nan nan nan nan nan nan nan nan nan nan nan nan nan nan nan -9999.0
nan nan nan nan nan nan nan nan nan nan nan nan nan nan nan nan nan nan nan nan nan nan nan nan nan nan nan nan nan nan nan nan 17.7 18.8 20.5 21.4 21.7 22.1 21.8 20.3 nan 22.6 22.2 22.2 22.1 22.0 21.9 21.8 21.7 21.6 21.5 21.4 21.1 20.9 20.6 20.4 20.2 19.8 19.2 -9999.0 -9999.0 -9999.0 -9999.0 -9999.0 -9999.0 -9999.0 -9999.0 -9999.0 -9999.0 -9999.0 -9999.0 -9999.0 nan nan nan nan nan nan nan nan nan nan nan nan nan nan nan nan nan -9999.0
nan nan nan nan nan nan nan nan nan nan nan nan nan nan nan nan nan nan nan nan nan nan nan nan nan nan nan nan nan 10.8 nan nan 21.1 21.1 21.4 21.5 22.0 22.3 22.8 nan nan 22.2 22.3 22.3 22.2 22.1 22.0 22.0 21.9 21.8 21.7 21.5 21.3 21.0 20.7 20.5 20.2 19.7 19.1 -9999.0 -9999.0 -9999.0 -9999.0 -9999.0 -9999.0 -9999.0 -9999.0 -9999.0 -9999.0 -9999.0 -9999.0 -9999.0 -9999.0 -9999.0 nan nan nan nan nan nan nan nan nan nan nan nan nan nan nan -9999.0
nan nan nan nan nan nan nan nan nan nan nan nan nan nan nan nan nan nan nan nan nan nan nan nan nan nan nan nan nan 9.5 9.5 nan 21.3 21.5 19.6 19.5 20.8 22.4 22.5 21.9 nan 22.2 22.5 22.5 22.5 22.3 22.2 22.1 22.0 22.0 21.9 21.6 21.4 21.1 20.8 20.5 20.2 19.7 -9999.0 -9999.0 -9999.0 -9999.0 -9999.0 -9999.0 -9999.0 -9999.0 -9999.0 -9999.0 -9999.0 -9999.0 -9999.0 -9999.0 -9999.0 -9999.0 -9999.0 nan nan nan nan nan nan nan nan nan nan nan nan nan nan -9999.0
nan nan nan nan nan nan nan nan nan nan nan nan nan nan nan nan nan nan nan nan nan nan nan nan nan nan nan nan nan 10.1 21.1 21.4 21.6 21.8 22.2 nan 9.9 22.0 22.3 22.5 nan 21.6 22.8 22.9 22.7 22.5 22.3 22.2 22.2 22.1 22.0 21.8 21.5 21.1 20.9 20.6 20.3 19.9 -9999.0 -9999.0 -9999.0 -9999.0 -9999.0 -9999.0 -9999.0 -9999.0 -9999.0 -9999.0 -9999.0 -9999.0 -9999.0 -9999.0 -9999.0 -9999.0 -9999.0 -9999.0 nan nan nan nan nan nan nan nan nan nan nan nan nan -9999.0
nan nan nan nan nan nan nan nan nan nan nan nan nan nan nan nan nan nan nan nan nan nan nan nan nan nan nan nan nan nan 20.6 21.2 21.7 22.2 20.1 nan nan 21.2 21.7 22.5 nan 19.8 21.2 22.8 22.9 22.6 22.4 22.2 22.2 22.2 22.1 21.8 21.5 21.2 21.0 20.7 20.4 20.0 -9999.0 -9999.0 -9999.0 -9999.0 -9999.0 -9999.0 -9999.0 -9999.0 -9999.0 -9999.0 -9999.0 -9999.0 -9999.0 -9999.0 -9999.0 -9999.0 -9999.0 -9999.0 -9999.0 nan nan nan nan nan nan nan nan nan nan nan nan -9999.0
nan nan nan nan nan nan nan nan nan nan nan nan nan nan nan nan nan nan nan nan nan nan nan nan nan nan nan nan nan nan 19.3 21.3 21.9 22.4 19.9 nan 11.0 16.7 19.6 11.6 18.0 15.4 17.9 22.0 22.8 22.5 22.3 22.2 22.1 22.1 22.0 21.8 21.4 21.1 20.9 20.7 20.4 19.9 -9999.0 -9999.0 -9999.0 -9999.0 -9999.0 -9999.0 -9999.0 -9999.0 -9999.0 -9999.0 -9999.0 -9999.0 -9999.0 -9999.0 -9999.0 -9999.0 -9999.0 -9999.0 -9999.0 -9999.0 nan nan nan nan nan nan nan nan nan nan nan -9999.0
nan nan nan nan nan nan nan nan nan nan nan nan nan nan nan nan nan nan nan nan nan nan nan nan nan nan nan nan nan nan 19.7 21.2 21.9 22.3 20.2 10.9 nan 19.7 15.8 11.4 15.5 nan 22.9 23.0 22.7 22.4 22.2 22.1 22.0 22.0 21.9 21.7 21.3 21.1 20.9 20.8 20.0 16.9 -9999.0 -9999.0 -9999.0 -9999.0 -9999.0 -9999.0 -9999.0 -9999.0 -9999.0 -9999.0 -9999.0 -9999.0 -9999.0 -9999.0 -9999.0 -9999.0 -9999.0 -9999.0 -9999.0 -9999.0 -9999.0 -9999.0 nan nan nan nan nan nan nan nan nan -9999.0
nan nan nan nan nan nan nan nan nan nan nan nan nan nan nan nan nan nan nan nan nan nan nan nan nan nan nan nan nan nan nan 21.3 21.7 22.0 22.5 nan nan 15.1 14.6 12.4 nan nan 23.0 22.9 22.6 22.3 22.1 22.0 21.9 21.8 21.7 21.5 21.2 21.1 21.0 21.0 20.6 18.2 -9999.0 -9999.0 -9999.0 -9999.0 -9999.0 -9999.0 -9999.0 -9999.0 -9999.0 -9999.0 -9999.0 nan nan nan -9999.0 -9999.0 -9999.0 -9999.0 -9999.0 -9999.0 -9999.0 -9999.0 -9999.0 -9999.0 -9999.0 -9999.0 -9999.0 nan nan nan -9999.0 -9999.0
nan nan nan nan nan nan nan nan nan nan nan nan nan nan nan nan nan nan nan nan nan nan nan nan nan nan nan nan nan nan nan 20.2 21.4 21.9 22.6 nan 10.5 13.0 19.5 11.5 nan nan 23.0 22.9 22.6 22.4 22.1 21.9 21.8 21.7 21.6 21.4 21.2 21.1 21.2 21.3 21.0 18.7 -9999.0 -9999.0 -9999.0 -9999.0 -9999.0 -9999.0 -9999.0 -9999.0 -9999.0 -9999.0 -9999.0 nan nan nan nan nan -9999.0 -9999.0 -9999.0 -9999.0 -9999.0 -9999.0 -9999.0 -9999.0 -9999.0 -9999.0 -9999.0 -9999.0 -9999.0 -9999.0 -9999.0 -9999.0
nan nan nan nan nan nan nan nan nan nan nan nan nan nan nan nan nan nan nan nan nan nan nan nan nan nan nan nan nan nan nan 10.8 21.5 22.0 21.7 21.0 20.1 15.3 12.1 9.8 11.6 nan 22.9 23.0 22.7 22.4 22.1 21.9 21.8 21.7 21.5 21.3 21.2 21.2 21.4 21.5 21.6 19.3 -9999.0 -9999.0 -9999.0 -9999.0 -9999.0 -9999.0 -9999.0 -9999.0 -9999.0 -9999.0 -9999.0 -9999.0 -9999.0 -9999.0 -9999.0 -9999.0 -9999.0 -9999.0 -9999.0 -9999.0 -9999.0 -9999.0 -9999.0 -9999.0 -9999.0 -9999.0 -9999.0 -9999.0 -9999.0 -9999.0 -9999.0 -9999.0
nan nan nan nan nan nan nan nan nan nan nan nan nan nan nan nan nan nan nan nan nan nan nan nan nan nan nan nan nan nan nan 10.8 20.7 21.9 22.7 22.9 22.9 nan 13.9 16.0 9.5 nan 22.8 23.1 22.9 22.6 22.2 22.0 21.8 21.7 21.5 21.4 21.3 21.4 21.6 21.7 21.9 18.5 -9999.0 -9999.0 -9999.0 -9999.0 -9999.0 -9999.0 -9999.0 -9999.0 -9999.0 -9999.0 -9999.0 -9999.0 -9999.0 -9999.0 -9999.0 -9999.0 -9999.0 -9999.0 -9999.0 -9999.0 -9999.0 -9999.0 -9999.0 -9999.0 -9999.0 -9999.0 -9999.0 -9999.0 -9999.0 -9999.0 -9999.0 -9999.0
nan nan nan nan nan nan nan nan nan nan nan nan nan nan nan nan nan nan nan nan nan nan nan nan nan nan nan nan nan nan nan 10.8 19.2 20.8 22.5 22.9 22.9 nan nan 14.1 10.8 nan nan 23.2 23.0 22.7 22.4 22.1 21.9 21.8 21.6 21.5 21.4 21.5 21.7 21.9 22.2 17.4 -9999.0 -9999.0 -9999.0 -9999.0 -9999.0 -9999.0 -9999.0 -9999.0 -9999.0 -9999.0 -9999.0 -9999.0 -9999.0 -9999.0 -9999.0 -9999.0 -9999.0 -9999.0 -9999.0 -9999.0 -9999.0 -9999.0 -9999.0 -9999.0 -9999.0 -9999.0 -9999.0 -9999.0 -9999.0 -9999.0 -9999.0 -9999.0
nan nan nan nan nan nan nan nan nan nan nan nan nan nan nan nan nan nan nan nan nan nan nan nan nan nan nan nan nan nan nan nan 10.5 21.9 22.3 22.7 nan nan nan 14.8 10.7 11.3 nan nan 22.8 22.8 22.5 22.2 22.0 21.9 21.7 21.6 21.5 21.6 21.8 22.2 22.3 21.5 -9999.0 -9999.0 -9999.0 -9999.0 -9999.0 -9999.0 -9999.0 -9999.0 -9999.0 -9999.0 -9999.0 -9999.0 -9999.0 -9999.0 -9999.0 -9999.0 -9999.0 -9999.0 -9999.0 -9999.0 -9999.0 -9999.0 -9999.0 -9999.0 nan nan nan -9999.0 -9999.0 -9999.0 -9999.0 -9999.0
nan nan nan nan nan nan nan nan nan nan nan nan nan nan nan nan nan nan nan nan nan nan nan nan nan nan nan nan nan nan nan nan 21.6 21.7 22.2 22.6 nan nan nan nan 12.0 10.9 19.3 nan 22.1 22.9 22.7 22.4 22.2 22.1 21.9 21.8 21.7 21.7 22.0 22.5 22.7 22.1 -9999.0 -9999.0 -9999.0 -9999.0 -9999.0 -9999.0 -9999.0 -9999.0 -9999.0 -9999.0 -9999.0 -9999.0 -9999.0 -9999.0 -9999.0 -9999.0 -9999.0 -9999.0 -9999.0 -9999.0 -9999.0 -9999.0 nan nan nan nan nan nan nan nan -9999.0 -9999.0
nan nan nan nan nan nan nan nan nan nan nan nan nan nan nan nan nan nan nan nan nan nan nan nan nan nan nan nan nan nan nan nan nan 21.9 22.3 22.8 nan nan nan nan 16.0 12.8 15.7 13.4 nan 23.2 23.0 22.7 22.5 22.4 22.2 22.0 21.9 21.9 22.1 22.5 22.8 22.9 -9999.0 -9999.0 -9999.0 -9999.0 -9999.0 -9999.0 -9999.0 -9999.0 -9999.0 -9999.0 -9999.0 nan nan nan nan nan nan nan nan nan nan nan nan nan nan nan nan nan nan nan nan nan
nan nan nan nan nan nan nan nan nan nan nan nan nan nan nan nan nan nan nan nan nan nan nan nan nan nan nan nan nan nan nan nan nan 22.2 22.5 22.9 22.9 nan nan nan 21.7 13.3 14.6 21.1 nan nan 22.8 22.7 22.6 22.4 22.4 22.2 22.1 22.0 22.2 22.6 23.0 23.2 -9999.0 -9999.0 -9999.0 -9999.0 -9999.0 -9999.0 -9999.0 -9999.0 -9999.0 -9999.0 nan nan nan nan nan nan nan nan nan nan nan nan nan nan nan nan nan nan nan nan nan nan
