data/output/RUN203/ECOSPACE/ECOSPACE_in_PAR3/PAR-VarZ-VarK/PAR-VarZ-VarK_1985_03.asc
ncols        93
nrows        151 
xllcorner    -123.80739
yllcorner    48.29471 
cellsize     0.013497347 
NODATA_value  0.0
[rows 80 to 119 of 151, columns 0 to 89 of 93]
nan nan nan nan nan nan nan nan nan nan nan nan nan nan nan nan nan nan nan nan nan nan nan 30.0 28.9 31.2 30.8 32.8 32.3 31.1 30.0 28.9 27.7 26.6 25.8 25.2 24.9 24.5 24.4 24.3 24.3 24.2 24.0 24.0 24.0 23.7 23.4 23.0 22.4 21.7 20.2 18.9 17.7 17.1 nan nan nan nan nan nan nan nan nan nan nan nan 14.3 14.7 14.8 14.9 nan 14.8 14.8 14.9 15.1 15.3 15.3 15.1 15.0 15.2 15.6 15.9 15.9 nan nan nan nan nan nan nan
nan nan nan nan nan nan nan nan nan nan nan nan nan nan nan nan nan nan nan nan nan nan nan nan nan nan 32.8 33.1 32.6 31.7 30.6 29.3 28.1 27.0 26.1 25.5 25.1 24.7 24.5 24.4 24.3 24.1 23.8 23.7 23.6 23.3 23.0 22.6 22.1 21.4 20.4 19.3 18.2 17.4 16.7 nan nan nan nan nan nan nan nan nan nan nan 14.7 14.9 nan nan nan nan nan 15.1 15.3 15.5 nan 15.3 15.5 15.9 16.3 16.7 nan nan nan nan nan nan nan nan
nan nan nan nan nan nan nan nan nan nan nan nan nan nan nan nan nan nan nan nan nan nan nan nan nan nan nan 32.8 32.8 32.4 31.3 29.8 28.4 27.4 26.5 25.7 25.3 24.9 24.6 24.5 24.1 23.8 23.6 23.5 23.4 23.1 22.7 22.5 21.9 21.2 20.5 19.7 18.7 17.8 17.0 16.5 nan nan nan nan nan nan nan nan nan 14.6 15.1 nan nan nan nan nan nan 15.1 15.4 15.6 nan 15.6 16.1 16.5 16.9 nan nan nan nan nan nan nan nan nan
nan nan nan nan nan nan nan nan nan nan nan nan nan nan nan nan nan nan nan nan nan nan nan nan nan nan nan nan 32.8 32.2 31.9 30.3 29.0 28.0 26.9 26.0 25.5 25.1 24.7 24.4 24.0 23.5 23.3 23.1 23.1 22.9 22.6 22.3 21.8 21.1 20.4 19.8 19.0 18.2 17.5 16.8 16.3 nan nan nan nan nan nan nan nan 14.7 15.0 nan nan nan nan nan nan 15.1 15.5 15.9 16.4 16.9 16.9 16.9 nan nan nan nan nan nan nan nan nan nan
nan nan nan nan nan nan nan nan nan nan nan nan nan nan nan nan nan nan nan nan nan nan nan nan nan nan nan nan nan 10.7 32.3 31.1 29.8 28.5 27.3 26.4 25.8 25.3 24.8 24.4 24.0 23.5 23.2 23.0 22.9 22.7 22.4 22.1 21.7 21.2 20.5 20.1 19.4 18.6 17.9 17.2 16.6 16.3 nan nan nan nan nan nan 14.7 14.9 15.2 nan 15.6 15.6 15.8 nan nan 15.3 15.8 16.3 16.9 17.6 nan nan nan nan nan nan nan nan nan nan nan nan
nan nan nan nan nan nan nan nan nan nan nan nan nan nan nan nan nan nan nan nan nan nan nan nan nan nan nan nan nan nan 11.5 31.3 30.2 29.0 27.8 26.7 26.0 25.5 25.0 24.4 24.0 23.4 23.1 23.0 22.8 22.7 22.4 22.1 21.9 21.5 20.8 20.3 19.7 19.1 18.4 17.7 17.1 16.6 nan nan nan nan nan 14.9 15.1 15.4 15.5 15.7 15.7 15.7 15.8 8.5 nan 15.4 16.1 16.7 17.2 17.5 nan nan nan nan nan nan nan nan nan nan nan nan
nan nan nan nan nan nan nan nan nan nan nan nan nan nan nan nan nan nan nan nan nan nan nan nan nan nan nan nan nan nan nan 30.6 29.9 29.4 28.3 27.1 26.2 25.6 25.1 24.5 24.0 23.5 23.1 22.9 22.8 22.6 22.5 22.3 22.1 21.7 21.3 20.8 20.1 19.6 19.0 18.3 17.7 17.2 16.8 nan nan 15.4 15.8 15.8 15.8 15.9 16.1 16.1 16.1 16.0 16.0 nan nan 15.8 16.5 17.1 17.5 17.7 nan nan nan nan nan nan nan nan nan nan nan nan
nan nan nan nan nan nan nan nan nan nan nan nan nan nan nan nan nan nan nan nan nan nan nan nan nan nan nan nan nan nan nan nan 30.2 29.5 28.6 27.7 26.6 25.8 25.2 24.7 24.1 23.6 23.2 23.1 22.9 22.6 22.5 22.5 22.3 22.0 21.6 21.2 20.7 20.2 19.6 19.1 18.5 18.0 17.6 16.9 16.5 16.5 16.7 nan 16.4 16.6 16.9 17.0 17.0 16.8 16.6 16.3 16.4 16.6 17.0 17.4 17.6 nan nan nan nan nan nan nan nan nan nan nan nan nan
nan nan nan nan nan nan nan nan nan nan nan nan nan nan nan nan nan nan nan nan nan nan nan nan nan nan nan nan nan nan 30.6 31.0 29.9 29.7 28.9 28.2 27.0 26.0 25.4 24.9 24.3 23.8 23.5 23.2 23.0 22.9 22.7 22.6 22.4 22.2 21.9 21.7 21.4 21.0 20.6 20.2 19.7 19.2 18.7 18.2 17.8 17.6 17.5 17.6 17.5 17.8 18.1 18.2 18.0 18.0 17.5 17.1 17.1 17.2 17.4 17.7 17.7 nan nan nan nan nan nan nan nan nan nan nan nan nan
nan nan nan nan nan nan nan nan nan nan nan nan nan nan nan nan nan nan nan nan nan nan nan nan nan nan nan nan nan nan nan nan 30.4 29.8 29.4 28.8 27.8 26.8 25.9 25.2 24.5 24.0 23.6 23.3 23.1 23.0 22.9 22.8 22.7 22.5 22.4 22.3 22.2 22.1 21.9 21.5 21.1 20.6 20.2 19.7 19.1 18.6 18.5 18.5 18.4 18.5 18.8 nan nan nan 17.9 17.7 17.6 17.6 17.7 17.8 nan nan nan nan nan nan nan nan nan nan nan nan nan nan
nan nan nan nan nan nan nan nan nan nan nan nan nan nan nan nan nan nan nan nan nan nan nan nan nan nan nan nan nan nan 10.9 10.1 30.1 30.2 29.9 29.5 28.6 27.7 26.6 25.8 25.0 24.4 24.0 23.5 23.3 23.3 23.1 23.1 23.1 23.0 23.0 23.0 23.0 23.1 23.0 22.7 22.3 21.8 21.2 20.6 20.0 19.3 18.8 18.7 nan nan nan nan nan nan nan 18.1 17.9 17.7 17.8 17.8 nan nan nan nan nan nan nan nan nan nan nan nan nan nan
nan nan nan nan nan nan nan nan nan nan nan nan nan nan nan nan nan nan nan nan nan nan nan nan nan nan nan nan nan nan 11.6 30.1 30.2 30.5 30.4 13.4 29.3 28.4 27.2 26.4 25.6 24.9 24.4 24.0 23.8 23.7 23.5 23.5 23.5 23.6 23.7 23.7 23.9 24.0 23.9 23.7 23.2 22.6 21.9 21.3 20.5 19.7 19.0 nan nan nan nan nan nan 17.5 17.7 18.0 17.9 17.7 17.7 nan nan nan nan nan nan nan nan nan nan nan nan nan nan nan
nan nan nan nan nan nan nan nan nan nan nan nan nan nan nan nan nan nan nan nan nan nan nan nan nan nan nan nan nan nan 10.9 28.9 30.2 30.8 nan nan nan 28.5 28.1 27.4 26.5 25.6 25.1 24.5 24.2 24.2 24.1 24.1 24.1 24.3 24.3 24.5 24.5 24.5 24.5 24.4 23.9 23.5 22.8 21.9 21.0 20.3 19.6 nan nan nan nan nan 17.6 17.7 17.7 17.7 17.6 17.5 nan nan nan nan nan nan nan nan nan nan nan nan nan nan nan nan
nan nan nan nan nan nan nan nan nan nan nan nan nan nan nan nan nan nan nan nan nan nan nan nan nan nan nan nan nan nan 10.8 10.8 30.0 30.7 nan nan nan 28.3 28.5 28.5 27.5 26.4 25.7 25.2 24.9 24.7 24.5 24.6 24.8 24.9 25.0 25.1 25.1 25.1 25.0 24.8 24.4 24.0 23.4 22.6 21.7 20.8 19.9 18.7 18.3 nan 17.6 17.7 17.8 17.6 17.5 17.4 nan nan nan nan nan nan nan nan nan nan nan nan nan nan nan nan nan nan
nan nan nan nan nan nan nan nan nan nan nan nan nan nan nan nan nan nan nan nan nan nan nan nan nan nan nan nan nan nan nan nan 29.9 24.7 nan nan nan nan 28.1 28.5 28.0 27.0 26.3 25.9 25.5 25.3 25.1 25.1 25.2 25.3 25.5 25.6 25.6 25.5 25.3 25.0 24.6 24.5 23.9 23.2 22.2 21.2 20.2 19.4 18.9 18.5 18.1 17.8 17.6 17.4 17.1 nan nan nan nan nan nan nan nan nan nan nan nan nan nan nan nan nan nan nan
nan nan nan nan nan nan nan nan nan nan nan nan nan nan nan nan nan nan nan nan nan nan nan nan nan nan nan nan nan nan nan nan nan 29.0 15.1 nan nan nan 10.4 29.5 28.9 27.7 26.8 26.4 26.0 25.8 25.6 25.7 25.8 25.8 25.8 25.9 25.7 25.5 25.2 25.0 24.9 24.5 24.1 23.7 22.8 21.8 20.9 20.0 19.5 18.9 18.4 17.9 17.6 17.3 17.1 nan nan nan nan nan nan nan nan nan nan nan nan nan nan nan nan nan nan nan
nan nan nan nan nan nan nan nan nan nan nan nan nan nan nan nan nan nan nan nan nan nan nan nan nan nan nan nan nan nan nan nan nan nan 15.5 27.7 nan nan nan nan 29.1 29.0 27.6 27.1 26.6 26.2 26.1 26.1 26.1 26.0 25.9 25.8 25.7 25.6 25.4 25.2 25.1 24.9 24.5 23.9 23.2 22.3 21.5 20.6 19.9 19.1 18.4 17.9 17.5 17.2 17.1 17.0 nan nan nan nan nan nan nan nan nan nan nan nan nan nan nan nan nan nan
nan nan nan nan nan nan nan nan nan nan nan nan nan nan nan nan nan nan nan nan nan nan nan nan nan nan nan nan nan nan nan nan nan nan nan 21.0 11.1 nan nan nan nan 27.5 28.8 28.1 27.3 26.7 26.4 26.4 26.3 26.0 25.9 25.7 25.6 25.5 25.4 25.3 25.3 25.0 24.6 24.1 23.4 22.7 21.9 21.0 20.1 19.2 18.4 17.9 17.5 17.2 17.1 17.2 17.2 8.3 nan nan nan nan nan nan nan nan nan nan nan nan nan nan nan nan
nan nan nan nan nan nan nan nan nan nan nan nan nan nan nan nan nan nan nan nan nan nan nan nan nan nan nan nan nan nan nan nan nan nan 13.1 15.1 25.4 26.1 nan 11.1 nan 28.7 27.6 28.0 27.5 27.1 26.8 26.6 26.4 26.0 25.8 25.8 25.7 25.7 25.5 25.4 25.3 25.0 24.6 24.1 23.6 23.0 22.1 21.1 20.0 19.1 18.3 17.9 17.7 17.4 17.2 17.2 17.3 17.4 nan nan nan nan nan nan nan nan nan nan nan nan nan nan nan nan
nan nan nan nan nan nan nan nan nan nan nan nan nan nan nan nan nan nan nan nan nan nan nan nan nan nan nan nan nan nan nan nan nan nan 26.1 25.3 26.7 23.3 12.9 26.1 27.7 23.8 26.7 28.3 28.1 27.4 27.1 26.8 26.4 26.0 25.8 25.8 25.9 25.8 25.5 25.4 25.3 25.0 24.7 24.2 23.7 23.0 22.2 21.2 20.2 19.0 18.0 18.2 18.2 17.9 17.4 17.3 17.4 17.6 17.9 nan nan nan nan nan nan nan nan nan nan nan nan nan nan nan
nan nan nan nan nan nan nan nan nan nan nan nan nan nan nan nan nan nan nan nan nan nan nan nan nan nan nan nan nan nan nan nan nan nan 27.2 27.0 26.3 26.0 23.0 nan 29.0 25.9 27.8 28.1 28.6 27.8 27.3 26.8 26.1 25.8 25.8 25.9 25.9 25.8 25.5 25.5 25.4 25.2 24.9 24.5 23.8 23.1 -9999.0 -9999.0 -9999.0 -9999.0 -9999.0 -9999.0 -9999.0 8.7 17.8 17.6 17.7 17.7 18.0 nan nan nan nan nan nan nan nan nan nan nan nan nan nan -9999.0
nan nan nan nan nan nan nan nan nan nan nan nan nan nan nan nan nan nan nan nan nan nan nan nan nan nan nan nan nan nan nan nan nan nan 27.5 27.6 27.4 27.3 26.8 nan nan 29.2 28.8 29.2 29.0 28.0 27.3 26.5 25.9 25.7 25.8 26.0 26.0 25.7 25.5 25.5 25.5 25.3 25.1 24.6 24.0 -9999.0 -9999.0 -9999.0 -9999.0 -9999.0 -9999.0 -9999.0 -9999.0 nan 9.8 17.7 18.0 17.3 nan nan nan nan nan nan nan nan nan nan nan nan nan nan nan -9999.0
nan nan nan nan nan nan nan nan nan nan nan nan nan nan nan nan nan nan nan nan nan nan nan nan nan nan nan nan nan nan nan nan nan nan 27.9 28.0 27.8 27.5 25.0 nan 24.9 24.9 29.1 29.6 29.0 28.2 27.3 26.5 26.0 25.8 25.9 26.0 25.9 25.7 25.6 25.6 25.5 25.5 25.2 24.7 23.9 -9999.0 -9999.0 -9999.0 -9999.0 -9999.0 -9999.0 -9999.0 -9999.0 -9999.0 -9999.0 nan 8.5 8.6 nan nan nan nan nan nan nan nan nan nan nan nan nan nan nan -9999.0
nan nan nan nan nan nan nan nan nan nan nan nan nan nan nan nan nan nan nan nan nan nan nan nan nan nan nan nan nan nan nan nan nan nan 27.6 27.8 27.7 21.9 23.3 16.0 26.6 21.8 28.1 29.6 29.1 28.2 27.3 26.6 26.4 26.1 26.0 26.0 25.8 25.8 25.7 25.7 25.6 25.5 25.3 24.8 -9999.0 -9999.0 -9999.0 -9999.0 -9999.0 -9999.0 -9999.0 -9999.0 -9999.0 -9999.0 -9999.0 nan nan nan nan nan nan nan nan nan nan nan nan nan nan nan nan nan nan -9999.0
nan nan nan nan nan nan nan nan nan nan nan nan nan nan nan nan nan nan nan nan nan nan nan nan nan nan nan nan nan nan nan nan 21.2 22.9 23.5 27.2 27.4 26.8 20.6 21.3 nan 28.0 29.5 29.7 28.8 27.9 27.2 26.9 26.6 26.3 26.2 26.0 25.8 25.8 25.8 25.8 25.8 25.6 25.4 -9999.0 -9999.0 -9999.0 -9999.0 -9999.0 -9999.0 -9999.0 -9999.0 -9999.0 -9999.0 -9999.0 -9999.0 -9999.0 nan nan nan nan nan nan nan nan nan nan nan nan nan nan nan nan nan -9999.0
nan nan nan nan nan nan nan nan nan nan nan nan nan nan nan nan nan nan nan nan nan nan nan nan nan nan nan nan nan 11.1 nan nan 25.5 25.7 27.2 26.1 27.4 27.3 26.7 nan nan 29.4 29.8 29.8 28.9 28.0 27.4 27.0 26.8 26.5 26.2 26.0 25.8 25.9 25.9 26.0 26.0 25.8 25.4 -9999.0 -9999.0 -9999.0 -9999.0 -9999.0 -9999.0 -9999.0 -9999.0 -9999.0 -9999.0 -9999.0 -9999.0 -9999.0 -9999.0 -9999.0 nan nan nan nan nan nan nan nan nan nan nan nan nan nan nan -9999.0
nan nan nan nan nan nan nan nan nan nan nan nan nan nan nan nan nan nan nan nan nan nan nan nan nan nan nan nan nan 10.1 10.1 nan 27.2 27.3 22.2 25.1 23.9 26.9 26.5 25.9 nan 29.4 30.1 29.8 29.1 28.3 27.5 27.0 26.7 26.4 26.2 25.9 25.8 25.9 26.2 26.3 26.2 26.0 -9999.0 -9999.0 -9999.0 -9999.0 -9999.0 -9999.0 -9999.0 -9999.0 -9999.0 -9999.0 -9999.0 -9999.0 -9999.0 -9999.0 -9999.0 -9999.0 -9999.0 nan nan nan nan nan nan nan nan nan nan nan nan nan nan -9999.0
nan nan nan nan nan nan nan nan nan nan nan nan nan nan nan nan nan nan nan nan nan nan nan nan nan nan nan nan nan 10.7 27.3 27.7 27.6 27.6 26.7 nan 10.2 25.1 27.1 26.4 nan 26.7 30.0 29.8 29.2 28.6 27.9 27.1 26.6 26.4 26.2 26.0 26.0 26.2 26.5 26.5 26.4 26.1 -9999.0 -9999.0 -9999.0 -9999.0 -9999.0 -9999.0 -9999.0 -9999.0 -9999.0 -9999.0 -9999.0 -9999.0 -9999.0 -9999.0 -9999.0 -9999.0 -9999.0 -9999.0 nan nan nan nan nan nan nan nan nan nan nan nan nan -9999.0
nan nan nan nan nan nan nan nan nan nan nan nan nan nan nan nan nan nan nan nan nan nan nan nan nan nan nan nan nan nan 26.0 27.7 27.7 27.6 21.2 nan nan 22.7 24.6 22.8 nan 23.1 25.6 29.4 29.3 28.8 28.3 27.4 26.8 26.4 26.2 26.2 26.3 26.4 26.9 26.7 26.6 26.4 -9999.0 -9999.0 -9999.0 -9999.0 -9999.0 -9999.0 -9999.0 -9999.0 -9999.0 -9999.0 -9999.0 -9999.0 -9999.0 -9999.0 -9999.0 -9999.0 -9999.0 -9999.0 -9999.0 nan nan nan nan nan nan nan nan nan nan nan nan -9999.0
nan nan nan nan nan nan nan nan nan nan nan nan nan nan nan nan nan nan nan nan nan nan nan nan nan nan nan nan nan nan 25.7 27.0 27.6 27.5 24.5 nan 11.1 20.7 23.3 13.7 22.5 19.9 21.1 27.1 29.3 28.8 28.3 27.5 27.0 26.5 26.4 26.5 26.4 26.6 27.0 26.9 26.7 26.2 -9999.0 -9999.0 -9999.0 -9999.0 -9999.0 -9999.0 -9999.0 -9999.0 -9999.0 -9999.0 -9999.0 -9999.0 -9999.0 -9999.0 -9999.0 -9999.0 -9999.0 -9999.0 -9999.0 -9999.0 nan nan nan nan nan nan nan nan nan nan nan -9999.0
nan nan nan nan nan nan nan nan nan nan nan nan nan nan nan nan nan nan nan nan nan nan nan nan nan nan nan nan nan nan 26.3 26.4 27.2 27.4 21.2 11.1 nan 25.5 17.0 11.5 19.0 nan 28.0 29.9 29.3 28.5 27.9 27.3 26.9 26.6 26.7 26.5 26.7 27.0 27.3 27.0 26.6 20.9 -9999.0 -9999.0 -9999.0 -9999.0 -9999.0 -9999.0 -9999.0 -9999.0 -9999.0 -9999.0 -9999.0 -9999.0 -9999.0 -9999.0 -9999.0 -9999.0 -9999.0 -9999.0 -9999.0 -9999.0 -9999.0 -9999.0 nan nan nan nan nan nan nan nan nan -9999.0
nan nan nan nan nan nan nan nan nan nan nan nan nan nan nan nan nan nan nan nan nan nan nan nan nan nan nan nan nan nan nan 25.6 27.2 27.2 24.8 nan nan 18.5 16.9 12.0 nan nan 30.1 30.2 29.4 28.7 27.9 27.2 26.7 26.5 26.7 26.6 26.9 27.4 27.5 27.4 27.0 24.0 -9999.0 -9999.0 -9999.0 -9999.0 -9999.0 -9999.0 -9999.0 -9999.0 -9999.0 -9999.0 -9999.0 nan nan nan -9999.0 -9999.0 -9999.0 -9999.0 -9999.0 -9999.0 -9999.0 -9999.0 -9999.0 -9999.0 -9999.0 -9999.0 -9999.0 nan nan nan -9999.0 -9999.0
nan nan nan nan nan nan nan nan nan nan nan nan nan nan nan nan nan nan nan nan nan nan nan nan nan nan nan nan nan nan nan 22.6 24.7 27.0 27.4 nan 11.1 14.7 23.7 12.4 nan nan 30.3 30.1 29.9 28.9 28.2 27.3 26.7 26.6 26.7 26.8 27.0 27.4 27.5 27.6 27.1 24.1 -9999.0 -9999.0 -9999.0 -9999.0 -9999.0 -9999.0 -9999.0 -9999.0 -9999.0 -9999.0 -9999.0 nan nan nan nan nan -9999.0 -9999.0 -9999.0 -9999.0 -9999.0 -9999.0 -9999.0 -9999.0 -9999.0 -9999.0 -9999.0 -9999.0 -9999.0 -9999.0 -9999.0 -9999.0
nan nan nan nan nan nan nan nan nan nan nan nan nan nan nan nan nan nan nan nan nan nan nan nan nan nan nan nan nan nan nan 10.8 25.6 27.3 23.6 22.4 21.1 17.0 14.4 11.5 12.6 nan 29.4 30.1 30.2 29.4 28.6 27.6 27.0 26.7 26.8 27.0 27.1 27.5 27.6 27.6 27.0 21.6 -9999.0 -9999.0 -9999.0 -9999.0 -9999.0 -9999.0 -9999.0 -9999.0 -9999.0 -9999.0 -9999.0 -9999.0 -9999.0 -9999.0 -9999.0 -9999.0 -9999.0 -9999.0 -9999.0 -9999.0 -9999.0 -9999.0 -9999.0 -9999.0 -9999.0 -9999.0 -9999.0 -9999.0 -9999.0 -9999.0 -9999.0 -9999.0
nan nan nan nan nan nan nan nan nan nan nan nan nan nan nan nan nan nan nan nan nan nan nan nan nan nan nan nan nan nan nan 10.8 19.3 27.0 27.3 27.2 26.7 nan 17.1 19.2 10.6 nan 29.5 30.0 30.4 29.7 29.0 27.9 27.2 26.9 27.0 27.1 27.3 27.5 27.8 27.7 27.3 23.9 -9999.0 -9999.0 -9999.0 -9999.0 -9999.0 -9999.0 -9999.0 -9999.0 -9999.0 -9999.0 -9999.0 -9999.0 -9999.0 -9999.0 -9999.0 -9999.0 -9999.0 -9999.0 -9999.0 -9999.0 -9999.0 -9999.0 -9999.0 -9999.0 -9999.0 -9999.0 -9999.0 -9999.0 -9999.0 -9999.0 -9999.0 -9999.0
nan nan nan nan nan nan nan nan nan nan nan nan nan nan nan nan nan nan nan nan nan nan nan nan nan nan nan nan nan nan nan 10.9 22.5 23.9 27.2 27.0 26.9 nan nan 16.9 11.3 nan nan 30.0 30.5 30.0 29.2 28.3 27.6 27.2 27.2 27.4 27.5 27.7 28.0 27.9 27.6 23.2 -9999.0 -9999.0 -9999.0 -9999.0 -9999.0 -9999.0 -9999.0 -9999.0 -9999.0 -9999.0 -9999.0 -9999.0 -9999.0 -9999.0 -9999.0 -9999.0 -9999.0 -9999.0 -9999.0 -9999.0 -9999.0 -9999.0 -9999.0 -9999.0 -9999.0 -9999.0 -9999.0 -9999.0 -9999.0 -9999.0 -9999.0 -9999.0
nan nan nan nan nan nan nan nan nan nan nan nan nan nan nan nan nan nan nan nan nan nan nan nan nan nan nan nan nan nan nan nan 10.6 26.4 26.5 26.7 nan nan nan 16.6 11.3 9.6 nan nan 28.9 30.5 29.8 29.1 28.3 27.6 27.5 27.5 27.6 27.9 28.2 28.1 27.9 24.8 -9999.0 -9999.0 -9999.0 -9999.0 -9999.0 -9999.0 -9999.0 -9999.0 -9999.0 -9999.0 -9999.0 -9999.0 -9999.0 -9999.0 -9999.0 -9999.0 -9999.0 -9999.0 -9999.0 -9999.0 -9999.0 -9999.0 -9999.0 -9999.0 nan nan nan -9999.0 -9999.0 -9999.0 -9999.0 -9999.0
nan nan nan nan nan nan nan nan nan nan nan nan nan nan nan nan nan nan nan nan nan nan nan nan nan nan nan nan nan nan nan nan 24.3 25.8 26.4 26.6 nan nan nan nan 12.9 9.4 17.8 nan 26.9 29.1 29.9 29.3 28.5 28.1 28.0 27.9 27.9 28.0 28.3 28.4 28.2 27.1 -9999.0 -9999.0 -9999.0 -9999.0 -9999.0 -9999.0 -9999.0 -9999.0 -9999.0 -9999.0 -9999.0 -9999.0 -9999.0 -9999.0 -9999.0 -9999.0 -9999.0 -9999.0 -9999.0 -9999.0 -9999.0 -9999.0 nan nan nan nan nan nan nan nan -9999.0 -9999.0
nan nan nan nan nan nan nan nan nan nan nan nan nan nan nan nan nan nan nan nan nan nan nan nan nan nan nan nan nan nan nan nan nan 26.1 26.6 26.8 nan nan nan nan 17.1 10.4 12.3 13.8 nan 30.1 30.0 29.8 29.1 28.2 28.1 28.0 28.0 28.1 28.4 28.7 28.7 28.4 -9999.0 -9999.0 -9999.0 -9999.0 -9999.0 -9999.0 -9999.0 -9999.0 -9999.0 -9999.0 -9999.0 nan nan nan nan nan nan nan nan nan nan nan nan nan nan nan nan nan nan nan nan nan
nan nan nan nan nan nan nan nan nan nan nan nan nan nan nan nan nan nan nan nan nan nan nan nan nan nan nan nan nan nan nan nan nan 26.3 26.7 26.9 26.8 nan nan nan 24.3 12.5 11.1 22.1 nan nan 29.2 29.9 29.8 29.3 28.8 28.4 28.4 28.4 28.5 28.8 29.1 29.2 -9999.0 -9999.0 -9999.0 -9999.0 -9999.0 -9999.0 -9999.0 -9999.0 -9999.0 -9999.0 nan nan nan nan nan nan nan nan nan nan nan nan nan nan nan nan nan nan nan nan nan nan
