data/output/RUN203/ECOSPACE/ECOSPACE_in_PAR3/PAR-VarZ-VarK/PAR-VarZ-VarK_1997_05.asc
ncols        93
nrows        151 
xllcorner    -123.80739
yllcorner    48.29471 
cellsize     0.013497347 
NODATA_value  0.0
[rows 80 to 119 of 151, columns 0 to 89 of 93]
nan nan nan nan nan nan nan nan nan nan nan nan nan nan nan nan nan nan nan nan nan nan nan 33.5 32.6 32.9 35.1 35.4 34.4 33.3 32.1 30.9 29.9 29.1 28.4 27.7 27.0 26.3 25.5 24.7 23.9 23.3 22.8 22.3 21.6 21.0 20.2 19.4 18.7 17.9 17.1 16.4 15.8 15.4 nan nan nan nan nan nan nan nan nan nan nan nan 13.9 14.1 14.1 14.2 nan 14.0 14.0 14.0 14.0 14.1 14.1 14.0 14.0 14.2 14.6 14.8 14.7 nan nan nan nan nan nan nan
nan nan nan nan nan nan nan nan nan nan nan nan nan nan nan nan nan nan nan nan nan nan nan nan nan nan 35.8 35.7 35.2 34.2 33.1 31.8 30.7 29.7 28.9 28.1 27.4 26.5 25.6 24.8 24.0 23.3 22.8 22.3 21.7 21.1 20.4 19.7 19.0 18.2 17.5 16.7 16.1 15.6 15.2 nan nan nan nan nan nan nan nan nan nan nan 14.2 14.2 nan nan nan nan nan 14.1 14.1 14.2 nan 14.0 14.1 14.4 14.7 14.9 nan nan nan nan nan nan nan nan
nan nan nan nan nan nan nan nan nan nan nan nan nan nan nan nan nan nan nan nan nan nan nan nan nan nan nan 35.8 35.5 35.0 34.0 32.8 31.6 30.5 29.5 28.6 27.8 26.8 25.9 24.9 24.0 23.3 22.7 22.2 21.7 21.2 20.6 19.9 19.2 18.5 17.8 17.1 16.4 15.8 15.3 15.0 nan nan nan nan nan nan nan nan nan 14.1 14.4 nan nan nan nan nan nan 14.0 14.1 14.1 nan 14.1 14.4 14.7 14.9 nan nan nan nan nan nan nan nan nan
nan nan nan nan nan nan nan nan nan nan nan nan nan nan nan nan nan nan nan nan nan nan nan nan nan nan nan nan 33.5 34.8 34.8 33.6 32.4 31.3 30.2 29.2 28.2 27.1 26.1 25.1 24.1 23.3 22.7 22.2 21.7 21.2 20.6 20.0 19.4 18.7 18.0 17.3 16.6 16.0 15.5 15.2 15.0 nan nan nan nan nan nan nan nan 14.1 14.3 nan nan nan nan nan nan 14.0 14.1 14.2 14.5 14.9 14.8 14.8 nan nan nan nan nan nan nan nan nan nan
nan nan nan nan nan nan nan nan nan nan nan nan nan nan nan nan nan nan nan nan nan nan nan nan nan nan nan nan nan 15.9 35.2 34.3 33.1 32.0 31.0 29.9 28.7 27.5 26.4 25.3 24.2 23.4 22.7 22.1 21.6 21.1 20.6 20.1 19.5 18.9 18.2 17.5 16.9 16.3 15.8 15.4 15.1 15.0 nan nan nan nan nan nan 14.1 14.2 14.3 nan 14.3 14.3 14.4 nan nan 14.1 14.2 14.4 14.8 15.2 nan nan nan nan nan nan nan nan nan nan nan nan
nan nan nan nan nan nan nan nan nan nan nan nan nan nan nan nan nan nan nan nan nan nan nan nan nan nan nan nan nan nan 16.5 34.7 33.8 32.6 31.6 30.4 29.2 27.9 26.7 25.5 24.4 23.5 22.7 22.1 21.5 21.0 20.5 20.0 19.6 19.0 18.4 17.7 17.1 16.6 16.1 15.7 15.4 15.2 nan nan nan nan nan 14.2 14.2 14.2 14.3 14.3 14.3 14.3 14.3 10.4 nan 14.1 14.4 14.6 14.9 15.0 nan nan nan nan nan nan nan nan nan nan nan nan
nan nan nan nan nan nan nan nan nan nan nan nan nan nan nan nan nan nan nan nan nan nan nan nan nan nan nan nan nan nan nan 32.2 34.0 33.1 32.0 30.8 29.6 28.3 27.0 25.8 24.7 23.7 22.8 22.1 21.5 21.0 20.5 20.0 19.6 19.2 18.6 18.0 17.4 16.9 16.4 16.0 15.7 15.4 15.1 nan nan 14.3 14.4 14.4 14.3 14.3 14.4 14.4 14.4 14.3 14.3 nan nan 14.3 14.5 14.7 14.9 15.0 nan nan nan nan nan nan nan nan nan nan nan nan
nan nan nan nan nan nan nan nan nan nan nan nan nan nan nan nan nan nan nan nan nan nan nan nan nan nan nan nan nan nan nan nan 34.1 33.1 32.2 31.0 29.9 28.6 27.3 26.1 25.0 23.9 22.9 22.1 21.4 20.9 20.4 20.0 19.6 19.2 18.7 18.2 17.7 17.2 16.7 16.3 16.0 15.7 15.4 15.0 14.7 14.6 14.6 nan 14.4 14.5 14.5 14.6 14.6 14.5 14.5 14.4 14.5 14.6 14.6 14.8 14.9 nan nan nan nan nan nan nan nan nan nan nan nan nan
nan nan nan nan nan nan nan nan nan nan nan nan nan nan nan nan nan nan nan nan nan nan nan nan nan nan nan nan nan nan 33.1 33.5 33.7 32.9 32.1 31.2 30.2 29.0 27.7 26.4 25.3 24.2 23.1 22.2 21.5 20.9 20.5 20.1 19.8 19.4 19.0 18.5 18.0 17.5 17.1 16.7 16.3 16.0 15.6 15.3 15.0 14.8 14.7 14.7 14.7 14.7 14.8 14.9 14.9 14.8 14.7 14.6 14.6 14.6 14.7 14.9 14.9 nan nan nan nan nan nan nan nan nan nan nan nan nan
nan nan nan nan nan nan nan nan nan nan nan nan nan nan nan nan nan nan nan nan nan nan nan nan nan nan nan nan nan nan nan nan 33.1 32.6 32.0 31.4 30.5 29.4 28.0 26.7 25.6 24.5 23.4 22.4 21.7 21.1 20.6 20.2 19.9 19.6 19.2 18.8 18.4 17.9 17.5 17.2 16.8 16.4 16.0 15.6 15.2 15.0 14.9 14.9 14.9 14.8 14.9 nan nan nan 14.8 14.7 14.7 14.7 14.8 14.8 nan nan nan nan nan nan nan nan nan nan nan nan nan nan
nan nan nan nan nan nan nan nan nan nan nan nan nan nan nan nan nan nan nan nan nan nan nan nan nan nan nan nan nan nan 17.6 15.9 32.8 32.6 32.1 31.7 31.0 29.8 28.3 27.0 25.9 24.8 23.6 22.7 21.9 21.3 20.8 20.4 20.1 19.8 19.5 19.0 18.7 18.3 18.0 17.6 17.2 16.8 16.3 15.8 15.4 15.2 15.0 15.0 nan nan nan nan nan nan nan 14.9 14.8 14.7 14.8 14.8 nan nan nan nan nan nan nan nan nan nan nan nan nan nan
nan nan nan nan nan nan nan nan nan nan nan nan nan nan nan nan nan nan nan nan nan nan nan nan nan nan nan nan nan nan 16.9 32.2 32.8 33.0 32.3 17.8 31.4 30.0 28.4 27.2 26.2 25.0 24.0 23.0 22.2 21.6 21.1 20.7 20.4 20.1 19.7 19.4 19.1 18.8 18.4 18.0 17.6 17.2 16.6 16.1 15.7 15.3 15.1 nan nan nan nan nan nan 14.4 14.6 14.9 14.8 14.8 14.8 nan nan nan nan nan nan nan nan nan nan nan nan nan nan nan
nan nan nan nan nan nan nan nan nan nan nan nan nan nan nan nan nan nan nan nan nan nan nan nan nan nan nan nan nan nan 17.6 30.9 33.0 32.8 nan nan nan 29.3 28.6 27.6 26.5 25.4 24.3 23.3 22.5 21.9 21.4 21.0 20.7 20.4 20.0 19.7 19.4 19.1 18.8 18.4 18.0 17.5 17.0 16.5 15.9 15.5 15.2 nan nan nan nan nan 14.5 14.5 14.6 14.8 14.7 14.7 nan nan nan nan nan nan nan nan nan nan nan nan nan nan nan nan
nan nan nan nan nan nan nan nan nan nan nan nan nan nan nan nan nan nan nan nan nan nan nan nan nan nan nan nan nan nan 17.5 15.9 32.9 32.7 nan nan nan 27.1 28.5 28.0 27.1 26.0 24.8 23.6 22.8 22.1 21.6 21.3 21.0 20.6 20.3 20.0 19.7 19.5 19.2 18.9 18.4 17.9 17.3 16.8 16.2 15.7 15.3 14.8 14.5 nan 14.4 14.4 14.5 14.6 14.7 14.7 nan nan nan nan nan nan nan nan nan nan nan nan nan nan nan nan nan nan
nan nan nan nan nan nan nan nan nan nan nan nan nan nan nan nan nan nan nan nan nan nan nan nan nan nan nan nan nan nan nan nan 32.8 26.6 nan nan nan nan 27.7 28.5 27.9 26.7 25.3 24.0 23.1 22.5 22.0 21.5 21.2 20.9 20.5 20.2 20.0 19.8 19.5 19.2 18.8 18.3 17.6 17.0 16.4 15.8 15.3 14.9 14.7 14.6 14.5 14.5 14.5 14.6 14.6 nan nan nan nan nan nan nan nan nan nan nan nan nan nan nan nan nan nan nan
nan nan nan nan nan nan nan nan nan nan nan nan nan nan nan nan nan nan nan nan nan nan nan nan nan nan nan nan nan nan nan nan nan 26.3 14.8 nan nan nan 15.6 29.2 28.7 27.4 25.8 24.5 23.5 22.8 22.2 21.8 21.4 21.1 20.7 20.5 20.3 20.1 19.9 19.6 19.1 18.6 17.9 17.2 16.6 16.0 15.4 15.1 14.8 14.6 14.5 14.5 14.5 14.5 14.4 nan nan nan nan nan nan nan nan nan nan nan nan nan nan nan nan nan nan nan
nan nan nan nan nan nan nan nan nan nan nan nan nan nan nan nan nan nan nan nan nan nan nan nan nan nan nan nan nan nan nan nan nan nan 17.2 26.4 nan nan nan nan 28.8 28.0 26.1 24.8 23.8 23.1 22.5 22.0 21.6 21.3 20.9 20.7 20.5 20.3 20.1 19.8 19.4 18.9 18.2 17.5 16.8 16.1 15.6 15.2 14.9 14.7 14.6 14.5 14.5 14.5 14.5 14.4 nan nan nan nan nan nan nan nan nan nan nan nan nan nan nan nan nan nan
nan nan nan nan nan nan nan nan nan nan nan nan nan nan nan nan nan nan nan nan nan nan nan nan nan nan nan nan nan nan nan nan nan nan nan 20.0 17.4 nan nan nan nan 26.5 26.3 25.0 24.0 23.3 22.7 22.2 21.8 21.4 21.1 20.9 20.7 20.6 20.4 20.0 19.6 19.1 18.4 17.6 16.9 16.2 15.7 15.2 14.9 14.7 14.6 14.6 14.5 14.5 14.5 14.5 14.4 10.4 nan nan nan nan nan nan nan nan nan nan nan nan nan nan nan nan
nan nan nan nan nan nan nan nan nan nan nan nan nan nan nan nan nan nan nan nan nan nan nan nan nan nan nan nan nan nan nan nan nan nan 16.8 21.2 27.2 27.0 nan 17.3 nan 24.2 26.2 25.1 24.2 23.5 22.8 22.3 21.9 21.6 21.3 21.0 20.9 20.8 20.6 20.3 19.9 19.3 18.5 17.7 17.0 16.3 15.7 15.3 15.0 14.7 14.6 14.6 14.5 14.4 14.4 14.4 14.4 14.3 nan nan nan nan nan nan nan nan nan nan nan nan nan nan nan nan
nan nan nan nan nan nan nan nan nan nan nan nan nan nan nan nan nan nan nan nan nan nan nan nan nan nan nan nan nan nan nan nan nan nan 27.5 27.4 27.7 26.6 19.3 24.7 26.0 22.5 26.3 25.2 24.4 23.6 22.9 22.4 21.9 21.6 21.3 21.1 21.0 20.9 20.7 20.4 20.0 19.4 18.6 17.8 17.0 16.3 15.7 15.3 15.0 14.7 14.2 14.2 13.7 14.4 14.3 14.4 14.4 14.4 14.4 nan nan nan nan nan nan nan nan nan nan nan nan nan nan nan
nan nan nan nan nan nan nan nan nan nan nan nan nan nan nan nan nan nan nan nan nan nan nan nan nan nan nan nan nan nan nan nan nan nan 27.7 27.8 27.6 27.2 27.5 nan 26.1 25.3 26.3 25.4 24.5 23.7 23.0 22.4 21.9 21.6 21.3 21.1 21.0 20.9 20.8 20.5 20.1 19.5 18.6 17.8 17.0 16.3 -9999.0 -9999.0 -9999.0 -9999.0 -9999.0 -9999.0 -9999.0 11.2 14.4 14.3 14.4 14.3 14.4 nan nan nan nan nan nan nan nan nan nan nan nan nan nan -9999.0
nan nan nan nan nan nan nan nan nan nan nan nan nan nan nan nan nan nan nan nan nan nan nan nan nan nan nan nan nan nan nan nan nan nan 27.6 27.6 27.5 27.2 27.2 nan nan 27.0 26.5 25.5 24.6 23.7 23.0 22.3 21.9 21.5 21.2 21.1 21.0 20.9 20.8 20.6 20.2 19.5 18.7 17.8 17.0 -9999.0 -9999.0 -9999.0 -9999.0 -9999.0 -9999.0 -9999.0 -9999.0 nan 13.7 14.2 14.4 14.1 nan nan nan nan nan nan nan nan nan nan nan nan nan nan nan -9999.0
nan nan nan nan nan nan nan nan nan nan nan nan nan nan nan nan nan nan nan nan nan nan nan nan nan nan nan nan nan nan nan nan nan nan 27.4 27.2 27.1 27.1 27.6 nan 21.7 24.4 26.6 25.5 24.6 23.7 22.9 22.3 21.8 21.4 21.2 21.0 20.9 20.9 20.8 20.6 20.2 19.5 18.7 17.9 17.1 -9999.0 -9999.0 -9999.0 -9999.0 -9999.0 -9999.0 -9999.0 -9999.0 -9999.0 -9999.0 nan 10.9 10.9 nan nan nan nan nan nan nan nan nan nan nan nan nan nan nan -9999.0
nan nan nan nan nan nan nan nan nan nan nan nan nan nan nan nan nan nan nan nan nan nan nan nan nan nan nan nan nan nan nan nan nan nan 27.0 27.0 27.2 27.5 25.1 17.4 25.5 22.0 26.2 25.5 24.5 23.6 22.8 22.2 21.7 21.3 21.1 21.0 20.9 20.9 20.9 20.6 20.3 19.6 18.8 18.0 -9999.0 -9999.0 -9999.0 -9999.0 -9999.0 -9999.0 -9999.0 -9999.0 -9999.0 -9999.0 -9999.0 nan nan nan nan nan nan nan nan nan nan nan nan nan nan nan nan nan nan -9999.0
nan nan nan nan nan nan nan nan nan nan nan nan nan nan nan nan nan nan nan nan nan nan nan nan nan nan nan nan nan nan nan nan 25.7 26.0 27.0 27.4 27.8 28.3 28.3 28.0 nan 27.0 26.2 25.3 24.5 23.6 22.8 22.2 21.7 21.3 21.1 21.0 20.9 20.9 20.8 20.6 20.3 19.7 18.9 -9999.0 -9999.0 -9999.0 -9999.0 -9999.0 -9999.0 -9999.0 -9999.0 -9999.0 -9999.0 -9999.0 -9999.0 -9999.0 nan nan nan nan nan nan nan nan nan nan nan nan nan nan nan nan nan -9999.0
nan nan nan nan nan nan nan nan nan nan nan nan nan nan nan nan nan nan nan nan nan nan nan nan nan nan nan nan nan 17.4 nan nan 27.4 27.5 27.5 27.7 28.5 29.1 30.0 nan nan 26.7 26.2 25.4 24.5 23.6 22.9 22.2 21.8 21.4 21.1 20.9 20.9 20.8 20.8 20.6 20.3 19.8 19.1 -9999.0 -9999.0 -9999.0 -9999.0 -9999.0 -9999.0 -9999.0 -9999.0 -9999.0 -9999.0 -9999.0 -9999.0 -9999.0 -9999.0 -9999.0 nan nan nan nan nan nan nan nan nan nan nan nan nan nan nan -9999.0
nan nan nan nan nan nan nan nan nan nan nan nan nan nan nan nan nan nan nan nan nan nan nan nan nan nan nan nan nan 14.7 14.7 nan 27.8 28.2 26.2 25.0 27.7 29.2 29.5 28.6 nan 26.9 26.5 25.8 24.8 23.9 23.1 22.4 21.9 21.5 21.1 20.9 20.8 20.8 20.7 20.6 20.4 19.9 -9999.0 -9999.0 -9999.0 -9999.0 -9999.0 -9999.0 -9999.0 -9999.0 -9999.0 -9999.0 -9999.0 -9999.0 -9999.0 -9999.0 -9999.0 -9999.0 -9999.0 nan nan nan nan nan nan nan nan nan nan nan nan nan nan -9999.0
nan nan nan nan nan nan nan nan nan nan nan nan nan nan nan nan nan nan nan nan nan nan nan nan nan nan nan nan nan 15.5 27.6 27.8 28.2 28.6 29.0 nan 15.8 28.9 29.1 29.4 nan 26.1 27.1 26.3 25.3 24.2 23.3 22.6 22.1 21.6 21.3 21.0 20.9 20.8 20.8 20.7 20.5 20.2 -9999.0 -9999.0 -9999.0 -9999.0 -9999.0 -9999.0 -9999.0 -9999.0 -9999.0 -9999.0 -9999.0 -9999.0 -9999.0 -9999.0 -9999.0 -9999.0 -9999.0 -9999.0 nan nan nan nan nan nan nan nan nan nan nan nan nan -9999.0
nan nan nan nan nan nan nan nan nan nan nan nan nan nan nan nan nan nan nan nan nan nan nan nan nan nan nan nan nan nan 27.1 27.7 28.3 28.9 27.5 nan nan 28.5 28.7 29.1 nan 23.3 24.9 26.5 25.8 24.7 23.8 23.0 22.4 21.9 21.5 21.1 21.0 20.9 20.9 20.7 20.6 20.4 -9999.0 -9999.0 -9999.0 -9999.0 -9999.0 -9999.0 -9999.0 -9999.0 -9999.0 -9999.0 -9999.0 -9999.0 -9999.0 -9999.0 -9999.0 -9999.0 -9999.0 -9999.0 -9999.0 nan nan nan nan nan nan nan nan nan nan nan nan -9999.0
nan nan nan nan nan nan nan nan nan nan nan nan nan nan nan nan nan nan nan nan nan nan nan nan nan nan nan nan nan nan 25.0 27.7 28.3 28.9 25.8 nan 17.6 22.9 25.8 15.7 23.8 19.4 21.5 25.9 26.2 25.2 24.3 23.5 22.8 22.3 21.8 21.4 21.2 21.1 21.0 20.9 20.8 20.5 -9999.0 -9999.0 -9999.0 -9999.0 -9999.0 -9999.0 -9999.0 -9999.0 -9999.0 -9999.0 -9999.0 -9999.0 -9999.0 -9999.0 -9999.0 -9999.0 -9999.0 -9999.0 -9999.0 -9999.0 nan nan nan nan nan nan nan nan nan nan nan -9999.0
nan nan nan nan nan nan nan nan nan nan nan nan nan nan nan nan nan nan nan nan nan nan nan nan nan nan nan nan nan nan 25.4 27.3 28.3 28.9 27.7 17.6 nan 25.8 20.9 16.2 20.7 nan 27.6 27.5 26.6 25.8 24.9 24.1 23.4 22.7 22.2 21.7 21.5 21.3 21.2 21.2 20.6 15.8 -9999.0 -9999.0 -9999.0 -9999.0 -9999.0 -9999.0 -9999.0 -9999.0 -9999.0 -9999.0 -9999.0 -9999.0 -9999.0 -9999.0 -9999.0 -9999.0 -9999.0 -9999.0 -9999.0 -9999.0 -9999.0 -9999.0 nan nan nan nan nan nan nan nan nan -9999.0
nan nan nan nan nan nan nan nan nan nan nan nan nan nan nan nan nan nan nan nan nan nan nan nan nan nan nan nan nan nan nan 27.5 28.0 28.6 29.2 nan nan 20.1 20.8 19.3 nan nan 28.0 27.9 27.2 26.3 25.5 24.7 23.8 23.1 22.6 22.1 21.8 21.6 21.6 21.6 21.0 17.9 -9999.0 -9999.0 -9999.0 -9999.0 -9999.0 -9999.0 -9999.0 -9999.0 -9999.0 -9999.0 -9999.0 nan nan nan -9999.0 -9999.0 -9999.0 -9999.0 -9999.0 -9999.0 -9999.0 -9999.0 -9999.0 -9999.0 -9999.0 -9999.0 -9999.0 nan nan nan -9999.0 -9999.0
nan nan nan nan nan nan nan nan nan nan nan nan nan nan nan nan nan nan nan nan nan nan nan nan nan nan nan nan nan nan nan 26.5 27.8 28.5 29.3 nan 16.0 18.3 27.0 16.8 nan nan 28.3 28.3 27.6 26.8 26.0 25.1 24.2 23.6 23.0 22.5 22.2 22.0 21.9 22.0 22.1 19.2 -9999.0 -9999.0 -9999.0 -9999.0 -9999.0 -9999.0 -9999.0 -9999.0 -9999.0 -9999.0 -9999.0 nan nan nan nan nan -9999.0 -9999.0 -9999.0 -9999.0 -9999.0 -9999.0 -9999.0 -9999.0 -9999.0 -9999.0 -9999.0 -9999.0 -9999.0 -9999.0 -9999.0 -9999.0
nan nan nan nan nan nan nan nan nan nan nan nan nan nan nan nan nan nan nan nan nan nan nan nan nan nan nan nan nan nan nan 17.3 27.6 28.5 29.1 29.0 25.7 21.1 17.3 14.1 16.6 nan 28.3 28.5 28.0 27.3 26.5 25.6 24.8 24.1 23.5 22.9 22.5 22.3 22.2 22.3 22.5 17.5 -9999.0 -9999.0 -9999.0 -9999.0 -9999.0 -9999.0 -9999.0 -9999.0 -9999.0 -9999.0 -9999.0 -9999.0 -9999.0 -9999.0 -9999.0 -9999.0 -9999.0 -9999.0 -9999.0 -9999.0 -9999.0 -9999.0 -9999.0 -9999.0 -9999.0 -9999.0 -9999.0 -9999.0 -9999.0 -9999.0 -9999.0 -9999.0
nan nan nan nan nan nan nan nan nan nan nan nan nan nan nan nan nan nan nan nan nan nan nan nan nan nan nan nan nan nan nan 17.2 27.4 28.6 29.6 30.3 30.7 nan 18.9 22.1 13.7 nan 28.2 28.7 28.5 27.8 27.0 26.1 25.3 24.5 23.9 23.3 22.9 22.7 22.6 22.7 22.7 18.6 -9999.0 -9999.0 -9999.0 -9999.0 -9999.0 -9999.0 -9999.0 -9999.0 -9999.0 -9999.0 -9999.0 -9999.0 -9999.0 -9999.0 -9999.0 -9999.0 -9999.0 -9999.0 -9999.0 -9999.0 -9999.0 -9999.0 -9999.0 -9999.0 -9999.0 -9999.0 -9999.0 -9999.0 -9999.0 -9999.0 -9999.0 -9999.0
nan nan nan nan nan nan nan nan nan nan nan nan nan nan nan nan nan nan nan nan nan nan nan nan nan nan nan nan nan nan nan 17.3 25.4 28.0 29.7 30.5 30.7 nan nan 19.7 16.2 nan nan 28.9 28.9 28.3 27.5 26.6 25.7 25.0 24.3 23.8 23.3 23.1 23.0 23.0 23.1 18.4 -9999.0 -9999.0 -9999.0 -9999.0 -9999.0 -9999.0 -9999.0 -9999.0 -9999.0 -9999.0 -9999.0 -9999.0 -9999.0 -9999.0 -9999.0 -9999.0 -9999.0 -9999.0 -9999.0 -9999.0 -9999.0 -9999.0 -9999.0 -9999.0 -9999.0 -9999.0 -9999.0 -9999.0 -9999.0 -9999.0 -9999.0 -9999.0
nan nan nan nan nan nan nan nan nan nan nan nan nan nan nan nan nan nan nan nan nan nan nan nan nan nan nan nan nan nan nan nan 16.5 28.7 29.7 30.7 nan nan nan 20.8 15.6 15.9 nan nan 28.5 28.4 27.8 27.0 26.2 25.4 24.8 24.2 23.8 23.5 23.4 23.3 23.5 22.1 -9999.0 -9999.0 -9999.0 -9999.0 -9999.0 -9999.0 -9999.0 -9999.0 -9999.0 -9999.0 -9999.0 -9999.0 -9999.0 -9999.0 -9999.0 -9999.0 -9999.0 -9999.0 -9999.0 -9999.0 -9999.0 -9999.0 -9999.0 -9999.0 nan nan nan -9999.0 -9999.0 -9999.0 -9999.0 -9999.0
nan nan nan nan nan nan nan nan nan nan nan nan nan nan nan nan nan nan nan nan nan nan nan nan nan nan nan nan nan nan nan nan 27.5 28.4 29.5 30.6 nan nan nan nan 17.5 15.9 26.7 nan 27.3 28.6 28.1 27.3 26.6 25.9 25.3 24.8 24.3 24.0 23.8 23.7 23.7 23.6 -9999.0 -9999.0 -9999.0 -9999.0 -9999.0 -9999.0 -9999.0 -9999.0 -9999.0 -9999.0 -9999.0 -9999.0 -9999.0 -9999.0 -9999.0 -9999.0 -9999.0 -9999.0 -9999.0 -9999.0 -9999.0 -9999.0 nan nan nan nan nan nan nan nan -9999.0 -9999.0
nan nan nan nan nan nan nan nan nan nan nan nan nan nan nan nan nan nan nan nan nan nan nan nan nan nan nan nan nan nan nan nan nan 28.6 29.7 30.9 nan nan nan nan 22.3 17.5 21.5 20.3 nan 28.8 28.7 27.8 27.1 26.4 25.8 25.3 24.8 24.5 24.2 24.1 24.2 24.1 -9999.0 -9999.0 -9999.0 -9999.0 -9999.0 -9999.0 -9999.0 -9999.0 -9999.0 -9999.0 -9999.0 nan nan nan nan nan nan nan nan nan nan nan nan nan nan nan nan nan nan nan nan nan
nan nan nan nan nan nan nan nan nan nan nan nan nan nan nan nan nan nan nan nan nan nan nan nan nan nan nan nan nan nan nan nan nan 28.7 29.9 31.3 31.4 nan nan nan 28.8 19.1 19.3 28.6 nan nan 28.4 27.9 27.5 26.9 26.3 25.8 25.3 25.0 24.8 24.7 24.7 24.9 -9999.0 -9999.0 -9999.0 -9999.0 -9999.0 -9999.0 -9999.0 -9999.0 -9999.0 -9999.0 nan nan nan nan nan nan nan nan nan nan nan nan nan nan nan nan nan nan nan nan nan nan
