data/output/RUN203/ECOSPACE/ECOSPACE_in_PAR3/PAR-VarZ-VarK/PAR-VarZ-VarK_2016_04.asc
ncols        93
nrows        151 
xllcorner    -123.80739
yllcorner    48.29471 
cellsize     0.013497347 
NODATA_value  0.0
[rows 80 to 119 of 151, columns 0 to 89 of 93]
nan nan nan nan nan nan nan nan nan nan nan nan nan nan nan nan nan nan nan nan nan nan nan 30.7 29.6 29.7 32.1 32.3 31.5 30.6 29.8 28.9 28.1 27.5 27.0 26.6 26.3 26.2 26.0 25.8 25.6 25.4 25.2 25.0 24.8 24.5 24.2 23.7 23.0 22.3 21.4 20.4 19.5 18.9 nan nan nan nan nan nan nan nan nan nan nan nan 15.6 15.9 16.1 16.2 nan 15.8 15.7 15.7 15.7 15.7 15.6 15.3 15.2 15.2 15.4 15.6 15.6 nan nan nan nan nan nan nan
nan nan nan nan nan nan nan nan nan nan nan nan nan nan nan nan nan nan nan nan nan nan nan nan nan nan 33.0 32.6 32.0 31.1 30.2 29.3 28.5 27.8 27.2 26.8 26.5 26.3 26.1 25.9 25.6 25.4 25.2 24.9 24.6 24.4 24.1 23.8 23.3 22.6 21.9 20.9 20.0 19.2 18.2 nan nan nan nan nan nan nan nan nan nan nan 16.0 16.1 nan nan nan nan nan 15.9 15.9 15.9 nan 15.5 15.4 15.6 15.7 15.9 nan nan nan nan nan nan nan nan
nan nan nan nan nan nan nan nan nan nan nan nan nan nan nan nan nan nan nan nan nan nan nan nan nan nan nan 32.9 32.4 31.7 30.8 29.9 28.9 28.2 27.5 27.0 26.7 26.4 26.1 25.9 25.6 25.4 25.1 24.9 24.6 24.3 24.1 23.8 23.5 23.1 22.4 21.5 20.5 19.5 18.6 17.9 nan nan nan nan nan nan nan nan nan 15.9 16.4 nan nan nan nan nan nan 15.9 15.9 15.8 nan 15.7 15.8 15.8 15.9 nan nan nan nan nan nan nan nan nan
nan nan nan nan nan nan nan nan nan nan nan nan nan nan nan nan nan nan nan nan nan nan nan nan nan nan nan nan 30.9 31.8 31.6 30.6 29.6 28.7 28.0 27.4 27.0 26.6 26.2 26.0 25.6 25.4 25.1 24.8 24.6 24.4 24.1 23.9 23.6 23.3 22.7 21.9 21.0 20.0 19.1 18.3 17.7 nan nan nan nan nan nan nan nan 16.0 16.4 nan nan nan nan nan nan 15.9 16.0 16.0 16.1 16.4 16.1 15.9 nan nan nan nan nan nan nan nan nan nan
nan nan nan nan nan nan nan nan nan nan nan nan nan nan nan nan nan nan nan nan nan nan nan nan nan nan nan nan nan 13.8 32.3 31.4 30.2 29.3 28.5 27.8 27.4 26.9 26.5 26.1 25.8 25.4 25.1 24.9 24.6 24.4 24.2 23.9 23.8 23.5 22.9 22.3 21.5 20.6 19.7 18.8 18.1 17.7 nan nan nan nan nan nan 16.0 16.2 16.4 nan 16.6 16.6 16.6 nan nan 16.0 16.1 16.1 16.2 16.5 nan nan nan nan nan nan nan nan nan nan nan nan
nan nan nan nan nan nan nan nan nan nan nan nan nan nan nan nan nan nan nan nan nan nan nan nan nan nan nan nan nan nan 14.4 31.9 30.9 30.0 29.1 28.4 27.9 27.3 26.8 26.4 26.0 25.6 25.2 25.0 24.7 24.5 24.3 24.0 23.8 23.6 23.1 22.5 21.9 21.1 20.3 19.4 18.6 18.0 nan nan nan nan nan 16.1 16.2 16.4 16.5 16.7 16.6 16.6 16.5 10.2 nan 16.0 16.2 16.2 16.3 16.3 nan nan nan nan nan nan nan nan nan nan nan nan
nan nan nan nan nan nan nan nan nan nan nan nan nan nan nan nan nan nan nan nan nan nan nan nan nan nan nan nan nan nan nan 30.0 31.3 30.7 29.9 29.1 28.5 27.9 27.3 26.7 26.2 25.8 25.3 25.1 24.8 24.5 24.4 24.2 24.0 23.8 23.4 22.9 22.3 21.6 20.9 20.0 19.2 18.4 17.7 nan nan 16.4 16.6 16.6 16.5 16.7 16.8 16.8 16.7 16.6 16.6 nan nan 16.2 16.3 16.3 16.4 16.2 nan nan nan nan nan nan nan nan nan nan nan nan
nan nan nan nan nan nan nan nan nan nan nan nan nan nan nan nan nan nan nan nan nan nan nan nan nan nan nan nan nan nan nan nan 31.9 31.2 30.5 29.7 29.0 28.3 27.7 27.1 26.5 26.0 25.6 25.2 24.9 24.7 24.5 24.4 24.2 24.1 23.7 23.2 22.7 22.1 21.5 20.7 19.8 19.0 18.3 17.6 17.2 17.1 17.1 nan 16.8 17.0 17.1 17.2 17.1 17.0 16.9 16.6 16.6 16.6 16.4 16.3 16.3 nan nan nan nan nan nan nan nan nan nan nan nan nan
nan nan nan nan nan nan nan nan nan nan nan nan nan nan nan nan nan nan nan nan nan nan nan nan nan nan nan nan nan nan 31.6 31.7 31.9 31.4 30.8 30.2 29.5 28.8 28.2 27.6 27.0 26.4 25.9 25.5 25.1 24.9 24.7 24.5 24.5 24.3 24.0 23.6 23.1 22.6 22.1 21.4 20.6 19.8 19.0 18.4 17.9 17.6 17.4 17.4 17.4 17.5 17.6 17.7 17.6 17.5 17.2 16.9 16.7 16.6 16.5 16.4 16.2 nan nan nan nan nan nan nan nan nan nan nan nan nan
nan nan nan nan nan nan nan nan nan nan nan nan nan nan nan nan nan nan nan nan nan nan nan nan nan nan nan nan nan nan nan nan 31.8 31.5 30.9 30.5 29.9 29.4 28.8 28.1 27.5 26.9 26.3 25.8 25.3 25.0 24.7 24.6 24.5 24.3 24.1 23.8 23.5 23.1 22.6 22.1 21.5 20.7 20.0 19.2 18.6 18.1 17.9 17.8 17.7 17.7 17.7 nan nan nan 17.3 17.1 16.9 16.6 16.4 16.4 nan nan nan nan nan nan nan nan nan nan nan nan nan nan
nan nan nan nan nan nan nan nan nan nan nan nan nan nan nan nan nan nan nan nan nan nan nan nan nan nan nan nan nan nan 14.9 13.7 31.4 31.4 31.1 30.8 30.4 30.1 29.5 28.7 28.0 27.3 26.6 26.0 25.5 25.1 24.8 24.6 24.4 24.3 24.2 24.0 23.8 23.5 23.1 22.8 22.2 21.5 20.8 20.0 19.2 18.5 18.1 17.9 nan nan nan nan nan nan nan 17.3 16.9 16.5 16.4 16.2 nan nan nan nan nan nan nan nan nan nan nan nan nan nan
nan nan nan nan nan nan nan nan nan nan nan nan nan nan nan nan nan nan nan nan nan nan nan nan nan nan nan nan nan nan 14.9 30.8 31.4 31.7 31.5 16.2 30.9 30.7 30.0 29.2 28.4 27.7 26.9 26.2 25.7 25.2 24.9 24.6 24.4 24.3 24.2 24.1 24.0 23.8 23.6 23.3 22.8 22.1 21.4 20.5 19.6 18.8 18.2 nan nan nan nan nan nan 16.6 16.8 17.0 16.7 16.4 16.2 nan nan nan nan nan nan nan nan nan nan nan nan nan nan nan
nan nan nan nan nan nan nan nan nan nan nan nan nan nan nan nan nan nan nan nan nan nan nan nan nan nan nan nan nan nan 15.0 29.5 31.5 31.8 nan nan nan 30.6 30.3 29.6 28.8 28.0 27.1 26.4 25.8 25.3 25.0 24.7 24.5 24.4 24.3 24.2 24.2 24.1 24.0 23.7 23.3 22.6 21.8 20.9 20.0 19.1 18.5 nan nan nan nan nan 16.8 16.7 16.5 16.5 16.3 16.1 nan nan nan nan nan nan nan nan nan nan nan nan nan nan nan nan
nan nan nan nan nan nan nan nan nan nan nan nan nan nan nan nan nan nan nan nan nan nan nan nan nan nan nan nan nan nan 14.8 13.9 31.1 31.5 nan nan nan 28.6 30.3 29.9 29.1 28.2 27.3 26.5 25.9 25.4 25.1 24.8 24.6 24.5 24.4 24.4 24.4 24.4 24.3 24.1 23.7 23.0 22.2 21.3 20.4 19.5 18.7 17.7 17.2 nan 16.7 16.7 16.7 16.5 16.4 16.2 nan nan nan nan nan nan nan nan nan nan nan nan nan nan nan nan nan nan
nan nan nan nan nan nan nan nan nan nan nan nan nan nan nan nan nan nan nan nan nan nan nan nan nan nan nan nan nan nan nan nan 31.1 25.8 nan nan nan nan 29.7 30.3 29.7 28.6 27.5 26.7 26.0 25.5 25.1 24.9 24.7 24.6 24.6 24.6 24.6 24.7 24.6 24.4 24.0 23.3 22.5 21.7 20.9 20.0 19.2 18.4 17.8 17.3 17.0 16.7 16.6 16.3 16.1 nan nan nan nan nan nan nan nan nan nan nan nan nan nan nan nan nan nan nan
nan nan nan nan nan nan nan nan nan nan nan nan nan nan nan nan nan nan nan nan nan nan nan nan nan nan nan nan nan nan nan nan nan 26.4 13.5 nan nan nan 14.0 31.2 30.5 29.1 27.8 26.9 26.1 25.6 25.2 25.0 24.9 24.8 24.8 24.8 24.9 25.0 24.9 24.6 24.2 23.6 22.9 22.1 21.4 20.5 19.7 18.9 18.2 17.6 17.1 16.8 16.5 16.2 15.9 nan nan nan nan nan nan nan nan nan nan nan nan nan nan nan nan nan nan nan
nan nan nan nan nan nan nan nan nan nan nan nan nan nan nan nan nan nan nan nan nan nan nan nan nan nan nan nan nan nan nan nan nan nan 14.6 26.3 nan nan nan nan 30.7 29.7 28.0 26.9 26.2 25.6 25.3 25.1 25.0 25.0 25.0 25.1 25.1 25.2 25.0 24.8 24.4 23.9 23.3 22.6 21.9 21.1 20.2 19.3 18.5 17.8 17.3 16.8 16.5 16.2 16.0 15.8 nan nan nan nan nan nan nan nan nan nan nan nan nan nan nan nan nan nan
nan nan nan nan nan nan nan nan nan nan nan nan nan nan nan nan nan nan nan nan nan nan nan nan nan nan nan nan nan nan nan nan nan nan nan 19.6 15.1 nan nan nan nan 28.8 28.1 27.0 26.2 25.6 25.3 25.2 25.1 25.2 25.2 25.3 25.4 25.3 25.1 24.9 24.5 24.2 23.6 23.0 22.2 21.4 20.4 19.5 18.6 17.9 17.4 16.9 16.5 16.2 16.0 15.9 15.8 9.8 nan nan nan nan nan nan nan nan nan nan nan nan nan nan nan nan
nan nan nan nan nan nan nan nan nan nan nan nan nan nan nan nan nan nan nan nan nan nan nan nan nan nan nan nan nan nan nan nan nan nan 15.9 20.5 28.4 28.2 nan 15.2 nan 26.0 28.1 27.0 26.1 25.6 25.3 25.2 25.2 25.3 25.4 25.5 25.5 25.5 25.4 25.1 24.8 24.4 23.9 23.2 22.5 21.5 20.5 19.5 18.7 18.0 17.4 16.9 16.5 16.2 15.9 15.9 15.8 15.8 nan nan nan nan nan nan nan nan nan nan nan nan nan nan nan nan
nan nan nan nan nan nan nan nan nan nan nan nan nan nan nan nan nan nan nan nan nan nan nan nan nan nan nan nan nan nan nan nan nan nan 29.0 28.9 28.6 27.1 18.4 24.9 26.5 23.4 27.6 26.8 26.0 25.5 25.2 25.1 25.2 25.4 25.5 25.6 25.6 25.7 25.6 25.4 25.1 24.7 24.1 23.4 22.5 21.5 20.4 19.6 18.7 17.9 17.1 16.4 15.4 16.0 16.0 15.9 15.8 15.9 15.9 nan nan nan nan nan nan nan nan nan nan nan nan nan nan nan
nan nan nan nan nan nan nan nan nan nan nan nan nan nan nan nan nan nan nan nan nan nan nan nan nan nan nan nan nan nan nan nan nan nan 28.8 28.7 28.5 28.3 27.8 nan 28.3 26.6 27.4 26.5 25.8 25.3 25.0 25.0 25.2 25.4 25.5 25.7 25.8 25.8 25.8 25.7 25.4 24.9 24.2 23.4 22.5 21.5 -9999.0 -9999.0 -9999.0 -9999.0 -9999.0 -9999.0 -9999.0 10.5 16.0 15.9 15.9 15.8 15.8 nan nan nan nan nan nan nan nan nan nan nan nan nan nan -9999.0
nan nan nan nan nan nan nan nan nan nan nan nan nan nan nan nan nan nan nan nan nan nan nan nan nan nan nan nan nan nan nan nan nan nan 28.5 28.4 28.2 28.0 28.0 nan nan 28.3 27.2 26.3 25.6 25.1 24.9 24.9 25.1 25.3 25.5 25.7 25.9 26.0 26.1 25.9 25.6 25.1 24.3 23.4 22.5 -9999.0 -9999.0 -9999.0 -9999.0 -9999.0 -9999.0 -9999.0 -9999.0 nan 12.3 15.8 15.9 15.4 nan nan nan nan nan nan nan nan nan nan nan nan nan nan nan -9999.0
nan nan nan nan nan nan nan nan nan nan nan nan nan nan nan nan nan nan nan nan nan nan nan nan nan nan nan nan nan nan nan nan nan nan 28.1 27.9 27.7 27.7 28.1 nan 22.8 26.2 27.1 26.1 25.3 24.8 24.6 24.7 24.9 25.2 25.5 25.8 26.1 26.2 26.3 26.2 25.8 25.3 24.5 23.5 22.5 -9999.0 -9999.0 -9999.0 -9999.0 -9999.0 -9999.0 -9999.0 -9999.0 -9999.0 -9999.0 nan 10.2 10.2 nan nan nan nan nan nan nan nan nan nan nan nan nan nan nan -9999.0
nan nan nan nan nan nan nan nan nan nan nan nan nan nan nan nan nan nan nan nan nan nan nan nan nan nan nan nan nan nan nan nan nan nan 27.7 27.6 27.8 27.7 24.2 16.5 25.5 22.3 26.5 25.8 25.0 24.6 24.4 24.5 24.7 25.1 25.4 25.8 26.1 26.4 26.5 26.4 26.1 25.5 24.6 23.6 -9999.0 -9999.0 -9999.0 -9999.0 -9999.0 -9999.0 -9999.0 -9999.0 -9999.0 -9999.0 -9999.0 nan nan nan nan nan nan nan nan nan nan nan nan nan nan nan nan nan nan -9999.0
nan nan nan nan nan nan nan nan nan nan nan nan nan nan nan nan nan nan nan nan nan nan nan nan nan nan nan nan nan nan nan nan 26.9 27.3 27.8 28.0 28.2 28.6 28.9 25.9 nan 27.7 26.3 25.4 24.7 24.3 24.2 24.3 24.5 24.8 25.2 25.6 26.1 26.4 26.6 26.5 26.2 25.4 24.6 -9999.0 -9999.0 -9999.0 -9999.0 -9999.0 -9999.0 -9999.0 -9999.0 -9999.0 -9999.0 -9999.0 -9999.0 -9999.0 nan nan nan nan nan nan nan nan nan nan nan nan nan nan nan nan nan -9999.0
nan nan nan nan nan nan nan nan nan nan nan nan nan nan nan nan nan nan nan nan nan nan nan nan nan nan nan nan nan 15.1 nan nan 28.3 28.3 28.2 28.2 28.6 29.0 29.4 nan nan 26.9 26.0 25.1 24.5 24.1 24.0 24.1 24.3 24.6 25.0 25.4 25.8 26.3 26.6 26.6 26.2 25.5 24.5 -9999.0 -9999.0 -9999.0 -9999.0 -9999.0 -9999.0 -9999.0 -9999.0 -9999.0 -9999.0 -9999.0 -9999.0 -9999.0 -9999.0 -9999.0 nan nan nan nan nan nan nan nan nan nan nan nan nan nan nan -9999.0
nan nan nan nan nan nan nan nan nan nan nan nan nan nan nan nan nan nan nan nan nan nan nan nan nan nan nan nan nan 13.3 13.3 nan 28.5 28.7 26.4 25.2 27.8 29.1 29.2 27.8 nan 26.9 26.1 25.2 24.5 24.1 23.9 24.0 24.1 24.3 24.7 25.1 25.5 26.0 26.4 26.4 26.2 25.5 -9999.0 -9999.0 -9999.0 -9999.0 -9999.0 -9999.0 -9999.0 -9999.0 -9999.0 -9999.0 -9999.0 -9999.0 -9999.0 -9999.0 -9999.0 -9999.0 -9999.0 nan nan nan nan nan nan nan nan nan nan nan nan nan nan -9999.0
nan nan nan nan nan nan nan nan nan nan nan nan nan nan nan nan nan nan nan nan nan nan nan nan nan nan nan nan nan 14.0 28.5 28.5 28.8 29.0 29.3 nan 13.8 28.9 28.9 28.9 nan 26.1 26.5 25.6 24.8 24.2 23.9 23.9 23.9 24.1 24.3 24.7 25.1 25.7 26.2 26.4 26.3 25.7 -9999.0 -9999.0 -9999.0 -9999.0 -9999.0 -9999.0 -9999.0 -9999.0 -9999.0 -9999.0 -9999.0 -9999.0 -9999.0 -9999.0 -9999.0 -9999.0 -9999.0 -9999.0 nan nan nan nan nan nan nan nan nan nan nan nan nan -9999.0
nan nan nan nan nan nan nan nan nan nan nan nan nan nan nan nan nan nan nan nan nan nan nan nan nan nan nan nan nan nan 27.9 28.5 29.0 29.5 27.8 nan nan 28.2 28.2 28.5 nan 23.0 24.5 25.7 25.0 24.2 23.8 23.7 23.8 23.8 24.0 24.3 24.7 25.2 25.9 26.3 26.4 25.8 -9999.0 -9999.0 -9999.0 -9999.0 -9999.0 -9999.0 -9999.0 -9999.0 -9999.0 -9999.0 -9999.0 -9999.0 -9999.0 -9999.0 -9999.0 -9999.0 -9999.0 -9999.0 -9999.0 nan nan nan nan nan nan nan nan nan nan nan nan -9999.0
nan nan nan nan nan nan nan nan nan nan nan nan nan nan nan nan nan nan nan nan nan nan nan nan nan nan nan nan nan nan 25.9 28.7 29.1 29.7 26.0 nan 15.2 21.4 24.4 13.8 21.7 18.2 20.4 25.0 25.1 24.3 23.8 23.5 23.5 23.5 23.7 23.9 24.4 25.0 25.7 26.2 26.3 25.6 -9999.0 -9999.0 -9999.0 -9999.0 -9999.0 -9999.0 -9999.0 -9999.0 -9999.0 -9999.0 -9999.0 -9999.0 -9999.0 -9999.0 -9999.0 -9999.0 -9999.0 -9999.0 -9999.0 -9999.0 nan nan nan nan nan nan nan nan nan nan nan -9999.0
nan nan nan nan nan nan nan nan nan nan nan nan nan nan nan nan nan nan nan nan nan nan nan nan nan nan nan nan nan nan 26.5 28.1 29.0 29.5 27.8 15.2 nan 25.4 19.0 13.2 18.5 nan 26.9 26.3 25.2 24.4 23.8 23.5 23.3 23.3 23.3 23.7 24.1 24.7 25.4 26.0 25.8 18.7 -9999.0 -9999.0 -9999.0 -9999.0 -9999.0 -9999.0 -9999.0 -9999.0 -9999.0 -9999.0 -9999.0 -9999.0 -9999.0 -9999.0 -9999.0 -9999.0 -9999.0 -9999.0 -9999.0 -9999.0 -9999.0 -9999.0 nan nan nan nan nan nan nan nan nan -9999.0
nan nan nan nan nan nan nan nan nan nan nan nan nan nan nan nan nan nan nan nan nan nan nan nan nan nan nan nan nan nan nan 28.5 28.5 28.9 29.3 nan nan 18.8 17.9 15.3 nan nan 27.2 26.6 25.5 24.6 23.9 23.5 23.2 23.2 23.2 23.6 24.1 24.7 25.4 26.1 26.0 21.2 -9999.0 -9999.0 -9999.0 -9999.0 -9999.0 -9999.0 -9999.0 -9999.0 -9999.0 -9999.0 -9999.0 nan nan nan -9999.0 -9999.0 -9999.0 -9999.0 -9999.0 -9999.0 -9999.0 -9999.0 -9999.0 -9999.0 -9999.0 -9999.0 -9999.0 nan nan nan -9999.0 -9999.0
nan nan nan nan nan nan nan nan nan nan nan nan nan nan nan nan nan nan nan nan nan nan nan nan nan nan nan nan nan nan nan 27.4 28.2 28.6 29.3 nan 14.3 16.1 24.9 13.9 nan nan 27.4 26.9 26.0 25.0 24.1 23.5 23.2 23.2 23.3 23.6 24.1 24.8 25.5 26.2 26.1 21.0 -9999.0 -9999.0 -9999.0 -9999.0 -9999.0 -9999.0 -9999.0 -9999.0 -9999.0 -9999.0 -9999.0 nan nan nan nan nan -9999.0 -9999.0 -9999.0 -9999.0 -9999.0 -9999.0 -9999.0 -9999.0 -9999.0 -9999.0 -9999.0 -9999.0 -9999.0 -9999.0 -9999.0 -9999.0
nan nan nan nan nan nan nan nan nan nan nan nan nan nan nan nan nan nan nan nan nan nan nan nan nan nan nan nan nan nan nan 14.9 27.7 28.6 29.6 29.5 24.2 18.9 15.2 12.1 13.7 nan 27.4 27.1 26.3 25.4 24.5 23.8 23.4 23.3 23.4 23.7 24.2 24.8 25.5 26.2 26.4 18.8 -9999.0 -9999.0 -9999.0 -9999.0 -9999.0 -9999.0 -9999.0 -9999.0 -9999.0 -9999.0 -9999.0 -9999.0 -9999.0 -9999.0 -9999.0 -9999.0 -9999.0 -9999.0 -9999.0 -9999.0 -9999.0 -9999.0 -9999.0 -9999.0 -9999.0 -9999.0 -9999.0 -9999.0 -9999.0 -9999.0 -9999.0 -9999.0
nan nan nan nan nan nan nan nan nan nan nan nan nan nan nan nan nan nan nan nan nan nan nan nan nan nan nan nan nan nan nan 14.9 27.5 28.7 29.7 30.3 30.3 nan 17.6 20.3 11.6 nan 27.2 27.4 26.8 25.9 25.0 24.2 23.6 23.5 23.6 23.9 24.3 24.9 25.6 26.2 26.5 21.4 -9999.0 -9999.0 -9999.0 -9999.0 -9999.0 -9999.0 -9999.0 -9999.0 -9999.0 -9999.0 -9999.0 -9999.0 -9999.0 -9999.0 -9999.0 -9999.0 -9999.0 -9999.0 -9999.0 -9999.0 -9999.0 -9999.0 -9999.0 -9999.0 -9999.0 -9999.0 -9999.0 -9999.0 -9999.0 -9999.0 -9999.0 -9999.0
nan nan nan nan nan nan nan nan nan nan nan nan nan nan nan nan nan nan nan nan nan nan nan nan nan nan nan nan nan nan nan 14.9 25.2 28.2 29.5 30.0 30.0 nan nan 18.0 13.2 nan nan 27.9 27.6 26.5 25.5 24.6 24.1 23.8 23.8 24.1 24.5 25.1 25.8 26.5 26.9 19.0 -9999.0 -9999.0 -9999.0 -9999.0 -9999.0 -9999.0 -9999.0 -9999.0 -9999.0 -9999.0 -9999.0 -9999.0 -9999.0 -9999.0 -9999.0 -9999.0 -9999.0 -9999.0 -9999.0 -9999.0 -9999.0 -9999.0 -9999.0 -9999.0 -9999.0 -9999.0 -9999.0 -9999.0 -9999.0 -9999.0 -9999.0 -9999.0
nan nan nan nan nan nan nan nan nan nan nan nan nan nan nan nan nan nan nan nan nan nan nan nan nan nan nan nan nan nan nan nan 14.4 28.6 29.3 29.8 nan nan nan 18.7 12.9 13.1 nan nan 27.3 26.8 25.9 25.0 24.4 24.1 24.2 24.4 24.8 25.4 26.1 26.7 27.3 25.8 -9999.0 -9999.0 -9999.0 -9999.0 -9999.0 -9999.0 -9999.0 -9999.0 -9999.0 -9999.0 -9999.0 -9999.0 -9999.0 -9999.0 -9999.0 -9999.0 -9999.0 -9999.0 -9999.0 -9999.0 -9999.0 -9999.0 -9999.0 -9999.0 nan nan nan -9999.0 -9999.0 -9999.0 -9999.0 -9999.0
nan nan nan nan nan nan nan nan nan nan nan nan nan nan nan nan nan nan nan nan nan nan nan nan nan nan nan nan nan nan nan nan 27.2 28.1 29.0 29.7 nan nan nan nan 14.6 12.6 23.5 nan 26.4 27.2 26.5 25.6 25.0 24.7 24.6 24.8 25.1 25.6 26.3 27.1 27.5 27.5 -9999.0 -9999.0 -9999.0 -9999.0 -9999.0 -9999.0 -9999.0 -9999.0 -9999.0 -9999.0 -9999.0 -9999.0 -9999.0 -9999.0 -9999.0 -9999.0 -9999.0 -9999.0 -9999.0 -9999.0 -9999.0 -9999.0 nan nan nan nan nan nan nan nan -9999.0 -9999.0
nan nan nan nan nan nan nan nan nan nan nan nan nan nan nan nan nan nan nan nan nan nan nan nan nan nan nan nan nan nan nan nan nan 28.2 29.2 30.1 nan nan nan nan 20.0 14.6 18.6 18.5 nan 27.6 27.3 26.4 25.7 25.3 25.1 25.2 25.5 25.9 26.6 27.5 28.1 28.3 -9999.0 -9999.0 -9999.0 -9999.0 -9999.0 -9999.0 -9999.0 -9999.0 -9999.0 -9999.0 -9999.0 nan nan nan nan nan nan nan nan nan nan nan nan nan nan nan nan nan nan nan nan nan
nan nan nan nan nan nan nan nan nan nan nan nan nan nan nan nan nan nan nan nan nan nan nan nan nan nan nan nan nan nan nan nan nan 28.5 29.5 30.4 30.5 nan nan nan 28.1 15.9 16.3 26.8 nan nan 27.2 26.7 26.3 25.9 25.6 25.6 25.8 26.1 27.0 28.0 28.7 29.6 -9999.0 -9999.0 -9999.0 -9999.0 -9999.0 -9999.0 -9999.0 -9999.0 -9999.0 -9999.0 nan nan nan nan nan nan nan nan nan nan nan nan nan nan nan nan nan nan nan nan nan nan
