data/output/RUN203/ECOSPACE/ECOSPACE_in_PAR3/PAR-VarZ-VarK/PAR-VarZ-VarK_1980_08.asc
ncols        93
nrows        151 
xllcorner    -123.80739
yllcorner    48.29471 
cellsize     0.013497347 
NODATA_value  0.0
[rows 80 to 119 of 151, columns 0 to 89 of 93]
nan nan nan nan nan nan nan nan nan nan nan nan nan nan nan nan nan nan nan nan nan nan nan 30.7 29.2 30.7 32.3 32.3 32.0 31.5 31.1 30.6 30.2 29.8 29.7 29.5 29.4 29.1 28.6 28.1 27.6 27.1 26.6 26.2 25.8 25.4 25.1 24.6 24.0 23.2 22.4 21.3 20.3 19.5 nan nan nan nan nan nan nan nan nan nan nan nan 14.8 15.0 15.0 14.9 nan 14.6 14.5 14.4 14.4 14.3 14.2 14.0 13.9 14.0 14.3 14.5 14.3 nan nan nan nan nan nan nan
nan nan nan nan nan nan nan nan nan nan nan nan nan nan nan nan nan nan nan nan nan nan nan nan nan nan 32.3 32.2 32.2 31.8 31.4 30.9 30.5 30.1 29.8 29.7 29.5 29.2 28.9 28.4 27.9 27.4 27.0 26.6 26.2 25.8 25.5 25.1 24.6 23.9 23.1 22.1 21.0 20.0 19.0 nan nan nan nan nan nan nan nan nan nan nan 15.2 15.1 nan nan nan nan nan 14.5 14.5 14.5 nan 14.0 14.1 14.3 14.6 14.8 nan nan nan nan nan nan nan nan
nan nan nan nan nan nan nan nan nan nan nan nan nan nan nan nan nan nan nan nan nan nan nan nan nan nan nan 32.2 32.1 32.0 31.6 31.2 30.8 30.3 30.0 29.8 29.6 29.4 29.1 28.7 28.2 27.8 27.3 26.9 26.5 26.2 25.9 25.6 25.1 24.5 23.8 22.9 21.8 20.6 19.6 18.8 nan nan nan nan nan nan nan nan nan 15.3 15.5 nan nan nan nan nan nan 14.5 14.5 14.5 nan 14.2 14.5 14.7 14.9 nan nan nan nan nan nan nan nan nan
nan nan nan nan nan nan nan nan nan nan nan nan nan nan nan nan nan nan nan nan nan nan nan nan nan nan nan nan 30.5 31.7 31.9 31.5 31.1 30.6 30.2 30.0 29.8 29.5 29.3 28.9 28.5 28.1 27.6 27.2 26.9 26.7 26.4 26.0 25.7 25.1 24.4 23.6 22.6 21.5 20.4 19.4 18.7 nan nan nan nan nan nan nan nan 15.3 15.5 nan nan nan nan nan nan 14.6 14.6 14.6 14.9 15.1 15.0 14.9 nan nan nan nan nan nan nan nan nan nan
nan nan nan nan nan nan nan nan nan nan nan nan nan nan nan nan nan nan nan nan nan nan nan nan nan nan nan nan nan 14.9 32.2 31.8 31.4 30.9 30.5 30.2 30.0 29.7 29.5 29.1 28.8 28.3 27.8 27.5 27.2 27.0 26.8 26.5 26.2 25.7 25.1 24.3 23.4 22.4 21.4 20.3 19.4 18.6 nan nan nan nan nan nan 15.4 15.5 15.6 nan 15.6 15.5 15.4 nan nan 14.6 14.7 14.9 15.2 15.6 nan nan nan nan nan nan nan nan nan nan nan nan
nan nan nan nan nan nan nan nan nan nan nan nan nan nan nan nan nan nan nan nan nan nan nan nan nan nan nan nan nan nan 15.5 31.9 31.6 31.3 30.9 30.5 30.2 29.9 29.6 29.3 28.9 28.5 28.0 27.7 27.5 27.3 27.1 26.8 26.5 26.1 25.6 25.0 24.2 23.3 22.3 21.3 20.4 19.5 nan nan nan nan nan 15.6 15.7 15.8 15.8 15.7 15.6 15.5 15.4 10.0 nan 14.7 14.9 15.2 15.4 15.6 nan nan nan nan nan nan nan nan nan nan nan nan
nan nan nan nan nan nan nan nan nan nan nan nan nan nan nan nan nan nan nan nan nan nan nan nan nan nan nan nan nan nan nan 29.8 31.6 31.7 31.2 30.9 30.5 30.1 29.7 29.4 29.1 28.7 28.3 28.0 27.9 27.6 27.4 27.1 26.8 26.5 26.0 25.5 24.9 24.0 23.2 22.2 21.2 20.1 18.8 nan nan 16.2 16.4 16.3 16.1 16.1 16.1 16.0 15.9 15.8 15.6 nan nan 15.0 15.2 15.4 15.7 15.7 nan nan nan nan nan nan nan nan nan nan nan nan
nan nan nan nan nan nan nan nan nan nan nan nan nan nan nan nan nan nan nan nan nan nan nan nan nan nan nan nan nan nan nan nan 32.1 31.9 31.5 31.1 30.7 30.3 29.9 29.5 29.3 28.9 28.6 28.4 28.2 27.9 27.6 27.4 27.0 26.7 26.3 25.9 25.4 24.7 23.9 22.9 21.8 20.8 19.7 18.2 17.5 17.3 17.1 nan 16.5 16.6 16.7 16.7 16.6 16.4 16.0 15.7 15.5 15.5 15.5 15.7 15.8 nan nan nan nan nan nan nan nan nan nan nan nan nan
nan nan nan nan nan nan nan nan nan nan nan nan nan nan nan nan nan nan nan nan nan nan nan nan nan nan nan nan nan nan 31.7 31.7 31.9 31.9 31.7 31.4 31.0 30.6 30.2 29.8 29.5 29.2 28.9 28.7 28.5 28.2 27.9 27.6 27.3 27.0 26.6 26.2 25.8 25.3 24.6 23.8 22.8 21.6 20.5 19.5 18.8 18.1 17.8 17.6 17.4 17.4 17.5 17.5 17.3 17.1 16.7 16.2 15.9 15.8 15.8 15.9 15.9 nan nan nan nan nan nan nan nan nan nan nan nan nan
nan nan nan nan nan nan nan nan nan nan nan nan nan nan nan nan nan nan nan nan nan nan nan nan nan nan nan nan nan nan nan nan 31.5 31.7 31.6 31.5 31.3 31.0 30.6 30.2 29.8 29.5 29.2 29.0 28.8 28.4 28.1 27.8 27.5 27.1 26.7 26.4 26.0 25.7 25.2 24.6 23.8 22.9 21.9 20.9 19.9 19.2 18.7 18.3 18.0 17.8 17.9 nan nan nan 16.9 16.5 16.2 16.0 16.0 16.0 nan nan nan nan nan nan nan nan nan nan nan nan nan nan
nan nan nan nan nan nan nan nan nan nan nan nan nan nan nan nan nan nan nan nan nan nan nan nan nan nan nan nan nan nan 16.6 15.1 31.4 31.6 31.7 31.7 31.6 31.5 31.0 30.6 30.1 29.8 29.5 29.2 28.9 28.6 28.2 27.9 27.5 27.1 26.8 26.5 26.2 25.9 25.5 25.1 24.5 23.8 22.9 21.8 20.7 19.9 19.3 18.8 nan nan nan nan nan nan nan 16.7 16.4 16.2 16.1 16.0 nan nan nan nan nan nan nan nan nan nan nan nan nan nan
nan nan nan nan nan nan nan nan nan nan nan nan nan nan nan nan nan nan nan nan nan nan nan nan nan nan nan nan nan nan 16.2 31.2 31.5 32.0 31.9 17.3 31.8 31.9 31.4 30.9 30.4 30.0 29.7 29.4 29.0 28.6 28.2 27.9 27.5 27.1 26.8 26.5 26.2 26.0 25.7 25.4 25.0 24.4 23.5 22.4 21.3 20.3 19.5 nan nan nan nan nan nan 16.7 16.7 16.6 16.4 16.2 16.1 nan nan nan nan nan nan nan nan nan nan nan nan nan nan nan
nan nan nan nan nan nan nan nan nan nan nan nan nan nan nan nan nan nan nan nan nan nan nan nan nan nan nan nan nan nan 16.6 30.1 31.8 32.1 nan nan nan 31.6 31.6 31.2 30.7 30.3 29.9 29.5 29.1 28.6 28.2 27.8 27.3 27.0 26.7 26.5 26.3 26.1 25.8 25.5 25.2 24.6 23.8 22.8 21.6 20.6 19.7 nan nan nan nan nan 16.9 16.8 16.6 16.5 16.3 16.2 nan nan nan nan nan nan nan nan nan nan nan nan nan nan nan nan
nan nan nan nan nan nan nan nan nan nan nan nan nan nan nan nan nan nan nan nan nan nan nan nan nan nan nan nan nan nan 16.5 15.2 32.0 32.4 nan nan nan 29.8 31.5 31.2 30.9 30.5 30.1 29.6 29.1 28.6 28.1 27.6 27.2 26.9 26.6 26.4 26.3 26.1 25.9 25.7 25.3 24.8 24.0 23.0 21.9 20.9 19.9 18.6 18.0 nan 17.2 17.1 17.0 16.8 16.5 16.4 nan nan nan nan nan nan nan nan nan nan nan nan nan nan nan nan nan nan
nan nan nan nan nan nan nan nan nan nan nan nan nan nan nan nan nan nan nan nan nan nan nan nan nan nan nan nan nan nan nan nan 31.9 27.7 nan nan nan nan 31.0 31.4 31.2 30.8 30.3 29.8 29.2 28.6 28.0 27.5 27.0 26.7 26.5 26.3 26.1 26.0 25.9 25.8 25.4 24.9 24.2 23.2 22.2 21.1 20.0 19.2 18.6 18.1 17.7 17.3 17.0 16.7 16.3 nan nan nan nan nan nan nan nan nan nan nan nan nan nan nan nan nan nan nan
nan nan nan nan nan nan nan nan nan nan nan nan nan nan nan nan nan nan nan nan nan nan nan nan nan nan nan nan nan nan nan nan nan 26.5 13.7 nan nan nan 15.3 31.6 31.6 31.1 30.6 30.0 29.2 28.5 27.9 27.3 26.9 26.5 26.3 26.1 26.0 25.9 25.9 25.7 25.4 25.0 24.3 23.4 22.4 21.5 20.5 19.7 19.1 18.5 17.9 17.5 17.1 16.7 16.3 nan nan nan nan nan nan nan nan nan nan nan nan nan nan nan nan nan nan nan
nan nan nan nan nan nan nan nan nan nan nan nan nan nan nan nan nan nan nan nan nan nan nan nan nan nan nan nan nan nan nan nan nan nan 13.9 27.5 nan nan nan nan 31.8 31.8 31.0 30.1 29.2 28.5 27.8 27.1 26.6 26.3 26.1 25.9 25.9 25.8 25.8 25.6 25.4 24.9 24.3 23.5 22.6 21.7 20.9 20.1 19.4 18.7 18.1 17.6 17.1 16.7 16.3 16.1 nan nan nan nan nan nan nan nan nan nan nan nan nan nan nan nan nan nan
nan nan nan nan nan nan nan nan nan nan nan nan nan nan nan nan nan nan nan nan nan nan nan nan nan nan nan nan nan nan nan nan nan nan nan 20.4 16.7 nan nan nan nan 30.9 31.1 30.1 29.2 28.4 27.7 27.0 26.5 26.1 25.9 25.8 25.7 25.7 25.6 25.5 25.2 24.8 24.2 23.5 22.7 21.9 21.0 20.3 19.6 18.9 18.3 17.7 17.2 16.8 16.4 16.2 16.0 10.1 nan nan nan nan nan nan nan nan nan nan nan nan nan nan nan nan
nan nan nan nan nan nan nan nan nan nan nan nan nan nan nan nan nan nan nan nan nan nan nan nan nan nan nan nan nan nan nan nan nan nan 17.4 22.0 30.9 30.9 nan 16.7 nan 28.4 30.9 30.1 29.2 28.4 27.6 26.9 26.4 26.0 25.8 25.6 25.5 25.5 25.4 25.3 25.1 24.7 24.1 23.4 22.7 22.0 21.2 20.4 19.6 18.9 18.4 17.9 17.4 16.9 16.4 16.2 16.1 15.9 nan nan nan nan nan nan nan nan nan nan nan nan nan nan nan nan
nan nan nan nan nan nan nan nan nan nan nan nan nan nan nan nan nan nan nan nan nan nan nan nan nan nan nan nan nan nan nan nan nan nan 30.8 30.7 31.1 28.5 17.9 26.4 28.3 26.4 30.6 30.1 29.1 28.3 27.5 26.8 26.2 25.9 25.6 25.5 25.4 25.3 25.3 25.1 24.9 24.5 24.0 23.4 22.7 22.0 21.2 20.4 19.5 18.8 18.0 18.0 17.5 17.2 16.5 16.3 16.1 16.0 16.0 nan nan nan nan nan nan nan nan nan nan nan nan nan nan nan
nan nan nan nan nan nan nan nan nan nan nan nan nan nan nan nan nan nan nan nan nan nan nan nan nan nan nan nan nan nan nan nan nan nan 30.8 31.0 31.0 30.6 29.2 nan 30.1 29.0 30.5 29.9 29.0 28.1 27.3 26.6 26.1 25.7 25.5 25.3 25.3 25.2 25.1 25.0 24.8 24.4 23.9 23.3 22.7 22.0 -9999.0 -9999.0 -9999.0 -9999.0 -9999.0 -9999.0 -9999.0 11.1 16.6 16.4 16.2 16.0 15.9 nan nan nan nan nan nan nan nan nan nan nan nan nan nan -9999.0
nan nan nan nan nan nan nan nan nan nan nan nan nan nan nan nan nan nan nan nan nan nan nan nan nan nan nan nan nan nan nan nan nan nan 30.6 30.7 30.7 30.7 30.7 nan nan 30.9 30.5 29.7 28.8 27.9 27.2 26.6 26.0 25.6 25.4 25.2 25.2 25.2 25.1 25.0 24.7 24.3 23.9 23.3 22.7 -9999.0 -9999.0 -9999.0 -9999.0 -9999.0 -9999.0 -9999.0 -9999.0 nan 12.9 16.2 16.1 15.2 nan nan nan nan nan nan nan nan nan nan nan nan nan nan nan -9999.0
nan nan nan nan nan nan nan nan nan nan nan nan nan nan nan nan nan nan nan nan nan nan nan nan nan nan nan nan nan nan nan nan nan nan 30.3 30.3 30.3 30.4 30.6 nan 25.2 28.7 30.3 29.5 28.6 27.8 27.1 26.5 26.0 25.6 25.4 25.2 25.2 25.2 25.1 25.0 24.7 24.3 23.9 23.3 22.6 -9999.0 -9999.0 -9999.0 -9999.0 -9999.0 -9999.0 -9999.0 -9999.0 -9999.0 -9999.0 nan 10.6 10.6 nan nan nan nan nan nan nan nan nan nan nan nan nan nan nan -9999.0
nan nan nan nan nan nan nan nan nan nan nan nan nan nan nan nan nan nan nan nan nan nan nan nan nan nan nan nan nan nan nan nan nan nan 30.0 30.0 30.1 29.4 26.3 17.1 27.2 25.0 30.0 29.3 28.5 27.7 27.0 26.5 26.0 25.6 25.4 25.3 25.3 25.2 25.2 25.0 24.8 24.4 23.9 23.3 -9999.0 -9999.0 -9999.0 -9999.0 -9999.0 -9999.0 -9999.0 -9999.0 -9999.0 -9999.0 -9999.0 nan nan nan nan nan nan nan nan nan nan nan nan nan nan nan nan nan nan -9999.0
nan nan nan nan nan nan nan nan nan nan nan nan nan nan nan nan nan nan nan nan nan nan nan nan nan nan nan nan nan nan nan nan 28.3 29.1 29.8 29.9 30.2 30.5 30.4 26.7 nan 30.8 29.8 29.1 28.3 27.6 27.0 26.5 26.0 25.7 25.5 25.4 25.4 25.4 25.3 25.1 24.9 24.5 23.9 -9999.0 -9999.0 -9999.0 -9999.0 -9999.0 -9999.0 -9999.0 -9999.0 -9999.0 -9999.0 -9999.0 -9999.0 -9999.0 nan nan nan nan nan nan nan nan nan nan nan nan nan nan nan nan nan -9999.0
nan nan nan nan nan nan nan nan nan nan nan nan nan nan nan nan nan nan nan nan nan nan nan nan nan nan nan nan nan 16.5 nan nan 29.8 29.9 29.9 29.9 30.3 30.6 30.9 nan nan 29.6 29.4 28.9 28.2 27.6 27.0 26.5 26.0 25.7 25.6 25.5 25.5 25.5 25.4 25.3 25.0 24.6 24.0 -9999.0 -9999.0 -9999.0 -9999.0 -9999.0 -9999.0 -9999.0 -9999.0 -9999.0 -9999.0 -9999.0 -9999.0 -9999.0 -9999.0 -9999.0 nan nan nan nan nan nan nan nan nan nan nan nan nan nan nan -9999.0
nan nan nan nan nan nan nan nan nan nan nan nan nan nan nan nan nan nan nan nan nan nan nan nan nan nan nan nan nan 14.3 14.3 nan 29.8 29.9 27.4 26.3 29.1 30.4 30.4 29.2 nan 29.4 29.3 28.9 28.3 27.6 27.0 26.5 26.0 25.8 25.6 25.7 25.6 25.6 25.6 25.6 25.3 24.9 -9999.0 -9999.0 -9999.0 -9999.0 -9999.0 -9999.0 -9999.0 -9999.0 -9999.0 -9999.0 -9999.0 -9999.0 -9999.0 -9999.0 -9999.0 -9999.0 -9999.0 nan nan nan nan nan nan nan nan nan nan nan nan nan nan -9999.0
nan nan nan nan nan nan nan nan nan nan nan nan nan nan nan nan nan nan nan nan nan nan nan nan nan nan nan nan nan 15.1 29.4 29.5 29.8 30.0 30.2 nan 15.0 30.0 30.2 30.2 nan 29.2 29.9 29.2 28.4 27.6 27.0 26.5 26.1 25.8 25.7 25.8 25.8 25.9 26.0 26.0 25.8 25.4 -9999.0 -9999.0 -9999.0 -9999.0 -9999.0 -9999.0 -9999.0 -9999.0 -9999.0 -9999.0 -9999.0 -9999.0 -9999.0 -9999.0 -9999.0 -9999.0 -9999.0 -9999.0 nan nan nan nan nan nan nan nan nan nan nan nan nan -9999.0
nan nan nan nan nan nan nan nan nan nan nan nan nan nan nan nan nan nan nan nan nan nan nan nan nan nan nan nan nan nan 28.8 29.4 29.8 30.2 28.6 nan nan 29.5 29.6 30.0 nan 26.4 27.8 28.7 28.3 27.6 27.0 26.5 26.1 25.9 25.8 25.9 26.1 26.3 26.5 26.5 26.4 26.1 -9999.0 -9999.0 -9999.0 -9999.0 -9999.0 -9999.0 -9999.0 -9999.0 -9999.0 -9999.0 -9999.0 -9999.0 -9999.0 -9999.0 -9999.0 -9999.0 -9999.0 -9999.0 -9999.0 nan nan nan nan nan nan nan nan nan nan nan nan -9999.0
nan nan nan nan nan nan nan nan nan nan nan nan nan nan nan nan nan nan nan nan nan nan nan nan nan nan nan nan nan nan 26.3 29.4 29.9 30.2 26.7 nan 16.6 22.5 25.8 15.2 23.4 19.8 23.4 28.0 28.2 27.5 26.9 26.4 26.1 26.0 26.0 26.1 26.5 26.8 27.1 27.2 27.1 26.8 -9999.0 -9999.0 -9999.0 -9999.0 -9999.0 -9999.0 -9999.0 -9999.0 -9999.0 -9999.0 -9999.0 -9999.0 -9999.0 -9999.0 -9999.0 -9999.0 -9999.0 -9999.0 -9999.0 -9999.0 nan nan nan nan nan nan nan nan nan nan nan -9999.0
nan nan nan nan nan nan nan nan nan nan nan nan nan nan nan nan nan nan nan nan nan nan nan nan nan nan nan nan nan nan 26.9 28.9 29.7 30.0 29.0 16.6 nan 26.2 20.5 14.4 19.7 nan 28.9 28.8 28.1 27.4 26.8 26.4 26.2 26.1 26.2 26.5 26.9 27.3 27.6 27.8 27.5 22.0 -9999.0 -9999.0 -9999.0 -9999.0 -9999.0 -9999.0 -9999.0 -9999.0 -9999.0 -9999.0 -9999.0 -9999.0 -9999.0 -9999.0 -9999.0 -9999.0 -9999.0 -9999.0 -9999.0 -9999.0 -9999.0 -9999.0 nan nan nan nan nan nan nan nan nan -9999.0
nan nan nan nan nan nan nan nan nan nan nan nan nan nan nan nan nan nan nan nan nan nan nan nan nan nan nan nan nan nan nan 29.1 29.4 29.7 30.1 nan nan 19.9 19.6 16.5 nan nan 28.7 28.4 27.9 27.3 26.7 26.4 26.3 26.3 26.4 26.8 27.3 27.8 28.3 28.6 27.9 24.2 -9999.0 -9999.0 -9999.0 -9999.0 -9999.0 -9999.0 -9999.0 -9999.0 -9999.0 -9999.0 -9999.0 nan nan nan -9999.0 -9999.0 -9999.0 -9999.0 -9999.0 -9999.0 -9999.0 -9999.0 -9999.0 -9999.0 -9999.0 -9999.0 -9999.0 nan nan nan -9999.0 -9999.0
nan nan nan nan nan nan nan nan nan nan nan nan nan nan nan nan nan nan nan nan nan nan nan nan nan nan nan nan nan nan nan 28.1 29.2 29.6 30.2 nan 15.4 17.1 25.8 15.3 nan nan 28.5 28.2 27.8 27.2 26.8 26.5 26.4 26.5 26.7 27.2 27.6 28.3 28.9 29.4 29.1 25.4 -9999.0 -9999.0 -9999.0 -9999.0 -9999.0 -9999.0 -9999.0 -9999.0 -9999.0 -9999.0 -9999.0 nan nan nan nan nan -9999.0 -9999.0 -9999.0 -9999.0 -9999.0 -9999.0 -9999.0 -9999.0 -9999.0 -9999.0 -9999.0 -9999.0 -9999.0 -9999.0 -9999.0 -9999.0
nan nan nan nan nan nan nan nan nan nan nan nan nan nan nan nan nan nan nan nan nan nan nan nan nan nan nan nan nan nan nan 16.4 29.1 29.5 30.2 30.5 27.5 20.8 16.3 13.2 15.7 nan 28.3 28.1 27.8 27.3 26.9 26.6 26.6 26.7 27.0 27.4 28.0 28.8 29.6 30.2 30.4 26.2 -9999.0 -9999.0 -9999.0 -9999.0 -9999.0 -9999.0 -9999.0 -9999.0 -9999.0 -9999.0 -9999.0 -9999.0 -9999.0 -9999.0 -9999.0 -9999.0 -9999.0 -9999.0 -9999.0 -9999.0 -9999.0 -9999.0 -9999.0 -9999.0 -9999.0 -9999.0 -9999.0 -9999.0 -9999.0 -9999.0 -9999.0 -9999.0
nan nan nan nan nan nan nan nan nan nan nan nan nan nan nan nan nan nan nan nan nan nan nan nan nan nan nan nan nan nan nan 16.4 28.9 29.4 30.1 30.5 30.6 nan 18.5 21.1 13.0 nan 28.3 28.2 28.0 27.5 27.1 26.8 26.8 26.9 27.2 27.7 28.3 29.1 30.0 30.6 30.9 27.6 -9999.0 -9999.0 -9999.0 -9999.0 -9999.0 -9999.0 -9999.0 -9999.0 -9999.0 -9999.0 -9999.0 -9999.0 -9999.0 -9999.0 -9999.0 -9999.0 -9999.0 -9999.0 -9999.0 -9999.0 -9999.0 -9999.0 -9999.0 -9999.0 -9999.0 -9999.0 -9999.0 -9999.0 -9999.0 -9999.0 -9999.0 -9999.0
nan nan nan nan nan nan nan nan nan nan nan nan nan nan nan nan nan nan nan nan nan nan nan nan nan nan nan nan nan nan nan 16.4 26.2 28.9 29.9 30.3 30.4 nan nan 18.8 15.5 nan nan 28.4 28.2 27.7 27.3 27.1 27.0 27.1 27.4 27.9 28.5 29.3 30.3 31.1 31.4 25.2 -9999.0 -9999.0 -9999.0 -9999.0 -9999.0 -9999.0 -9999.0 -9999.0 -9999.0 -9999.0 -9999.0 -9999.0 -9999.0 -9999.0 -9999.0 -9999.0 -9999.0 -9999.0 -9999.0 -9999.0 -9999.0 -9999.0 -9999.0 -9999.0 -9999.0 -9999.0 -9999.0 -9999.0 -9999.0 -9999.0 -9999.0 -9999.0
nan nan nan nan nan nan nan nan nan nan nan nan nan nan nan nan nan nan nan nan nan nan nan nan nan nan nan nan nan nan nan nan 15.8 29.4 29.8 30.3 nan nan nan 20.2 15.0 16.7 nan nan 27.8 27.7 27.4 27.2 27.1 27.2 27.6 28.1 28.7 29.5 30.5 31.5 32.1 31.0 -9999.0 -9999.0 -9999.0 -9999.0 -9999.0 -9999.0 -9999.0 -9999.0 -9999.0 -9999.0 -9999.0 -9999.0 -9999.0 -9999.0 -9999.0 -9999.0 -9999.0 -9999.0 -9999.0 -9999.0 -9999.0 -9999.0 -9999.0 -9999.0 nan nan nan -9999.0 -9999.0 -9999.0 -9999.0 -9999.0
nan nan nan nan nan nan nan nan nan nan nan nan nan nan nan nan nan nan nan nan nan nan nan nan nan nan nan nan nan nan nan nan 29.1 29.3 29.8 30.3 nan nan nan nan 16.9 16.3 27.0 nan 27.3 27.8 27.7 27.5 27.4 27.5 27.8 28.2 28.9 29.6 30.7 31.9 32.6 32.4 -9999.0 -9999.0 -9999.0 -9999.0 -9999.0 -9999.0 -9999.0 -9999.0 -9999.0 -9999.0 -9999.0 -9999.0 -9999.0 -9999.0 -9999.0 -9999.0 -9999.0 -9999.0 -9999.0 -9999.0 -9999.0 -9999.0 nan nan nan nan nan nan nan nan -9999.0 -9999.0
nan nan nan nan nan nan nan nan nan nan nan nan nan nan nan nan nan nan nan nan nan nan nan nan nan nan nan nan nan nan nan nan nan 29.4 29.9 30.4 nan nan nan nan 21.6 18.5 23.6 19.0 nan 28.2 28.3 27.9 27.7 27.6 27.9 28.4 29.0 29.7 30.8 32.0 32.8 33.4 -9999.0 -9999.0 -9999.0 -9999.0 -9999.0 -9999.0 -9999.0 -9999.0 -9999.0 -9999.0 -9999.0 nan nan nan nan nan nan nan nan nan nan nan nan nan nan nan nan nan nan nan nan nan
nan nan nan nan nan nan nan nan nan nan nan nan nan nan nan nan nan nan nan nan nan nan nan nan nan nan nan nan nan nan nan nan nan 29.5 30.0 30.7 30.7 nan nan nan 28.7 19.2 22.4 27.9 nan nan 28.0 27.9 27.7 27.7 27.9 28.3 28.8 29.6 30.7 32.1 33.0 33.8 -9999.0 -9999.0 -9999.0 -9999.0 -9999.0 -9999.0 -9999.0 -9999.0 -9999.0 -9999.0 nan nan nan nan nan nan nan nan nan nan nan nan nan nan nan nan nan nan nan nan nan nan
