data/output/RUN203/ECOSPACE/ECOSPACE_in_PAR3/PAR-VarZ-VarK/PAR-VarZ-VarK_1988_08.asc
ncols        93
nrows        151 
xllcorner    -123.80739
yllcorner    48.29471 
cellsize     0.013497347 
NODATA_value  0.0
[rows 80 to 119 of 151, columns 0 to 89 of 93]
nan nan nan nan nan nan nan nan nan nan nan nan nan nan nan nan nan nan nan nan nan nan nan 29.0 27.6 29.2 31.2 31.3 31.0 30.7 30.4 30.0 29.7 29.3 28.9 28.5 28.2 28.0 27.9 27.8 27.8 27.7 27.5 27.0 26.5 25.9 25.3 24.5 23.7 22.9 21.9 21.1 20.4 19.9 nan nan nan nan nan nan nan nan nan nan nan nan 16.4 16.6 16.7 16.8 nan 16.4 16.3 16.2 16.2 16.2 16.1 15.9 15.8 16.0 16.4 16.5 16.3 nan nan nan nan nan nan nan
nan nan nan nan nan nan nan nan nan nan nan nan nan nan nan nan nan nan nan nan nan nan nan nan nan nan 31.3 31.3 31.1 30.9 30.5 30.2 29.9 29.5 29.2 28.9 28.6 28.4 28.3 28.2 28.2 28.1 27.8 27.3 26.7 26.2 25.6 24.9 24.1 23.3 22.4 21.5 20.7 20.0 19.3 nan nan nan nan nan nan nan nan nan nan nan 16.8 16.8 nan nan nan nan nan 16.4 16.4 16.5 nan 16.0 16.1 16.5 16.8 17.0 nan nan nan nan nan nan nan nan
nan nan nan nan nan nan nan nan nan nan nan nan nan nan nan nan nan nan nan nan nan nan nan nan nan nan nan 31.2 31.1 30.9 30.7 30.4 30.0 29.7 29.4 29.2 29.0 28.8 28.7 28.6 28.5 28.4 28.0 27.5 26.9 26.4 25.9 25.3 24.6 23.7 22.8 21.9 21.0 20.3 19.6 19.1 nan nan nan nan nan nan nan nan nan 16.8 17.2 nan nan nan nan nan nan 16.4 16.5 16.5 nan 16.2 16.6 16.9 17.1 nan nan nan nan nan nan nan nan nan
nan nan nan nan nan nan nan nan nan nan nan nan nan nan nan nan nan nan nan nan nan nan nan nan nan nan nan nan 29.0 30.8 30.9 30.7 30.3 30.0 29.7 29.5 29.3 29.1 29.1 29.0 28.8 28.6 28.1 27.6 27.0 26.5 26.0 25.5 24.8 24.1 23.2 22.2 21.4 20.6 19.9 19.4 19.0 nan nan nan nan nan nan nan nan 16.9 17.1 nan nan nan nan nan nan 16.4 16.5 16.6 17.0 17.4 17.2 17.1 nan nan nan nan nan nan nan nan nan nan
nan nan nan nan nan nan nan nan nan nan nan nan nan nan nan nan nan nan nan nan nan nan nan nan nan nan nan nan nan 15.2 31.1 30.9 30.5 30.2 30.0 29.8 29.6 29.4 29.3 29.2 29.0 28.7 28.1 27.5 27.0 26.5 26.0 25.5 25.0 24.4 23.6 22.6 21.8 21.0 20.3 19.7 19.3 19.0 nan nan nan nan nan nan 16.9 17.0 17.2 nan 17.3 17.2 17.3 nan nan 16.5 16.7 17.0 17.4 18.0 nan nan nan nan nan nan nan nan nan nan nan nan
nan nan nan nan nan nan nan nan nan nan nan nan nan nan nan nan nan nan nan nan nan nan nan nan nan nan nan nan nan nan 15.7 31.0 30.8 30.5 30.3 30.1 29.9 29.7 29.5 29.4 29.1 28.6 28.1 27.4 26.9 26.4 26.0 25.5 25.1 24.5 23.7 22.9 22.1 21.4 20.7 20.1 19.7 19.4 nan nan nan nan nan 17.0 17.1 17.3 17.4 17.4 17.4 17.3 17.3 11.1 nan 16.6 16.9 17.3 17.6 17.9 nan nan nan nan nan nan nan nan nan nan nan nan
nan nan nan nan nan nan nan nan nan nan nan nan nan nan nan nan nan nan nan nan nan nan nan nan nan nan nan nan nan nan nan 28.7 30.8 30.8 30.6 30.4 30.1 29.9 29.6 29.4 29.0 28.5 28.0 27.4 26.8 26.3 25.9 25.5 25.1 24.6 23.9 23.1 22.4 21.8 21.1 20.6 20.1 19.8 19.2 nan nan 17.6 17.8 17.7 17.6 17.7 17.7 17.6 17.6 17.5 17.4 nan nan 16.9 17.2 17.5 17.9 17.9 nan nan nan nan nan nan nan nan nan nan nan nan
nan nan nan nan nan nan nan nan nan nan nan nan nan nan nan nan nan nan nan nan nan nan nan nan nan nan nan nan nan nan nan nan 31.0 30.9 30.7 30.5 30.2 29.9 29.7 29.4 29.0 28.4 27.9 27.3 26.8 26.3 25.9 25.5 25.1 24.6 24.0 23.4 22.7 22.1 21.6 21.1 20.6 20.1 19.7 18.9 18.6 18.6 18.5 nan 18.0 18.2 18.3 18.4 18.3 18.2 18.0 17.6 17.5 17.5 17.5 17.8 17.9 nan nan nan nan nan nan nan nan nan nan nan nan nan
nan nan nan nan nan nan nan nan nan nan nan nan nan nan nan nan nan nan nan nan nan nan nan nan nan nan nan nan nan nan 30.8 30.9 30.9 30.8 30.6 30.4 30.3 30.0 29.8 29.4 29.0 28.4 27.8 27.2 26.8 26.3 25.8 25.4 25.1 24.6 24.1 23.6 23.0 22.5 22.0 21.6 21.1 20.6 20.1 19.6 19.3 19.1 19.1 19.1 19.0 19.0 19.1 19.2 19.1 19.0 18.6 18.1 17.9 17.7 17.8 18.0 18.0 nan nan nan nan nan nan nan nan nan nan nan nan nan
nan nan nan nan nan nan nan nan nan nan nan nan nan nan nan nan nan nan nan nan nan nan nan nan nan nan nan nan nan nan nan nan 30.7 30.7 30.5 30.4 30.3 30.1 29.8 29.4 28.9 28.3 27.7 27.2 26.7 26.3 25.8 25.4 25.1 24.7 24.2 23.7 23.3 22.9 22.5 22.2 21.8 21.4 20.9 20.4 20.1 19.9 19.9 19.9 19.6 19.4 19.5 nan nan nan 18.8 18.5 18.1 17.9 17.9 18.0 nan nan nan nan nan nan nan nan nan nan nan nan nan nan
nan nan nan nan nan nan nan nan nan nan nan nan nan nan nan nan nan nan nan nan nan nan nan nan nan nan nan nan nan nan 17.5 15.8 30.5 30.5 30.4 30.3 30.4 30.2 29.9 29.4 28.8 28.2 27.6 27.1 26.6 26.2 25.8 25.5 25.1 24.7 24.3 23.9 23.6 23.3 23.0 22.8 22.5 22.1 21.6 21.1 20.8 20.5 20.4 20.4 nan nan nan nan nan nan nan 18.8 18.3 18.0 18.0 17.9 nan nan nan nan nan nan nan nan nan nan nan nan nan nan
nan nan nan nan nan nan nan nan nan nan nan nan nan nan nan nan nan nan nan nan nan nan nan nan nan nan nan nan nan nan 16.6 30.0 30.5 30.6 30.4 17.4 30.4 30.4 29.9 29.3 28.8 28.2 27.5 27.0 26.6 26.2 25.9 25.5 25.2 24.9 24.5 24.1 23.9 23.7 23.5 23.4 23.2 22.9 22.4 21.9 21.4 21.1 20.8 nan nan nan nan nan nan 18.4 18.5 18.6 18.2 18.0 17.9 nan nan nan nan nan nan nan nan nan nan nan nan nan nan nan
nan nan nan nan nan nan nan nan nan nan nan nan nan nan nan nan nan nan nan nan nan nan nan nan nan nan nan nan nan nan 17.5 28.9 30.5 30.8 nan nan nan 29.8 29.7 29.2 28.7 28.1 27.4 26.9 26.5 26.2 25.9 25.6 25.3 25.0 24.6 24.4 24.1 24.0 24.0 23.9 23.8 23.5 23.2 22.6 22.1 21.7 21.3 nan nan nan nan nan 18.6 18.5 18.4 18.2 18.1 17.9 nan nan nan nan nan nan nan nan nan nan nan nan nan nan nan nan
nan nan nan nan nan nan nan nan nan nan nan nan nan nan nan nan nan nan nan nan nan nan nan nan nan nan nan nan nan nan 17.4 15.6 30.9 30.9 nan nan nan 27.9 29.5 29.1 28.6 28.0 27.4 26.9 26.5 26.1 25.9 25.6 25.4 25.1 24.8 24.6 24.4 24.4 24.4 24.4 24.3 24.1 23.8 23.4 22.8 22.3 21.6 20.2 19.6 nan 18.7 18.7 18.7 18.5 18.3 18.1 nan nan nan nan nan nan nan nan nan nan nan nan nan nan nan nan nan nan
nan nan nan nan nan nan nan nan nan nan nan nan nan nan nan nan nan nan nan nan nan nan nan nan nan nan nan nan nan nan nan nan 30.8 26.6 nan nan nan nan 29.0 29.0 28.7 28.1 27.3 26.8 26.4 26.0 25.8 25.6 25.4 25.2 24.9 24.8 24.7 24.7 24.7 24.8 24.8 24.7 24.4 24.0 23.5 22.8 21.9 21.0 20.3 19.6 19.2 18.9 18.6 18.4 18.1 nan nan nan nan nan nan nan nan nan nan nan nan nan nan nan nan nan nan nan
nan nan nan nan nan nan nan nan nan nan nan nan nan nan nan nan nan nan nan nan nan nan nan nan nan nan nan nan nan nan nan nan nan 25.1 13.0 nan nan nan 15.8 29.3 28.9 28.2 27.4 26.8 26.3 26.0 25.7 25.6 25.4 25.2 25.1 25.0 24.9 25.0 25.1 25.1 25.2 25.1 24.9 24.6 24.1 23.5 22.6 21.7 20.8 20.1 19.5 19.1 18.8 18.4 18.0 nan nan nan nan nan nan nan nan nan nan nan nan nan nan nan nan nan nan nan
nan nan nan nan nan nan nan nan nan nan nan nan nan nan nan nan nan nan nan nan nan nan nan nan nan nan nan nan nan nan nan nan nan nan 14.2 25.0 nan nan nan nan 28.9 28.5 27.4 26.7 26.3 26.0 25.7 25.6 25.5 25.4 25.2 25.2 25.2 25.3 25.4 25.5 25.5 25.5 25.3 25.0 24.6 24.0 23.1 22.2 21.3 20.5 19.9 19.4 19.0 18.6 18.2 17.8 nan nan nan nan nan nan nan nan nan nan nan nan nan nan nan nan nan nan
nan nan nan nan nan nan nan nan nan nan nan nan nan nan nan nan nan nan nan nan nan nan nan nan nan nan nan nan nan nan nan nan nan nan nan 19.2 17.5 nan nan nan nan 27.7 27.5 26.7 26.2 26.0 25.8 25.7 25.6 25.5 25.4 25.4 25.5 25.6 25.7 25.8 25.9 25.8 25.7 25.4 24.9 24.2 23.4 22.5 21.6 20.8 20.1 19.6 19.1 18.7 18.2 18.0 17.8 11.1 nan nan nan nan nan nan nan nan nan nan nan nan nan nan nan nan
nan nan nan nan nan nan nan nan nan nan nan nan nan nan nan nan nan nan nan nan nan nan nan nan nan nan nan nan nan nan nan nan nan nan 17.0 20.7 27.4 27.4 nan 17.5 nan 25.3 27.4 26.6 26.2 26.0 25.9 25.8 25.7 25.6 25.5 25.5 25.6 25.8 26.0 26.1 26.2 26.2 26.0 25.7 25.1 24.4 23.5 22.5 21.6 20.7 20.2 19.7 19.2 18.7 18.2 18.0 17.8 17.6 nan nan nan nan nan nan nan nan nan nan nan nan nan nan nan nan
nan nan nan nan nan nan nan nan nan nan nan nan nan nan nan nan nan nan nan nan nan nan nan nan nan nan nan nan nan nan nan nan nan nan 27.7 27.6 27.8 25.9 17.9 24.2 25.9 23.3 27.3 26.7 26.3 26.1 26.0 25.9 25.8 25.7 25.6 25.6 25.8 26.0 26.2 26.4 26.5 26.4 26.2 25.8 25.2 24.3 23.3 22.3 21.4 20.5 19.6 19.7 19.5 19.0 18.3 18.0 17.9 17.8 17.8 nan nan nan nan nan nan nan nan nan nan nan nan nan nan nan
nan nan nan nan nan nan nan nan nan nan nan nan nan nan nan nan nan nan nan nan nan nan nan nan nan nan nan nan nan nan nan nan nan nan 27.7 27.8 27.8 27.4 26.5 nan 27.0 26.3 27.4 26.8 26.4 26.2 26.1 26.0 25.8 25.7 25.7 25.7 25.9 26.1 26.4 26.6 26.6 26.6 26.3 25.8 25.0 24.0 -9999.0 -9999.0 -9999.0 -9999.0 -9999.0 -9999.0 -9999.0 12.1 18.3 18.1 18.0 17.8 17.7 nan nan nan nan nan nan nan nan nan nan nan nan nan nan -9999.0
nan nan nan nan nan nan nan nan nan nan nan nan nan nan nan nan nan nan nan nan nan nan nan nan nan nan nan nan nan nan nan nan nan nan 27.5 27.5 27.5 27.4 27.4 nan nan 27.8 27.4 26.9 26.5 26.2 26.1 25.9 25.8 25.7 25.7 25.8 26.0 26.3 26.5 26.7 26.8 26.6 26.2 25.6 24.8 -9999.0 -9999.0 -9999.0 -9999.0 -9999.0 -9999.0 -9999.0 -9999.0 nan 14.1 18.0 17.9 17.2 nan nan nan nan nan nan nan nan nan nan nan nan nan nan nan -9999.0
nan nan nan nan nan nan nan nan nan nan nan nan nan nan nan nan nan nan nan nan nan nan nan nan nan nan nan nan nan nan nan nan nan nan 27.2 27.1 27.1 27.1 27.5 nan 23.1 26.0 27.6 27.0 26.6 26.3 26.0 25.9 25.7 25.7 25.7 25.8 26.0 26.4 26.6 26.8 26.8 26.6 26.1 25.4 24.4 -9999.0 -9999.0 -9999.0 -9999.0 -9999.0 -9999.0 -9999.0 -9999.0 -9999.0 -9999.0 nan 11.7 11.7 nan nan nan nan nan nan nan nan nan nan nan nan nan nan nan -9999.0
nan nan nan nan nan nan nan nan nan nan nan nan nan nan nan nan nan nan nan nan nan nan nan nan nan nan nan nan nan nan nan nan nan nan 26.9 26.8 27.1 26.7 25.1 17.2 25.6 23.0 27.5 27.0 26.6 26.2 26.0 25.8 25.6 25.6 25.6 25.8 26.1 26.4 26.7 26.9 26.9 26.6 26.0 25.1 -9999.0 -9999.0 -9999.0 -9999.0 -9999.0 -9999.0 -9999.0 -9999.0 -9999.0 -9999.0 -9999.0 nan nan nan nan nan nan nan nan nan nan nan nan nan nan nan nan nan nan -9999.0
nan nan nan nan nan nan nan nan nan nan nan nan nan nan nan nan nan nan nan nan nan nan nan nan nan nan nan nan nan nan nan nan 25.3 25.8 26.7 27.1 27.4 28.0 28.4 27.2 nan 28.3 27.5 27.0 26.6 26.2 26.0 25.7 25.6 25.5 25.5 25.8 26.1 26.5 26.8 27.0 27.0 26.6 26.0 -9999.0 -9999.0 -9999.0 -9999.0 -9999.0 -9999.0 -9999.0 -9999.0 -9999.0 -9999.0 -9999.0 -9999.0 -9999.0 nan nan nan nan nan nan nan nan nan nan nan nan nan nan nan nan nan -9999.0
nan nan nan nan nan nan nan nan nan nan nan nan nan nan nan nan nan nan nan nan nan nan nan nan nan nan nan nan nan 17.5 nan nan 26.8 26.9 27.0 27.3 27.8 28.3 28.9 nan nan 27.7 27.4 27.0 26.6 26.3 26.0 25.8 25.5 25.5 25.5 25.7 26.1 26.5 26.8 27.1 27.1 26.7 25.9 -9999.0 -9999.0 -9999.0 -9999.0 -9999.0 -9999.0 -9999.0 -9999.0 -9999.0 -9999.0 -9999.0 -9999.0 -9999.0 -9999.0 -9999.0 nan nan nan nan nan nan nan nan nan nan nan nan nan nan nan -9999.0
nan nan nan nan nan nan nan nan nan nan nan nan nan nan nan nan nan nan nan nan nan nan nan nan nan nan nan nan nan 14.6 14.7 nan 27.0 27.3 25.5 24.3 27.1 28.2 28.4 27.4 nan 27.5 27.5 27.2 26.8 26.4 26.1 25.8 25.6 25.5 25.5 25.7 26.1 26.5 26.9 27.2 27.1 26.8 -9999.0 -9999.0 -9999.0 -9999.0 -9999.0 -9999.0 -9999.0 -9999.0 -9999.0 -9999.0 -9999.0 -9999.0 -9999.0 -9999.0 -9999.0 -9999.0 -9999.0 nan nan nan nan nan nan nan nan nan nan nan nan nan nan -9999.0
nan nan nan nan nan nan nan nan nan nan nan nan nan nan nan nan nan nan nan nan nan nan nan nan nan nan nan nan nan 15.5 26.5 26.8 27.1 27.5 27.9 nan 15.8 27.9 28.1 28.2 nan 26.9 28.0 27.8 27.3 26.7 26.2 25.9 25.6 25.5 25.6 25.8 26.1 26.6 27.0 27.3 27.4 27.2 -9999.0 -9999.0 -9999.0 -9999.0 -9999.0 -9999.0 -9999.0 -9999.0 -9999.0 -9999.0 -9999.0 -9999.0 -9999.0 -9999.0 -9999.0 -9999.0 -9999.0 -9999.0 nan nan nan nan nan nan nan nan nan nan nan nan nan -9999.0
nan nan nan nan nan nan nan nan nan nan nan nan nan nan nan nan nan nan nan nan nan nan nan nan nan nan nan nan nan nan 26.1 26.7 27.2 27.8 27.3 nan nan 27.7 27.8 28.6 nan 24.7 26.4 27.6 27.5 27.0 26.4 26.0 25.7 25.6 25.6 25.9 26.3 26.6 27.2 27.6 27.9 27.8 -9999.0 -9999.0 -9999.0 -9999.0 -9999.0 -9999.0 -9999.0 -9999.0 -9999.0 -9999.0 -9999.0 -9999.0 -9999.0 -9999.0 -9999.0 -9999.0 -9999.0 -9999.0 -9999.0 nan nan nan nan nan nan nan nan nan nan nan nan -9999.0
nan nan nan nan nan nan nan nan nan nan nan nan nan nan nan nan nan nan nan nan nan nan nan nan nan nan nan nan nan nan 24.1 26.8 27.3 27.8 25.3 nan 17.7 22.5 25.4 14.6 23.0 19.1 22.6 27.1 27.5 27.1 26.5 26.1 25.9 25.7 25.8 26.0 26.4 26.8 27.4 27.9 28.0 27.6 -9999.0 -9999.0 -9999.0 -9999.0 -9999.0 -9999.0 -9999.0 -9999.0 -9999.0 -9999.0 -9999.0 -9999.0 -9999.0 -9999.0 -9999.0 -9999.0 -9999.0 -9999.0 -9999.0 -9999.0 nan nan nan nan nan nan nan nan nan nan nan -9999.0
nan nan nan nan nan nan nan nan nan nan nan nan nan nan nan nan nan nan nan nan nan nan nan nan nan nan nan nan nan nan 24.3 26.5 27.2 27.7 27.2 17.7 nan 25.0 20.7 14.3 19.9 nan 28.3 28.3 27.8 27.2 26.7 26.3 26.0 25.9 25.9 26.2 26.5 27.0 27.6 28.0 27.8 22.1 -9999.0 -9999.0 -9999.0 -9999.0 -9999.0 -9999.0 -9999.0 -9999.0 -9999.0 -9999.0 -9999.0 -9999.0 -9999.0 -9999.0 -9999.0 -9999.0 -9999.0 -9999.0 -9999.0 -9999.0 -9999.0 -9999.0 nan nan nan nan nan nan nan nan nan -9999.0
nan nan nan nan nan nan nan nan nan nan nan nan nan nan nan nan nan nan nan nan nan nan nan nan nan nan nan nan nan nan nan 26.7 27.0 27.4 28.0 nan nan 19.5 19.4 17.2 nan nan 28.3 28.3 27.9 27.4 26.9 26.4 26.1 26.0 26.1 26.4 26.8 27.2 27.9 28.4 28.0 24.2 -9999.0 -9999.0 -9999.0 -9999.0 -9999.0 -9999.0 -9999.0 -9999.0 -9999.0 -9999.0 -9999.0 nan nan nan -9999.0 -9999.0 -9999.0 -9999.0 -9999.0 -9999.0 -9999.0 -9999.0 -9999.0 -9999.0 -9999.0 -9999.0 -9999.0 nan nan nan -9999.0 -9999.0
nan nan nan nan nan nan nan nan nan nan nan nan nan nan nan nan nan nan nan nan nan nan nan nan nan nan nan nan nan nan nan 25.8 26.8 27.3 28.0 nan 15.9 17.1 25.5 15.4 nan nan 28.2 28.3 28.0 27.5 27.1 26.7 26.4 26.3 26.4 26.6 27.0 27.5 28.1 28.7 28.9 25.0 -9999.0 -9999.0 -9999.0 -9999.0 -9999.0 -9999.0 -9999.0 -9999.0 -9999.0 -9999.0 -9999.0 nan nan nan nan nan -9999.0 -9999.0 -9999.0 -9999.0 -9999.0 -9999.0 -9999.0 -9999.0 -9999.0 -9999.0 -9999.0 -9999.0 -9999.0 -9999.0 -9999.0 -9999.0
nan nan nan nan nan nan nan nan nan nan nan nan nan nan nan nan nan nan nan nan nan nan nan nan nan nan nan nan nan nan nan 17.6 26.7 27.2 27.9 28.2 25.9 20.5 16.0 12.9 15.7 nan 28.1 28.3 28.1 27.7 27.2 26.9 26.6 26.5 26.6 26.9 27.2 27.7 28.3 28.9 29.4 25.0 -9999.0 -9999.0 -9999.0 -9999.0 -9999.0 -9999.0 -9999.0 -9999.0 -9999.0 -9999.0 -9999.0 -9999.0 -9999.0 -9999.0 -9999.0 -9999.0 -9999.0 -9999.0 -9999.0 -9999.0 -9999.0 -9999.0 -9999.0 -9999.0 -9999.0 -9999.0 -9999.0 -9999.0 -9999.0 -9999.0 -9999.0 -9999.0
nan nan nan nan nan nan nan nan nan nan nan nan nan nan nan nan nan nan nan nan nan nan nan nan nan nan nan nan nan nan nan 17.5 26.5 27.2 28.0 28.5 28.6 nan 17.7 20.5 12.8 nan 27.9 28.3 28.2 28.0 27.5 27.1 26.8 26.7 26.8 27.1 27.5 27.9 28.5 29.1 29.5 25.4 -9999.0 -9999.0 -9999.0 -9999.0 -9999.0 -9999.0 -9999.0 -9999.0 -9999.0 -9999.0 -9999.0 -9999.0 -9999.0 -9999.0 -9999.0 -9999.0 -9999.0 -9999.0 -9999.0 -9999.0 -9999.0 -9999.0 -9999.0 -9999.0 -9999.0 -9999.0 -9999.0 -9999.0 -9999.0 -9999.0 -9999.0 -9999.0
nan nan nan nan nan nan nan nan nan nan nan nan nan nan nan nan nan nan nan nan nan nan nan nan nan nan nan nan nan nan nan 17.5 24.5 26.8 27.9 28.4 28.5 nan nan 18.5 15.3 nan nan 28.3 28.4 28.0 27.7 27.4 27.1 27.0 27.0 27.3 27.7 28.2 28.8 29.4 29.8 25.0 -9999.0 -9999.0 -9999.0 -9999.0 -9999.0 -9999.0 -9999.0 -9999.0 -9999.0 -9999.0 -9999.0 -9999.0 -9999.0 -9999.0 -9999.0 -9999.0 -9999.0 -9999.0 -9999.0 -9999.0 -9999.0 -9999.0 -9999.0 -9999.0 -9999.0 -9999.0 -9999.0 -9999.0 -9999.0 -9999.0 -9999.0 -9999.0
nan nan nan nan nan nan nan nan nan nan nan nan nan nan nan nan nan nan nan nan nan nan nan nan nan nan nan nan nan nan nan nan 16.7 27.2 27.8 28.4 nan nan nan 19.9 14.8 17.6 nan nan 27.9 28.0 27.7 27.4 27.2 27.1 27.2 27.5 27.9 28.4 29.0 29.6 30.0 30.0 -9999.0 -9999.0 -9999.0 -9999.0 -9999.0 -9999.0 -9999.0 -9999.0 -9999.0 -9999.0 -9999.0 -9999.0 -9999.0 -9999.0 -9999.0 -9999.0 -9999.0 -9999.0 -9999.0 -9999.0 -9999.0 -9999.0 -9999.0 -9999.0 nan nan nan -9999.0 -9999.0 -9999.0 -9999.0 -9999.0
nan nan nan nan nan nan nan nan nan nan nan nan nan nan nan nan nan nan nan nan nan nan nan nan nan nan nan nan nan nan nan nan 26.7 27.1 27.7 28.3 nan nan nan nan 16.9 16.6 26.9 nan 27.3 27.9 27.8 27.6 27.4 27.3 27.4 27.6 28.0 28.5 29.2 29.9 30.5 30.8 -9999.0 -9999.0 -9999.0 -9999.0 -9999.0 -9999.0 -9999.0 -9999.0 -9999.0 -9999.0 -9999.0 -9999.0 -9999.0 -9999.0 -9999.0 -9999.0 -9999.0 -9999.0 -9999.0 -9999.0 -9999.0 -9999.0 nan nan nan nan nan nan nan nan -9999.0 -9999.0
nan nan nan nan nan nan nan nan nan nan nan nan nan nan nan nan nan nan nan nan nan nan nan nan nan nan nan nan nan nan nan nan nan 27.2 27.8 28.5 nan nan nan nan 21.2 19.0 23.8 19.6 nan 27.9 28.0 27.7 27.5 27.5 27.6 27.8 28.2 28.7 29.4 30.1 30.8 31.3 -9999.0 -9999.0 -9999.0 -9999.0 -9999.0 -9999.0 -9999.0 -9999.0 -9999.0 -9999.0 -9999.0 nan nan nan nan nan nan nan nan nan nan nan nan nan nan nan nan nan nan nan nan nan
nan nan nan nan nan nan nan nan nan nan nan nan nan nan nan nan nan nan nan nan nan nan nan nan nan nan nan nan nan nan nan nan nan 27.3 27.9 28.7 28.7 nan nan nan 27.4 20.0 21.9 26.6 nan nan 27.6 27.6 27.5 27.6 27.7 28.0 28.4 28.8 29.6 30.4 31.2 31.9 -9999.0 -9999.0 -9999.0 -9999.0 -9999.0 -9999.0 -9999.0 -9999.0 -9999.0 -9999.0 nan nan nan nan nan nan nan nan nan nan nan nan nan nan nan nan nan nan nan nan nan nan
