data/output/RUN203/ECOSPACE/ECOSPACE_in_PAR3/PAR-VarZ-VarK/PAR-VarZ-VarK_2004_06.asc
ncols        93
nrows        151 
xllcorner    -123.80739
yllcorner    48.29471 
cellsize     0.013497347 
NODATA_value  0.0
[rows 80 to 119 of 151, columns 0 to 89 of 93]
nan nan nan nan nan nan nan nan nan nan nan nan nan nan nan nan nan nan nan nan nan nan nan 34.8 34.6 34.1 36.3 35.5 34.1 32.7 31.5 30.6 29.8 29.3 28.9 28.5 28.0 27.4 26.5 25.4 24.3 23.5 23.0 22.5 22.1 21.8 21.5 21.4 21.2 21.1 21.0 20.9 20.6 20.4 nan nan nan nan nan nan nan nan nan nan nan nan 18.6 18.8 18.9 18.9 nan 18.6 18.6 18.7 18.9 19.0 19.1 18.9 18.8 19.2 19.8 19.9 19.7 nan nan nan nan nan nan nan
nan nan nan nan nan nan nan nan nan nan nan nan nan nan nan nan nan nan nan nan nan nan nan nan nan nan 36.8 36.3 35.3 33.9 32.6 31.5 30.6 29.9 29.4 28.9 28.4 27.6 26.5 25.3 24.3 23.5 22.9 22.4 22.0 21.6 21.4 21.2 21.1 21.0 21.0 20.9 20.7 20.5 20.0 nan nan nan nan nan nan nan nan nan nan nan 18.8 18.9 nan nan nan nan nan 18.9 19.1 19.4 nan 18.9 19.3 19.9 20.4 20.6 nan nan nan nan nan nan nan nan
nan nan nan nan nan nan nan nan nan nan nan nan nan nan nan nan nan nan nan nan nan nan nan nan nan nan nan 36.8 36.2 35.2 33.9 32.7 31.6 30.7 30.0 29.4 28.7 27.8 26.6 25.3 24.2 23.4 22.8 22.2 21.8 21.5 21.3 21.1 21.0 20.9 20.8 20.8 20.6 20.4 20.2 19.8 nan nan nan nan nan nan nan nan nan 18.8 19.1 nan nan nan nan nan nan 18.9 19.1 19.3 nan 19.2 19.8 20.4 20.8 nan nan nan nan nan nan nan nan nan
nan nan nan nan nan nan nan nan nan nan nan nan nan nan nan nan nan nan nan nan nan nan nan nan nan nan nan nan 34.2 35.5 35.1 33.9 32.8 31.7 30.8 29.9 29.0 27.9 26.7 25.4 24.2 23.4 22.7 22.1 21.7 21.4 21.2 21.0 20.8 20.8 20.7 20.6 20.5 20.3 20.1 19.9 19.7 nan nan nan nan nan nan nan nan 18.9 19.1 nan nan nan nan nan nan 18.9 19.2 19.5 20.0 20.5 20.5 20.6 nan nan nan nan nan nan nan nan nan nan
nan nan nan nan nan nan nan nan nan nan nan nan nan nan nan nan nan nan nan nan nan nan nan nan nan nan nan nan nan 18.2 36.0 35.1 33.9 32.7 31.6 30.5 29.5 28.2 26.8 25.5 24.3 23.4 22.7 22.1 21.6 21.3 21.0 20.8 20.7 20.6 20.5 20.4 20.3 20.1 20.0 19.9 19.7 19.5 nan nan nan nan nan nan 18.8 18.9 19.0 nan 19.3 19.3 19.4 nan nan 18.9 19.4 19.8 20.5 21.3 nan nan nan nan nan nan nan nan nan nan nan nan
nan nan nan nan nan nan nan nan nan nan nan nan nan nan nan nan nan nan nan nan nan nan nan nan nan nan nan nan nan nan 18.7 35.7 34.9 33.7 32.5 31.2 30.0 28.5 27.0 25.6 24.5 23.5 22.7 22.1 21.6 21.2 21.0 20.7 20.6 20.4 20.3 20.2 20.1 20.0 19.9 19.8 19.7 19.5 nan nan nan nan nan 18.9 18.9 19.0 19.1 19.2 19.3 19.3 19.3 13.2 nan 19.0 19.6 20.1 20.7 21.1 nan nan nan nan nan nan nan nan nan nan nan nan
nan nan nan nan nan nan nan nan nan nan nan nan nan nan nan nan nan nan nan nan nan nan nan nan nan nan nan nan nan nan nan 32.9 35.4 34.6 33.3 32.0 30.5 28.9 27.4 25.9 24.6 23.6 22.8 22.1 21.6 21.2 20.9 20.6 20.5 20.3 20.2 20.0 19.9 19.8 19.7 19.7 19.6 19.5 19.3 nan nan 19.1 19.2 19.1 19.1 19.1 19.2 19.2 19.2 19.2 19.3 nan nan 19.3 19.8 20.4 20.9 21.1 nan nan nan nan nan nan nan nan nan nan nan nan
nan nan nan nan nan nan nan nan nan nan nan nan nan nan nan nan nan nan nan nan nan nan nan nan nan nan nan nan nan nan nan nan 35.9 35.0 33.9 32.6 31.0 29.4 27.7 26.1 24.8 23.7 22.9 22.1 21.6 21.2 20.9 20.6 20.4 20.3 20.1 20.0 19.8 19.7 19.7 19.7 19.6 19.5 19.5 19.4 19.3 19.3 19.4 nan 19.2 19.3 19.4 19.5 19.5 19.5 19.5 19.5 19.6 19.9 20.1 20.5 20.9 nan nan nan nan nan nan nan nan nan nan nan nan nan
nan nan nan nan nan nan nan nan nan nan nan nan nan nan nan nan nan nan nan nan nan nan nan nan nan nan nan nan nan nan 35.0 35.3 35.8 35.0 34.1 32.9 31.5 29.9 28.1 26.5 25.1 24.0 23.0 22.3 21.7 21.3 21.0 20.7 20.5 20.3 20.1 20.0 19.9 19.8 19.7 19.7 19.7 19.6 19.6 19.6 19.5 19.5 19.6 19.6 19.6 19.7 19.9 19.9 19.9 19.9 19.7 19.6 19.7 20.0 20.3 20.8 20.9 nan nan nan nan nan nan nan nan nan nan nan nan nan
nan nan nan nan nan nan nan nan nan nan nan nan nan nan nan nan nan nan nan nan nan nan nan nan nan nan nan nan nan nan nan nan 35.2 34.7 33.8 33.0 31.8 30.3 28.5 26.9 25.5 24.2 23.2 22.4 21.8 21.4 21.0 20.8 20.5 20.4 20.2 20.1 20.0 19.9 19.9 19.9 19.8 19.8 19.8 19.8 19.8 19.8 19.9 20.0 19.9 19.9 20.0 nan nan nan 19.7 19.8 19.9 20.2 20.5 20.9 nan nan nan nan nan nan nan nan nan nan nan nan nan nan
nan nan nan nan nan nan nan nan nan nan nan nan nan nan nan nan nan nan nan nan nan nan nan nan nan nan nan nan nan nan 21.0 18.9 34.9 34.4 33.6 32.9 32.2 30.9 29.0 27.3 25.8 24.5 23.5 22.6 22.0 21.5 21.1 20.9 20.7 20.5 20.4 20.3 20.2 20.1 20.1 20.0 20.0 20.0 19.9 19.9 20.0 20.0 20.1 20.1 nan nan nan nan nan nan nan 20.0 20.2 20.4 20.7 20.9 nan nan nan nan nan nan nan nan nan nan nan nan nan nan
nan nan nan nan nan nan nan nan nan nan nan nan nan nan nan nan nan nan nan nan nan nan nan nan nan nan nan nan nan nan 19.4 34.3 34.7 34.5 33.5 19.7 32.7 31.3 29.1 27.6 26.1 24.8 23.8 22.9 22.2 21.7 21.3 21.0 20.8 20.7 20.6 20.5 20.4 20.4 20.4 20.3 20.2 20.2 20.1 20.1 20.1 20.1 20.1 nan nan nan nan nan nan 19.9 20.1 20.4 20.5 20.6 20.8 nan nan nan nan nan nan nan nan nan nan nan nan nan nan nan
nan nan nan nan nan nan nan nan nan nan nan nan nan nan nan nan nan nan nan nan nan nan nan nan nan nan nan nan nan nan 21.0 33.2 34.8 34.3 nan nan nan 30.7 29.4 27.9 26.5 25.2 24.1 23.1 22.4 21.9 21.5 21.2 21.0 20.9 20.9 20.8 20.7 20.7 20.7 20.6 20.5 20.5 20.4 20.3 20.3 20.2 20.2 nan nan nan nan nan 19.9 20.1 20.3 20.6 20.7 20.7 nan nan nan nan nan nan nan nan nan nan nan nan nan nan nan nan
nan nan nan nan nan nan nan nan nan nan nan nan nan nan nan nan nan nan nan nan nan nan nan nan nan nan nan nan nan nan 21.0 18.5 35.5 34.6 nan nan nan 28.1 29.7 28.4 27.2 25.7 24.5 23.5 22.7 22.1 21.7 21.5 21.3 21.2 21.2 21.1 21.1 21.1 21.0 21.0 20.9 20.8 20.7 20.6 20.5 20.4 20.3 20.0 19.9 nan 19.8 20.0 20.2 20.4 20.6 20.8 nan nan nan nan nan nan nan nan nan nan nan nan nan nan nan nan nan nan
nan nan nan nan nan nan nan nan nan nan nan nan nan nan nan nan nan nan nan nan nan nan nan nan nan nan nan nan nan nan nan nan 35.6 29.1 nan nan nan nan 29.8 29.2 28.1 26.5 25.0 23.9 23.0 22.4 22.0 21.8 21.6 21.6 21.5 21.5 21.5 21.6 21.5 21.5 21.4 21.2 21.1 20.9 20.8 20.6 20.4 20.3 20.2 20.1 20.1 20.1 20.3 20.5 20.6 nan nan nan nan nan nan nan nan nan nan nan nan nan nan nan nan nan nan nan
nan nan nan nan nan nan nan nan nan nan nan nan nan nan nan nan nan nan nan nan nan nan nan nan nan nan nan nan nan nan nan nan nan 27.4 15.9 nan nan nan 18.1 30.4 29.3 27.4 25.7 24.4 23.4 22.7 22.3 22.1 22.0 21.9 22.0 22.0 22.1 22.1 22.1 22.0 21.9 21.7 21.5 21.4 21.1 20.9 20.7 20.5 20.3 20.2 20.1 20.2 20.3 20.5 20.4 nan nan nan nan nan nan nan nan nan nan nan nan nan nan nan nan nan nan nan
nan nan nan nan nan nan nan nan nan nan nan nan nan nan nan nan nan nan nan nan nan nan nan nan nan nan nan nan nan nan nan nan nan nan 20.1 28.5 nan nan nan nan 29.7 28.2 26.1 24.8 23.8 23.1 22.6 22.4 22.3 22.4 22.4 22.5 22.6 22.6 22.6 22.5 22.4 22.2 22.0 21.8 21.6 21.3 21.0 20.7 20.5 20.3 20.2 20.3 20.3 20.4 20.4 20.2 nan nan nan nan nan nan nan nan nan nan nan nan nan nan nan nan nan nan
nan nan nan nan nan nan nan nan nan nan nan nan nan nan nan nan nan nan nan nan nan nan nan nan nan nan nan nan nan nan nan nan nan nan nan 20.7 20.3 nan nan nan nan 26.7 26.5 25.0 24.1 23.4 23.0 22.8 22.8 22.8 22.9 23.1 23.2 23.2 23.2 23.1 23.0 22.8 22.6 22.3 22.0 21.7 21.3 21.0 20.7 20.5 20.4 20.4 20.4 20.3 20.3 20.3 20.2 13.4 nan nan nan nan nan nan nan nan nan nan nan nan nan nan nan nan
nan nan nan nan nan nan nan nan nan nan nan nan nan nan nan nan nan nan nan nan nan nan nan nan nan nan nan nan nan nan nan nan nan nan 18.1 22.2 27.7 27.4 nan 20.1 nan 24.3 26.5 25.3 24.3 23.7 23.3 23.2 23.2 23.3 23.5 23.6 23.8 23.8 23.8 23.8 23.6 23.4 23.1 22.8 22.4 22.1 21.6 21.2 20.8 20.6 20.5 20.5 20.4 20.3 20.2 20.2 20.2 20.0 nan nan nan nan nan nan nan nan nan nan nan nan nan nan nan nan
nan nan nan nan nan nan nan nan nan nan nan nan nan nan nan nan nan nan nan nan nan nan nan nan nan nan nan nan nan nan nan nan nan nan 27.6 28.0 28.5 28.1 20.7 25.4 26.9 22.6 26.6 25.4 24.5 23.9 23.6 23.5 23.6 23.8 24.0 24.1 24.3 24.4 24.5 24.4 24.3 24.0 23.7 23.3 22.9 22.4 21.8 21.3 20.9 20.6 20.0 19.8 19.2 20.1 20.1 20.1 20.1 20.1 20.2 nan nan nan nan nan nan nan nan nan nan nan nan nan nan nan
nan nan nan nan nan nan nan nan nan nan nan nan nan nan nan nan nan nan nan nan nan nan nan nan nan nan nan nan nan nan nan nan nan nan 28.1 28.4 28.5 28.5 28.9 nan 27.1 26.3 26.6 25.6 24.7 24.1 23.9 23.9 24.0 24.2 24.4 24.6 24.9 25.0 25.1 25.1 24.9 24.6 24.2 23.8 23.2 22.5 -9999.0 -9999.0 -9999.0 -9999.0 -9999.0 -9999.0 -9999.0 14.5 20.2 19.8 20.1 19.9 20.1 nan nan nan nan nan nan nan nan nan nan nan nan nan nan -9999.0
nan nan nan nan nan nan nan nan nan nan nan nan nan nan nan nan nan nan nan nan nan nan nan nan nan nan nan nan nan nan nan nan nan nan 28.2 28.4 28.3 28.1 28.1 nan nan 27.7 26.8 25.7 24.9 24.3 24.1 24.2 24.4 24.6 24.8 25.1 25.4 25.5 25.7 25.7 25.5 25.2 24.8 24.2 23.5 -9999.0 -9999.0 -9999.0 -9999.0 -9999.0 -9999.0 -9999.0 -9999.0 nan 17.3 19.7 20.1 19.3 nan nan nan nan nan nan nan nan nan nan nan nan nan nan nan -9999.0
nan nan nan nan nan nan nan nan nan nan nan nan nan nan nan nan nan nan nan nan nan nan nan nan nan nan nan nan nan nan nan nan nan nan 27.9 28.0 28.0 28.1 28.6 nan 22.2 26.2 27.0 25.9 25.0 24.5 24.4 24.5 24.6 24.9 25.2 25.5 25.8 26.0 26.2 26.3 26.2 25.9 25.3 24.6 23.7 -9999.0 -9999.0 -9999.0 -9999.0 -9999.0 -9999.0 -9999.0 -9999.0 -9999.0 -9999.0 nan 14.1 14.1 nan nan nan nan nan nan nan nan nan nan nan nan nan nan nan -9999.0
nan nan nan nan nan nan nan nan nan nan nan nan nan nan nan nan nan nan nan nan nan nan nan nan nan nan nan nan nan nan nan nan nan nan 27.6 27.6 28.1 29.0 26.8 18.5 26.9 23.2 26.8 25.9 25.1 24.6 24.5 24.7 24.9 25.2 25.5 25.8 26.2 26.5 26.7 26.8 26.7 26.4 25.8 25.0 -9999.0 -9999.0 -9999.0 -9999.0 -9999.0 -9999.0 -9999.0 -9999.0 -9999.0 -9999.0 -9999.0 nan nan nan nan nan nan nan nan nan nan nan nan nan nan nan nan nan nan -9999.0
nan nan nan nan nan nan nan nan nan nan nan nan nan nan nan nan nan nan nan nan nan nan nan nan nan nan nan nan nan nan nan nan 27.0 27.2 27.6 27.9 28.7 29.9 30.6 30.5 nan 28.0 27.0 26.0 25.2 24.8 24.7 24.8 25.1 25.3 25.7 26.0 26.5 26.9 27.2 27.4 27.4 27.0 26.4 -9999.0 -9999.0 -9999.0 -9999.0 -9999.0 -9999.0 -9999.0 -9999.0 -9999.0 -9999.0 -9999.0 -9999.0 -9999.0 nan nan nan nan nan nan nan nan nan nan nan nan nan nan nan nan nan -9999.0
nan nan nan nan nan nan nan nan nan nan nan nan nan nan nan nan nan nan nan nan nan nan nan nan nan nan nan nan nan 20.6 nan nan 27.8 28.0 27.9 28.3 29.5 30.8 31.8 nan nan 27.8 27.0 26.1 25.4 24.9 24.8 24.9 25.1 25.4 25.7 26.1 26.6 27.1 27.6 27.9 28.0 27.7 27.1 -9999.0 -9999.0 -9999.0 -9999.0 -9999.0 -9999.0 -9999.0 -9999.0 -9999.0 -9999.0 -9999.0 -9999.0 -9999.0 -9999.0 -9999.0 nan nan nan nan nan nan nan nan nan nan nan nan nan nan nan -9999.0
nan nan nan nan nan nan nan nan nan nan nan nan nan nan nan nan nan nan nan nan nan nan nan nan nan nan nan nan nan 16.8 16.8 nan 28.2 28.8 27.4 25.3 28.8 30.5 31.2 30.7 nan 27.9 27.3 26.5 25.6 25.1 24.9 25.0 25.1 25.4 25.8 26.2 26.8 27.4 28.0 28.4 28.6 28.5 -9999.0 -9999.0 -9999.0 -9999.0 -9999.0 -9999.0 -9999.0 -9999.0 -9999.0 -9999.0 -9999.0 -9999.0 -9999.0 -9999.0 -9999.0 -9999.0 -9999.0 nan nan nan nan nan nan nan nan nan nan nan nan nan nan -9999.0
nan nan nan nan nan nan nan nan nan nan nan nan nan nan nan nan nan nan nan nan nan nan nan nan nan nan nan nan nan 17.8 28.2 28.4 28.8 29.4 30.2 nan 18.5 30.2 30.5 30.8 nan 27.8 27.7 26.9 26.0 25.4 25.1 25.0 25.2 25.4 25.8 26.3 26.9 27.6 28.3 28.7 29.1 29.1 -9999.0 -9999.0 -9999.0 -9999.0 -9999.0 -9999.0 -9999.0 -9999.0 -9999.0 -9999.0 -9999.0 -9999.0 -9999.0 -9999.0 -9999.0 -9999.0 -9999.0 -9999.0 nan nan nan nan nan nan nan nan nan nan nan nan nan -9999.0
nan nan nan nan nan nan nan nan nan nan nan nan nan nan nan nan nan nan nan nan nan nan nan nan nan nan nan nan nan nan 27.9 28.3 28.8 29.6 29.2 nan nan 29.9 30.3 30.3 nan 25.4 26.3 27.1 26.4 25.6 25.3 25.2 25.3 25.5 25.9 26.5 27.1 27.9 28.7 29.0 29.5 29.4 -9999.0 -9999.0 -9999.0 -9999.0 -9999.0 -9999.0 -9999.0 -9999.0 -9999.0 -9999.0 -9999.0 -9999.0 -9999.0 -9999.0 -9999.0 -9999.0 -9999.0 -9999.0 -9999.0 nan nan nan nan nan nan nan nan nan nan nan nan -9999.0
nan nan nan nan nan nan nan nan nan nan nan nan nan nan nan nan nan nan nan nan nan nan nan nan nan nan nan nan nan nan 25.3 28.3 28.9 29.6 26.9 nan 20.9 24.0 27.0 17.0 27.1 21.5 23.0 26.3 26.5 25.9 25.5 25.4 25.5 25.7 26.1 26.6 27.4 28.2 29.1 29.6 29.4 28.7 -9999.0 -9999.0 -9999.0 -9999.0 -9999.0 -9999.0 -9999.0 -9999.0 -9999.0 -9999.0 -9999.0 -9999.0 -9999.0 -9999.0 -9999.0 -9999.0 -9999.0 -9999.0 -9999.0 -9999.0 nan nan nan nan nan nan nan nan nan nan nan -9999.0
nan nan nan nan nan nan nan nan nan nan nan nan nan nan nan nan nan nan nan nan nan nan nan nan nan nan nan nan nan nan 25.6 27.8 28.9 29.6 29.6 21.0 nan 27.3 23.1 19.5 24.1 nan 28.6 27.8 26.9 26.3 25.9 25.7 25.7 25.9 26.2 26.8 27.6 28.5 29.5 30.1 27.8 20.5 -9999.0 -9999.0 -9999.0 -9999.0 -9999.0 -9999.0 -9999.0 -9999.0 -9999.0 -9999.0 -9999.0 -9999.0 -9999.0 -9999.0 -9999.0 -9999.0 -9999.0 -9999.0 -9999.0 -9999.0 -9999.0 -9999.0 nan nan nan nan nan nan nan nan nan -9999.0
nan nan nan nan nan nan nan nan nan nan nan nan nan nan nan nan nan nan nan nan nan nan nan nan nan nan nan nan nan nan nan 28.4 28.9 29.5 30.1 nan nan 23.0 23.5 23.0 nan nan 28.9 28.4 27.6 26.9 26.5 26.1 26.0 26.2 26.5 27.1 27.9 28.8 29.9 30.6 28.1 23.3 -9999.0 -9999.0 -9999.0 -9999.0 -9999.0 -9999.0 -9999.0 -9999.0 -9999.0 -9999.0 -9999.0 nan nan nan -9999.0 -9999.0 -9999.0 -9999.0 -9999.0 -9999.0 -9999.0 -9999.0 -9999.0 -9999.0 -9999.0 -9999.0 -9999.0 nan nan nan -9999.0 -9999.0
nan nan nan nan nan nan nan nan nan nan nan nan nan nan nan nan nan nan nan nan nan nan nan nan nan nan nan nan nan nan nan 28.0 28.7 29.4 30.1 nan 18.4 22.8 29.9 20.5 nan nan 29.3 29.0 28.3 27.6 27.1 26.7 26.6 26.6 27.0 27.5 28.2 29.1 30.2 31.2 31.0 24.8 -9999.0 -9999.0 -9999.0 -9999.0 -9999.0 -9999.0 -9999.0 -9999.0 -9999.0 -9999.0 -9999.0 nan nan nan nan nan -9999.0 -9999.0 -9999.0 -9999.0 -9999.0 -9999.0 -9999.0 -9999.0 -9999.0 -9999.0 -9999.0 -9999.0 -9999.0 -9999.0 -9999.0 -9999.0
nan nan nan nan nan nan nan nan nan nan nan nan nan nan nan nan nan nan nan nan nan nan nan nan nan nan nan nan nan nan nan 20.6 28.5 29.3 30.0 28.8 26.0 24.7 20.0 16.6 21.3 nan 29.4 29.5 29.0 28.4 27.8 27.4 27.2 27.2 27.5 28.0 28.6 29.4 30.4 31.3 31.2 22.5 -9999.0 -9999.0 -9999.0 -9999.0 -9999.0 -9999.0 -9999.0 -9999.0 -9999.0 -9999.0 -9999.0 -9999.0 -9999.0 -9999.0 -9999.0 -9999.0 -9999.0 -9999.0 -9999.0 -9999.0 -9999.0 -9999.0 -9999.0 -9999.0 -9999.0 -9999.0 -9999.0 -9999.0 -9999.0 -9999.0 -9999.0 -9999.0
nan nan nan nan nan nan nan nan nan nan nan nan nan nan nan nan nan nan nan nan nan nan nan nan nan nan nan nan nan nan nan 20.5 28.5 29.4 30.4 31.0 31.3 nan 20.3 24.6 16.7 nan 29.5 29.9 29.8 29.4 28.8 28.2 27.9 27.8 28.0 28.4 29.0 29.7 30.6 31.4 31.8 24.8 -9999.0 -9999.0 -9999.0 -9999.0 -9999.0 -9999.0 -9999.0 -9999.0 -9999.0 -9999.0 -9999.0 -9999.0 -9999.0 -9999.0 -9999.0 -9999.0 -9999.0 -9999.0 -9999.0 -9999.0 -9999.0 -9999.0 -9999.0 -9999.0 -9999.0 -9999.0 -9999.0 -9999.0 -9999.0 -9999.0 -9999.0 -9999.0
nan nan nan nan nan nan nan nan nan nan nan nan nan nan nan nan nan nan nan nan nan nan nan nan nan nan nan nan nan nan nan 20.6 26.7 29.3 30.5 31.4 31.7 nan nan 22.8 20.0 nan nan 30.3 30.5 30.1 29.6 29.1 28.6 28.4 28.5 28.9 29.4 30.0 30.8 31.5 32.1 23.7 -9999.0 -9999.0 -9999.0 -9999.0 -9999.0 -9999.0 -9999.0 -9999.0 -9999.0 -9999.0 -9999.0 -9999.0 -9999.0 -9999.0 -9999.0 -9999.0 -9999.0 -9999.0 -9999.0 -9999.0 -9999.0 -9999.0 -9999.0 -9999.0 -9999.0 -9999.0 -9999.0 -9999.0 -9999.0 -9999.0 -9999.0 -9999.0
nan nan nan nan nan nan nan nan nan nan nan nan nan nan nan nan nan nan nan nan nan nan nan nan nan nan nan nan nan nan nan nan 19.4 29.6 30.6 31.7 nan nan nan 24.3 19.1 22.0 nan nan 30.0 30.2 30.0 29.6 29.3 29.1 29.2 29.4 29.8 30.3 31.1 31.9 32.6 31.9 -9999.0 -9999.0 -9999.0 -9999.0 -9999.0 -9999.0 -9999.0 -9999.0 -9999.0 -9999.0 -9999.0 -9999.0 -9999.0 -9999.0 -9999.0 -9999.0 -9999.0 -9999.0 -9999.0 -9999.0 -9999.0 -9999.0 -9999.0 -9999.0 nan nan nan -9999.0 -9999.0 -9999.0 -9999.0 -9999.0
nan nan nan nan nan nan nan nan nan nan nan nan nan nan nan nan nan nan nan nan nan nan nan nan nan nan nan nan nan nan nan nan 28.4 29.5 30.6 31.8 nan nan nan nan 22.2 22.4 35.1 nan 30.0 30.5 30.6 30.2 29.9 29.7 29.7 29.9 30.2 30.7 31.4 32.2 32.6 33.3 -9999.0 -9999.0 -9999.0 -9999.0 -9999.0 -9999.0 -9999.0 -9999.0 -9999.0 -9999.0 -9999.0 -9999.0 -9999.0 -9999.0 -9999.0 -9999.0 -9999.0 -9999.0 -9999.0 -9999.0 -9999.0 -9999.0 nan nan nan nan nan nan nan nan -9999.0 -9999.0
nan nan nan nan nan nan nan nan nan nan nan nan nan nan nan nan nan nan nan nan nan nan nan nan nan nan nan nan nan nan nan nan nan 29.5 31.0 32.2 nan nan nan nan 27.3 25.5 31.4 24.1 nan 31.1 31.7 31.2 30.7 30.5 30.5 30.7 30.9 31.3 31.9 32.7 33.6 34.3 -9999.0 -9999.0 -9999.0 -9999.0 -9999.0 -9999.0 -9999.0 -9999.0 -9999.0 -9999.0 -9999.0 nan nan nan nan nan nan nan nan nan nan nan nan nan nan nan nan nan nan nan nan nan
nan nan nan nan nan nan nan nan nan nan nan nan nan nan nan nan nan nan nan nan nan nan nan nan nan nan nan nan nan nan nan nan nan 29.4 31.1 32.7 32.5 nan nan nan 31.9 25.8 27.5 34.8 nan nan 31.4 31.3 31.2 31.1 31.1 31.3 31.5 31.9 32.5 33.2 34.2 35.3 -9999.0 -9999.0 -9999.0 -9999.0 -9999.0 -9999.0 -9999.0 -9999.0 -9999.0 -9999.0 nan nan nan nan nan nan nan nan nan nan nan nan nan nan nan nan nan nan nan nan nan nan
