data/output/RUN203/ECOSPACE/ECOSPACE_in_PAR3/PAR-VarZ-VarK/PAR-VarZ-VarK_2015_07.asc
ncols        93
nrows        151 
xllcorner    -123.80739
yllcorner    48.29471 
cellsize     0.013497347 
NODATA_value  0.0
[rows 80 to 119 of 151, columns 0 to 89 of 93]
nan nan nan nan nan nan nan nan nan nan nan nan nan nan nan nan nan nan nan nan nan nan nan 36.6 35.9 37.6 39.2 39.7 39.8 40.0 40.1 40.2 40.3 40.2 40.0 39.6 39.0 38.4 37.6 36.8 36.0 35.3 34.6 33.8 32.9 31.9 30.9 29.7 28.5 27.3 26.1 24.9 23.9 23.1 nan nan nan nan nan nan nan nan nan nan nan nan 17.5 17.7 17.8 17.8 nan 17.5 17.3 17.3 17.2 17.2 17.0 16.9 16.8 17.0 17.5 17.6 17.3 nan nan nan nan nan nan nan
nan nan nan nan nan nan nan nan nan nan nan nan nan nan nan nan nan nan nan nan nan nan nan nan nan nan 39.2 39.5 39.6 39.8 40.0 40.2 40.2 40.3 40.1 39.7 39.2 38.6 37.8 37.0 36.2 35.4 34.7 34.0 33.2 32.3 31.4 30.5 29.4 28.2 27.0 25.7 24.6 23.7 22.7 nan nan nan nan nan nan nan nan nan nan nan 17.9 18.0 nan nan nan nan nan 17.5 17.4 17.4 nan 16.9 17.0 17.4 17.8 17.9 nan nan nan nan nan nan nan nan
nan nan nan nan nan nan nan nan nan nan nan nan nan nan nan nan nan nan nan nan nan nan nan nan nan nan nan 39.2 39.3 39.7 39.9 40.0 40.2 40.3 40.2 39.8 39.2 38.7 38.0 37.2 36.4 35.6 34.9 34.1 33.4 32.7 32.0 31.2 30.3 29.3 28.1 26.8 25.5 24.3 23.3 22.6 nan nan nan nan nan nan nan nan nan 18.0 18.3 nan nan nan nan nan nan 17.5 17.5 17.4 nan 17.2 17.5 17.8 18.0 nan nan nan nan nan nan nan nan nan
nan nan nan nan nan nan nan nan nan nan nan nan nan nan nan nan nan nan nan nan nan nan nan nan nan nan nan nan 36.8 39.0 39.8 40.0 40.2 40.2 40.1 39.8 39.2 38.7 38.1 37.4 36.5 35.7 35.0 34.2 33.6 33.0 32.5 31.9 31.2 30.4 29.4 28.1 26.8 25.5 24.3 23.2 22.5 nan nan nan nan nan nan nan nan 18.1 18.4 nan nan nan nan nan nan 17.5 17.5 17.6 17.9 18.2 18.1 18.0 nan nan nan nan nan nan nan nan nan nan
nan nan nan nan nan nan nan nan nan nan nan nan nan nan nan nan nan nan nan nan nan nan nan nan nan nan nan nan nan 18.8 40.0 40.0 40.0 40.0 39.9 39.6 39.1 38.5 38.0 37.5 36.7 35.9 35.1 34.4 33.8 33.2 32.9 32.4 32.0 31.4 30.6 29.6 28.3 26.9 25.6 24.3 23.1 22.2 nan nan nan nan nan nan 18.2 18.3 18.5 nan 18.6 18.5 18.5 nan nan 17.6 17.7 17.9 18.3 18.8 nan nan nan nan nan nan nan nan nan nan nan nan
nan nan nan nan nan nan nan nan nan nan nan nan nan nan nan nan nan nan nan nan nan nan nan nan nan nan nan nan nan nan 19.5 40.0 40.1 39.9 39.7 39.5 39.0 38.4 37.9 37.4 36.7 36.0 35.3 34.5 33.9 33.5 33.2 32.8 32.5 32.2 31.7 30.9 29.7 28.4 27.0 25.5 24.3 23.2 nan nan nan nan nan 18.4 18.5 18.6 18.7 18.8 18.7 18.6 18.5 12.8 nan 17.7 17.9 18.2 18.5 18.7 nan nan nan nan nan nan nan nan nan nan nan nan
nan nan nan nan nan nan nan nan nan nan nan nan nan nan nan nan nan nan nan nan nan nan nan nan nan nan nan nan nan nan nan 36.6 39.5 39.8 39.5 39.3 38.9 38.3 37.8 37.3 36.7 36.1 35.4 34.7 34.1 33.7 33.4 33.2 33.1 32.9 32.6 31.9 30.9 29.6 28.2 26.7 25.3 23.9 22.3 nan nan 19.1 19.3 19.2 19.0 19.1 19.1 19.1 19.0 18.8 18.6 nan nan 18.0 18.1 18.4 18.7 18.8 nan nan nan nan nan nan nan nan nan nan nan nan
nan nan nan nan nan nan nan nan nan nan nan nan nan nan nan nan nan nan nan nan nan nan nan nan nan nan nan nan nan nan nan nan 39.9 39.6 39.4 39.0 38.8 38.3 37.7 37.2 36.7 36.1 35.6 35.0 34.3 33.8 33.6 33.5 33.5 33.5 33.2 32.6 31.7 30.6 29.2 27.7 26.1 24.6 23.3 21.5 20.6 20.4 20.0 nan 19.5 19.6 19.8 19.8 19.6 19.5 19.2 18.7 18.4 18.4 18.4 18.6 18.8 nan nan nan nan nan nan nan nan nan nan nan nan nan
nan nan nan nan nan nan nan nan nan nan nan nan nan nan nan nan nan nan nan nan nan nan nan nan nan nan nan nan nan nan 38.9 39.1 39.4 39.4 39.1 38.8 38.5 38.2 37.6 37.1 36.6 36.1 35.6 35.1 34.6 34.0 33.8 33.7 33.7 33.7 33.6 33.2 32.6 31.7 30.5 29.0 27.2 25.4 23.9 22.6 21.7 21.1 20.9 20.9 20.6 20.5 20.6 20.6 20.4 20.3 19.9 19.3 18.9 18.6 18.6 18.8 18.8 nan nan nan nan nan nan nan nan nan nan nan nan nan
nan nan nan nan nan nan nan nan nan nan nan nan nan nan nan nan nan nan nan nan nan nan nan nan nan nan nan nan nan nan nan nan 39.0 38.9 38.5 38.4 38.3 38.0 37.5 37.0 36.5 36.1 35.7 35.3 34.7 34.2 33.9 33.8 33.8 33.8 33.8 33.5 33.2 32.7 31.8 30.5 28.7 26.9 25.2 23.9 22.9 22.2 21.9 21.8 21.3 21.0 21.0 nan nan nan 20.3 19.9 19.3 18.9 18.8 18.9 nan nan nan nan nan nan nan nan nan nan nan nan nan nan
nan nan nan nan nan nan nan nan nan nan nan nan nan nan nan nan nan nan nan nan nan nan nan nan nan nan nan nan nan nan 21.0 19.0 38.3 38.3 37.9 37.9 37.7 37.7 37.5 37.1 36.6 36.1 35.8 35.4 34.9 34.4 34.1 33.8 33.8 33.8 33.9 33.8 33.6 33.3 32.6 31.5 30.0 28.3 26.6 25.1 24.0 23.2 22.7 22.4 nan nan nan nan nan nan nan 20.1 19.5 19.1 19.0 18.9 nan nan nan nan nan nan nan nan nan nan nan nan nan nan
nan nan nan nan nan nan nan nan nan nan nan nan nan nan nan nan nan nan nan nan nan nan nan nan nan nan nan nan nan nan 20.2 37.6 38.1 38.1 37.6 21.4 37.7 38.1 37.7 37.2 36.8 36.3 35.9 35.5 35.0 34.5 34.1 33.8 33.8 33.8 33.9 33.9 33.8 33.5 32.9 32.0 30.8 29.3 27.7 26.2 24.9 23.9 23.1 nan nan nan nan nan nan 19.9 19.9 19.9 19.5 19.1 19.0 nan nan nan nan nan nan nan nan nan nan nan nan nan nan nan
nan nan nan nan nan nan nan nan nan nan nan nan nan nan nan nan nan nan nan nan nan nan nan nan nan nan nan nan nan nan 21.0 36.2 38.0 38.5 nan nan nan 37.5 37.6 37.2 36.8 36.4 36.0 35.5 35.1 34.6 34.2 33.9 33.7 33.7 33.7 33.7 33.7 33.4 32.9 32.1 31.1 29.9 28.4 27.0 25.6 24.5 23.6 nan nan nan nan nan 20.1 20.0 19.7 19.5 19.3 19.1 nan nan nan nan nan nan nan nan nan nan nan nan nan nan nan nan
nan nan nan nan nan nan nan nan nan nan nan nan nan nan nan nan nan nan nan nan nan nan nan nan nan nan nan nan nan nan 20.8 19.0 38.3 38.6 nan nan nan 34.8 36.9 37.0 36.8 36.5 36.1 35.7 35.2 34.8 34.3 33.9 33.6 33.5 33.5 33.4 33.3 33.1 32.7 32.0 31.2 30.2 29.0 27.6 26.2 24.9 23.8 22.1 21.4 nan 20.4 20.3 20.1 19.8 19.5 19.3 nan nan nan nan nan nan nan nan nan nan nan nan nan nan nan nan nan nan
nan nan nan nan nan nan nan nan nan nan nan nan nan nan nan nan nan nan nan nan nan nan nan nan nan nan nan nan nan nan nan nan 38.2 32.9 nan nan nan nan 36.2 36.7 36.7 36.6 36.2 35.8 35.4 34.9 34.4 33.9 33.6 33.4 33.3 33.2 33.0 32.8 32.4 31.8 31.1 30.3 29.2 28.0 26.7 25.4 24.1 22.9 22.1 21.3 20.9 20.3 20.0 19.6 19.3 nan nan nan nan nan nan nan nan nan nan nan nan nan nan nan nan nan nan nan
nan nan nan nan nan nan nan nan nan nan nan nan nan nan nan nan nan nan nan nan nan nan nan nan nan nan nan nan nan nan nan nan nan 31.4 17.0 nan nan nan 19.2 37.0 36.6 36.5 36.3 35.9 35.4 34.9 34.4 34.0 33.5 33.3 33.1 32.9 32.7 32.4 32.0 31.5 31.0 30.3 29.4 28.3 27.1 25.9 24.7 23.5 22.5 21.7 21.0 20.4 20.0 19.5 19.2 nan nan nan nan nan nan nan nan nan nan nan nan nan nan nan nan nan nan nan
nan nan nan nan nan nan nan nan nan nan nan nan nan nan nan nan nan nan nan nan nan nan nan nan nan nan nan nan nan nan nan nan nan nan 18.4 31.6 nan nan nan nan 36.7 37.0 36.5 35.9 35.4 35.0 34.5 34.0 33.5 33.2 32.9 32.5 32.2 32.0 31.6 31.2 30.8 30.2 29.4 28.5 27.4 26.3 25.1 23.9 22.8 21.9 21.1 20.5 20.0 19.6 19.2 19.0 nan nan nan nan nan nan nan nan nan nan nan nan nan nan nan nan nan nan
nan nan nan nan nan nan nan nan nan nan nan nan nan nan nan nan nan nan nan nan nan nan nan nan nan nan nan nan nan nan nan nan nan nan nan 24.1 21.1 nan nan nan nan 35.6 36.8 36.0 35.4 35.0 34.6 34.1 33.6 33.1 32.7 32.2 31.9 31.6 31.3 30.9 30.5 30.0 29.4 28.5 27.5 26.3 25.1 24.0 22.9 22.0 21.2 20.6 20.1 19.7 19.3 19.2 19.1 13.0 nan nan nan nan nan nan nan nan nan nan nan nan nan nan nan nan
nan nan nan nan nan nan nan nan nan nan nan nan nan nan nan nan nan nan nan nan nan nan nan nan nan nan nan nan nan nan nan nan nan nan 21.0 26.6 35.3 35.1 nan 21.0 nan 32.8 36.2 35.9 35.4 35.1 34.7 34.3 33.7 33.1 32.4 31.9 31.5 31.2 30.9 30.6 30.3 29.8 29.2 28.4 27.4 26.3 25.1 24.0 22.9 22.0 21.3 20.8 20.2 19.8 19.4 19.2 19.1 18.9 nan nan nan nan nan nan nan nan nan nan nan nan nan nan nan nan
nan nan nan nan nan nan nan nan nan nan nan nan nan nan nan nan nan nan nan nan nan nan nan nan nan nan nan nan nan nan nan nan nan nan 35.0 35.4 35.5 34.6 23.2 30.6 32.9 30.3 35.8 35.7 35.4 35.0 34.7 34.2 33.7 33.0 32.3 31.8 31.3 31.0 30.6 30.3 30.0 29.5 28.9 28.0 27.1 26.0 24.8 23.6 22.7 21.7 20.4 20.2 20.2 20.2 19.5 19.3 19.1 19.0 19.1 nan nan nan nan nan nan nan nan nan nan nan nan nan nan nan
nan nan nan nan nan nan nan nan nan nan nan nan nan nan nan nan nan nan nan nan nan nan nan nan nan nan nan nan nan nan nan nan nan nan 35.1 35.3 35.4 35.3 34.7 nan 34.2 33.6 36.0 35.8 35.4 35.0 34.7 34.2 33.6 32.9 32.2 31.6 31.1 30.7 30.4 30.2 29.8 29.3 28.6 27.8 26.8 25.7 -9999.0 -9999.0 -9999.0 -9999.0 -9999.0 -9999.0 -9999.0 14.3 19.7 19.4 19.3 19.0 19.1 nan nan nan nan nan nan nan nan nan nan nan nan nan nan -9999.0
nan nan nan nan nan nan nan nan nan nan nan nan nan nan nan nan nan nan nan nan nan nan nan nan nan nan nan nan nan nan nan nan nan nan 34.8 35.0 35.0 35.0 34.5 nan nan 35.7 35.9 35.7 35.3 34.9 34.6 34.1 33.6 32.8 32.2 31.5 31.0 30.6 30.3 30.0 29.6 29.0 28.3 27.4 26.4 -9999.0 -9999.0 -9999.0 -9999.0 -9999.0 -9999.0 -9999.0 -9999.0 nan 16.8 19.5 19.4 18.5 nan nan nan nan nan nan nan nan nan nan nan nan nan nan nan -9999.0
nan nan nan nan nan nan nan nan nan nan nan nan nan nan nan nan nan nan nan nan nan nan nan nan nan nan nan nan nan nan nan nan nan nan 34.5 34.5 34.5 34.7 35.0 nan 30.0 32.8 35.7 35.4 35.1 34.7 34.3 33.8 33.4 32.8 32.1 31.4 30.9 30.5 30.2 29.9 29.4 28.8 28.0 27.1 26.0 -9999.0 -9999.0 -9999.0 -9999.0 -9999.0 -9999.0 -9999.0 -9999.0 -9999.0 -9999.0 nan 13.8 13.7 nan nan nan nan nan nan nan nan nan nan nan nan nan nan nan -9999.0
nan nan nan nan nan nan nan nan nan nan nan nan nan nan nan nan nan nan nan nan nan nan nan nan nan nan nan nan nan nan nan nan nan nan 34.1 34.2 34.4 34.4 31.0 22.0 31.6 29.5 35.1 35.2 34.9 34.5 34.0 33.6 33.2 32.6 32.0 31.4 30.9 30.5 30.2 29.7 29.1 28.5 27.8 26.8 -9999.0 -9999.0 -9999.0 -9999.0 -9999.0 -9999.0 -9999.0 -9999.0 -9999.0 -9999.0 -9999.0 nan nan nan nan nan nan nan nan nan nan nan nan nan nan nan nan nan nan -9999.0
nan nan nan nan nan nan nan nan nan nan nan nan nan nan nan nan nan nan nan nan nan nan nan nan nan nan nan nan nan nan nan nan 31.4 32.3 33.9 34.3 34.8 35.4 35.1 34.4 nan 35.3 35.0 34.8 34.5 34.2 33.8 33.3 33.0 32.4 31.8 31.3 30.8 30.5 30.0 29.5 28.8 28.2 27.5 -9999.0 -9999.0 -9999.0 -9999.0 -9999.0 -9999.0 -9999.0 -9999.0 -9999.0 -9999.0 -9999.0 -9999.0 -9999.0 nan nan nan nan nan nan nan nan nan nan nan nan nan nan nan nan nan -9999.0
nan nan nan nan nan nan nan nan nan nan nan nan nan nan nan nan nan nan nan nan nan nan nan nan nan nan nan nan nan 20.7 nan nan 33.8 34.0 34.3 34.5 35.3 36.1 36.9 nan nan 34.5 34.6 34.5 34.4 34.1 33.6 33.2 32.8 32.2 31.6 31.2 30.8 30.4 29.9 29.4 28.9 28.2 27.3 -9999.0 -9999.0 -9999.0 -9999.0 -9999.0 -9999.0 -9999.0 -9999.0 -9999.0 -9999.0 -9999.0 -9999.0 -9999.0 -9999.0 -9999.0 nan nan nan nan nan nan nan nan nan nan nan nan nan nan nan -9999.0
nan nan nan nan nan nan nan nan nan nan nan nan nan nan nan nan nan nan nan nan nan nan nan nan nan nan nan nan nan 17.6 17.7 nan 34.0 34.5 32.4 30.8 33.8 36.1 36.4 35.3 nan 34.7 35.2 34.8 34.5 34.1 33.5 33.1 32.6 32.1 31.5 31.1 30.8 30.4 29.9 29.4 28.8 28.2 -9999.0 -9999.0 -9999.0 -9999.0 -9999.0 -9999.0 -9999.0 -9999.0 -9999.0 -9999.0 -9999.0 -9999.0 -9999.0 -9999.0 -9999.0 -9999.0 -9999.0 nan nan nan nan nan nan nan nan nan nan nan nan nan nan -9999.0
nan nan nan nan nan nan nan nan nan nan nan nan nan nan nan nan nan nan nan nan nan nan nan nan nan nan nan nan nan 18.6 33.2 33.7 34.2 34.9 35.5 nan 19.0 35.5 36.0 36.2 nan 34.3 35.9 35.1 34.4 34.0 33.4 33.0 32.5 32.0 31.5 31.1 30.8 30.5 30.1 29.6 29.1 28.4 -9999.0 -9999.0 -9999.0 -9999.0 -9999.0 -9999.0 -9999.0 -9999.0 -9999.0 -9999.0 -9999.0 -9999.0 -9999.0 -9999.0 -9999.0 -9999.0 -9999.0 -9999.0 nan nan nan nan nan nan nan nan nan nan nan nan nan -9999.0
nan nan nan nan nan nan nan nan nan nan nan nan nan nan nan nan nan nan nan nan nan nan nan nan nan nan nan nan nan nan 33.0 33.7 34.4 35.2 34.6 nan nan 34.7 35.0 35.5 nan 31.1 33.3 34.9 34.3 33.9 33.3 32.8 32.4 31.9 31.6 31.2 31.0 30.7 30.3 29.8 29.2 28.6 -9999.0 -9999.0 -9999.0 -9999.0 -9999.0 -9999.0 -9999.0 -9999.0 -9999.0 -9999.0 -9999.0 -9999.0 -9999.0 -9999.0 -9999.0 -9999.0 -9999.0 -9999.0 -9999.0 nan nan nan nan nan nan nan nan nan nan nan nan -9999.0
nan nan nan nan nan nan nan nan nan nan nan nan nan nan nan nan nan nan nan nan nan nan nan nan nan nan nan nan nan nan 30.3 33.7 34.5 35.3 31.8 nan 21.0 28.0 31.8 19.6 28.8 24.8 28.7 34.5 34.5 33.8 33.2 32.7 32.4 32.1 31.7 31.5 31.3 31.0 30.8 30.4 29.7 29.2 -9999.0 -9999.0 -9999.0 -9999.0 -9999.0 -9999.0 -9999.0 -9999.0 -9999.0 -9999.0 -9999.0 -9999.0 -9999.0 -9999.0 -9999.0 -9999.0 -9999.0 -9999.0 -9999.0 -9999.0 nan nan nan nan nan nan nan nan nan nan nan -9999.0
nan nan nan nan nan nan nan nan nan nan nan nan nan nan nan nan nan nan nan nan nan nan nan nan nan nan nan nan nan nan 30.4 33.3 34.4 35.0 34.2 20.9 nan 31.6 25.8 18.9 24.5 nan 34.8 34.9 34.4 33.7 33.1 32.6 32.5 32.2 32.0 31.8 31.6 31.4 31.1 30.6 29.8 25.5 -9999.0 -9999.0 -9999.0 -9999.0 -9999.0 -9999.0 -9999.0 -9999.0 -9999.0 -9999.0 -9999.0 -9999.0 -9999.0 -9999.0 -9999.0 -9999.0 -9999.0 -9999.0 -9999.0 -9999.0 -9999.0 -9999.0 nan nan nan nan nan nan nan nan nan -9999.0
nan nan nan nan nan nan nan nan nan nan nan nan nan nan nan nan nan nan nan nan nan nan nan nan nan nan nan nan nan nan nan 33.4 34.1 34.7 35.3 nan nan 24.7 24.8 22.5 nan nan 34.8 34.6 34.1 33.6 33.3 32.7 32.7 32.5 32.4 32.2 32.0 31.8 31.7 31.6 30.2 28.4 -9999.0 -9999.0 -9999.0 -9999.0 -9999.0 -9999.0 -9999.0 -9999.0 -9999.0 -9999.0 -9999.0 nan nan nan -9999.0 -9999.0 -9999.0 -9999.0 -9999.0 -9999.0 -9999.0 -9999.0 -9999.0 -9999.0 -9999.0 -9999.0 -9999.0 nan nan nan -9999.0 -9999.0
nan nan nan nan nan nan nan nan nan nan nan nan nan nan nan nan nan nan nan nan nan nan nan nan nan nan nan nan nan nan nan 32.2 33.7 34.6 35.5 nan 19.3 21.8 31.8 20.6 nan nan 34.5 34.4 34.2 33.8 33.5 33.0 32.9 32.9 32.8 32.6 32.5 32.4 32.6 32.8 32.6 29.5 -9999.0 -9999.0 -9999.0 -9999.0 -9999.0 -9999.0 -9999.0 -9999.0 -9999.0 -9999.0 -9999.0 nan nan nan nan nan -9999.0 -9999.0 -9999.0 -9999.0 -9999.0 -9999.0 -9999.0 -9999.0 -9999.0 -9999.0 -9999.0 -9999.0 -9999.0 -9999.0 -9999.0 -9999.0
nan nan nan nan nan nan nan nan nan nan nan nan nan nan nan nan nan nan nan nan nan nan nan nan nan nan nan nan nan nan nan 20.6 33.7 34.6 33.6 34.2 33.0 26.5 20.6 16.9 21.2 nan 34.5 34.4 34.1 33.8 33.6 33.4 33.2 33.1 33.1 33.0 33.0 33.0 33.2 33.5 33.9 30.7 -9999.0 -9999.0 -9999.0 -9999.0 -9999.0 -9999.0 -9999.0 -9999.0 -9999.0 -9999.0 -9999.0 -9999.0 -9999.0 -9999.0 -9999.0 -9999.0 -9999.0 -9999.0 -9999.0 -9999.0 -9999.0 -9999.0 -9999.0 -9999.0 -9999.0 -9999.0 -9999.0 -9999.0 -9999.0 -9999.0 -9999.0 -9999.0
nan nan nan nan nan nan nan nan nan nan nan nan nan nan nan nan nan nan nan nan nan nan nan nan nan nan nan nan nan nan nan 20.6 32.9 34.2 35.4 35.6 35.6 nan 22.3 25.5 16.7 nan 34.4 34.7 34.2 34.0 33.8 33.6 33.5 33.4 33.4 33.3 33.3 33.5 33.7 34.1 34.4 31.1 -9999.0 -9999.0 -9999.0 -9999.0 -9999.0 -9999.0 -9999.0 -9999.0 -9999.0 -9999.0 -9999.0 -9999.0 -9999.0 -9999.0 -9999.0 -9999.0 -9999.0 -9999.0 -9999.0 -9999.0 -9999.0 -9999.0 -9999.0 -9999.0 -9999.0 -9999.0 -9999.0 -9999.0 -9999.0 -9999.0 -9999.0 -9999.0
nan nan nan nan nan nan nan nan nan nan nan nan nan nan nan nan nan nan nan nan nan nan nan nan nan nan nan nan nan nan nan 20.6 30.7 33.1 35.0 35.5 35.5 nan nan 23.4 20.5 nan nan 34.8 34.7 34.1 34.1 33.8 33.8 33.7 33.7 33.7 33.8 33.9 34.2 34.7 35.0 30.0 -9999.0 -9999.0 -9999.0 -9999.0 -9999.0 -9999.0 -9999.0 -9999.0 -9999.0 -9999.0 -9999.0 -9999.0 -9999.0 -9999.0 -9999.0 -9999.0 -9999.0 -9999.0 -9999.0 -9999.0 -9999.0 -9999.0 -9999.0 -9999.0 -9999.0 -9999.0 -9999.0 -9999.0 -9999.0 -9999.0 -9999.0 -9999.0
nan nan nan nan nan nan nan nan nan nan nan nan nan nan nan nan nan nan nan nan nan nan nan nan nan nan nan nan nan nan nan nan 19.7 34.0 34.8 35.5 nan nan nan 26.2 19.6 22.1 nan nan 34.3 34.3 34.0 33.9 33.8 33.9 33.9 34.0 34.0 34.2 34.6 35.1 35.5 34.6 -9999.0 -9999.0 -9999.0 -9999.0 -9999.0 -9999.0 -9999.0 -9999.0 -9999.0 -9999.0 -9999.0 -9999.0 -9999.0 -9999.0 -9999.0 -9999.0 -9999.0 -9999.0 -9999.0 -9999.0 -9999.0 -9999.0 -9999.0 -9999.0 nan nan nan -9999.0 -9999.0 -9999.0 -9999.0 -9999.0
nan nan nan nan nan nan nan nan nan nan nan nan nan nan nan nan nan nan nan nan nan nan nan nan nan nan nan nan nan nan nan nan 33.1 33.8 34.5 35.3 nan nan nan nan 22.0 21.7 34.7 nan 33.8 34.4 34.2 34.0 34.0 33.9 33.9 34.1 34.2 34.5 35.0 35.5 35.8 35.8 -9999.0 -9999.0 -9999.0 -9999.0 -9999.0 -9999.0 -9999.0 -9999.0 -9999.0 -9999.0 -9999.0 -9999.0 -9999.0 -9999.0 -9999.0 -9999.0 -9999.0 -9999.0 -9999.0 -9999.0 -9999.0 -9999.0 nan nan nan nan nan nan nan nan -9999.0 -9999.0
nan nan nan nan nan nan nan nan nan nan nan nan nan nan nan nan nan nan nan nan nan nan nan nan nan nan nan nan nan nan nan nan nan 33.6 34.6 35.4 nan nan nan nan 27.4 24.0 30.3 24.1 nan 34.7 34.7 34.3 34.2 34.2 34.3 34.5 34.6 34.8 35.3 35.8 36.1 36.3 -9999.0 -9999.0 -9999.0 -9999.0 -9999.0 -9999.0 -9999.0 -9999.0 -9999.0 -9999.0 -9999.0 nan nan nan nan nan nan nan nan nan nan nan nan nan nan nan nan nan nan nan nan nan
nan nan nan nan nan nan nan nan nan nan nan nan nan nan nan nan nan nan nan nan nan nan nan nan nan nan nan nan nan nan nan nan nan 33.8 34.5 35.5 35.7 nan nan nan 35.0 25.5 28.1 35.7 nan nan 34.5 34.3 34.2 34.3 34.5 34.8 34.9 35.1 35.6 36.1 36.5 36.7 -9999.0 -9999.0 -9999.0 -9999.0 -9999.0 -9999.0 -9999.0 -9999.0 -9999.0 -9999.0 nan nan nan nan nan nan nan nan nan nan nan nan nan nan nan nan nan nan nan nan nan nan
