data/output/RUN203/ECOSPACE/ECOSPACE_in_PAR3/PAR-VarZ-VarK/PAR-VarZ-VarK_1992_08.asc
ncols        93
nrows        151 
xllcorner    -123.80739
yllcorner    48.29471 
cellsize     0.013497347 
NODATA_value  0.0
[rows 80 to 119 of 151, columns 0 to 89 of 93]
nan nan nan nan nan nan nan nan nan nan nan nan nan nan nan nan nan nan nan nan nan nan nan 31.6 30.8 32.2 34.3 34.7 34.7 34.6 34.5 34.4 34.3 34.0 33.8 33.7 33.6 33.5 33.2 32.9 32.4 32.0 31.6 31.1 30.6 30.1 29.5 28.8 27.9 26.9 25.5 24.3 23.2 22.3 nan nan nan nan nan nan nan nan nan nan nan nan 17.9 18.2 18.3 18.4 nan 18.0 18.0 18.0 18.0 18.1 18.0 17.8 17.6 17.9 18.3 18.5 18.4 nan nan nan nan nan nan nan
nan nan nan nan nan nan nan nan nan nan nan nan nan nan nan nan nan nan nan nan nan nan nan nan nan nan 34.4 34.6 34.7 34.6 34.5 34.4 34.2 34.0 33.8 33.5 33.3 33.2 33.0 32.6 32.2 31.8 31.4 31.0 30.5 30.0 29.5 28.9 28.1 27.3 26.1 24.8 23.6 22.5 21.5 nan nan nan nan nan nan nan nan nan nan nan 18.3 18.4 nan nan nan nan nan 18.1 18.3 18.4 nan 17.9 18.0 18.4 18.9 19.1 nan nan nan nan nan nan nan nan
nan nan nan nan nan nan nan nan nan nan nan nan nan nan nan nan nan nan nan nan nan nan nan nan nan nan nan 34.4 34.3 34.6 34.6 34.5 34.3 34.0 33.7 33.4 33.1 32.8 32.6 32.3 31.9 31.5 31.2 30.8 30.3 29.9 29.4 28.9 28.2 27.5 26.4 25.1 23.9 22.8 21.8 21.1 nan nan nan nan nan nan nan nan nan 18.3 18.8 nan nan nan nan nan nan 18.2 18.3 18.4 nan 18.2 18.6 19.0 19.3 nan nan nan nan nan nan nan nan nan
nan nan nan nan nan nan nan nan nan nan nan nan nan nan nan nan nan nan nan nan nan nan nan nan nan nan nan nan 32.2 33.9 34.6 34.5 34.3 34.0 33.7 33.3 32.9 32.5 32.2 31.9 31.5 31.2 30.9 30.6 30.1 29.7 29.2 28.8 28.2 27.5 26.5 25.3 24.1 23.1 22.2 21.4 20.9 nan nan nan nan nan nan nan nan 18.4 18.8 nan nan nan nan nan nan 18.2 18.4 18.6 19.1 19.5 19.4 19.4 nan nan nan nan nan nan nan nan nan nan
nan nan nan nan nan nan nan nan nan nan nan nan nan nan nan nan nan nan nan nan nan nan nan nan nan nan nan nan nan 15.6 34.7 34.6 34.3 34.0 33.6 33.2 32.7 32.3 31.9 31.5 31.1 30.9 30.6 30.2 29.9 29.5 29.0 28.6 28.1 27.5 26.7 25.5 24.4 23.5 22.6 21.9 21.2 20.8 nan nan nan nan nan nan 18.4 18.6 18.9 nan 19.2 19.2 19.3 nan nan 18.3 18.6 19.0 19.5 20.3 nan nan nan nan nan nan nan nan nan nan nan nan
nan nan nan nan nan nan nan nan nan nan nan nan nan nan nan nan nan nan nan nan nan nan nan nan nan nan nan nan nan nan 16.3 34.5 34.5 34.1 33.7 33.2 32.7 32.2 31.6 31.2 30.8 30.6 30.3 29.9 29.5 29.2 28.8 28.4 28.0 27.4 26.6 25.6 24.6 23.7 23.0 22.3 21.7 21.1 nan nan nan nan nan 18.6 18.8 19.0 19.1 19.2 19.2 19.2 19.2 12.0 nan 18.4 18.8 19.3 19.8 20.2 nan nan nan nan nan nan nan nan nan nan nan nan
nan nan nan nan nan nan nan nan nan nan nan nan nan nan nan nan nan nan nan nan nan nan nan nan nan nan nan nan nan nan nan 31.5 34.0 34.0 33.6 33.1 32.6 32.1 31.5 31.0 30.6 30.3 30.0 29.6 29.3 28.9 28.5 28.1 27.7 27.3 26.6 25.7 24.8 24.0 23.2 22.6 22.0 21.5 20.8 nan nan 19.2 19.5 19.4 19.3 19.5 19.6 19.6 19.6 19.5 19.5 nan nan 18.7 19.2 19.6 20.1 20.2 nan nan nan nan nan nan nan nan nan nan nan nan
nan nan nan nan nan nan nan nan nan nan nan nan nan nan nan nan nan nan nan nan nan nan nan nan nan nan nan nan nan nan nan nan 34.3 33.8 33.5 33.0 32.5 32.0 31.4 31.0 30.5 30.1 29.8 29.5 29.1 28.7 28.3 27.9 27.6 27.1 26.5 25.7 24.9 24.1 23.5 23.0 22.4 21.9 21.5 20.8 20.5 20.4 20.3 nan 19.8 20.0 20.3 20.4 20.4 20.3 20.1 19.7 19.5 19.4 19.5 19.9 20.2 nan nan nan nan nan nan nan nan nan nan nan nan nan
nan nan nan nan nan nan nan nan nan nan nan nan nan nan nan nan nan nan nan nan nan nan nan nan nan nan nan nan nan nan 33.6 33.8 33.9 33.5 33.2 32.8 32.5 32.0 31.5 31.0 30.5 30.0 29.7 29.3 29.0 28.6 28.2 27.8 27.4 27.0 26.4 25.7 25.0 24.4 23.8 23.4 23.0 22.5 22.1 21.7 21.3 21.0 20.9 21.0 20.9 20.9 21.2 21.3 21.2 21.2 20.8 20.3 19.9 19.8 20.0 20.3 20.3 nan nan nan nan nan nan nan nan nan nan nan nan nan
nan nan nan nan nan nan nan nan nan nan nan nan nan nan nan nan nan nan nan nan nan nan nan nan nan nan nan nan nan nan nan nan 33.3 33.1 32.8 32.7 32.5 32.1 31.6 31.1 30.5 30.0 29.6 29.3 29.0 28.6 28.2 27.8 27.4 26.9 26.4 25.7 25.1 24.7 24.3 23.9 23.6 23.3 22.9 22.5 22.2 21.9 21.9 21.9 21.5 21.4 21.6 nan nan nan 21.0 20.8 20.3 20.1 20.2 20.4 nan nan nan nan nan nan nan nan nan nan nan nan nan nan
nan nan nan nan nan nan nan nan nan nan nan nan nan nan nan nan nan nan nan nan nan nan nan nan nan nan nan nan nan nan 17.3 15.7 32.8 32.8 32.6 32.7 32.6 32.3 31.8 31.2 30.7 30.2 29.7 29.4 29.1 28.7 28.2 27.8 27.4 26.9 26.3 25.8 25.2 24.9 24.6 24.3 24.1 23.9 23.6 23.3 22.9 22.6 22.5 22.5 nan nan nan nan nan nan nan 21.2 20.6 20.3 20.3 20.4 nan nan nan nan nan nan nan nan nan nan nan nan nan nan
nan nan nan nan nan nan nan nan nan nan nan nan nan nan nan nan nan nan nan nan nan nan nan nan nan nan nan nan nan nan 16.8 32.0 32.5 32.8 32.5 17.9 32.7 32.6 32.0 31.4 30.9 30.4 29.9 29.5 29.2 28.8 28.4 27.9 27.4 26.9 26.3 25.8 25.4 25.1 24.8 24.7 24.5 24.4 24.2 23.9 23.5 23.2 22.9 nan nan nan nan nan nan 20.5 20.7 21.0 20.6 20.4 20.4 nan nan nan nan nan nan nan nan nan nan nan nan nan nan nan
nan nan nan nan nan nan nan nan nan nan nan nan nan nan nan nan nan nan nan nan nan nan nan nan nan nan nan nan nan nan 17.3 30.1 32.5 32.8 nan nan nan 32.2 32.1 31.5 31.1 30.6 30.1 29.8 29.5 29.1 28.6 28.1 27.5 27.0 26.5 26.0 25.7 25.4 25.2 25.1 25.0 25.0 24.8 24.5 24.1 23.7 23.5 nan nan nan nan nan 20.6 20.7 20.6 20.6 20.5 20.3 nan nan nan nan nan nan nan nan nan nan nan nan nan nan nan nan
nan nan nan nan nan nan nan nan nan nan nan nan nan nan nan nan nan nan nan nan nan nan nan nan nan nan nan nan nan nan 17.3 15.8 32.7 32.8 nan nan nan 29.5 31.8 31.5 31.1 30.8 30.3 29.9 29.6 29.3 29.0 28.5 27.8 27.2 26.7 26.3 26.0 25.8 25.7 25.7 25.7 25.7 25.6 25.3 24.9 24.5 24.0 22.8 22.1 nan 20.8 20.8 20.9 20.7 20.7 20.5 nan nan nan nan nan nan nan nan nan nan nan nan nan nan nan nan nan nan
nan nan nan nan nan nan nan nan nan nan nan nan nan nan nan nan nan nan nan nan nan nan nan nan nan nan nan nan nan nan nan nan 32.7 27.2 nan nan nan nan 31.1 31.5 31.4 30.9 30.5 30.0 29.8 29.5 29.2 28.8 28.2 27.6 27.0 26.6 26.4 26.3 26.3 26.3 26.4 26.4 26.3 26.1 25.8 25.3 24.7 23.9 23.2 22.2 21.6 21.2 21.0 20.8 20.5 nan nan nan nan nan nan nan nan nan nan nan nan nan nan nan nan nan nan nan
nan nan nan nan nan nan nan nan nan nan nan nan nan nan nan nan nan nan nan nan nan nan nan nan nan nan nan nan nan nan nan nan nan 26.1 13.5 nan nan nan 15.9 31.7 31.6 31.2 30.7 30.3 30.0 29.7 29.5 29.1 28.6 28.0 27.5 27.1 26.9 26.8 26.9 26.9 27.0 27.0 27.0 26.9 26.6 26.2 25.7 24.9 23.9 23.0 22.2 21.7 21.3 20.9 20.4 nan nan nan nan nan nan nan nan nan nan nan nan nan nan nan nan nan nan nan
nan nan nan nan nan nan nan nan nan nan nan nan nan nan nan nan nan nan nan nan nan nan nan nan nan nan nan nan nan nan nan nan nan nan 14.6 26.7 nan nan nan nan 31.7 31.6 30.9 30.4 30.1 29.9 29.7 29.4 29.0 28.5 28.0 27.7 27.5 27.4 27.5 27.5 27.6 27.7 27.7 27.5 27.3 27.0 26.5 25.7 24.7 23.6 22.8 22.1 21.6 21.0 20.6 20.1 nan nan nan nan nan nan nan nan nan nan nan nan nan nan nan nan nan nan
nan nan nan nan nan nan nan nan nan nan nan nan nan nan nan nan nan nan nan nan nan nan nan nan nan nan nan nan nan nan nan nan nan nan nan 20.3 17.4 nan nan nan nan 30.3 31.1 30.5 30.2 30.0 29.8 29.7 29.5 29.1 28.7 28.3 28.1 28.1 28.1 28.2 28.2 28.3 28.2 28.2 28.0 27.7 27.1 26.2 25.2 24.2 23.3 22.5 21.8 21.1 20.6 20.3 20.1 12.1 nan nan nan nan nan nan nan nan nan nan nan nan nan nan nan nan
nan nan nan nan nan nan nan nan nan nan nan nan nan nan nan nan nan nan nan nan nan nan nan nan nan nan nan nan nan nan nan nan nan nan 17.3 21.3 29.5 29.3 nan 17.6 nan 27.8 30.8 30.5 30.2 30.1 30.0 30.0 29.8 29.5 29.2 28.9 28.8 28.8 28.8 28.8 28.8 28.8 28.7 28.7 28.4 28.1 27.5 26.4 25.3 24.2 23.4 22.8 22.0 21.2 20.6 20.3 20.2 20.0 nan nan nan nan nan nan nan nan nan nan nan nan nan nan nan nan
nan nan nan nan nan nan nan nan nan nan nan nan nan nan nan nan nan nan nan nan nan nan nan nan nan nan nan nan nan nan nan nan nan nan 29.2 29.4 29.6 28.4 18.7 26.2 28.3 25.8 30.6 30.4 30.2 30.1 30.2 30.2 30.2 30.0 29.7 29.5 29.4 29.4 29.4 29.3 29.3 29.2 29.1 29.0 28.7 28.2 27.4 26.3 25.2 24.1 22.8 22.5 21.8 21.4 20.6 20.4 20.3 20.2 20.3 nan nan nan nan nan nan nan nan nan nan nan nan nan nan nan
nan nan nan nan nan nan nan nan nan nan nan nan nan nan nan nan nan nan nan nan nan nan nan nan nan nan nan nan nan nan nan nan nan nan 29.0 29.2 29.4 29.4 28.2 nan 29.4 29.2 30.7 30.5 30.3 30.2 30.3 30.4 30.4 30.3 30.1 30.0 30.0 30.0 29.9 29.9 29.8 29.7 29.5 29.3 29.0 28.2 -9999.0 -9999.0 -9999.0 -9999.0 -9999.0 -9999.0 -9999.0 13.0 20.7 20.5 20.4 20.1 20.2 nan nan nan nan nan nan nan nan nan nan nan nan nan nan -9999.0
nan nan nan nan nan nan nan nan nan nan nan nan nan nan nan nan nan nan nan nan nan nan nan nan nan nan nan nan nan nan nan nan nan nan 28.7 28.9 29.0 29.1 29.3 nan nan 30.9 30.9 30.5 30.3 30.3 30.3 30.4 30.6 30.5 30.5 30.4 30.4 30.4 30.4 30.3 30.2 30.1 29.9 29.6 29.0 -9999.0 -9999.0 -9999.0 -9999.0 -9999.0 -9999.0 -9999.0 -9999.0 nan 15.0 19.9 20.0 19.2 nan nan nan nan nan nan nan nan nan nan nan nan nan nan nan -9999.0
nan nan nan nan nan nan nan nan nan nan nan nan nan nan nan nan nan nan nan nan nan nan nan nan nan nan nan nan nan nan nan nan nan nan 28.4 28.4 28.7 29.0 29.2 nan 24.9 28.6 30.8 30.4 30.2 30.2 30.3 30.4 30.6 30.6 30.6 30.6 30.7 30.8 30.8 30.7 30.6 30.5 30.2 29.6 28.8 -9999.0 -9999.0 -9999.0 -9999.0 -9999.0 -9999.0 -9999.0 -9999.0 -9999.0 -9999.0 nan 12.6 12.6 nan nan nan nan nan nan nan nan nan nan nan nan nan nan nan -9999.0
nan nan nan nan nan nan nan nan nan nan nan nan nan nan nan nan nan nan nan nan nan nan nan nan nan nan nan nan nan nan nan nan nan nan 28.0 28.1 28.7 28.6 26.6 18.3 27.4 25.3 30.3 30.2 30.0 30.0 30.2 30.3 30.5 30.6 30.7 30.7 30.8 31.0 31.0 31.0 30.9 30.7 30.3 29.5 -9999.0 -9999.0 -9999.0 -9999.0 -9999.0 -9999.0 -9999.0 -9999.0 -9999.0 -9999.0 -9999.0 nan nan nan nan nan nan nan nan nan nan nan nan nan nan nan nan nan nan -9999.0
nan nan nan nan nan nan nan nan nan nan nan nan nan nan nan nan nan nan nan nan nan nan nan nan nan nan nan nan nan nan nan nan 25.9 26.5 27.8 28.3 29.0 29.9 30.3 28.7 nan 30.9 30.2 30.0 29.9 29.9 30.0 30.2 30.3 30.5 30.6 30.8 30.9 31.1 31.1 31.2 31.1 30.9 30.3 -9999.0 -9999.0 -9999.0 -9999.0 -9999.0 -9999.0 -9999.0 -9999.0 -9999.0 -9999.0 -9999.0 -9999.0 -9999.0 nan nan nan nan nan nan nan nan nan nan nan nan nan nan nan nan nan -9999.0
nan nan nan nan nan nan nan nan nan nan nan nan nan nan nan nan nan nan nan nan nan nan nan nan nan nan nan nan nan 17.2 nan nan 27.7 27.9 28.1 28.6 29.6 30.5 31.2 nan nan 30.2 30.1 30.0 29.8 29.7 29.9 30.0 30.2 30.4 30.6 30.8 31.0 31.1 31.3 31.3 31.3 31.0 30.3 -9999.0 -9999.0 -9999.0 -9999.0 -9999.0 -9999.0 -9999.0 -9999.0 -9999.0 -9999.0 -9999.0 -9999.0 -9999.0 -9999.0 -9999.0 nan nan nan nan nan nan nan nan nan nan nan nan nan nan nan -9999.0
nan nan nan nan nan nan nan nan nan nan nan nan nan nan nan nan nan nan nan nan nan nan nan nan nan nan nan nan nan 14.6 14.6 nan 28.0 28.5 27.0 25.7 28.5 30.3 30.7 30.1 nan 30.4 30.5 30.2 29.9 29.7 29.8 29.9 30.1 30.2 30.4 30.7 30.9 31.1 31.4 31.5 31.5 31.1 -9999.0 -9999.0 -9999.0 -9999.0 -9999.0 -9999.0 -9999.0 -9999.0 -9999.0 -9999.0 -9999.0 -9999.0 -9999.0 -9999.0 -9999.0 -9999.0 -9999.0 nan nan nan nan nan nan nan nan nan nan nan nan nan nan -9999.0
nan nan nan nan nan nan nan nan nan nan nan nan nan nan nan nan nan nan nan nan nan nan nan nan nan nan nan nan nan 15.3 27.3 27.7 28.2 28.8 29.5 nan 15.8 29.9 30.3 30.6 nan 29.9 30.8 30.4 30.0 29.8 29.9 29.9 30.0 30.2 30.4 30.6 31.0 31.2 31.5 31.7 31.6 31.1 -9999.0 -9999.0 -9999.0 -9999.0 -9999.0 -9999.0 -9999.0 -9999.0 -9999.0 -9999.0 -9999.0 -9999.0 -9999.0 -9999.0 -9999.0 -9999.0 -9999.0 -9999.0 nan nan nan nan nan nan nan nan nan nan nan nan nan -9999.0
nan nan nan nan nan nan nan nan nan nan nan nan nan nan nan nan nan nan nan nan nan nan nan nan nan nan nan nan nan nan 26.8 27.6 28.2 29.0 28.0 nan nan 29.5 29.9 30.6 nan 26.6 28.3 30.3 30.1 29.9 29.9 29.9 30.0 30.1 30.3 30.6 31.0 31.3 31.6 31.8 31.6 31.2 -9999.0 -9999.0 -9999.0 -9999.0 -9999.0 -9999.0 -9999.0 -9999.0 -9999.0 -9999.0 -9999.0 -9999.0 -9999.0 -9999.0 -9999.0 -9999.0 -9999.0 -9999.0 -9999.0 nan nan nan nan nan nan nan nan nan nan nan nan -9999.0
nan nan nan nan nan nan nan nan nan nan nan nan nan nan nan nan nan nan nan nan nan nan nan nan nan nan nan nan nan nan 24.8 27.6 28.3 29.0 26.2 nan 17.6 22.9 27.0 15.8 24.9 20.8 24.8 30.0 30.2 30.0 30.0 29.9 30.0 30.1 30.3 30.7 31.1 31.4 31.8 31.9 31.6 30.9 -9999.0 -9999.0 -9999.0 -9999.0 -9999.0 -9999.0 -9999.0 -9999.0 -9999.0 -9999.0 -9999.0 -9999.0 -9999.0 -9999.0 -9999.0 -9999.0 -9999.0 -9999.0 -9999.0 -9999.0 nan nan nan nan nan nan nan nan nan nan nan -9999.0
nan nan nan nan nan nan nan nan nan nan nan nan nan nan nan nan nan nan nan nan nan nan nan nan nan nan nan nan nan nan 25.0 27.1 28.1 28.8 27.6 17.5 nan 27.1 21.6 15.7 21.3 nan 30.8 30.6 30.3 30.1 30.0 30.0 30.0 30.1 30.3 30.7 31.1 31.5 31.8 31.8 31.1 24.9 -9999.0 -9999.0 -9999.0 -9999.0 -9999.0 -9999.0 -9999.0 -9999.0 -9999.0 -9999.0 -9999.0 -9999.0 -9999.0 -9999.0 -9999.0 -9999.0 -9999.0 -9999.0 -9999.0 -9999.0 -9999.0 -9999.0 nan nan nan nan nan nan nan nan nan -9999.0
nan nan nan nan nan nan nan nan nan nan nan nan nan nan nan nan nan nan nan nan nan nan nan nan nan nan nan nan nan nan nan 27.4 28.0 28.5 29.2 nan nan 21.4 20.7 17.9 nan nan 30.5 30.6 30.4 30.2 30.1 30.1 30.2 30.2 30.5 30.9 31.3 31.7 32.0 32.1 31.0 27.1 -9999.0 -9999.0 -9999.0 -9999.0 -9999.0 -9999.0 -9999.0 -9999.0 -9999.0 -9999.0 -9999.0 nan nan nan -9999.0 -9999.0 -9999.0 -9999.0 -9999.0 -9999.0 -9999.0 -9999.0 -9999.0 -9999.0 -9999.0 -9999.0 -9999.0 nan nan nan -9999.0 -9999.0
nan nan nan nan nan nan nan nan nan nan nan nan nan nan nan nan nan nan nan nan nan nan nan nan nan nan nan nan nan nan nan 26.2 27.6 28.5 29.5 nan 16.2 18.8 27.4 16.7 nan nan 30.4 30.6 30.5 30.4 30.2 30.3 30.3 30.4 30.6 31.0 31.5 31.9 32.4 32.6 32.2 28.0 -9999.0 -9999.0 -9999.0 -9999.0 -9999.0 -9999.0 -9999.0 -9999.0 -9999.0 -9999.0 -9999.0 nan nan nan nan nan -9999.0 -9999.0 -9999.0 -9999.0 -9999.0 -9999.0 -9999.0 -9999.0 -9999.0 -9999.0 -9999.0 -9999.0 -9999.0 -9999.0 -9999.0 -9999.0
nan nan nan nan nan nan nan nan nan nan nan nan nan nan nan nan nan nan nan nan nan nan nan nan nan nan nan nan nan nan nan 17.3 27.7 28.5 29.0 29.1 26.8 21.5 17.3 13.9 17.4 nan 30.3 30.6 30.5 30.5 30.4 30.5 30.5 30.6 30.9 31.2 31.7 32.2 32.7 33.1 33.2 28.2 -9999.0 -9999.0 -9999.0 -9999.0 -9999.0 -9999.0 -9999.0 -9999.0 -9999.0 -9999.0 -9999.0 -9999.0 -9999.0 -9999.0 -9999.0 -9999.0 -9999.0 -9999.0 -9999.0 -9999.0 -9999.0 -9999.0 -9999.0 -9999.0 -9999.0 -9999.0 -9999.0 -9999.0 -9999.0 -9999.0 -9999.0 -9999.0
nan nan nan nan nan nan nan nan nan nan nan nan nan nan nan nan nan nan nan nan nan nan nan nan nan nan nan nan nan nan nan 17.2 27.3 28.3 29.5 29.9 29.8 nan 18.5 21.8 13.7 nan 30.1 30.6 30.8 30.8 30.7 30.7 30.7 30.8 31.0 31.4 32.0 32.5 33.1 33.5 33.7 29.6 -9999.0 -9999.0 -9999.0 -9999.0 -9999.0 -9999.0 -9999.0 -9999.0 -9999.0 -9999.0 -9999.0 -9999.0 -9999.0 -9999.0 -9999.0 -9999.0 -9999.0 -9999.0 -9999.0 -9999.0 -9999.0 -9999.0 -9999.0 -9999.0 -9999.0 -9999.0 -9999.0 -9999.0 -9999.0 -9999.0 -9999.0 -9999.0
nan nan nan nan nan nan nan nan nan nan nan nan nan nan nan nan nan nan nan nan nan nan nan nan nan nan nan nan nan nan nan 17.3 25.2 27.3 29.1 29.7 29.7 nan nan 20.0 16.7 nan nan 30.6 30.8 30.8 30.9 30.9 30.9 31.0 31.2 31.7 32.2 32.9 33.5 34.1 34.3 28.6 -9999.0 -9999.0 -9999.0 -9999.0 -9999.0 -9999.0 -9999.0 -9999.0 -9999.0 -9999.0 -9999.0 -9999.0 -9999.0 -9999.0 -9999.0 -9999.0 -9999.0 -9999.0 -9999.0 -9999.0 -9999.0 -9999.0 -9999.0 -9999.0 -9999.0 -9999.0 -9999.0 -9999.0 -9999.0 -9999.0 -9999.0 -9999.0
nan nan nan nan nan nan nan nan nan nan nan nan nan nan nan nan nan nan nan nan nan nan nan nan nan nan nan nan nan nan nan nan 16.5 28.1 28.9 29.5 nan nan nan 21.3 15.7 18.4 nan nan 30.5 30.8 30.8 30.9 31.0 31.1 31.4 31.9 32.5 33.2 33.9 34.6 34.7 33.3 -9999.0 -9999.0 -9999.0 -9999.0 -9999.0 -9999.0 -9999.0 -9999.0 -9999.0 -9999.0 -9999.0 -9999.0 -9999.0 -9999.0 -9999.0 -9999.0 -9999.0 -9999.0 -9999.0 -9999.0 -9999.0 -9999.0 -9999.0 -9999.0 nan nan nan -9999.0 -9999.0 -9999.0 -9999.0 -9999.0
nan nan nan nan nan nan nan nan nan nan nan nan nan nan nan nan nan nan nan nan nan nan nan nan nan nan nan nan nan nan nan nan 27.5 28.0 28.7 29.3 nan nan nan nan 17.8 17.8 29.0 nan 29.9 30.6 30.9 30.9 31.0 31.2 31.5 31.9 32.6 33.4 34.3 35.0 35.3 34.7 -9999.0 -9999.0 -9999.0 -9999.0 -9999.0 -9999.0 -9999.0 -9999.0 -9999.0 -9999.0 -9999.0 -9999.0 -9999.0 -9999.0 -9999.0 -9999.0 -9999.0 -9999.0 -9999.0 -9999.0 -9999.0 -9999.0 nan nan nan nan nan nan nan nan -9999.0 -9999.0
nan nan nan nan nan nan nan nan nan nan nan nan nan nan nan nan nan nan nan nan nan nan nan nan nan nan nan nan nan nan nan nan nan 28.0 28.8 29.5 nan nan nan nan 22.7 19.8 25.7 20.5 nan 30.7 30.9 31.0 31.2 31.4 31.7 32.2 32.8 33.5 34.4 35.3 35.7 35.9 -9999.0 -9999.0 -9999.0 -9999.0 -9999.0 -9999.0 -9999.0 -9999.0 -9999.0 -9999.0 -9999.0 nan nan nan nan nan nan nan nan nan nan nan nan nan nan nan nan nan nan nan nan nan
nan nan nan nan nan nan nan nan nan nan nan nan nan nan nan nan nan nan nan nan nan nan nan nan nan nan nan nan nan nan nan nan nan 28.1 28.9 29.8 29.9 nan nan nan 29.6 21.0 22.9 30.3 nan nan 30.6 30.8 31.0 31.3 31.8 32.3 32.8 33.6 34.5 35.6 36.2 36.7 -9999.0 -9999.0 -9999.0 -9999.0 -9999.0 -9999.0 -9999.0 -9999.0 -9999.0 -9999.0 nan nan nan nan nan nan nan nan nan nan nan nan nan nan nan nan nan nan nan nan nan nan
