data/output/RUN203/ECOSPACE/ECOSPACE_in_PAR3/PAR-VarZ-VarK/PAR-VarZ-VarK_1981_04.asc
ncols        93
nrows        151 
xllcorner    -123.80739
yllcorner    48.29471 
cellsize     0.013497347 
NODATA_value  0.0
[rows 80 to 119 of 151, columns 0 to 89 of 93]
nan nan nan nan nan nan nan nan nan nan nan nan nan nan nan nan nan nan nan nan nan nan nan 35.4 34.1 35.7 37.7 37.6 36.4 35.0 33.9 33.0 32.4 31.6 30.8 30.1 29.6 29.1 28.5 27.8 27.0 26.3 25.9 25.6 25.4 25.4 25.4 25.4 25.0 24.4 22.8 20.8 18.8 17.6 nan nan nan nan nan nan nan nan nan nan nan nan 14.3 14.6 14.7 14.8 nan 14.4 14.4 14.4 14.5 14.6 14.6 14.4 14.3 14.5 14.8 14.9 14.8 nan nan nan nan nan nan nan
nan nan nan nan nan nan nan nan nan nan nan nan nan nan nan nan nan nan nan nan nan nan nan nan nan nan 38.8 38.5 37.6 36.4 35.1 34.0 33.0 32.3 31.4 30.7 30.0 29.3 28.4 27.4 26.6 25.9 25.4 25.0 24.8 24.8 24.8 24.8 24.8 24.3 23.4 21.8 19.9 18.1 17.0 nan nan nan nan nan nan nan nan nan nan nan 14.7 14.7 nan nan nan nan nan 14.6 14.8 14.9 nan 14.5 14.6 14.9 15.2 15.3 nan nan nan nan nan nan nan nan
nan nan nan nan nan nan nan nan nan nan nan nan nan nan nan nan nan nan nan nan nan nan nan nan nan nan nan 39.1 38.4 37.9 36.7 35.2 34.0 32.8 31.9 31.0 30.1 29.2 28.2 27.1 26.2 25.5 24.8 24.5 24.3 24.2 24.1 24.2 24.3 24.0 23.3 22.2 20.6 19.0 17.6 16.8 nan nan nan nan nan nan nan nan nan 14.7 15.2 nan nan nan nan nan nan 14.7 14.9 15.0 nan 14.8 15.1 15.3 15.5 nan nan nan nan nan nan nan nan nan
nan nan nan nan nan nan nan nan nan nan nan nan nan nan nan nan nan nan nan nan nan nan nan nan nan nan nan nan 37.6 38.0 38.1 36.7 35.2 33.9 32.5 31.4 30.2 29.2 28.0 26.9 25.9 25.1 24.3 24.0 23.7 23.6 23.5 23.6 23.6 23.6 23.3 22.3 21.2 19.7 18.4 17.3 16.7 nan nan nan nan nan nan nan nan 14.8 15.2 nan nan nan nan nan nan 14.8 15.0 15.2 15.5 15.8 15.7 15.5 nan nan nan nan nan nan nan nan nan nan
nan nan nan nan nan nan nan nan nan nan nan nan nan nan nan nan nan nan nan nan nan nan nan nan nan nan nan nan nan 13.8 39.1 38.0 36.4 35.0 33.3 31.9 30.6 29.4 28.0 26.8 25.7 24.8 24.0 23.5 23.2 23.1 23.0 23.0 23.1 23.1 22.9 22.3 21.3 20.3 18.9 17.9 17.1 16.6 nan nan nan nan nan nan 14.9 15.1 15.3 nan 15.4 15.4 15.5 nan nan 14.9 15.2 15.5 15.8 16.3 nan nan nan nan nan nan nan nan nan nan nan nan
nan nan nan nan nan nan nan nan nan nan nan nan nan nan nan nan nan nan nan nan nan nan nan nan nan nan nan nan nan nan 14.8 38.5 37.5 35.7 33.9 32.5 31.0 29.5 28.1 26.8 25.5 24.5 23.8 23.2 22.8 22.6 22.6 22.6 22.6 22.7 22.5 22.1 21.3 20.5 19.4 18.5 17.6 17.0 nan nan nan nan nan 15.1 15.2 15.4 15.5 15.6 15.5 15.5 15.4 9.7 nan 15.0 15.4 15.8 16.0 16.2 nan nan nan nan nan nan nan nan nan nan nan nan
nan nan nan nan nan nan nan nan nan nan nan nan nan nan nan nan nan nan nan nan nan nan nan nan nan nan nan nan nan nan nan 36.7 37.0 36.4 34.7 33.0 31.4 29.8 28.2 26.9 25.5 24.4 23.6 23.0 22.5 22.2 22.2 22.2 22.3 22.3 22.2 21.9 21.3 20.6 19.7 18.9 18.0 17.4 16.8 nan nan 15.5 15.8 15.8 15.7 15.9 15.9 15.9 15.8 15.6 15.6 nan nan 15.4 15.7 16.0 16.3 16.2 nan nan nan nan nan nan nan nan nan nan nan nan
nan nan nan nan nan nan nan nan nan nan nan nan nan nan nan nan nan nan nan nan nan nan nan nan nan nan nan nan nan nan nan nan 38.3 36.9 35.3 33.5 31.9 30.2 28.6 27.1 25.6 24.4 23.5 22.7 22.2 22.0 21.9 21.9 22.0 22.0 21.9 21.7 21.2 20.6 20.0 19.2 18.5 17.9 17.3 16.7 16.5 16.4 16.4 nan 16.1 16.3 16.4 16.4 16.3 16.1 15.9 15.7 15.8 15.9 16.0 16.2 16.3 nan nan nan nan nan nan nan nan nan nan nan nan nan
nan nan nan nan nan nan nan nan nan nan nan nan nan nan nan nan nan nan nan nan nan nan nan nan nan nan nan nan nan nan 38.8 38.8 38.3 37.1 35.7 34.1 32.5 30.7 29.0 27.3 25.8 24.4 23.4 22.6 22.1 21.8 21.7 21.7 21.8 21.8 21.7 21.6 21.2 20.8 20.2 19.7 19.1 18.5 18.0 17.5 17.2 16.9 16.8 16.8 16.7 16.8 17.0 17.0 16.8 16.7 16.4 16.1 16.1 16.2 16.3 16.5 16.4 nan nan nan nan nan nan nan nan nan nan nan nan nan
nan nan nan nan nan nan nan nan nan nan nan nan nan nan nan nan nan nan nan nan nan nan nan nan nan nan nan nan nan nan nan nan 38.2 37.1 36.0 34.8 33.2 31.3 29.4 27.7 26.1 24.7 23.6 22.7 22.1 21.8 21.6 21.6 21.7 21.7 21.7 21.5 21.2 20.9 20.5 20.0 19.5 19.0 18.5 18.1 17.8 17.5 17.3 17.2 17.1 17.0 17.1 nan nan nan 16.5 16.3 16.4 16.4 16.5 16.5 nan nan nan nan nan nan nan nan nan nan nan nan nan nan
nan nan nan nan nan nan nan nan nan nan nan nan nan nan nan nan nan nan nan nan nan nan nan nan nan nan nan nan nan nan 14.3 13.2 37.4 37.0 36.4 35.5 34.3 32.3 30.1 28.2 26.5 25.0 23.8 22.9 22.3 21.8 21.7 21.6 21.7 21.7 21.6 21.5 21.3 21.0 20.8 20.3 19.9 19.4 19.0 18.6 18.2 17.9 17.5 17.4 nan nan nan nan nan nan nan 16.6 16.6 16.5 16.6 16.5 nan nan nan nan nan nan nan nan nan nan nan nan nan nan
nan nan nan nan nan nan nan nan nan nan nan nan nan nan nan nan nan nan nan nan nan nan nan nan nan nan nan nan nan nan 15.1 36.6 37.3 37.4 37.0 16.8 35.3 33.3 30.9 29.0 27.2 25.5 24.2 23.2 22.4 22.0 21.8 21.7 21.7 21.7 21.7 21.5 21.4 21.2 21.0 20.6 20.2 19.8 19.4 18.9 18.5 18.0 17.6 nan nan nan nan nan nan 16.3 16.5 16.7 16.6 16.6 16.6 nan nan nan nan nan nan nan nan nan nan nan nan nan nan nan
nan nan nan nan nan nan nan nan nan nan nan nan nan nan nan nan nan nan nan nan nan nan nan nan nan nan nan nan nan nan 14.4 35.0 37.3 37.6 nan nan nan 33.3 31.7 29.8 27.9 26.1 24.6 23.5 22.8 22.2 22.0 21.8 21.8 21.8 21.7 21.6 21.6 21.4 21.2 21.0 20.7 20.4 19.9 19.4 18.8 18.3 17.8 nan nan nan nan nan 16.5 16.5 16.6 16.8 16.6 16.5 nan nan nan nan nan nan nan nan nan nan nan nan nan nan nan nan
nan nan nan nan nan nan nan nan nan nan nan nan nan nan nan nan nan nan nan nan nan nan nan nan nan nan nan nan nan nan 14.2 14.2 37.1 37.1 nan nan nan 31.2 32.3 31.0 29.0 26.9 25.2 24.0 23.1 22.5 22.2 22.0 21.9 21.9 21.9 21.9 21.9 21.8 21.6 21.4 21.2 20.9 20.4 19.9 19.3 18.7 18.1 17.3 17.0 nan 16.5 16.6 16.7 16.7 16.8 16.8 nan nan nan nan nan nan nan nan nan nan nan nan nan nan nan nan nan nan
nan nan nan nan nan nan nan nan nan nan nan nan nan nan nan nan nan nan nan nan nan nan nan nan nan nan nan nan nan nan nan nan 37.5 29.4 nan nan nan nan 31.3 32.0 30.2 28.0 26.0 24.7 23.7 23.1 22.6 22.3 22.2 22.2 22.2 22.2 22.2 22.1 22.0 21.9 21.8 21.5 21.1 20.6 20.0 19.3 18.7 18.1 17.6 17.2 17.0 16.8 16.8 16.7 16.7 nan nan nan nan nan nan nan nan nan nan nan nan nan nan nan nan nan nan nan
nan nan nan nan nan nan nan nan nan nan nan nan nan nan nan nan nan nan nan nan nan nan nan nan nan nan nan nan nan nan nan nan nan 33.7 17.0 nan nan nan 13.4 33.7 31.7 29.1 27.0 25.3 24.3 23.6 23.1 22.8 22.7 22.6 22.6 22.6 22.6 22.6 22.6 22.5 22.4 22.2 21.8 21.4 20.8 20.1 19.4 18.9 18.3 17.7 17.3 17.0 16.8 16.7 16.5 nan nan nan nan nan nan nan nan nan nan nan nan nan nan nan nan nan nan nan
nan nan nan nan nan nan nan nan nan nan nan nan nan nan nan nan nan nan nan nan nan nan nan nan nan nan nan nan nan nan nan nan nan nan 17.7 31.0 nan nan nan nan 32.5 30.3 27.9 26.3 25.0 24.2 23.6 23.3 23.1 23.1 23.0 23.0 23.1 23.2 23.2 23.2 23.1 23.0 22.7 22.2 21.6 21.0 20.3 19.5 18.8 18.1 17.5 17.1 16.8 16.6 16.6 16.5 nan nan nan nan nan nan nan nan nan nan nan nan nan nan nan nan nan nan
nan nan nan nan nan nan nan nan nan nan nan nan nan nan nan nan nan nan nan nan nan nan nan nan nan nan nan nan nan nan nan nan nan nan nan 23.1 14.4 nan nan nan nan 29.2 28.6 27.0 25.8 24.9 24.2 23.8 23.6 23.6 23.6 23.6 23.7 23.8 24.0 24.0 24.0 23.8 23.5 23.1 22.5 21.8 21.0 20.1 19.3 18.4 17.7 17.2 16.8 16.6 16.5 16.6 16.6 9.8 nan nan nan nan nan nan nan nan nan nan nan nan nan nan nan nan
nan nan nan nan nan nan nan nan nan nan nan nan nan nan nan nan nan nan nan nan nan nan nan nan nan nan nan nan nan nan nan nan nan nan 16.1 18.5 30.7 30.6 nan 14.5 nan 27.8 29.0 27.5 26.3 25.4 24.8 24.4 24.2 24.1 24.1 24.2 24.3 24.5 24.6 24.7 24.7 24.6 24.3 23.9 23.2 22.4 21.5 20.5 19.5 18.6 17.8 17.4 17.0 16.7 16.5 16.5 16.5 16.5 nan nan nan nan nan nan nan nan nan nan nan nan nan nan nan nan
nan nan nan nan nan nan nan nan nan nan nan nan nan nan nan nan nan nan nan nan nan nan nan nan nan nan nan nan nan nan nan nan nan nan 31.4 30.8 31.4 26.6 15.7 28.0 29.6 24.2 29.2 28.1 26.9 26.0 25.3 24.9 24.7 24.6 24.6 24.7 25.0 25.1 25.2 25.3 25.3 25.3 25.0 24.5 23.8 22.9 21.9 20.8 19.6 18.5 17.6 17.5 17.2 17.0 16.6 16.6 16.6 16.7 16.9 nan nan nan nan nan nan nan nan nan nan nan nan nan nan nan
nan nan nan nan nan nan nan nan nan nan nan nan nan nan nan nan nan nan nan nan nan nan nan nan nan nan nan nan nan nan nan nan nan nan 31.6 31.6 31.6 30.7 27.2 nan 31.1 28.8 30.3 28.8 27.6 26.6 25.9 25.4 25.2 25.1 25.1 25.2 25.4 25.6 25.8 25.8 25.9 25.8 25.5 25.0 24.2 23.2 -9999.0 -9999.0 -9999.0 -9999.0 -9999.0 -9999.0 -9999.0 10.5 16.8 16.7 16.7 16.7 16.9 nan nan nan nan nan nan nan nan nan nan nan nan nan nan -9999.0
nan nan nan nan nan nan nan nan nan nan nan nan nan nan nan nan nan nan nan nan nan nan nan nan nan nan nan nan nan nan nan nan nan nan 32.0 31.9 31.9 31.7 30.8 nan nan 32.0 31.0 29.5 28.2 27.1 26.4 25.9 25.7 25.5 25.5 25.6 25.8 25.9 26.2 26.2 26.3 26.2 25.9 25.4 24.5 -9999.0 -9999.0 -9999.0 -9999.0 -9999.0 -9999.0 -9999.0 -9999.0 nan 12.3 16.7 16.8 16.2 nan nan nan nan nan nan nan nan nan nan nan nan nan nan nan -9999.0
nan nan nan nan nan nan nan nan nan nan nan nan nan nan nan nan nan nan nan nan nan nan nan nan nan nan nan nan nan nan nan nan nan nan 31.9 31.9 31.8 31.6 29.8 nan 26.1 28.2 31.5 30.2 28.9 27.7 26.9 26.4 26.1 25.9 25.8 25.9 26.0 26.2 26.4 26.5 26.6 26.5 26.2 25.5 24.6 -9999.0 -9999.0 -9999.0 -9999.0 -9999.0 -9999.0 -9999.0 -9999.0 -9999.0 -9999.0 nan 10.3 10.3 nan nan nan nan nan nan nan nan nan nan nan nan nan nan nan -9999.0
nan nan nan nan nan nan nan nan nan nan nan nan nan nan nan nan nan nan nan nan nan nan nan nan nan nan nan nan nan nan nan nan nan nan 31.7 31.9 31.9 26.6 26.5 17.9 29.7 24.9 31.0 30.5 29.3 28.2 27.4 26.8 26.4 26.2 26.1 26.1 26.2 26.4 26.6 26.7 26.8 26.6 26.2 25.6 -9999.0 -9999.0 -9999.0 -9999.0 -9999.0 -9999.0 -9999.0 -9999.0 -9999.0 -9999.0 -9999.0 nan nan nan nan nan nan nan nan nan nan nan nan nan nan nan nan nan nan -9999.0
nan nan nan nan nan nan nan nan nan nan nan nan nan nan nan nan nan nan nan nan nan nan nan nan nan nan nan nan nan nan nan nan 24.8 26.8 28.6 31.9 32.2 31.6 25.6 26.1 nan 32.3 31.5 30.6 29.5 28.5 27.7 27.1 26.8 26.5 26.4 26.5 26.5 26.6 26.8 27.0 27.1 26.8 26.4 -9999.0 -9999.0 -9999.0 -9999.0 -9999.0 -9999.0 -9999.0 -9999.0 -9999.0 -9999.0 -9999.0 -9999.0 -9999.0 nan nan nan nan nan nan nan nan nan nan nan nan nan nan nan nan nan -9999.0
nan nan nan nan nan nan nan nan nan nan nan nan nan nan nan nan nan nan nan nan nan nan nan nan nan nan nan nan nan 14.4 nan nan 29.9 30.1 32.1 31.0 32.5 32.7 32.0 nan nan 32.5 31.8 30.9 29.8 28.8 28.0 27.4 27.0 26.7 26.7 26.7 26.8 26.8 27.0 27.3 27.3 27.2 26.6 -9999.0 -9999.0 -9999.0 -9999.0 -9999.0 -9999.0 -9999.0 -9999.0 -9999.0 -9999.0 -9999.0 -9999.0 -9999.0 -9999.0 -9999.0 nan nan nan nan nan nan nan nan nan nan nan nan nan nan nan -9999.0
nan nan nan nan nan nan nan nan nan nan nan nan nan nan nan nan nan nan nan nan nan nan nan nan nan nan nan nan nan 13.0 13.0 nan 32.3 32.4 27.6 29.2 29.0 32.3 32.5 31.4 nan 32.6 32.4 31.5 30.3 29.2 28.3 27.7 27.3 27.0 27.1 27.1 27.0 27.1 27.3 27.5 27.6 27.4 -9999.0 -9999.0 -9999.0 -9999.0 -9999.0 -9999.0 -9999.0 -9999.0 -9999.0 -9999.0 -9999.0 -9999.0 -9999.0 -9999.0 -9999.0 -9999.0 -9999.0 nan nan nan nan nan nan nan nan nan nan nan nan nan nan -9999.0
nan nan nan nan nan nan nan nan nan nan nan nan nan nan nan nan nan nan nan nan nan nan nan nan nan nan nan nan nan 13.7 32.5 32.7 32.7 33.0 32.3 nan 13.2 30.9 32.5 32.6 nan 31.3 33.0 32.1 30.9 29.6 28.8 28.2 27.7 27.5 27.5 27.4 27.4 27.4 27.5 27.7 27.8 27.6 -9999.0 -9999.0 -9999.0 -9999.0 -9999.0 -9999.0 -9999.0 -9999.0 -9999.0 -9999.0 -9999.0 -9999.0 -9999.0 -9999.0 -9999.0 -9999.0 -9999.0 -9999.0 nan nan nan nan nan nan nan nan nan nan nan nan nan -9999.0
nan nan nan nan nan nan nan nan nan nan nan nan nan nan nan nan nan nan nan nan nan nan nan nan nan nan nan nan nan nan 31.0 32.7 32.9 33.1 26.9 nan nan 28.2 30.6 29.7 nan 27.0 29.3 32.3 31.5 30.3 29.3 28.6 28.1 28.0 27.9 27.8 27.7 27.6 27.7 27.9 28.0 28.0 -9999.0 -9999.0 -9999.0 -9999.0 -9999.0 -9999.0 -9999.0 -9999.0 -9999.0 -9999.0 -9999.0 -9999.0 -9999.0 -9999.0 -9999.0 -9999.0 -9999.0 -9999.0 -9999.0 nan nan nan nan nan nan nan nan nan nan nan nan -9999.0
nan nan nan nan nan nan nan nan nan nan nan nan nan nan nan nan nan nan nan nan nan nan nan nan nan nan nan nan nan nan 29.9 32.8 33.2 33.3 29.3 nan 14.6 24.9 28.0 16.2 26.2 22.3 24.6 31.4 31.9 30.8 29.8 29.0 28.6 28.4 28.3 28.2 28.1 28.0 28.1 28.1 28.0 28.0 -9999.0 -9999.0 -9999.0 -9999.0 -9999.0 -9999.0 -9999.0 -9999.0 -9999.0 -9999.0 -9999.0 -9999.0 -9999.0 -9999.0 -9999.0 -9999.0 -9999.0 -9999.0 -9999.0 -9999.0 nan nan nan nan nan nan nan nan nan nan nan -9999.0
nan nan nan nan nan nan nan nan nan nan nan nan nan nan nan nan nan nan nan nan nan nan nan nan nan nan nan nan nan nan 30.8 32.2 33.2 33.5 26.5 14.5 nan 30.1 21.0 14.7 22.5 nan 32.4 33.2 32.2 31.2 30.4 29.6 29.2 28.9 28.8 28.5 28.4 28.2 28.4 28.4 28.0 23.8 -9999.0 -9999.0 -9999.0 -9999.0 -9999.0 -9999.0 -9999.0 -9999.0 -9999.0 -9999.0 -9999.0 -9999.0 -9999.0 -9999.0 -9999.0 -9999.0 -9999.0 -9999.0 -9999.0 -9999.0 -9999.0 -9999.0 nan nan nan nan nan nan nan nan nan -9999.0
nan nan nan nan nan nan nan nan nan nan nan nan nan nan nan nan nan nan nan nan nan nan nan nan nan nan nan nan nan nan nan 31.6 33.0 33.2 30.9 nan nan 22.4 20.6 15.7 nan nan 33.7 33.5 32.8 31.8 31.1 30.2 29.7 29.5 29.2 28.9 28.7 28.6 28.8 29.0 28.7 25.8 -9999.0 -9999.0 -9999.0 -9999.0 -9999.0 -9999.0 -9999.0 -9999.0 -9999.0 -9999.0 -9999.0 nan nan nan -9999.0 -9999.0 -9999.0 -9999.0 -9999.0 -9999.0 -9999.0 -9999.0 -9999.0 -9999.0 -9999.0 -9999.0 -9999.0 nan nan nan -9999.0 -9999.0
nan nan nan nan nan nan nan nan nan nan nan nan nan nan nan nan nan nan nan nan nan nan nan nan nan nan nan nan nan nan nan 28.3 31.1 32.9 33.4 nan 14.2 18.4 28.8 15.2 nan nan 33.8 34.0 33.4 32.7 31.8 30.9 30.3 30.0 29.6 29.2 29.0 29.0 29.2 29.4 29.1 26.2 -9999.0 -9999.0 -9999.0 -9999.0 -9999.0 -9999.0 -9999.0 -9999.0 -9999.0 -9999.0 -9999.0 nan nan nan nan nan -9999.0 -9999.0 -9999.0 -9999.0 -9999.0 -9999.0 -9999.0 -9999.0 -9999.0 -9999.0 -9999.0 -9999.0 -9999.0 -9999.0 -9999.0 -9999.0
nan nan nan nan nan nan nan nan nan nan nan nan nan nan nan nan nan nan nan nan nan nan nan nan nan nan nan nan nan nan nan 14.2 31.4 32.8 29.8 28.3 26.8 21.7 17.6 14.1 15.7 nan 33.5 34.3 34.0 33.3 32.7 31.7 30.9 30.4 30.0 29.6 29.3 29.3 29.4 29.5 29.5 24.7 -9999.0 -9999.0 -9999.0 -9999.0 -9999.0 -9999.0 -9999.0 -9999.0 -9999.0 -9999.0 -9999.0 -9999.0 -9999.0 -9999.0 -9999.0 -9999.0 -9999.0 -9999.0 -9999.0 -9999.0 -9999.0 -9999.0 -9999.0 -9999.0 -9999.0 -9999.0 -9999.0 -9999.0 -9999.0 -9999.0 -9999.0 -9999.0
nan nan nan nan nan nan nan nan nan nan nan nan nan nan nan nan nan nan nan nan nan nan nan nan nan nan nan nan nan nan nan 14.2 25.5 32.4 33.1 33.3 33.2 nan 20.5 23.6 13.1 nan 34.5 34.4 34.5 34.0 33.3 32.4 31.6 31.0 30.5 30.1 29.8 29.7 29.7 29.8 29.7 26.5 -9999.0 -9999.0 -9999.0 -9999.0 -9999.0 -9999.0 -9999.0 -9999.0 -9999.0 -9999.0 -9999.0 -9999.0 -9999.0 -9999.0 -9999.0 -9999.0 -9999.0 -9999.0 -9999.0 -9999.0 -9999.0 -9999.0 -9999.0 -9999.0 -9999.0 -9999.0 -9999.0 -9999.0 -9999.0 -9999.0 -9999.0 -9999.0
nan nan nan nan nan nan nan nan nan nan nan nan nan nan nan nan nan nan nan nan nan nan nan nan nan nan nan nan nan nan nan 14.2 27.9 29.5 33.0 33.3 33.0 nan nan 20.9 14.6 nan nan 34.7 34.9 34.5 33.9 33.1 32.3 31.6 31.1 30.7 30.3 30.2 30.1 30.1 30.2 26.0 -9999.0 -9999.0 -9999.0 -9999.0 -9999.0 -9999.0 -9999.0 -9999.0 -9999.0 -9999.0 -9999.0 -9999.0 -9999.0 -9999.0 -9999.0 -9999.0 -9999.0 -9999.0 -9999.0 -9999.0 -9999.0 -9999.0 -9999.0 -9999.0 -9999.0 -9999.0 -9999.0 -9999.0 -9999.0 -9999.0 -9999.0 -9999.0
nan nan nan nan nan nan nan nan nan nan nan nan nan nan nan nan nan nan nan nan nan nan nan nan nan nan nan nan nan nan nan nan 13.8 32.4 32.9 33.0 nan nan nan 21.1 14.4 13.3 nan nan 33.9 34.6 34.3 33.5 32.8 32.3 31.7 31.2 30.9 30.7 30.5 30.6 30.7 28.2 -9999.0 -9999.0 -9999.0 -9999.0 -9999.0 -9999.0 -9999.0 -9999.0 -9999.0 -9999.0 -9999.0 -9999.0 -9999.0 -9999.0 -9999.0 -9999.0 -9999.0 -9999.0 -9999.0 -9999.0 -9999.0 -9999.0 -9999.0 -9999.0 nan nan nan -9999.0 -9999.0 -9999.0 -9999.0 -9999.0
nan nan nan nan nan nan nan nan nan nan nan nan nan nan nan nan nan nan nan nan nan nan nan nan nan nan nan nan nan nan nan nan 30.9 32.0 32.6 33.1 nan nan nan nan 16.5 13.1 24.3 nan 33.2 33.9 34.8 34.1 33.4 32.8 32.2 31.8 31.5 31.3 31.1 31.2 31.3 30.3 -9999.0 -9999.0 -9999.0 -9999.0 -9999.0 -9999.0 -9999.0 -9999.0 -9999.0 -9999.0 -9999.0 -9999.0 -9999.0 -9999.0 -9999.0 -9999.0 -9999.0 -9999.0 -9999.0 -9999.0 -9999.0 -9999.0 nan nan nan nan nan nan nan nan -9999.0 -9999.0
nan nan nan nan nan nan nan nan nan nan nan nan nan nan nan nan nan nan nan nan nan nan nan nan nan nan nan nan nan nan nan nan nan 32.4 32.9 33.2 nan nan nan nan 22.1 14.7 17.5 18.2 nan 34.8 35.4 35.0 34.3 33.5 32.8 32.3 32.0 31.9 31.8 31.8 31.9 31.4 -9999.0 -9999.0 -9999.0 -9999.0 -9999.0 -9999.0 -9999.0 -9999.0 -9999.0 -9999.0 -9999.0 nan nan nan nan nan nan nan nan nan nan nan nan nan nan nan nan nan nan nan nan nan
nan nan nan nan nan nan nan nan nan nan nan nan nan nan nan nan nan nan nan nan nan nan nan nan nan nan nan nan nan nan nan nan nan 32.8 33.2 33.5 33.2 nan nan nan 31.0 16.9 15.7 29.3 nan nan 34.5 35.3 35.1 34.7 33.9 33.3 32.8 32.5 32.4 32.5 32.6 32.5 -9999.0 -9999.0 -9999.0 -9999.0 -9999.0 -9999.0 -9999.0 -9999.0 -9999.0 -9999.0 nan nan nan nan nan nan nan nan nan nan nan nan nan nan nan nan nan nan nan nan nan nan
