data/output/RUN203/ECOSPACE/ECOSPACE_in_PAR3/PAR-VarZ-VarK/PAR-VarZ-VarK_1994_04.asc
ncols        93
nrows        151 
xllcorner    -123.80739
yllcorner    48.29471 
cellsize     0.013497347 
NODATA_value  0.0
[rows 80 to 119 of 151, columns 0 to 89 of 93]
nan nan nan nan nan nan nan nan nan nan nan nan nan nan nan nan nan nan nan nan nan nan nan 29.3 28.4 28.8 30.7 31.0 30.3 29.4 28.5 27.7 26.9 26.2 25.5 24.9 24.4 24.0 23.7 23.5 23.4 23.2 23.0 22.6 22.3 21.9 21.5 21.1 20.6 20.0 19.3 18.5 17.7 17.1 nan nan nan nan nan nan nan nan nan nan nan nan 14.7 15.1 15.2 15.4 nan 15.1 15.1 15.2 15.2 15.3 15.3 15.1 15.0 15.2 15.5 15.8 15.8 nan nan nan nan nan nan nan
nan nan nan nan nan nan nan nan nan nan nan nan nan nan nan nan nan nan nan nan nan nan nan nan nan nan 31.8 31.5 30.9 29.9 29.0 28.3 27.5 26.8 26.0 25.3 24.7 24.3 23.9 23.7 23.5 23.3 23.1 22.8 22.4 22.0 21.6 21.4 21.0 20.5 19.9 19.1 18.4 17.5 16.8 nan nan nan nan nan nan nan nan nan nan nan 14.9 15.2 nan nan nan nan nan 15.3 15.4 15.5 nan 15.3 15.4 15.7 16.0 16.3 nan nan nan nan nan nan nan nan
nan nan nan nan nan nan nan nan nan nan nan nan nan nan nan nan nan nan nan nan nan nan nan nan nan nan nan 31.9 31.2 30.7 29.8 28.8 28.1 27.3 26.5 25.8 25.2 24.6 24.2 23.9 23.7 23.5 23.2 22.9 22.5 22.2 21.9 21.7 21.4 21.0 20.4 19.8 19.0 18.2 17.3 16.7 nan nan nan nan nan nan nan nan nan 14.9 15.3 nan nan nan nan nan nan 15.3 15.4 15.5 nan 15.5 15.8 16.1 16.3 nan nan nan nan nan nan nan nan nan
nan nan nan nan nan nan nan nan nan nan nan nan nan nan nan nan nan nan nan nan nan nan nan nan nan nan nan nan 30.0 31.0 30.7 29.8 28.9 28.0 27.2 26.4 25.7 25.1 24.6 24.2 24.0 23.7 23.5 23.1 22.7 22.4 22.1 21.9 21.7 21.4 21.0 20.4 19.7 18.9 18.0 17.1 16.6 nan nan nan nan nan nan nan nan 14.9 15.3 nan nan nan nan nan nan 15.3 15.5 15.6 15.9 16.2 16.2 16.3 nan nan nan nan nan nan nan nan nan nan
nan nan nan nan nan nan nan nan nan nan nan nan nan nan nan nan nan nan nan nan nan nan nan nan nan nan nan nan nan 12.1 31.4 30.7 29.6 28.9 27.9 27.0 26.2 25.5 25.0 24.6 24.3 24.0 23.7 23.3 23.0 22.6 22.4 22.3 22.1 21.8 21.5 21.0 20.3 19.5 18.6 17.7 17.0 16.5 nan nan nan nan nan nan 14.9 15.1 15.3 nan 15.8 15.8 15.9 nan nan 15.4 15.6 15.9 16.1 16.5 nan nan nan nan nan nan nan nan nan nan nan nan
nan nan nan nan nan nan nan nan nan nan nan nan nan nan nan nan nan nan nan nan nan nan nan nan nan nan nan nan nan nan 12.9 31.2 30.4 29.6 28.6 27.6 26.8 26.0 25.4 24.9 24.6 24.3 24.0 23.7 23.3 23.0 22.8 22.6 22.5 22.3 22.0 21.5 20.8 20.0 19.1 18.3 17.6 17.0 nan nan nan nan nan 15.0 15.2 15.4 15.6 15.8 15.8 15.8 15.8 9.4 nan 15.4 15.7 16.0 16.2 16.4 nan nan nan nan nan nan nan nan nan nan nan nan
nan nan nan nan nan nan nan nan nan nan nan nan nan nan nan nan nan nan nan nan nan nan nan nan nan nan nan nan nan nan nan 29.5 30.6 30.1 29.2 28.2 27.3 26.6 25.8 25.2 24.9 24.5 24.3 24.0 23.7 23.4 23.2 23.1 23.0 22.8 22.5 22.0 21.4 20.5 19.6 18.8 18.1 17.4 16.7 nan nan 15.3 15.6 15.6 15.6 15.8 16.0 16.1 16.0 16.0 15.9 nan nan 15.6 15.9 16.0 16.2 16.3 nan nan nan nan nan nan nan nan nan nan nan nan
nan nan nan nan nan nan nan nan nan nan nan nan nan nan nan nan nan nan nan nan nan nan nan nan nan nan nan nan nan nan nan nan 31.1 30.4 29.6 28.7 27.9 27.0 26.3 25.7 25.2 24.8 24.5 24.3 24.0 23.7 23.6 23.5 23.4 23.2 22.8 22.4 21.7 21.0 20.2 19.4 18.6 17.9 17.3 16.6 16.2 16.1 16.1 nan 16.0 16.3 16.6 16.7 16.7 16.6 16.4 16.0 15.9 16.0 16.0 16.1 16.2 nan nan nan nan nan nan nan nan nan nan nan nan nan
nan nan nan nan nan nan nan nan nan nan nan nan nan nan nan nan nan nan nan nan nan nan nan nan nan nan nan nan nan nan 30.8 30.9 30.9 30.4 29.8 29.1 28.4 27.6 26.7 25.9 25.4 25.0 24.8 24.5 24.3 24.1 24.0 23.9 23.7 23.5 23.1 22.7 22.2 21.6 20.9 20.2 19.4 18.7 18.0 17.4 16.9 16.5 16.5 16.6 16.7 17.0 17.2 17.3 17.3 17.2 16.8 16.4 16.2 16.1 16.1 16.2 16.2 nan nan nan nan nan nan nan nan nan nan nan nan nan
nan nan nan nan nan nan nan nan nan nan nan nan nan nan nan nan nan nan nan nan nan nan nan nan nan nan nan nan nan nan nan nan 30.5 30.2 29.8 29.4 28.8 27.9 27.0 26.2 25.6 25.2 25.0 24.7 24.5 24.3 24.2 24.1 23.9 23.7 23.4 23.1 22.6 22.0 21.5 20.8 20.1 19.5 18.8 18.2 17.5 17.1 17.0 17.0 17.0 17.1 17.4 nan nan nan 16.9 16.6 16.4 16.2 16.1 16.1 nan nan nan nan nan nan nan nan nan nan nan nan nan nan
nan nan nan nan nan nan nan nan nan nan nan nan nan nan nan nan nan nan nan nan nan nan nan nan nan nan nan nan nan nan 13.0 11.9 30.1 30.0 29.9 29.6 29.1 28.4 27.5 26.6 26.0 25.5 25.1 24.9 24.6 24.4 24.3 24.2 24.0 23.8 23.6 23.4 22.9 22.5 22.0 21.4 20.9 20.2 19.5 18.8 18.1 17.6 17.2 17.2 nan nan nan nan nan nan nan 16.7 16.4 16.1 16.0 16.0 nan nan nan nan nan nan nan nan nan nan nan nan nan nan
nan nan nan nan nan nan nan nan nan nan nan nan nan nan nan nan nan nan nan nan nan nan nan nan nan nan nan nan nan nan 13.2 29.2 29.9 30.2 30.1 14.6 29.6 29.0 27.9 27.0 26.4 25.7 25.3 25.0 24.7 24.5 24.4 24.2 24.0 23.8 23.7 23.5 23.2 22.8 22.4 22.0 21.5 20.8 20.1 19.3 18.5 17.9 17.4 nan nan nan nan nan nan 16.1 16.2 16.3 16.1 15.9 15.9 nan nan nan nan nan nan nan nan nan nan nan nan nan nan nan
nan nan nan nan nan nan nan nan nan nan nan nan nan nan nan nan nan nan nan nan nan nan nan nan nan nan nan nan nan nan 13.0 28.1 30.0 30.5 nan nan nan 28.9 28.4 27.5 26.8 26.1 25.6 25.2 24.8 24.5 24.4 24.1 23.9 23.7 23.6 23.4 23.3 23.1 22.8 22.5 22.0 21.4 20.7 19.9 19.0 18.2 17.7 nan nan nan nan nan 16.0 15.9 15.9 15.8 15.8 15.7 nan nan nan nan nan nan nan nan nan nan nan nan nan nan nan nan
nan nan nan nan nan nan nan nan nan nan nan nan nan nan nan nan nan nan nan nan nan nan nan nan nan nan nan nan nan nan 12.9 12.3 29.8 30.4 nan nan nan 27.0 28.2 27.9 27.2 26.4 25.7 25.2 24.9 24.5 24.3 24.0 23.8 23.7 23.5 23.4 23.3 23.3 23.2 22.9 22.6 22.0 21.3 20.5 19.5 18.6 17.9 16.8 16.3 nan 15.9 15.9 15.9 15.7 15.5 15.4 nan nan nan nan nan nan nan nan nan nan nan nan nan nan nan nan nan nan
nan nan nan nan nan nan nan nan nan nan nan nan nan nan nan nan nan nan nan nan nan nan nan nan nan nan nan nan nan nan nan nan 29.8 24.3 nan nan nan nan 27.4 28.1 27.6 26.8 26.1 25.4 24.9 24.5 24.1 23.7 23.5 23.4 23.4 23.4 23.4 23.5 23.5 23.3 23.0 22.6 21.9 21.1 20.1 19.1 18.2 17.4 16.8 16.3 16.0 15.8 15.6 15.4 15.2 nan nan nan nan nan nan nan nan nan nan nan nan nan nan nan nan nan nan nan
nan nan nan nan nan nan nan nan nan nan nan nan nan nan nan nan nan nan nan nan nan nan nan nan nan nan nan nan nan nan nan nan nan 26.3 13.4 nan nan nan 12.1 28.8 28.3 27.3 26.4 25.8 25.1 24.6 24.1 23.7 23.4 23.3 23.3 23.4 23.6 23.8 23.8 23.7 23.5 23.1 22.4 21.7 20.8 19.7 18.7 17.8 17.1 16.5 16.0 15.7 15.5 15.3 15.1 nan nan nan nan nan nan nan nan nan nan nan nan nan nan nan nan nan nan nan
nan nan nan nan nan nan nan nan nan nan nan nan nan nan nan nan nan nan nan nan nan nan nan nan nan nan nan nan nan nan nan nan nan nan 14.1 25.9 nan nan nan nan 28.6 28.0 26.9 26.1 25.4 24.8 24.3 23.8 23.5 23.4 23.4 23.5 23.6 23.9 24.0 24.0 23.8 23.5 22.9 22.2 21.3 20.2 19.2 18.2 17.4 16.6 16.1 15.6 15.3 15.1 15.0 14.9 nan nan nan nan nan nan nan nan nan nan nan nan nan nan nan nan nan nan
nan nan nan nan nan nan nan nan nan nan nan nan nan nan nan nan nan nan nan nan nan nan nan nan nan nan nan nan nan nan nan nan nan nan nan 19.5 13.1 nan nan nan nan 27.0 27.2 26.3 25.5 25.0 24.5 24.1 23.6 23.5 23.4 23.5 23.7 23.9 24.1 24.1 24.0 23.7 23.2 22.5 21.7 20.6 19.5 18.5 17.5 16.7 16.0 15.6 15.2 15.0 14.9 14.9 14.9 8.8 nan nan nan nan nan nan nan nan nan nan nan nan nan nan nan nan
nan nan nan nan nan nan nan nan nan nan nan nan nan nan nan nan nan nan nan nan nan nan nan nan nan nan nan nan nan nan nan nan nan nan 14.4 18.0 27.4 27.1 nan 13.2 nan 25.0 26.8 26.4 25.7 25.2 24.7 24.3 23.8 23.6 23.5 23.6 23.8 24.0 24.0 24.0 23.9 23.7 23.4 22.7 21.9 20.9 19.8 18.7 17.6 16.7 16.0 15.6 15.3 14.9 14.8 14.8 14.8 14.8 nan nan nan nan nan nan nan nan nan nan nan nan nan nan nan nan
nan nan nan nan nan nan nan nan nan nan nan nan nan nan nan nan nan nan nan nan nan nan nan nan nan nan nan nan nan nan nan nan nan nan 27.4 27.6 27.7 25.0 15.5 24.9 26.2 21.8 26.4 26.4 25.9 25.3 24.9 24.4 24.0 23.7 23.6 23.7 23.8 24.0 24.0 23.9 23.8 23.6 23.3 22.8 21.9 20.9 19.7 18.5 17.5 16.5 15.6 15.5 15.1 15.1 14.8 14.7 14.8 14.8 15.0 nan nan nan nan nan nan nan nan nan nan nan nan nan nan nan
nan nan nan nan nan nan nan nan nan nan nan nan nan nan nan nan nan nan nan nan nan nan nan nan nan nan nan nan nan nan nan nan nan nan 27.6 27.7 27.6 27.3 26.3 nan 26.6 25.3 27.2 26.6 26.0 25.5 25.0 24.4 24.0 23.8 23.6 23.7 23.7 23.9 23.9 23.8 23.7 23.5 23.2 22.6 21.8 20.8 -9999.0 -9999.0 -9999.0 -9999.0 -9999.0 -9999.0 -9999.0 9.3 14.9 14.6 14.8 14.8 14.9 nan nan nan nan nan nan nan nan nan nan nan nan nan nan -9999.0
nan nan nan nan nan nan nan nan nan nan nan nan nan nan nan nan nan nan nan nan nan nan nan nan nan nan nan nan nan nan nan nan nan nan 27.5 27.5 27.3 27.2 27.3 nan nan 27.6 27.4 26.9 26.2 25.6 25.0 24.5 24.1 23.8 23.7 23.7 23.7 23.8 23.7 23.7 23.6 23.4 23.1 22.5 21.6 -9999.0 -9999.0 -9999.0 -9999.0 -9999.0 -9999.0 -9999.0 -9999.0 nan 10.8 14.5 14.7 14.3 nan nan nan nan nan nan nan nan nan nan nan nan nan nan nan -9999.0
nan nan nan nan nan nan nan nan nan nan nan nan nan nan nan nan nan nan nan nan nan nan nan nan nan nan nan nan nan nan nan nan nan nan 27.3 27.1 27.0 27.2 27.2 nan 21.8 24.2 27.3 27.0 26.3 25.7 25.0 24.5 24.1 23.9 23.7 23.6 23.7 23.6 23.6 23.6 23.5 23.3 22.9 22.3 21.5 -9999.0 -9999.0 -9999.0 -9999.0 -9999.0 -9999.0 -9999.0 -9999.0 -9999.0 -9999.0 nan 9.0 9.1 nan nan nan nan nan nan nan nan nan nan nan nan nan nan nan -9999.0
nan nan nan nan nan nan nan nan nan nan nan nan nan nan nan nan nan nan nan nan nan nan nan nan nan nan nan nan nan nan nan nan nan nan 26.9 26.9 27.3 25.9 23.4 15.7 24.9 20.9 26.7 26.9 26.2 25.7 25.1 24.6 24.2 24.0 23.8 23.6 23.6 23.5 23.5 23.5 23.5 23.3 22.9 22.2 -9999.0 -9999.0 -9999.0 -9999.0 -9999.0 -9999.0 -9999.0 -9999.0 -9999.0 -9999.0 -9999.0 nan nan nan nan nan nan nan nan nan nan nan nan nan nan nan nan nan nan -9999.0
nan nan nan nan nan nan nan nan nan nan nan nan nan nan nan nan nan nan nan nan nan nan nan nan nan nan nan nan nan nan nan nan 24.2 24.9 26.5 27.4 27.9 28.3 27.0 25.1 nan 27.3 27.1 26.9 26.3 25.7 25.2 24.7 24.3 24.0 23.7 23.5 23.5 23.4 23.4 23.5 23.5 23.3 22.9 -9999.0 -9999.0 -9999.0 -9999.0 -9999.0 -9999.0 -9999.0 -9999.0 -9999.0 -9999.0 -9999.0 -9999.0 -9999.0 nan nan nan nan nan nan nan nan nan nan nan nan nan nan nan nan nan -9999.0
nan nan nan nan nan nan nan nan nan nan nan nan nan nan nan nan nan nan nan nan nan nan nan nan nan nan nan nan nan 13.1 nan nan 27.2 27.4 27.4 27.4 28.3 28.8 29.2 nan nan 27.3 27.2 26.9 26.3 25.7 25.2 24.7 24.3 23.9 23.5 23.4 23.4 23.3 23.4 23.5 23.5 23.3 22.8 -9999.0 -9999.0 -9999.0 -9999.0 -9999.0 -9999.0 -9999.0 -9999.0 -9999.0 -9999.0 -9999.0 -9999.0 -9999.0 -9999.0 -9999.0 nan nan nan nan nan nan nan nan nan nan nan nan nan nan nan -9999.0
nan nan nan nan nan nan nan nan nan nan nan nan nan nan nan nan nan nan nan nan nan nan nan nan nan nan nan nan nan 11.7 11.7 nan 27.5 27.8 25.2 24.9 26.6 28.7 28.8 27.6 nan 27.5 27.5 27.1 26.5 25.8 25.1 24.6 24.2 23.7 23.4 23.2 23.2 23.2 23.3 23.5 23.5 23.4 -9999.0 -9999.0 -9999.0 -9999.0 -9999.0 -9999.0 -9999.0 -9999.0 -9999.0 -9999.0 -9999.0 -9999.0 -9999.0 -9999.0 -9999.0 -9999.0 -9999.0 nan nan nan nan nan nan nan nan nan nan nan nan nan nan -9999.0
nan nan nan nan nan nan nan nan nan nan nan nan nan nan nan nan nan nan nan nan nan nan nan nan nan nan nan nan nan 12.4 27.5 27.6 27.9 28.3 28.6 nan 12.1 28.5 28.7 28.8 nan 26.6 27.8 27.4 26.6 25.8 25.1 24.6 24.1 23.6 23.3 23.1 23.1 23.2 23.3 23.4 23.5 23.4 -9999.0 -9999.0 -9999.0 -9999.0 -9999.0 -9999.0 -9999.0 -9999.0 -9999.0 -9999.0 -9999.0 -9999.0 -9999.0 -9999.0 -9999.0 -9999.0 -9999.0 -9999.0 nan nan nan nan nan nan nan nan nan nan nan nan nan -9999.0
nan nan nan nan nan nan nan nan nan nan nan nan nan nan nan nan nan nan nan nan nan nan nan nan nan nan nan nan nan nan 26.9 27.5 28.1 28.8 26.5 nan nan 27.1 27.7 28.0 nan 22.8 24.5 27.2 26.5 25.8 25.1 24.5 24.0 23.5 23.2 23.0 23.0 23.1 23.2 23.3 23.5 23.4 -9999.0 -9999.0 -9999.0 -9999.0 -9999.0 -9999.0 -9999.0 -9999.0 -9999.0 -9999.0 -9999.0 -9999.0 -9999.0 -9999.0 -9999.0 -9999.0 -9999.0 -9999.0 -9999.0 nan nan nan nan nan nan nan nan nan nan nan nan -9999.0
nan nan nan nan nan nan nan nan nan nan nan nan nan nan nan nan nan nan nan nan nan nan nan nan nan nan nan nan nan nan 24.8 27.6 28.2 28.9 25.5 nan 13.3 21.1 24.3 14.1 22.5 18.7 20.7 26.6 26.4 25.6 25.0 24.4 23.9 23.5 23.2 23.0 23.0 23.1 23.2 23.3 23.2 23.5 -9999.0 -9999.0 -9999.0 -9999.0 -9999.0 -9999.0 -9999.0 -9999.0 -9999.0 -9999.0 -9999.0 -9999.0 -9999.0 -9999.0 -9999.0 -9999.0 -9999.0 -9999.0 -9999.0 -9999.0 nan nan nan nan nan nan nan nan nan nan nan -9999.0
nan nan nan nan nan nan nan nan nan nan nan nan nan nan nan nan nan nan nan nan nan nan nan nan nan nan nan nan nan nan 25.5 27.1 28.2 28.8 26.4 13.3 nan 25.6 18.2 12.5 19.1 nan 27.4 27.3 26.6 25.7 25.0 24.4 23.9 23.5 23.2 23.0 23.0 23.1 23.3 23.1 22.4 18.6 -9999.0 -9999.0 -9999.0 -9999.0 -9999.0 -9999.0 -9999.0 -9999.0 -9999.0 -9999.0 -9999.0 -9999.0 -9999.0 -9999.0 -9999.0 -9999.0 -9999.0 -9999.0 -9999.0 -9999.0 -9999.0 -9999.0 nan nan nan nan nan nan nan nan nan -9999.0
nan nan nan nan nan nan nan nan nan nan nan nan nan nan nan nan nan nan nan nan nan nan nan nan nan nan nan nan nan nan nan 27.5 27.9 28.4 28.8 nan nan 18.5 17.8 14.6 nan nan 27.7 27.5 26.8 26.0 25.1 24.5 24.1 23.7 23.4 23.2 23.2 23.3 23.5 23.5 22.6 20.8 -9999.0 -9999.0 -9999.0 -9999.0 -9999.0 -9999.0 -9999.0 -9999.0 -9999.0 -9999.0 -9999.0 nan nan nan -9999.0 -9999.0 -9999.0 -9999.0 -9999.0 -9999.0 -9999.0 -9999.0 -9999.0 -9999.0 -9999.0 -9999.0 -9999.0 nan nan nan -9999.0 -9999.0
nan nan nan nan nan nan nan nan nan nan nan nan nan nan nan nan nan nan nan nan nan nan nan nan nan nan nan nan nan nan nan 25.8 27.5 28.1 28.9 nan 12.9 15.6 25.3 13.0 nan nan 27.7 27.6 27.1 26.3 25.5 24.8 24.3 23.9 23.6 23.5 23.4 23.5 23.7 23.9 23.9 20.8 -9999.0 -9999.0 -9999.0 -9999.0 -9999.0 -9999.0 -9999.0 -9999.0 -9999.0 -9999.0 -9999.0 nan nan nan nan nan -9999.0 -9999.0 -9999.0 -9999.0 -9999.0 -9999.0 -9999.0 -9999.0 -9999.0 -9999.0 -9999.0 -9999.0 -9999.0 -9999.0 -9999.0 -9999.0
nan nan nan nan nan nan nan nan nan nan nan nan nan nan nan nan nan nan nan nan nan nan nan nan nan nan nan nan nan nan nan 13.0 27.2 28.1 28.4 27.0 24.2 18.7 15.1 12.1 13.6 nan 27.7 27.7 27.2 26.6 25.9 25.2 24.6 24.2 23.9 23.7 23.6 23.7 23.8 23.9 23.7 18.5 -9999.0 -9999.0 -9999.0 -9999.0 -9999.0 -9999.0 -9999.0 -9999.0 -9999.0 -9999.0 -9999.0 -9999.0 -9999.0 -9999.0 -9999.0 -9999.0 -9999.0 -9999.0 -9999.0 -9999.0 -9999.0 -9999.0 -9999.0 -9999.0 -9999.0 -9999.0 -9999.0 -9999.0 -9999.0 -9999.0 -9999.0 -9999.0
nan nan nan nan nan nan nan nan nan nan nan nan nan nan nan nan nan nan nan nan nan nan nan nan nan nan nan nan nan nan nan 13.0 25.8 28.2 29.2 29.6 29.6 nan 17.6 20.6 11.4 nan 27.7 27.9 27.6 27.0 26.3 25.6 25.0 24.5 24.2 23.9 23.9 23.9 24.1 24.2 23.8 21.1 -9999.0 -9999.0 -9999.0 -9999.0 -9999.0 -9999.0 -9999.0 -9999.0 -9999.0 -9999.0 -9999.0 -9999.0 -9999.0 -9999.0 -9999.0 -9999.0 -9999.0 -9999.0 -9999.0 -9999.0 -9999.0 -9999.0 -9999.0 -9999.0 -9999.0 -9999.0 -9999.0 -9999.0 -9999.0 -9999.0 -9999.0 -9999.0
nan nan nan nan nan nan nan nan nan nan nan nan nan nan nan nan nan nan nan nan nan nan nan nan nan nan nan nan nan nan nan 13.1 23.9 26.7 28.9 29.2 29.3 nan nan 18.2 12.8 nan nan 28.0 28.0 27.5 26.8 26.1 25.5 24.9 24.5 24.2 24.1 24.1 24.4 24.5 24.2 19.8 -9999.0 -9999.0 -9999.0 -9999.0 -9999.0 -9999.0 -9999.0 -9999.0 -9999.0 -9999.0 -9999.0 -9999.0 -9999.0 -9999.0 -9999.0 -9999.0 -9999.0 -9999.0 -9999.0 -9999.0 -9999.0 -9999.0 -9999.0 -9999.0 -9999.0 -9999.0 -9999.0 -9999.0 -9999.0 -9999.0 -9999.0 -9999.0
nan nan nan nan nan nan nan nan nan nan nan nan nan nan nan nan nan nan nan nan nan nan nan nan nan nan nan nan nan nan nan nan 12.6 28.0 28.7 29.1 nan nan nan 18.5 12.7 12.3 nan nan 27.4 27.6 27.2 26.5 25.9 25.4 24.9 24.6 24.4 24.4 24.6 25.0 25.0 22.3 -9999.0 -9999.0 -9999.0 -9999.0 -9999.0 -9999.0 -9999.0 -9999.0 -9999.0 -9999.0 -9999.0 -9999.0 -9999.0 -9999.0 -9999.0 -9999.0 -9999.0 -9999.0 -9999.0 -9999.0 -9999.0 -9999.0 -9999.0 -9999.0 nan nan nan -9999.0 -9999.0 -9999.0 -9999.0 -9999.0
nan nan nan nan nan nan nan nan nan nan nan nan nan nan nan nan nan nan nan nan nan nan nan nan nan nan nan nan nan nan nan nan 26.1 27.5 28.3 28.9 nan nan nan nan 14.7 12.1 22.0 nan 26.1 27.5 27.4 26.8 26.3 25.8 25.3 25.0 24.8 24.7 24.9 25.3 25.5 24.9 -9999.0 -9999.0 -9999.0 -9999.0 -9999.0 -9999.0 -9999.0 -9999.0 -9999.0 -9999.0 -9999.0 -9999.0 -9999.0 -9999.0 -9999.0 -9999.0 -9999.0 -9999.0 -9999.0 -9999.0 -9999.0 -9999.0 nan nan nan nan nan nan nan nan -9999.0 -9999.0
nan nan nan nan nan nan nan nan nan nan nan nan nan nan nan nan nan nan nan nan nan nan nan nan nan nan nan nan nan nan nan nan nan 27.8 28.5 29.2 nan nan nan nan 19.8 13.5 16.5 16.6 nan 28.0 28.1 27.5 26.9 26.3 25.9 25.5 25.2 25.2 25.3 25.6 25.9 26.0 -9999.0 -9999.0 -9999.0 -9999.0 -9999.0 -9999.0 -9999.0 -9999.0 -9999.0 -9999.0 -9999.0 nan nan nan nan nan nan nan nan nan nan nan nan nan nan nan nan nan nan nan nan nan
nan nan nan nan nan nan nan nan nan nan nan nan nan nan nan nan nan nan nan nan nan nan nan nan nan nan nan nan nan nan nan nan nan 27.9 28.8 29.6 29.5 nan nan nan 28.0 15.4 14.7 26.0 nan nan 27.9 27.8 27.3 26.7 26.3 25.9 25.7 25.6 25.6 25.9 26.3 26.9 -9999.0 -9999.0 -9999.0 -9999.0 -9999.0 -9999.0 -9999.0 -9999.0 -9999.0 -9999.0 nan nan nan nan nan nan nan nan nan nan nan nan nan nan nan nan nan nan nan nan nan nan
