data/output/RUN203/ECOSPACE/ECOSPACE_in_PAR3/PAR-VarZ-VarK/PAR-VarZ-VarK_2008_08.asc
ncols        93
nrows        151 
xllcorner    -123.80739
yllcorner    48.29471 
cellsize     0.013497347 
NODATA_value  0.0
[rows 80 to 119 of 151, columns 0 to 89 of 93]
nan nan nan nan nan nan nan nan nan nan nan nan nan nan nan nan nan nan nan nan nan nan nan 27.0 25.6 27.8 29.7 29.2 28.3 27.4 26.5 25.7 24.8 24.1 23.4 22.8 22.3 21.8 21.4 20.9 20.5 20.2 19.9 19.5 19.3 19.0 18.7 18.4 18.0 17.5 17.0 16.7 16.3 16.0 nan nan nan nan nan nan nan nan nan nan nan nan 13.9 14.1 14.1 14.2 nan 13.9 13.9 13.9 13.9 14.0 13.9 13.8 13.7 13.9 14.2 14.3 14.1 nan nan nan nan nan nan nan
nan nan nan nan nan nan nan nan nan nan nan nan nan nan nan nan nan nan nan nan nan nan nan nan nan nan 30.1 29.7 29.0 28.1 27.2 26.3 25.4 24.6 24.0 23.3 22.7 22.1 21.7 21.2 20.7 20.3 20.0 19.6 19.3 19.0 18.7 18.4 18.1 17.6 17.2 16.8 16.4 16.1 15.8 nan nan nan nan nan nan nan nan nan nan nan 14.2 14.2 nan nan nan nan nan 14.0 14.1 14.2 nan 13.8 13.9 14.2 14.5 14.6 nan nan nan nan nan nan nan nan
nan nan nan nan nan nan nan nan nan nan nan nan nan nan nan nan nan nan nan nan nan nan nan nan nan nan nan 29.9 29.4 28.8 28.0 27.0 26.1 25.3 24.5 23.8 23.2 22.6 22.1 21.5 21.0 20.5 20.1 19.7 19.3 19.0 18.8 18.5 18.1 17.7 17.3 16.9 16.5 16.2 15.9 15.6 nan nan nan nan nan nan nan nan nan 14.2 14.4 nan nan nan nan nan nan 14.0 14.1 14.2 nan 14.0 14.3 14.6 14.7 nan nan nan nan nan nan nan nan nan
nan nan nan nan nan nan nan nan nan nan nan nan nan nan nan nan nan nan nan nan nan nan nan nan nan nan nan nan 27.8 29.1 28.8 27.8 26.9 26.0 25.2 24.5 23.8 23.1 22.6 22.0 21.3 20.8 20.3 19.8 19.4 19.1 18.8 18.5 18.2 17.8 17.4 17.0 16.7 16.4 16.1 15.7 15.5 nan nan nan nan nan nan nan nan 14.2 14.4 nan nan nan nan nan nan 14.1 14.2 14.3 14.6 14.9 14.7 14.7 nan nan nan nan nan nan nan nan nan nan
nan nan nan nan nan nan nan nan nan nan nan nan nan nan nan nan nan nan nan nan nan nan nan nan nan nan nan nan nan 13.7 29.4 28.6 27.6 26.6 25.9 25.1 24.5 23.8 23.1 22.4 21.7 21.0 20.5 19.9 19.5 19.2 18.9 18.6 18.3 18.0 17.6 17.2 16.9 16.5 16.3 16.0 15.7 15.5 nan nan nan nan nan nan 14.2 14.3 14.4 nan 14.5 14.4 14.4 nan nan 14.1 14.3 14.5 14.9 15.4 nan nan nan nan nan nan nan nan nan nan nan nan
nan nan nan nan nan nan nan nan nan nan nan nan nan nan nan nan nan nan nan nan nan nan nan nan nan nan nan nan nan nan 14.2 29.0 28.2 27.3 26.5 25.8 25.1 24.4 23.6 22.8 22.0 21.3 20.6 20.1 19.6 19.3 18.9 18.6 18.4 18.1 17.8 17.4 17.1 16.8 16.5 16.2 16.0 15.8 nan nan nan nan nan 14.4 14.4 14.5 14.5 14.5 14.5 14.5 14.4 9.6 nan 14.2 14.5 14.8 15.0 15.2 nan nan nan nan nan nan nan nan nan nan nan nan
nan nan nan nan nan nan nan nan nan nan nan nan nan nan nan nan nan nan nan nan nan nan nan nan nan nan nan nan nan nan nan 26.7 28.5 27.9 27.1 26.4 25.7 25.0 24.1 23.2 22.3 21.6 20.9 20.3 19.8 19.4 19.0 18.7 18.5 18.3 18.0 17.7 17.4 17.1 16.8 16.6 16.3 16.1 15.8 nan nan 14.6 14.8 14.7 14.6 14.6 14.7 14.7 14.6 14.6 14.5 nan nan 14.4 14.7 15.0 15.2 15.2 nan nan nan nan nan nan nan nan nan nan nan nan
nan nan nan nan nan nan nan nan nan nan nan nan nan nan nan nan nan nan nan nan nan nan nan nan nan nan nan nan nan nan nan nan 29.1 28.4 27.7 26.9 26.2 25.4 24.6 23.7 22.7 21.9 21.2 20.5 20.0 19.6 19.2 18.9 18.7 18.5 18.2 18.0 17.7 17.4 17.2 17.0 16.7 16.5 16.2 15.6 15.3 15.2 15.1 nan 14.8 14.9 15.0 15.0 14.9 14.8 14.8 14.7 14.7 14.9 14.9 15.1 15.2 nan nan nan nan nan nan nan nan nan nan nan nan nan
nan nan nan nan nan nan nan nan nan nan nan nan nan nan nan nan nan nan nan nan nan nan nan nan nan nan nan nan nan nan 28.4 28.6 28.9 28.5 28.0 27.3 26.6 25.8 25.0 24.1 23.1 22.3 21.5 20.9 20.3 19.9 19.5 19.1 18.9 18.7 18.5 18.3 18.1 17.8 17.7 17.5 17.2 17.0 16.6 16.2 15.9 15.6 15.4 15.4 15.3 15.3 15.4 15.4 15.3 15.2 15.0 14.9 14.9 15.0 15.1 15.3 15.2 nan nan nan nan nan nan nan nan nan nan nan nan nan
nan nan nan nan nan nan nan nan nan nan nan nan nan nan nan nan nan nan nan nan nan nan nan nan nan nan nan nan nan nan nan nan 28.6 28.5 28.1 27.7 27.0 26.3 25.4 24.5 23.5 22.6 21.8 21.2 20.6 20.2 19.8 19.5 19.2 19.0 18.8 18.6 18.4 18.2 18.1 18.0 17.8 17.6 17.3 16.9 16.4 16.1 15.9 15.7 15.6 15.5 15.6 nan nan nan 15.1 15.0 15.1 15.2 15.2 15.3 nan nan nan nan nan nan nan nan nan nan nan nan nan nan
nan nan nan nan nan nan nan nan nan nan nan nan nan nan nan nan nan nan nan nan nan nan nan nan nan nan nan nan nan nan 15.4 13.9 28.3 28.4 28.2 27.9 27.6 27.0 26.1 25.1 24.0 23.0 22.1 21.4 20.9 20.5 20.1 19.8 19.5 19.3 19.1 19.0 18.8 18.6 18.5 18.4 18.2 18.0 17.7 17.3 16.9 16.5 16.2 16.0 nan nan nan nan nan nan nan 15.3 15.3 15.2 15.3 15.3 nan nan nan nan nan nan nan nan nan nan nan nan nan nan
nan nan nan nan nan nan nan nan nan nan nan nan nan nan nan nan nan nan nan nan nan nan nan nan nan nan nan nan nan nan 14.8 27.8 28.3 28.6 28.4 15.6 28.0 27.6 26.5 25.5 24.4 23.4 22.5 21.7 21.1 20.7 20.3 20.0 19.8 19.6 19.4 19.3 19.1 19.0 18.8 18.7 18.5 18.3 18.0 17.6 17.2 16.8 16.4 nan nan nan nan nan nan 15.1 15.2 15.4 15.4 15.3 15.3 nan nan nan nan nan nan nan nan nan nan nan nan nan nan nan
nan nan nan nan nan nan nan nan nan nan nan nan nan nan nan nan nan nan nan nan nan nan nan nan nan nan nan nan nan nan 15.5 26.8 28.5 28.9 nan nan nan 27.4 26.8 25.8 24.8 23.8 22.8 22.0 21.4 20.9 20.5 20.2 20.0 19.8 19.7 19.6 19.5 19.3 19.1 19.0 18.8 18.6 18.3 17.9 17.5 17.0 16.7 nan nan nan nan nan 15.3 15.3 15.4 15.4 15.4 15.3 nan nan nan nan nan nan nan nan nan nan nan nan nan nan nan nan
nan nan nan nan nan nan nan nan nan nan nan nan nan nan nan nan nan nan nan nan nan nan nan nan nan nan nan nan nan nan 15.4 14.0 29.2 29.2 nan nan nan 25.5 26.9 26.1 25.2 24.2 23.2 22.4 21.7 21.2 20.8 20.5 20.2 20.1 20.0 19.9 19.8 19.6 19.5 19.3 19.1 18.9 18.6 18.2 17.8 17.3 16.8 16.1 15.7 nan 15.3 15.4 15.5 15.4 15.5 15.5 nan nan nan nan nan nan nan nan nan nan nan nan nan nan nan nan nan nan
nan nan nan nan nan nan nan nan nan nan nan nan nan nan nan nan nan nan nan nan nan nan nan nan nan nan nan nan nan nan nan nan 29.4 24.3 nan nan nan nan 26.6 26.5 25.8 24.8 23.7 22.7 22.0 21.4 21.0 20.7 20.5 20.4 20.2 20.2 20.1 20.0 19.9 19.7 19.5 19.2 18.9 18.6 18.1 17.6 17.0 16.5 16.2 15.9 15.7 15.6 15.5 15.5 15.4 nan nan nan nan nan nan nan nan nan nan nan nan nan nan nan nan nan nan nan
nan nan nan nan nan nan nan nan nan nan nan nan nan nan nan nan nan nan nan nan nan nan nan nan nan nan nan nan nan nan nan nan nan 24.0 12.8 nan nan nan 14.0 27.0 26.4 25.4 24.2 23.2 22.4 21.7 21.3 21.0 20.7 20.6 20.5 20.5 20.5 20.4 20.3 20.1 19.9 19.6 19.3 19.0 18.5 18.0 17.5 16.9 16.5 16.2 15.9 15.7 15.6 15.5 15.4 nan nan nan nan nan nan nan nan nan nan nan nan nan nan nan nan nan nan nan
nan nan nan nan nan nan nan nan nan nan nan nan nan nan nan nan nan nan nan nan nan nan nan nan nan nan nan nan nan nan nan nan nan nan 15.1 24.0 nan nan nan nan 26.8 26.1 24.7 23.6 22.7 22.1 21.6 21.2 21.0 20.9 20.9 20.8 20.8 20.7 20.6 20.5 20.4 20.1 19.8 19.5 19.0 18.5 17.9 17.3 16.8 16.4 16.1 15.9 15.7 15.6 15.5 15.3 nan nan nan nan nan nan nan nan nan nan nan nan nan nan nan nan nan nan
nan nan nan nan nan nan nan nan nan nan nan nan nan nan nan nan nan nan nan nan nan nan nan nan nan nan nan nan nan nan nan nan nan nan nan 18.1 15.4 nan nan nan nan 25.2 25.0 23.9 23.0 22.4 21.9 21.5 21.3 21.2 21.1 21.1 21.1 21.1 21.0 20.9 20.8 20.6 20.2 19.9 19.5 18.9 18.3 17.6 17.1 16.6 16.2 16.0 15.8 15.6 15.5 15.4 15.3 9.9 nan nan nan nan nan nan nan nan nan nan nan nan nan nan nan nan
nan nan nan nan nan nan nan nan nan nan nan nan nan nan nan nan nan nan nan nan nan nan nan nan nan nan nan nan nan nan nan nan nan nan 15.1 18.7 25.3 25.2 nan 15.4 nan 22.8 24.9 24.1 23.3 22.6 22.1 21.8 21.5 21.4 21.4 21.4 21.4 21.4 21.4 21.3 21.2 21.0 20.7 20.3 19.9 19.3 18.6 17.9 17.2 16.7 16.4 16.1 15.9 15.7 15.5 15.4 15.4 15.3 nan nan nan nan nan nan nan nan nan nan nan nan nan nan nan nan
nan nan nan nan nan nan nan nan nan nan nan nan nan nan nan nan nan nan nan nan nan nan nan nan nan nan nan nan nan nan nan nan nan nan 25.3 25.5 25.8 24.7 15.9 23.1 24.6 21.4 25.2 24.2 23.5 22.9 22.4 22.0 21.8 21.7 21.6 21.6 21.6 21.6 21.6 21.6 21.5 21.3 21.1 20.7 20.3 19.6 18.9 18.1 17.3 16.8 16.1 15.7 15.6 15.9 15.6 15.5 15.4 15.4 15.5 nan nan nan nan nan nan nan nan nan nan nan nan nan nan nan
nan nan nan nan nan nan nan nan nan nan nan nan nan nan nan nan nan nan nan nan nan nan nan nan nan nan nan nan nan nan nan nan nan nan 25.5 25.7 25.8 25.5 24.6 nan 24.6 24.4 25.2 24.4 23.7 23.0 22.6 22.3 22.0 21.9 21.8 21.8 21.8 21.8 21.8 21.8 21.8 21.7 21.4 21.0 20.5 19.8 -9999.0 -9999.0 -9999.0 -9999.0 -9999.0 -9999.0 -9999.0 10.8 15.7 15.6 15.6 15.5 15.5 nan nan nan nan nan nan nan nan nan nan nan nan nan nan -9999.0
nan nan nan nan nan nan nan nan nan nan nan nan nan nan nan nan nan nan nan nan nan nan nan nan nan nan nan nan nan nan nan nan nan nan 25.4 25.5 25.5 25.1 25.0 nan nan 25.6 25.3 24.7 23.9 23.2 22.8 22.5 22.2 22.1 22.0 22.0 22.0 22.0 22.1 22.1 22.1 22.0 21.7 21.3 20.7 -9999.0 -9999.0 -9999.0 -9999.0 -9999.0 -9999.0 -9999.0 -9999.0 nan 12.7 15.7 15.7 15.2 nan nan nan nan nan nan nan nan nan nan nan nan nan nan nan -9999.0
nan nan nan nan nan nan nan nan nan nan nan nan nan nan nan nan nan nan nan nan nan nan nan nan nan nan nan nan nan nan nan nan nan nan 25.1 25.0 24.9 24.9 25.2 nan 20.2 23.5 25.3 24.8 24.1 23.4 23.0 22.7 22.5 22.3 22.2 22.1 22.2 22.3 22.4 22.4 22.5 22.3 22.0 21.5 20.8 -9999.0 -9999.0 -9999.0 -9999.0 -9999.0 -9999.0 -9999.0 -9999.0 -9999.0 -9999.0 nan 10.4 10.5 nan nan nan nan nan nan nan nan nan nan nan nan nan nan nan -9999.0
nan nan nan nan nan nan nan nan nan nan nan nan nan nan nan nan nan nan nan nan nan nan nan nan nan nan nan nan nan nan nan nan nan nan 24.6 24.6 25.0 25.1 22.7 15.2 23.2 20.6 24.8 24.6 24.0 23.5 23.2 22.9 22.7 22.5 22.4 22.4 22.5 22.6 22.7 22.8 22.8 22.7 22.4 21.7 -9999.0 -9999.0 -9999.0 -9999.0 -9999.0 -9999.0 -9999.0 -9999.0 -9999.0 -9999.0 -9999.0 nan nan nan nan nan nan nan nan nan nan nan nan nan nan nan nan nan nan -9999.0
nan nan nan nan nan nan nan nan nan nan nan nan nan nan nan nan nan nan nan nan nan nan nan nan nan nan nan nan nan nan nan nan 22.9 23.5 24.5 24.9 25.5 26.0 25.4 24.9 nan 25.1 24.8 24.4 24.0 23.6 23.4 23.2 23.0 22.8 22.7 22.7 22.8 23.0 23.0 23.1 23.2 23.1 22.7 -9999.0 -9999.0 -9999.0 -9999.0 -9999.0 -9999.0 -9999.0 -9999.0 -9999.0 -9999.0 -9999.0 -9999.0 -9999.0 nan nan nan nan nan nan nan nan nan nan nan nan nan nan nan nan nan -9999.0
nan nan nan nan nan nan nan nan nan nan nan nan nan nan nan nan nan nan nan nan nan nan nan nan nan nan nan nan nan 15.4 nan nan 24.8 24.9 24.9 25.2 26.0 26.6 27.1 nan nan 24.8 24.7 24.4 24.1 23.8 23.6 23.4 23.2 23.1 23.0 23.0 23.1 23.2 23.4 23.5 23.6 23.5 23.0 -9999.0 -9999.0 -9999.0 -9999.0 -9999.0 -9999.0 -9999.0 -9999.0 -9999.0 -9999.0 -9999.0 -9999.0 -9999.0 -9999.0 -9999.0 nan nan nan nan nan nan nan nan nan nan nan nan nan nan nan -9999.0
nan nan nan nan nan nan nan nan nan nan nan nan nan nan nan nan nan nan nan nan nan nan nan nan nan nan nan nan nan 13.1 13.1 nan 25.1 25.4 23.8 22.5 25.0 26.4 26.6 25.8 nan 24.9 25.0 24.8 24.5 24.2 23.9 23.6 23.5 23.3 23.3 23.3 23.4 23.5 23.7 24.0 24.1 23.9 -9999.0 -9999.0 -9999.0 -9999.0 -9999.0 -9999.0 -9999.0 -9999.0 -9999.0 -9999.0 -9999.0 -9999.0 -9999.0 -9999.0 -9999.0 -9999.0 -9999.0 nan nan nan nan nan nan nan nan nan nan nan nan nan nan -9999.0
nan nan nan nan nan nan nan nan nan nan nan nan nan nan nan nan nan nan nan nan nan nan nan nan nan nan nan nan nan 13.8 25.1 25.3 25.5 25.7 26.1 nan 13.9 26.0 26.2 26.4 nan 24.4 25.4 25.3 25.0 24.6 24.2 23.9 23.7 23.6 23.5 23.5 23.6 23.8 24.1 24.3 24.5 24.4 -9999.0 -9999.0 -9999.0 -9999.0 -9999.0 -9999.0 -9999.0 -9999.0 -9999.0 -9999.0 -9999.0 -9999.0 -9999.0 -9999.0 -9999.0 -9999.0 -9999.0 -9999.0 nan nan nan nan nan nan nan nan nan nan nan nan nan -9999.0
nan nan nan nan nan nan nan nan nan nan nan nan nan nan nan nan nan nan nan nan nan nan nan nan nan nan nan nan nan nan 24.7 25.2 25.5 25.9 24.6 nan nan 25.7 26.2 26.9 nan 22.0 23.7 25.1 25.1 24.8 24.4 24.1 23.9 23.8 23.7 23.8 23.9 24.0 24.3 24.6 24.8 24.7 -9999.0 -9999.0 -9999.0 -9999.0 -9999.0 -9999.0 -9999.0 -9999.0 -9999.0 -9999.0 -9999.0 -9999.0 -9999.0 -9999.0 -9999.0 -9999.0 -9999.0 -9999.0 -9999.0 nan nan nan nan nan nan nan nan nan nan nan nan -9999.0
nan nan nan nan nan nan nan nan nan nan nan nan nan nan nan nan nan nan nan nan nan nan nan nan nan nan nan nan nan nan 22.8 25.2 25.5 25.9 22.8 nan 15.6 20.3 23.0 14.1 21.9 17.4 20.4 24.3 24.9 24.7 24.4 24.2 24.0 23.9 23.9 24.0 24.1 24.3 24.6 24.8 24.8 24.5 -9999.0 -9999.0 -9999.0 -9999.0 -9999.0 -9999.0 -9999.0 -9999.0 -9999.0 -9999.0 -9999.0 -9999.0 -9999.0 -9999.0 -9999.0 -9999.0 -9999.0 -9999.0 -9999.0 -9999.0 nan nan nan nan nan nan nan nan nan nan nan -9999.0
nan nan nan nan nan nan nan nan nan nan nan nan nan nan nan nan nan nan nan nan nan nan nan nan nan nan nan nan nan nan 23.0 24.8 25.6 25.8 24.8 15.5 nan 23.5 19.3 14.9 19.0 nan 25.1 25.1 24.9 24.7 24.4 24.2 24.1 24.0 24.1 24.2 24.4 24.5 24.8 25.0 24.4 19.5 -9999.0 -9999.0 -9999.0 -9999.0 -9999.0 -9999.0 -9999.0 -9999.0 -9999.0 -9999.0 -9999.0 -9999.0 -9999.0 -9999.0 -9999.0 -9999.0 -9999.0 -9999.0 -9999.0 -9999.0 -9999.0 -9999.0 nan nan nan nan nan nan nan nan nan -9999.0
nan nan nan nan nan nan nan nan nan nan nan nan nan nan nan nan nan nan nan nan nan nan nan nan nan nan nan nan nan nan nan 25.2 25.5 25.8 26.1 nan nan 18.6 18.8 17.7 nan nan 25.3 25.3 25.0 24.8 24.5 24.3 24.2 24.2 24.3 24.5 24.6 24.8 25.1 25.4 24.8 21.1 -9999.0 -9999.0 -9999.0 -9999.0 -9999.0 -9999.0 -9999.0 -9999.0 -9999.0 -9999.0 -9999.0 nan nan nan -9999.0 -9999.0 -9999.0 -9999.0 -9999.0 -9999.0 -9999.0 -9999.0 -9999.0 -9999.0 -9999.0 -9999.0 -9999.0 nan nan nan -9999.0 -9999.0
nan nan nan nan nan nan nan nan nan nan nan nan nan nan nan nan nan nan nan nan nan nan nan nan nan nan nan nan nan nan nan 24.5 25.3 25.8 26.4 nan 14.2 16.8 24.2 15.8 nan nan 25.5 25.5 25.2 25.0 24.7 24.5 24.4 24.4 24.5 24.7 24.8 25.0 25.4 25.8 26.0 22.5 -9999.0 -9999.0 -9999.0 -9999.0 -9999.0 -9999.0 -9999.0 -9999.0 -9999.0 -9999.0 -9999.0 nan nan nan nan nan -9999.0 -9999.0 -9999.0 -9999.0 -9999.0 -9999.0 -9999.0 -9999.0 -9999.0 -9999.0 -9999.0 -9999.0 -9999.0 -9999.0 -9999.0 -9999.0
nan nan nan nan nan nan nan nan nan nan nan nan nan nan nan nan nan nan nan nan nan nan nan nan nan nan nan nan nan nan nan 15.4 25.4 25.8 25.6 25.0 23.1 19.4 15.5 12.6 15.5 nan 25.4 25.5 25.4 25.2 24.9 24.8 24.7 24.7 24.8 24.9 25.1 25.2 25.6 26.1 26.6 22.0 -9999.0 -9999.0 -9999.0 -9999.0 -9999.0 -9999.0 -9999.0 -9999.0 -9999.0 -9999.0 -9999.0 -9999.0 -9999.0 -9999.0 -9999.0 -9999.0 -9999.0 -9999.0 -9999.0 -9999.0 -9999.0 -9999.0 -9999.0 -9999.0 -9999.0 -9999.0 -9999.0 -9999.0 -9999.0 -9999.0 -9999.0 -9999.0
nan nan nan nan nan nan nan nan nan nan nan nan nan nan nan nan nan nan nan nan nan nan nan nan nan nan nan nan nan nan nan 15.4 25.3 25.9 26.6 26.9 27.0 nan 16.7 19.8 12.1 nan 25.0 25.6 25.7 25.5 25.4 25.1 25.0 25.0 25.0 25.1 25.3 25.5 25.8 26.2 26.6 22.6 -9999.0 -9999.0 -9999.0 -9999.0 -9999.0 -9999.0 -9999.0 -9999.0 -9999.0 -9999.0 -9999.0 -9999.0 -9999.0 -9999.0 -9999.0 -9999.0 -9999.0 -9999.0 -9999.0 -9999.0 -9999.0 -9999.0 -9999.0 -9999.0 -9999.0 -9999.0 -9999.0 -9999.0 -9999.0 -9999.0 -9999.0 -9999.0
nan nan nan nan nan nan nan nan nan nan nan nan nan nan nan nan nan nan nan nan nan nan nan nan nan nan nan nan nan nan nan 15.4 23.2 25.4 26.8 27.2 27.2 nan nan 18.0 14.6 nan nan 25.6 25.9 25.8 25.7 25.5 25.4 25.3 25.3 25.4 25.5 25.7 26.1 26.5 26.9 22.0 -9999.0 -9999.0 -9999.0 -9999.0 -9999.0 -9999.0 -9999.0 -9999.0 -9999.0 -9999.0 -9999.0 -9999.0 -9999.0 -9999.0 -9999.0 -9999.0 -9999.0 -9999.0 -9999.0 -9999.0 -9999.0 -9999.0 -9999.0 -9999.0 -9999.0 -9999.0 -9999.0 -9999.0 -9999.0 -9999.0 -9999.0 -9999.0
nan nan nan nan nan nan nan nan nan nan nan nan nan nan nan nan nan nan nan nan nan nan nan nan nan nan nan nan nan nan nan nan 14.8 26.3 26.8 27.3 nan nan nan 19.3 13.9 15.5 nan nan 25.3 25.7 25.7 25.6 25.5 25.5 25.6 25.6 25.8 26.0 26.4 26.8 27.1 26.2 -9999.0 -9999.0 -9999.0 -9999.0 -9999.0 -9999.0 -9999.0 -9999.0 -9999.0 -9999.0 -9999.0 -9999.0 -9999.0 -9999.0 -9999.0 -9999.0 -9999.0 -9999.0 -9999.0 -9999.0 -9999.0 -9999.0 -9999.0 -9999.0 nan nan nan -9999.0 -9999.0 -9999.0 -9999.0 -9999.0
nan nan nan nan nan nan nan nan nan nan nan nan nan nan nan nan nan nan nan nan nan nan nan nan nan nan nan nan nan nan nan nan 25.9 26.4 26.9 27.3 nan nan nan nan 16.1 15.5 25.4 nan 24.4 25.5 25.9 25.8 25.7 25.7 25.8 25.9 26.0 26.2 26.7 27.2 27.5 27.5 -9999.0 -9999.0 -9999.0 -9999.0 -9999.0 -9999.0 -9999.0 -9999.0 -9999.0 -9999.0 -9999.0 -9999.0 -9999.0 -9999.0 -9999.0 -9999.0 -9999.0 -9999.0 -9999.0 -9999.0 -9999.0 -9999.0 nan nan nan nan nan nan nan nan -9999.0 -9999.0
nan nan nan nan nan nan nan nan nan nan nan nan nan nan nan nan nan nan nan nan nan nan nan nan nan nan nan nan nan nan nan nan nan 26.4 27.1 27.6 nan nan nan nan 20.8 17.7 22.5 18.1 nan 25.8 26.3 26.1 26.0 26.0 26.1 26.2 26.3 26.5 26.9 27.4 27.8 28.1 -9999.0 -9999.0 -9999.0 -9999.0 -9999.0 -9999.0 -9999.0 -9999.0 -9999.0 -9999.0 -9999.0 nan nan nan nan nan nan nan nan nan nan nan nan nan nan nan nan nan nan nan nan nan
nan nan nan nan nan nan nan nan nan nan nan nan nan nan nan nan nan nan nan nan nan nan nan nan nan nan nan nan nan nan nan nan nan 26.6 27.3 28.0 27.9 nan nan nan 26.4 19.4 20.5 26.7 nan nan 26.0 26.2 26.0 26.1 26.2 26.3 26.5 26.7 27.2 27.8 28.1 28.6 -9999.0 -9999.0 -9999.0 -9999.0 -9999.0 -9999.0 -9999.0 -9999.0 -9999.0 -9999.0 nan nan nan nan nan nan nan nan nan nan nan nan nan nan nan nan nan nan nan nan nan nan
