data/output/RUN203/ECOSPACE/ECOSPACE_in_PAR3/PAR-VarZ-VarK/PAR-VarZ-VarK_1989_05.asc
ncols        93
nrows        151 
xllcorner    -123.80739
yllcorner    48.29471 
cellsize     0.013497347 
NODATA_value  0.0
[rows 80 to 119 of 151, columns 0 to 89 of 93]
nan nan nan nan nan nan nan nan nan nan nan nan nan nan nan nan nan nan nan nan nan nan nan 41.5 40.8 40.8 43.1 42.5 40.8 38.7 36.5 34.4 32.5 30.8 29.1 27.5 26.3 25.2 24.2 23.5 22.7 22.1 21.5 20.8 20.2 19.6 19.1 18.7 18.4 18.1 17.8 17.5 17.2 17.0 nan nan nan nan nan nan nan nan nan nan nan nan 15.1 15.3 15.4 15.5 nan 15.2 15.1 15.2 15.3 15.4 15.4 15.2 15.2 15.4 15.8 15.8 15.8 nan nan nan nan nan nan nan
nan nan nan nan nan nan nan nan nan nan nan nan nan nan nan nan nan nan nan nan nan nan nan nan nan nan 43.8 43.2 41.9 40.0 37.9 35.9 33.9 32.0 30.1 28.4 26.9 25.8 24.7 23.8 23.0 22.3 21.7 21.0 20.4 19.8 19.3 18.9 18.5 18.2 17.9 17.6 17.3 17.1 16.9 nan nan nan nan nan nan nan nan nan nan nan 15.3 15.4 nan nan nan nan nan 15.4 15.5 15.7 nan 15.4 15.5 15.9 16.2 16.4 nan nan nan nan nan nan nan nan
nan nan nan nan nan nan nan nan nan nan nan nan nan nan nan nan nan nan nan nan nan nan nan nan nan nan nan 43.5 42.6 41.4 39.5 37.3 35.2 33.1 31.2 29.3 27.7 26.4 25.2 24.2 23.4 22.6 21.9 21.2 20.5 20.0 19.5 19.0 18.7 18.4 18.0 17.7 17.4 17.2 17.0 16.8 nan nan nan nan nan nan nan nan nan 15.4 15.7 nan nan nan nan nan nan 15.4 15.6 15.7 nan 15.6 16.0 16.3 16.5 nan nan nan nan nan nan nan nan nan
nan nan nan nan nan nan nan nan nan nan nan nan nan nan nan nan nan nan nan nan nan nan nan nan nan nan nan nan 40.5 41.7 40.7 38.8 36.6 34.4 32.2 30.2 28.5 27.0 25.7 24.6 23.7 22.9 22.1 21.4 20.7 20.1 19.6 19.2 18.9 18.6 18.2 17.9 17.6 17.4 17.1 16.9 16.7 nan nan nan nan nan nan nan nan 15.5 15.7 nan nan nan nan nan nan 15.4 15.6 15.8 16.1 16.5 16.4 16.4 nan nan nan nan nan nan nan nan nan nan
nan nan nan nan nan nan nan nan nan nan nan nan nan nan nan nan nan nan nan nan nan nan nan nan nan nan nan nan nan 16.4 41.7 40.1 38.0 35.6 33.3 31.1 29.3 27.6 26.3 25.1 24.0 23.2 22.4 21.6 20.9 20.3 19.8 19.5 19.1 18.8 18.5 18.2 17.9 17.6 17.4 17.1 16.9 16.7 nan nan nan nan nan nan 15.5 15.6 15.8 nan 16.1 16.0 16.0 nan nan 15.5 15.7 16.0 16.3 16.7 nan nan nan nan nan nan nan nan nan nan nan nan
nan nan nan nan nan nan nan nan nan nan nan nan nan nan nan nan nan nan nan nan nan nan nan nan nan nan nan nan nan nan 17.2 40.9 39.1 36.7 34.3 32.1 30.1 28.4 26.9 25.6 24.5 23.5 22.7 21.9 21.2 20.6 20.1 19.7 19.4 19.1 18.8 18.5 18.2 18.0 17.7 17.5 17.2 17.0 nan nan nan nan nan 15.7 15.8 15.9 16.0 16.0 16.0 16.0 15.9 10.5 nan 15.6 15.9 16.1 16.4 16.5 nan nan nan nan nan nan nan nan nan nan nan nan
nan nan nan nan nan nan nan nan nan nan nan nan nan nan nan nan nan nan nan nan nan nan nan nan nan nan nan nan nan nan nan 38.3 39.7 37.8 35.4 33.1 31.0 29.2 27.6 26.2 25.0 24.0 23.1 22.2 21.5 20.9 20.4 20.0 19.7 19.5 19.2 19.0 18.7 18.4 18.1 17.8 17.6 17.3 17.0 nan nan 16.1 16.2 16.1 16.0 16.1 16.2 16.2 16.1 16.0 16.0 nan nan 15.8 16.0 16.3 16.5 16.5 nan nan nan nan nan nan nan nan nan nan nan nan
nan nan nan nan nan nan nan nan nan nan nan nan nan nan nan nan nan nan nan nan nan nan nan nan nan nan nan nan nan nan nan nan 40.3 38.5 36.3 34.1 32.0 30.1 28.4 26.9 25.6 24.4 23.5 22.6 21.9 21.2 20.7 20.3 20.0 19.8 19.6 19.4 19.1 18.8 18.5 18.3 18.0 17.7 17.4 17.0 16.7 16.6 16.5 nan 16.3 16.4 16.5 16.5 16.5 16.4 16.2 16.1 16.1 16.2 16.2 16.3 16.4 nan nan nan nan nan nan nan nan nan nan nan nan nan
nan nan nan nan nan nan nan nan nan nan nan nan nan nan nan nan nan nan nan nan nan nan nan nan nan nan nan nan nan nan 39.1 39.4 40.1 38.7 36.9 35.0 33.1 31.1 29.3 27.7 26.2 25.0 24.0 23.0 22.3 21.6 21.1 20.7 20.4 20.2 20.0 19.8 19.5 19.3 19.0 18.7 18.4 18.0 17.7 17.4 17.1 16.9 16.7 16.7 16.8 16.8 16.9 16.9 16.8 16.8 16.5 16.3 16.2 16.2 16.3 16.4 16.3 nan nan nan nan nan nan nan nan nan nan nan nan nan
nan nan nan nan nan nan nan nan nan nan nan nan nan nan nan nan nan nan nan nan nan nan nan nan nan nan nan nan nan nan nan nan 39.4 38.4 37.0 35.6 34.0 32.2 30.3 28.6 27.0 25.6 24.5 23.5 22.7 22.0 21.4 21.0 20.8 20.6 20.4 20.2 20.0 19.7 19.5 19.2 18.8 18.5 18.1 17.7 17.4 17.1 17.0 17.0 16.9 16.9 16.9 nan nan nan 16.6 16.4 16.3 16.3 16.3 16.3 nan nan nan nan nan nan nan nan nan nan nan nan nan nan
nan nan nan nan nan nan nan nan nan nan nan nan nan nan nan nan nan nan nan nan nan nan nan nan nan nan nan nan nan nan 17.6 16.0 38.6 37.7 36.7 35.8 34.8 33.3 31.4 29.6 27.9 26.4 25.1 24.1 23.2 22.4 21.8 21.4 21.1 21.0 20.8 20.6 20.3 20.1 19.8 19.5 19.2 18.8 18.4 18.0 17.6 17.3 17.0 17.0 nan nan nan nan nan nan nan 16.5 16.4 16.3 16.3 16.2 nan nan nan nan nan nan nan nan nan nan nan nan nan nan
nan nan nan nan nan nan nan nan nan nan nan nan nan nan nan nan nan nan nan nan nan nan nan nan nan nan nan nan nan nan 17.4 37.2 37.9 37.5 36.7 18.5 35.5 34.1 32.0 30.4 28.7 27.1 25.8 24.7 23.7 22.8 22.2 21.7 21.5 21.3 21.1 20.9 20.6 20.4 20.2 19.9 19.5 19.1 18.7 18.3 17.9 17.5 17.1 nan nan nan nan nan nan 16.3 16.4 16.5 16.3 16.2 16.2 nan nan nan nan nan nan nan nan nan nan nan nan nan nan nan
nan nan nan nan nan nan nan nan nan nan nan nan nan nan nan nan nan nan nan nan nan nan nan nan nan nan nan nan nan nan 17.6 35.8 37.5 37.6 nan nan nan 34.0 32.7 31.1 29.5 28.0 26.5 25.3 24.2 23.3 22.6 22.1 21.8 21.6 21.4 21.2 20.9 20.7 20.5 20.3 19.9 19.5 19.0 18.6 18.1 17.7 17.3 nan nan nan nan nan 16.3 16.3 16.3 16.3 16.2 16.1 nan nan nan nan nan nan nan nan nan nan nan nan nan nan nan nan
nan nan nan nan nan nan nan nan nan nan nan nan nan nan nan nan nan nan nan nan nan nan nan nan nan nan nan nan nan nan 17.5 16.3 37.4 37.4 nan nan nan 31.9 33.2 31.9 30.4 28.8 27.3 26.0 24.8 23.8 23.0 22.5 22.1 21.9 21.7 21.5 21.2 21.0 20.8 20.6 20.3 19.9 19.4 19.0 18.4 17.9 17.5 16.8 16.5 nan 16.3 16.3 16.3 16.2 16.2 16.2 nan nan nan nan nan nan nan nan nan nan nan nan nan nan nan nan nan nan
nan nan nan nan nan nan nan nan nan nan nan nan nan nan nan nan nan nan nan nan nan nan nan nan nan nan nan nan nan nan nan nan 37.2 30.9 nan nan nan nan 32.9 32.6 31.5 29.8 28.2 26.8 25.5 24.4 23.5 22.9 22.5 22.2 22.0 21.8 21.6 21.4 21.2 21.0 20.7 20.3 19.9 19.4 18.8 18.2 17.6 17.1 16.8 16.5 16.4 16.2 16.1 16.1 16.0 nan nan nan nan nan nan nan nan nan nan nan nan nan nan nan nan nan nan nan
nan nan nan nan nan nan nan nan nan nan nan nan nan nan nan nan nan nan nan nan nan nan nan nan nan nan nan nan nan nan nan nan nan 31.0 16.6 nan nan nan 15.6 33.8 32.8 31.0 29.2 27.6 26.3 25.1 24.2 23.5 23.0 22.6 22.4 22.2 21.9 21.7 21.5 21.3 21.0 20.7 20.2 19.8 19.2 18.6 17.9 17.4 16.9 16.6 16.4 16.2 16.1 16.1 15.9 nan nan nan nan nan nan nan nan nan nan nan nan nan nan nan nan nan nan nan
nan nan nan nan nan nan nan nan nan nan nan nan nan nan nan nan nan nan nan nan nan nan nan nan nan nan nan nan nan nan nan nan nan nan 19.5 31.2 nan nan nan nan 33.3 32.2 30.1 28.4 27.0 25.8 24.9 24.1 23.5 23.2 22.9 22.6 22.3 22.1 21.9 21.6 21.4 21.0 20.6 20.1 19.5 18.9 18.3 17.6 17.1 16.7 16.4 16.3 16.1 16.1 16.0 15.8 nan nan nan nan nan nan nan nan nan nan nan nan nan nan nan nan nan nan
nan nan nan nan nan nan nan nan nan nan nan nan nan nan nan nan nan nan nan nan nan nan nan nan nan nan nan nan nan nan nan nan nan nan nan 23.4 17.4 nan nan nan nan 30.8 30.6 28.9 27.6 26.5 25.5 24.8 24.2 23.8 23.4 23.1 22.7 22.4 22.2 22.0 21.7 21.3 20.9 20.4 19.8 19.2 18.5 17.8 17.3 16.8 16.5 16.3 16.1 16.0 16.0 15.9 15.8 10.3 nan nan nan nan nan nan nan nan nan nan nan nan nan nan nan nan
nan nan nan nan nan nan nan nan nan nan nan nan nan nan nan nan nan nan nan nan nan nan nan nan nan nan nan nan nan nan nan nan nan nan 17.9 24.1 31.8 31.7 nan 17.3 nan 28.2 30.7 29.6 28.4 27.3 26.3 25.5 24.9 24.4 24.0 23.6 23.1 22.8 22.5 22.3 22.0 21.6 21.2 20.7 20.1 19.4 18.7 17.9 17.3 16.8 16.5 16.4 16.2 16.0 15.8 15.8 15.8 15.6 nan nan nan nan nan nan nan nan nan nan nan nan nan nan nan nan
nan nan nan nan nan nan nan nan nan nan nan nan nan nan nan nan nan nan nan nan nan nan nan nan nan nan nan nan nan nan nan nan nan nan 32.2 32.2 32.4 30.8 20.9 29.2 30.8 26.0 31.4 30.4 29.2 28.1 27.1 26.2 25.6 25.1 24.6 24.1 23.6 23.2 22.9 22.6 22.3 21.9 21.4 20.9 20.3 19.5 18.7 18.0 17.3 16.8 16.1 15.8 15.4 15.9 15.8 15.8 15.7 15.7 15.7 nan nan nan nan nan nan nan nan nan nan nan nan nan nan nan
nan nan nan nan nan nan nan nan nan nan nan nan nan nan nan nan nan nan nan nan nan nan nan nan nan nan nan nan nan nan nan nan nan nan 32.3 32.3 32.4 32.5 32.0 nan 31.1 30.3 32.3 31.1 30.0 28.8 27.9 27.0 26.3 25.7 25.1 24.6 24.1 23.7 23.3 22.9 22.6 22.2 21.8 21.2 20.5 19.7 -9999.0 -9999.0 -9999.0 -9999.0 -9999.0 -9999.0 -9999.0 11.2 15.8 15.6 15.7 15.6 15.6 nan nan nan nan nan nan nan nan nan nan nan nan nan nan -9999.0
nan nan nan nan nan nan nan nan nan nan nan nan nan nan nan nan nan nan nan nan nan nan nan nan nan nan nan nan nan nan nan nan nan nan 32.2 32.1 32.1 32.0 32.1 nan nan 32.7 32.6 31.7 30.6 29.5 28.6 27.7 27.0 26.3 25.7 25.1 24.6 24.1 23.7 23.3 23.0 22.6 22.1 21.5 20.7 -9999.0 -9999.0 -9999.0 -9999.0 -9999.0 -9999.0 -9999.0 -9999.0 nan 13.4 15.4 15.6 15.1 nan nan nan nan nan nan nan nan nan nan nan nan nan nan nan -9999.0
nan nan nan nan nan nan nan nan nan nan nan nan nan nan nan nan nan nan nan nan nan nan nan nan nan nan nan nan nan nan nan nan nan nan 31.9 31.7 31.7 31.9 32.6 nan 25.9 29.1 32.7 32.0 31.2 30.2 29.2 28.4 27.6 26.9 26.3 25.6 25.1 24.6 24.1 23.8 23.4 23.0 22.5 21.8 20.9 -9999.0 -9999.0 -9999.0 -9999.0 -9999.0 -9999.0 -9999.0 -9999.0 -9999.0 -9999.0 nan 10.8 10.8 nan nan nan nan nan nan nan nan nan nan nan nan nan nan nan -9999.0
nan nan nan nan nan nan nan nan nan nan nan nan nan nan nan nan nan nan nan nan nan nan nan nan nan nan nan nan nan nan nan nan nan nan 31.5 31.5 32.0 32.4 29.4 20.1 30.2 26.5 32.3 32.3 31.6 30.7 29.8 28.9 28.1 27.4 26.8 26.1 25.5 25.0 24.6 24.2 23.8 23.4 22.9 22.2 -9999.0 -9999.0 -9999.0 -9999.0 -9999.0 -9999.0 -9999.0 -9999.0 -9999.0 -9999.0 -9999.0 nan nan nan nan nan nan nan nan nan nan nan nan nan nan nan nan nan nan -9999.0
nan nan nan nan nan nan nan nan nan nan nan nan nan nan nan nan nan nan nan nan nan nan nan nan nan nan nan nan nan nan nan nan 29.8 30.3 31.7 32.2 32.8 33.8 34.1 32.0 nan 33.1 32.9 32.6 32.0 31.2 30.3 29.4 28.5 27.9 27.2 26.5 25.9 25.4 25.0 24.7 24.3 23.9 23.4 -9999.0 -9999.0 -9999.0 -9999.0 -9999.0 -9999.0 -9999.0 -9999.0 -9999.0 -9999.0 -9999.0 -9999.0 -9999.0 nan nan nan nan nan nan nan nan nan nan nan nan nan nan nan nan nan -9999.0
nan nan nan nan nan nan nan nan nan nan nan nan nan nan nan nan nan nan nan nan nan nan nan nan nan nan nan nan nan 17.7 nan nan 32.0 32.2 32.3 32.5 33.5 34.5 35.5 nan nan 32.9 33.0 32.8 32.3 31.5 30.7 29.8 29.0 28.3 27.6 26.9 26.3 25.9 25.5 25.1 24.7 24.3 23.9 -9999.0 -9999.0 -9999.0 -9999.0 -9999.0 -9999.0 -9999.0 -9999.0 -9999.0 -9999.0 -9999.0 -9999.0 -9999.0 -9999.0 -9999.0 nan nan nan nan nan nan nan nan nan nan nan nan nan nan nan -9999.0
nan nan nan nan nan nan nan nan nan nan nan nan nan nan nan nan nan nan nan nan nan nan nan nan nan nan nan nan nan 15.4 15.4 nan 32.5 33.0 31.0 29.1 32.2 34.3 34.8 34.0 nan 33.1 33.2 33.0 32.5 31.9 31.0 30.2 29.4 28.7 28.0 27.3 26.7 26.3 25.9 25.5 25.2 24.8 -9999.0 -9999.0 -9999.0 -9999.0 -9999.0 -9999.0 -9999.0 -9999.0 -9999.0 -9999.0 -9999.0 -9999.0 -9999.0 -9999.0 -9999.0 -9999.0 -9999.0 nan nan nan nan nan nan nan nan nan nan nan nan nan nan -9999.0
nan nan nan nan nan nan nan nan nan nan nan nan nan nan nan nan nan nan nan nan nan nan nan nan nan nan nan nan nan 16.2 32.9 32.7 33.1 33.6 34.2 nan 15.9 34.0 34.3 34.5 nan 32.3 34.1 33.7 33.0 32.2 31.5 30.6 29.8 29.1 28.3 27.7 27.2 26.7 26.3 26.0 25.6 25.4 -9999.0 -9999.0 -9999.0 -9999.0 -9999.0 -9999.0 -9999.0 -9999.0 -9999.0 -9999.0 -9999.0 -9999.0 -9999.0 -9999.0 -9999.0 -9999.0 -9999.0 -9999.0 nan nan nan nan nan nan nan nan nan nan nan nan nan -9999.0
nan nan nan nan nan nan nan nan nan nan nan nan nan nan nan nan nan nan nan nan nan nan nan nan nan nan nan nan nan nan 32.1 32.7 33.2 34.1 32.8 nan nan 33.7 33.8 34.2 nan 28.8 31.5 34.2 33.5 32.6 31.9 31.0 30.2 29.5 28.7 28.1 27.6 27.1 26.8 26.2 26.1 25.8 -9999.0 -9999.0 -9999.0 -9999.0 -9999.0 -9999.0 -9999.0 -9999.0 -9999.0 -9999.0 -9999.0 -9999.0 -9999.0 -9999.0 -9999.0 -9999.0 -9999.0 -9999.0 -9999.0 nan nan nan nan nan nan nan nan nan nan nan nan -9999.0
nan nan nan nan nan nan nan nan nan nan nan nan nan nan nan nan nan nan nan nan nan nan nan nan nan nan nan nan nan nan 29.2 32.6 33.4 34.3 30.4 nan 17.7 26.7 30.0 18.8 29.7 24.0 26.4 33.8 33.6 32.9 32.2 31.4 30.6 29.9 29.2 28.6 28.1 27.6 27.2 26.5 26.2 25.7 -9999.0 -9999.0 -9999.0 -9999.0 -9999.0 -9999.0 -9999.0 -9999.0 -9999.0 -9999.0 -9999.0 -9999.0 -9999.0 -9999.0 -9999.0 -9999.0 -9999.0 -9999.0 -9999.0 -9999.0 nan nan nan nan nan nan nan nan nan nan nan -9999.0
nan nan nan nan nan nan nan nan nan nan nan nan nan nan nan nan nan nan nan nan nan nan nan nan nan nan nan nan nan nan 29.9 32.0 33.4 34.1 33.1 17.7 nan 30.5 24.8 18.5 25.1 nan 33.8 34.3 33.9 33.2 32.4 31.7 31.0 30.3 29.6 29.0 28.5 28.0 27.6 26.9 25.0 18.8 -9999.0 -9999.0 -9999.0 -9999.0 -9999.0 -9999.0 -9999.0 -9999.0 -9999.0 -9999.0 -9999.0 -9999.0 -9999.0 -9999.0 -9999.0 -9999.0 -9999.0 -9999.0 -9999.0 -9999.0 -9999.0 -9999.0 nan nan nan nan nan nan nan nan nan -9999.0
nan nan nan nan nan nan nan nan nan nan nan nan nan nan nan nan nan nan nan nan nan nan nan nan nan nan nan nan nan nan nan 32.7 33.1 33.8 34.5 nan nan 23.8 23.8 21.1 nan nan 34.3 34.4 34.0 33.4 32.7 32.0 31.3 30.6 30.0 29.5 28.9 28.5 28.1 27.4 25.2 21.8 -9999.0 -9999.0 -9999.0 -9999.0 -9999.0 -9999.0 -9999.0 -9999.0 -9999.0 -9999.0 -9999.0 nan nan nan -9999.0 -9999.0 -9999.0 -9999.0 -9999.0 -9999.0 -9999.0 -9999.0 -9999.0 -9999.0 -9999.0 -9999.0 -9999.0 nan nan nan -9999.0 -9999.0
nan nan nan nan nan nan nan nan nan nan nan nan nan nan nan nan nan nan nan nan nan nan nan nan nan nan nan nan nan nan nan 31.7 32.8 33.6 34.6 nan 16.7 21.2 31.8 18.9 nan nan 34.2 34.4 34.1 33.6 33.0 32.4 31.7 31.0 30.4 29.8 29.3 28.8 28.5 28.1 27.4 22.9 -9999.0 -9999.0 -9999.0 -9999.0 -9999.0 -9999.0 -9999.0 -9999.0 -9999.0 -9999.0 -9999.0 nan nan nan nan nan -9999.0 -9999.0 -9999.0 -9999.0 -9999.0 -9999.0 -9999.0 -9999.0 -9999.0 -9999.0 -9999.0 -9999.0 -9999.0 -9999.0 -9999.0 -9999.0
nan nan nan nan nan nan nan nan nan nan nan nan nan nan nan nan nan nan nan nan nan nan nan nan nan nan nan nan nan nan nan 17.5 32.5 33.5 34.2 33.0 28.8 24.6 20.4 17.0 19.7 nan 34.2 34.6 34.4 34.0 33.4 32.8 32.1 31.4 30.8 30.2 29.6 29.1 28.7 28.2 27.6 21.0 -9999.0 -9999.0 -9999.0 -9999.0 -9999.0 -9999.0 -9999.0 -9999.0 -9999.0 -9999.0 -9999.0 -9999.0 -9999.0 -9999.0 -9999.0 -9999.0 -9999.0 -9999.0 -9999.0 -9999.0 -9999.0 -9999.0 -9999.0 -9999.0 -9999.0 -9999.0 -9999.0 -9999.0 -9999.0 -9999.0 -9999.0 -9999.0
nan nan nan nan nan nan nan nan nan nan nan nan nan nan nan nan nan nan nan nan nan nan nan nan nan nan nan nan nan nan nan 17.4 32.3 33.6 34.7 35.3 35.3 nan 22.1 26.2 16.4 nan 34.2 34.9 34.9 34.4 33.9 33.2 32.5 31.8 31.1 30.5 29.9 29.5 29.1 28.5 27.3 24.2 -9999.0 -9999.0 -9999.0 -9999.0 -9999.0 -9999.0 -9999.0 -9999.0 -9999.0 -9999.0 -9999.0 -9999.0 -9999.0 -9999.0 -9999.0 -9999.0 -9999.0 -9999.0 -9999.0 -9999.0 -9999.0 -9999.0 -9999.0 -9999.0 -9999.0 -9999.0 -9999.0 -9999.0 -9999.0 -9999.0 -9999.0 -9999.0
nan nan nan nan nan nan nan nan nan nan nan nan nan nan nan nan nan nan nan nan nan nan nan nan nan nan nan nan nan nan nan 17.5 29.4 33.0 34.6 35.4 35.5 nan nan 23.8 18.9 nan nan 35.1 35.6 35.0 34.4 33.7 32.9 32.1 31.4 30.7 30.2 29.9 29.5 29.0 28.5 23.7 -9999.0 -9999.0 -9999.0 -9999.0 -9999.0 -9999.0 -9999.0 -9999.0 -9999.0 -9999.0 -9999.0 -9999.0 -9999.0 -9999.0 -9999.0 -9999.0 -9999.0 -9999.0 -9999.0 -9999.0 -9999.0 -9999.0 -9999.0 -9999.0 -9999.0 -9999.0 -9999.0 -9999.0 -9999.0 -9999.0 -9999.0 -9999.0
nan nan nan nan nan nan nan nan nan nan nan nan nan nan nan nan nan nan nan nan nan nan nan nan nan nan nan nan nan nan nan nan 16.7 33.6 34.6 35.4 nan nan nan 25.2 18.3 18.9 nan nan 35.0 35.1 34.6 33.9 33.2 32.4 31.7 31.1 30.6 30.3 30.0 29.8 29.6 26.7 -9999.0 -9999.0 -9999.0 -9999.0 -9999.0 -9999.0 -9999.0 -9999.0 -9999.0 -9999.0 -9999.0 -9999.0 -9999.0 -9999.0 -9999.0 -9999.0 -9999.0 -9999.0 -9999.0 -9999.0 -9999.0 -9999.0 -9999.0 -9999.0 nan nan nan -9999.0 -9999.0 -9999.0 -9999.0 -9999.0
nan nan nan nan nan nan nan nan nan nan nan nan nan nan nan nan nan nan nan nan nan nan nan nan nan nan nan nan nan nan nan nan 32.0 33.2 34.4 35.4 nan nan nan nan 21.0 19.2 32.0 nan 33.6 35.1 34.9 34.1 33.5 32.8 32.0 31.4 31.0 30.8 30.5 30.5 30.1 27.9 -9999.0 -9999.0 -9999.0 -9999.0 -9999.0 -9999.0 -9999.0 -9999.0 -9999.0 -9999.0 -9999.0 -9999.0 -9999.0 -9999.0 -9999.0 -9999.0 -9999.0 -9999.0 -9999.0 -9999.0 -9999.0 -9999.0 nan nan nan nan nan nan nan nan -9999.0 -9999.0
nan nan nan nan nan nan nan nan nan nan nan nan nan nan nan nan nan nan nan nan nan nan nan nan nan nan nan nan nan nan nan nan nan 33.5 34.8 35.9 nan nan nan nan 27.1 21.2 26.8 21.6 nan 35.2 35.4 34.6 33.9 33.2 32.5 31.9 31.4 31.3 31.0 31.0 31.0 30.1 -9999.0 -9999.0 -9999.0 -9999.0 -9999.0 -9999.0 -9999.0 -9999.0 -9999.0 -9999.0 -9999.0 nan nan nan nan nan nan nan nan nan nan nan nan nan nan nan nan nan nan nan nan nan
nan nan nan nan nan nan nan nan nan nan nan nan nan nan nan nan nan nan nan nan nan nan nan nan nan nan nan nan nan nan nan nan nan 33.6 34.6 36.2 36.1 nan nan nan 34.8 23.2 23.8 35.1 nan nan 34.9 34.7 34.2 33.8 33.1 32.5 32.1 31.8 31.7 31.8 31.9 32.2 -9999.0 -9999.0 -9999.0 -9999.0 -9999.0 -9999.0 -9999.0 -9999.0 -9999.0 -9999.0 nan nan nan nan nan nan nan nan nan nan nan nan nan nan nan nan nan nan nan nan nan nan
