data/output/RUN203/ECOSPACE/ECOSPACE_in_PAR3/PAR-VarZ-VarK/PAR-VarZ-VarK_2006_05.asc
ncols        93
nrows        151 
xllcorner    -123.80739
yllcorner    48.29471 
cellsize     0.013497347 
NODATA_value  0.0
[rows 80 to 119 of 151, columns 0 to 89 of 93]
nan nan nan nan nan nan nan nan nan nan nan nan nan nan nan nan nan nan nan nan nan nan nan 44.0 42.0 44.6 47.5 47.9 46.9 45.4 43.7 41.9 40.3 39.0 38.0 37.1 36.2 35.2 34.2 33.2 32.4 31.7 31.1 30.4 29.7 29.0 28.3 27.6 26.8 26.0 25.2 24.3 23.5 22.8 nan nan nan nan nan nan nan nan nan nan nan nan 19.0 19.4 19.6 19.7 nan 19.2 19.1 19.3 19.5 19.7 19.6 19.4 19.2 19.6 20.1 20.2 20.0 nan nan nan nan nan nan nan
nan nan nan nan nan nan nan nan nan nan nan nan nan nan nan nan nan nan nan nan nan nan nan nan nan nan 48.0 48.0 47.6 46.4 45.0 43.3 41.6 40.1 38.9 37.9 37.0 35.9 34.9 33.9 33.0 32.3 31.6 30.9 30.2 29.5 28.7 28.0 27.3 26.5 25.6 24.7 23.9 23.2 22.3 nan nan nan nan nan nan nan nan nan nan nan 19.4 19.6 nan nan nan nan nan 19.5 19.8 20.0 nan 19.5 19.8 20.4 20.8 21.1 nan nan nan nan nan nan nan nan
nan nan nan nan nan nan nan nan nan nan nan nan nan nan nan nan nan nan nan nan nan nan nan nan nan nan nan 47.9 47.5 47.2 46.0 44.6 43.0 41.4 40.1 39.0 37.9 36.8 35.7 34.6 33.6 32.8 32.0 31.4 30.7 30.0 29.2 28.5 27.8 26.9 26.0 25.2 24.3 23.4 22.6 22.0 nan nan nan nan nan nan nan nan nan 19.5 20.0 nan nan nan nan nan nan 19.5 19.8 20.0 nan 19.8 20.4 20.9 21.2 nan nan nan nan nan nan nan nan nan
nan nan nan nan nan nan nan nan nan nan nan nan nan nan nan nan nan nan nan nan nan nan nan nan nan nan nan nan 45.0 46.5 46.9 45.7 44.4 43.0 41.5 40.2 39.0 37.9 36.7 35.4 34.2 33.4 32.7 31.9 31.2 30.4 29.7 29.0 28.2 27.4 26.6 25.6 24.8 23.9 23.1 22.3 21.7 nan nan nan nan nan nan nan nan 19.5 20.0 nan nan nan nan nan nan 19.6 19.9 20.2 20.8 21.3 21.1 21.1 nan nan nan nan nan nan nan nan nan nan
nan nan nan nan nan nan nan nan nan nan nan nan nan nan nan nan nan nan nan nan nan nan nan nan nan nan nan nan nan 18.2 47.4 46.7 45.5 44.2 42.9 41.5 40.3 39.1 37.8 36.5 35.2 34.2 33.3 32.5 31.8 30.9 30.1 29.4 28.6 27.8 27.0 26.2 25.3 24.4 23.5 22.8 22.1 21.6 nan nan nan nan nan nan 19.4 19.7 20.0 nan 20.5 20.5 20.6 nan nan 19.7 20.2 20.6 21.2 22.0 nan nan nan nan nan nan nan nan nan nan nan nan
nan nan nan nan nan nan nan nan nan nan nan nan nan nan nan nan nan nan nan nan nan nan nan nan nan nan nan nan nan nan 19.3 46.7 46.0 45.0 44.0 42.8 41.7 40.5 39.2 37.8 36.4 35.1 34.1 33.2 32.3 31.4 30.6 29.8 29.0 28.2 27.5 26.7 25.9 25.0 24.1 23.3 22.6 22.0 nan nan nan nan nan 19.5 19.7 19.9 20.2 20.4 20.4 20.4 20.4 12.7 nan 19.8 20.4 20.9 21.4 21.7 nan nan nan nan nan nan nan nan nan nan nan nan
nan nan nan nan nan nan nan nan nan nan nan nan nan nan nan nan nan nan nan nan nan nan nan nan nan nan nan nan nan nan nan 42.9 45.3 45.5 44.8 43.8 42.9 41.8 40.6 39.1 37.7 36.3 35.1 34.0 33.1 32.1 31.2 30.3 29.5 28.8 28.0 27.3 26.5 25.6 24.7 23.9 23.1 22.5 21.9 nan nan 19.9 20.1 20.1 20.0 20.2 20.4 20.5 20.5 20.5 20.5 nan nan 20.1 20.7 21.1 21.6 21.6 nan nan nan nan nan nan nan nan nan nan nan nan
nan nan nan nan nan nan nan nan nan nan nan nan nan nan nan nan nan nan nan nan nan nan nan nan nan nan nan nan nan nan nan nan 45.9 45.5 45.1 44.4 43.6 42.7 41.6 40.2 38.8 37.4 36.0 34.9 33.8 32.6 31.6 30.7 29.9 29.2 28.4 27.8 27.1 26.3 25.4 24.5 23.6 23.0 22.5 21.5 21.0 20.9 20.8 nan 20.4 20.7 21.0 21.1 21.0 20.9 20.8 20.6 20.7 20.9 21.0 21.3 21.5 nan nan nan nan nan nan nan nan nan nan nan nan nan
nan nan nan nan nan nan nan nan nan nan nan nan nan nan nan nan nan nan nan nan nan nan nan nan nan nan nan nan nan nan 45.5 45.5 45.4 45.1 44.8 44.5 44.0 43.3 42.3 41.0 39.6 38.3 36.9 35.7 34.5 33.2 32.1 31.2 30.3 29.6 29.0 28.3 27.6 26.9 26.0 25.1 24.3 23.5 22.9 22.3 21.8 21.4 21.3 21.3 21.3 21.4 21.7 21.7 21.6 21.6 21.2 20.9 21.0 21.0 21.1 21.4 21.3 nan nan nan nan nan nan nan nan nan nan nan nan nan
nan nan nan nan nan nan nan nan nan nan nan nan nan nan nan nan nan nan nan nan nan nan nan nan nan nan nan nan nan nan nan nan 44.5 44.4 44.1 44.0 43.7 43.3 42.5 41.5 40.3 39.1 37.7 36.5 35.3 33.9 32.6 31.6 30.7 30.0 29.3 28.8 28.1 27.4 26.5 25.8 25.0 24.3 23.6 23.0 22.5 22.1 22.0 21.9 21.7 21.7 21.9 nan nan nan 21.2 21.2 21.2 21.1 21.2 21.2 nan nan nan nan nan nan nan nan nan nan nan nan nan nan
nan nan nan nan nan nan nan nan nan nan nan nan nan nan nan nan nan nan nan nan nan nan nan nan nan nan nan nan nan nan 19.5 17.8 43.9 43.8 43.6 43.5 43.4 43.2 42.6 41.9 40.9 39.7 38.4 37.1 35.9 34.5 33.2 32.1 31.1 30.3 29.7 29.1 28.4 27.6 26.9 26.2 25.5 24.9 24.3 23.6 23.1 22.6 22.3 22.2 nan nan nan nan nan nan nan 21.3 21.2 21.1 21.1 21.0 nan nan nan nan nan nan nan nan nan nan nan nan nan nan
nan nan nan nan nan nan nan nan nan nan nan nan nan nan nan nan nan nan nan nan nan nan nan nan nan nan nan nan nan nan 19.8 43.2 43.8 44.2 43.8 21.7 43.1 43.1 42.7 42.0 41.2 40.2 39.0 37.8 36.5 35.1 33.8 32.5 31.5 30.6 29.9 29.3 28.6 27.9 27.1 26.5 26.0 25.4 24.8 24.2 23.5 22.9 22.5 nan nan nan nan nan nan 20.8 21.0 21.1 21.1 21.0 20.9 nan nan nan nan nan nan nan nan nan nan nan nan nan nan nan
nan nan nan nan nan nan nan nan nan nan nan nan nan nan nan nan nan nan nan nan nan nan nan nan nan nan nan nan nan nan 19.5 41.2 43.8 44.2 nan nan nan 43.0 42.7 42.1 41.3 40.5 39.4 38.2 36.9 35.6 34.2 33.0 31.9 31.0 30.2 29.5 28.8 28.0 27.4 26.7 26.2 25.8 25.2 24.6 23.9 23.2 22.6 nan nan nan nan nan 20.9 20.8 20.8 20.8 20.7 20.7 nan nan nan nan nan nan nan nan nan nan nan nan nan nan nan nan
nan nan nan nan nan nan nan nan nan nan nan nan nan nan nan nan nan nan nan nan nan nan nan nan nan nan nan nan nan nan 19.3 18.4 43.4 43.9 nan nan nan 40.0 42.3 42.2 41.5 40.6 39.6 38.5 37.3 36.0 34.7 33.5 32.4 31.4 30.5 29.8 29.0 28.3 27.6 27.1 26.5 26.0 25.5 24.9 24.3 23.5 22.8 21.8 21.3 nan 20.8 20.8 20.9 20.7 20.7 20.5 nan nan nan nan nan nan nan nan nan nan nan nan nan nan nan nan nan nan
nan nan nan nan nan nan nan nan nan nan nan nan nan nan nan nan nan nan nan nan nan nan nan nan nan nan nan nan nan nan nan nan 43.1 35.3 nan nan nan nan 40.6 42.4 41.7 40.8 39.8 38.8 37.6 36.4 35.2 34.0 32.9 31.9 30.9 30.1 29.4 28.7 28.0 27.5 26.9 26.4 25.9 25.3 24.7 23.9 23.1 22.4 21.8 21.4 21.2 20.9 20.8 20.6 20.4 nan nan nan nan nan nan nan nan nan nan nan nan nan nan nan nan nan nan nan
nan nan nan nan nan nan nan nan nan nan nan nan nan nan nan nan nan nan nan nan nan nan nan nan nan nan nan nan nan nan nan nan nan 37.1 19.6 nan nan nan 18.2 42.7 42.2 40.9 39.9 39.0 38.0 36.8 35.7 34.6 33.6 32.6 31.5 30.6 29.8 29.1 28.5 27.9 27.4 26.8 26.3 25.7 25.0 24.3 23.5 22.8 22.1 21.6 21.2 20.9 20.7 20.5 20.2 nan nan nan nan nan nan nan nan nan nan nan nan nan nan nan nan nan nan nan
nan nan nan nan nan nan nan nan nan nan nan nan nan nan nan nan nan nan nan nan nan nan nan nan nan nan nan nan nan nan nan nan nan nan 20.0 36.0 nan nan nan nan 41.9 41.3 40.1 39.2 38.4 37.2 36.2 35.2 34.3 33.3 32.3 31.3 30.5 29.7 29.1 28.5 27.9 27.3 26.8 26.1 25.5 24.7 23.9 23.1 22.3 21.7 21.2 20.9 20.7 20.5 20.2 19.8 nan nan nan nan nan nan nan nan nan nan nan nan nan nan nan nan nan nan
nan nan nan nan nan nan nan nan nan nan nan nan nan nan nan nan nan nan nan nan nan nan nan nan nan nan nan nan nan nan nan nan nan nan nan 27.1 19.5 nan nan nan nan 39.3 40.1 39.2 38.4 37.6 36.7 35.9 35.0 34.0 33.1 32.1 31.3 30.5 29.8 29.1 28.4 27.8 27.1 26.5 25.8 25.0 24.1 23.3 22.4 21.8 21.2 20.8 20.6 20.3 20.1 20.1 19.9 12.3 nan nan nan nan nan nan nan nan nan nan nan nan nan nan nan nan
nan nan nan nan nan nan nan nan nan nan nan nan nan nan nan nan nan nan nan nan nan nan nan nan nan nan nan nan nan nan nan nan nan nan 20.9 26.5 38.0 38.1 nan 19.5 nan 36.9 39.7 39.0 38.2 37.5 36.9 36.2 35.5 34.6 33.8 32.9 32.0 31.2 30.4 29.6 28.9 28.2 27.5 26.7 26.0 25.1 24.2 23.2 22.4 21.6 21.1 20.8 20.4 20.1 19.9 19.9 19.9 19.7 nan nan nan nan nan nan nan nan nan nan nan nan nan nan nan nan
nan nan nan nan nan nan nan nan nan nan nan nan nan nan nan nan nan nan nan nan nan nan nan nan nan nan nan nan nan nan nan nan nan nan 38.6 38.8 38.5 36.7 23.1 33.8 35.9 32.8 38.4 38.5 38.0 37.5 36.9 36.4 35.9 35.1 34.4 33.6 32.7 31.8 30.9 30.1 29.4 28.6 27.8 26.8 26.0 25.0 24.0 23.0 22.1 21.3 20.0 19.2 18.1 19.8 19.7 19.8 19.8 19.8 19.9 nan nan nan nan nan nan nan nan nan nan nan nan nan nan nan
nan nan nan nan nan nan nan nan nan nan nan nan nan nan nan nan nan nan nan nan nan nan nan nan nan nan nan nan nan nan nan nan nan nan 38.4 38.4 38.3 37.7 37.0 nan 38.5 36.8 39.1 38.5 38.0 37.4 37.0 36.6 36.1 35.6 34.8 34.0 33.0 32.2 31.2 30.5 29.7 28.9 27.9 26.9 25.9 24.8 -9999.0 -9999.0 -9999.0 -9999.0 -9999.0 -9999.0 -9999.0 13.1 19.8 19.6 19.7 19.6 19.6 nan nan nan nan nan nan nan nan nan nan nan nan nan nan -9999.0
nan nan nan nan nan nan nan nan nan nan nan nan nan nan nan nan nan nan nan nan nan nan nan nan nan nan nan nan nan nan nan nan nan nan 38.0 37.9 37.8 37.7 37.7 nan nan 39.7 39.1 38.4 37.8 37.4 37.0 36.7 36.3 35.8 35.1 34.3 33.3 32.3 31.4 30.6 29.9 28.9 28.0 26.9 25.8 -9999.0 -9999.0 -9999.0 -9999.0 -9999.0 -9999.0 -9999.0 -9999.0 nan 15.4 19.2 19.5 19.0 nan nan nan nan nan nan nan nan nan nan nan nan nan nan nan -9999.0
nan nan nan nan nan nan nan nan nan nan nan nan nan nan nan nan nan nan nan nan nan nan nan nan nan nan nan nan nan nan nan nan nan nan 37.5 37.4 37.3 37.3 37.0 nan 32.3 35.9 38.9 38.4 37.8 37.3 37.0 36.7 36.3 35.8 35.2 34.3 33.4 32.4 31.5 30.7 29.9 28.9 27.9 26.8 25.6 -9999.0 -9999.0 -9999.0 -9999.0 -9999.0 -9999.0 -9999.0 -9999.0 -9999.0 -9999.0 nan 12.6 12.6 nan nan nan nan nan nan nan nan nan nan nan nan nan nan nan -9999.0
nan nan nan nan nan nan nan nan nan nan nan nan nan nan nan nan nan nan nan nan nan nan nan nan nan nan nan nan nan nan nan nan nan nan 37.1 36.9 37.0 36.1 33.0 23.1 34.0 31.5 37.9 38.0 37.6 37.2 36.9 36.6 36.2 35.8 35.1 34.2 33.3 32.3 31.4 30.6 29.8 28.8 27.8 26.6 -9999.0 -9999.0 -9999.0 -9999.0 -9999.0 -9999.0 -9999.0 -9999.0 -9999.0 -9999.0 -9999.0 nan nan nan nan nan nan nan nan nan nan nan nan nan nan nan nan nan nan -9999.0
nan nan nan nan nan nan nan nan nan nan nan nan nan nan nan nan nan nan nan nan nan nan nan nan nan nan nan nan nan nan nan nan 33.1 34.4 36.2 37.1 37.3 37.6 36.7 36.0 nan 38.2 37.7 37.5 37.3 37.0 36.7 36.4 36.0 35.5 34.9 34.0 33.1 32.1 31.2 30.4 29.6 28.7 27.6 -9999.0 -9999.0 -9999.0 -9999.0 -9999.0 -9999.0 -9999.0 -9999.0 -9999.0 -9999.0 -9999.0 -9999.0 -9999.0 nan nan nan nan nan nan nan nan nan nan nan nan nan nan nan nan nan -9999.0
nan nan nan nan nan nan nan nan nan nan nan nan nan nan nan nan nan nan nan nan nan nan nan nan nan nan nan nan nan 19.3 nan nan 37.1 37.3 37.3 37.1 37.6 37.8 38.3 nan nan 37.2 37.2 37.3 37.2 37.0 36.5 36.3 35.8 35.3 34.7 33.8 32.9 31.9 30.9 30.1 29.4 28.6 27.6 -9999.0 -9999.0 -9999.0 -9999.0 -9999.0 -9999.0 -9999.0 -9999.0 -9999.0 -9999.0 -9999.0 -9999.0 -9999.0 -9999.0 -9999.0 nan nan nan nan nan nan nan nan nan nan nan nan nan nan nan -9999.0
nan nan nan nan nan nan nan nan nan nan nan nan nan nan nan nan nan nan nan nan nan nan nan nan nan nan nan nan nan 16.9 17.0 nan 37.1 37.6 34.8 33.3 36.0 37.7 37.9 36.8 nan 37.2 37.3 37.3 37.2 36.9 36.5 36.1 35.7 35.2 34.4 33.5 32.6 31.4 30.5 29.6 29.1 28.6 -9999.0 -9999.0 -9999.0 -9999.0 -9999.0 -9999.0 -9999.0 -9999.0 -9999.0 -9999.0 -9999.0 -9999.0 -9999.0 -9999.0 -9999.0 -9999.0 -9999.0 nan nan nan nan nan nan nan nan nan nan nan nan nan nan -9999.0
nan nan nan nan nan nan nan nan nan nan nan nan nan nan nan nan nan nan nan nan nan nan nan nan nan nan nan nan nan 17.9 37.0 37.2 37.5 37.9 38.4 nan 17.5 37.4 37.6 37.9 nan 35.9 37.9 37.6 37.1 36.7 36.2 35.9 35.3 34.8 34.2 33.3 32.2 31.1 30.2 29.6 29.2 28.8 -9999.0 -9999.0 -9999.0 -9999.0 -9999.0 -9999.0 -9999.0 -9999.0 -9999.0 -9999.0 -9999.0 -9999.0 -9999.0 -9999.0 -9999.0 -9999.0 -9999.0 -9999.0 nan nan nan nan nan nan nan nan nan nan nan nan nan -9999.0
nan nan nan nan nan nan nan nan nan nan nan nan nan nan nan nan nan nan nan nan nan nan nan nan nan nan nan nan nan nan 36.1 37.2 37.8 38.4 35.8 nan nan 36.2 36.9 37.4 nan 32.3 34.3 37.0 36.7 36.3 35.8 35.5 35.1 34.5 33.8 32.8 31.7 30.6 29.7 29.1 29.1 28.7 -9999.0 -9999.0 -9999.0 -9999.0 -9999.0 -9999.0 -9999.0 -9999.0 -9999.0 -9999.0 -9999.0 -9999.0 -9999.0 -9999.0 -9999.0 -9999.0 -9999.0 -9999.0 -9999.0 nan nan nan nan nan nan nan nan nan nan nan nan -9999.0
nan nan nan nan nan nan nan nan nan nan nan nan nan nan nan nan nan nan nan nan nan nan nan nan nan nan nan nan nan nan 33.8 37.2 37.8 38.6 34.0 nan 19.3 28.0 32.3 18.7 29.2 25.7 28.6 35.6 36.3 35.8 35.3 35.0 34.7 34.1 33.4 32.4 31.3 30.2 29.6 29.1 29.0 28.0 -9999.0 -9999.0 -9999.0 -9999.0 -9999.0 -9999.0 -9999.0 -9999.0 -9999.0 -9999.0 -9999.0 -9999.0 -9999.0 -9999.0 -9999.0 -9999.0 -9999.0 -9999.0 -9999.0 -9999.0 nan nan nan nan nan nan nan nan nan nan nan -9999.0
nan nan nan nan nan nan nan nan nan nan nan nan nan nan nan nan nan nan nan nan nan nan nan nan nan nan nan nan nan nan 34.5 36.9 37.9 38.5 36.2 19.4 nan 33.0 24.7 16.6 24.3 nan 35.8 36.3 35.8 35.3 34.9 34.6 34.2 33.7 33.0 32.0 30.9 30.0 29.5 29.3 27.3 20.6 -9999.0 -9999.0 -9999.0 -9999.0 -9999.0 -9999.0 -9999.0 -9999.0 -9999.0 -9999.0 -9999.0 -9999.0 -9999.0 -9999.0 -9999.0 -9999.0 -9999.0 -9999.0 -9999.0 -9999.0 -9999.0 -9999.0 nan nan nan nan nan nan nan nan nan -9999.0
nan nan nan nan nan nan nan nan nan nan nan nan nan nan nan nan nan nan nan nan nan nan nan nan nan nan nan nan nan nan nan 37.1 37.5 38.0 38.3 nan nan 25.0 23.9 19.6 nan nan 36.2 35.7 35.2 34.8 34.5 34.2 33.8 33.3 32.5 31.5 30.6 30.1 30.0 29.8 27.3 22.4 -9999.0 -9999.0 -9999.0 -9999.0 -9999.0 -9999.0 -9999.0 -9999.0 -9999.0 -9999.0 -9999.0 nan nan nan -9999.0 -9999.0 -9999.0 -9999.0 -9999.0 -9999.0 -9999.0 -9999.0 -9999.0 -9999.0 -9999.0 -9999.0 -9999.0 nan nan nan -9999.0 -9999.0
nan nan nan nan nan nan nan nan nan nan nan nan nan nan nan nan nan nan nan nan nan nan nan nan nan nan nan nan nan nan nan 35.2 37.0 38.0 38.8 nan 18.2 21.7 32.5 18.2 nan nan 35.8 35.5 35.0 34.6 34.2 33.9 33.5 32.8 32.0 31.3 30.7 30.4 30.7 30.8 30.6 24.6 -9999.0 -9999.0 -9999.0 -9999.0 -9999.0 -9999.0 -9999.0 -9999.0 -9999.0 -9999.0 -9999.0 nan nan nan nan nan -9999.0 -9999.0 -9999.0 -9999.0 -9999.0 -9999.0 -9999.0 -9999.0 -9999.0 -9999.0 -9999.0 -9999.0 -9999.0 -9999.0 -9999.0 -9999.0
nan nan nan nan nan nan nan nan nan nan nan nan nan nan nan nan nan nan nan nan nan nan nan nan nan nan nan nan nan nan nan 19.0 37.0 37.9 36.8 35.4 30.3 24.2 20.3 16.1 18.9 nan 35.6 35.4 34.8 34.3 34.0 33.6 33.2 32.5 31.9 31.3 31.0 30.9 31.1 31.2 31.2 22.4 -9999.0 -9999.0 -9999.0 -9999.0 -9999.0 -9999.0 -9999.0 -9999.0 -9999.0 -9999.0 -9999.0 -9999.0 -9999.0 -9999.0 -9999.0 -9999.0 -9999.0 -9999.0 -9999.0 -9999.0 -9999.0 -9999.0 -9999.0 -9999.0 -9999.0 -9999.0 -9999.0 -9999.0 -9999.0 -9999.0 -9999.0 -9999.0
nan nan nan nan nan nan nan nan nan nan nan nan nan nan nan nan nan nan nan nan nan nan nan nan nan nan nan nan nan nan nan 18.9 34.7 37.5 38.9 39.3 39.4 nan 23.5 26.4 15.9 nan 35.2 35.5 35.0 34.3 33.9 33.4 32.9 32.3 31.8 31.4 31.2 31.3 31.5 31.5 31.2 24.7 -9999.0 -9999.0 -9999.0 -9999.0 -9999.0 -9999.0 -9999.0 -9999.0 -9999.0 -9999.0 -9999.0 -9999.0 -9999.0 -9999.0 -9999.0 -9999.0 -9999.0 -9999.0 -9999.0 -9999.0 -9999.0 -9999.0 -9999.0 -9999.0 -9999.0 -9999.0 -9999.0 -9999.0 -9999.0 -9999.0 -9999.0 -9999.0
nan nan nan nan nan nan nan nan nan nan nan nan nan nan nan nan nan nan nan nan nan nan nan nan nan nan nan nan nan nan nan 18.9 33.0 36.6 38.7 39.3 39.4 nan nan 23.4 18.2 nan nan 35.4 35.0 34.5 33.9 33.4 32.8 32.3 31.8 31.5 31.5 31.7 32.0 31.9 31.8 24.1 -9999.0 -9999.0 -9999.0 -9999.0 -9999.0 -9999.0 -9999.0 -9999.0 -9999.0 -9999.0 -9999.0 -9999.0 -9999.0 -9999.0 -9999.0 -9999.0 -9999.0 -9999.0 -9999.0 -9999.0 -9999.0 -9999.0 -9999.0 -9999.0 -9999.0 -9999.0 -9999.0 -9999.0 -9999.0 -9999.0 -9999.0 -9999.0
nan nan nan nan nan nan nan nan nan nan nan nan nan nan nan nan nan nan nan nan nan nan nan nan nan nan nan nan nan nan nan nan 18.2 37.4 38.4 39.1 nan nan nan 24.2 17.5 18.3 nan nan 34.3 34.3 34.0 33.4 32.8 32.4 32.0 31.8 31.7 32.1 32.5 32.5 32.7 30.4 -9999.0 -9999.0 -9999.0 -9999.0 -9999.0 -9999.0 -9999.0 -9999.0 -9999.0 -9999.0 -9999.0 -9999.0 -9999.0 -9999.0 -9999.0 -9999.0 -9999.0 -9999.0 -9999.0 -9999.0 -9999.0 -9999.0 -9999.0 -9999.0 nan nan nan -9999.0 -9999.0 -9999.0 -9999.0 -9999.0
nan nan nan nan nan nan nan nan nan nan nan nan nan nan nan nan nan nan nan nan nan nan nan nan nan nan nan nan nan nan nan nan 35.2 36.7 37.9 39.0 nan nan nan nan 19.7 18.3 30.9 nan 32.9 34.3 33.9 33.5 33.1 32.7 32.4 32.1 32.1 32.4 33.0 33.1 33.2 31.7 -9999.0 -9999.0 -9999.0 -9999.0 -9999.0 -9999.0 -9999.0 -9999.0 -9999.0 -9999.0 -9999.0 -9999.0 -9999.0 -9999.0 -9999.0 -9999.0 -9999.0 -9999.0 -9999.0 -9999.0 -9999.0 -9999.0 nan nan nan nan nan nan nan nan -9999.0 -9999.0
nan nan nan nan nan nan nan nan nan nan nan nan nan nan nan nan nan nan nan nan nan nan nan nan nan nan nan nan nan nan nan nan nan 36.8 38.1 39.0 nan nan nan nan 25.8 20.1 24.6 22.8 nan 34.3 34.3 34.1 33.6 33.1 32.9 32.7 32.6 32.8 33.3 33.8 34.2 34.2 -9999.0 -9999.0 -9999.0 -9999.0 -9999.0 -9999.0 -9999.0 -9999.0 -9999.0 -9999.0 -9999.0 nan nan nan nan nan nan nan nan nan nan nan nan nan nan nan nan nan nan nan nan nan
nan nan nan nan nan nan nan nan nan nan nan nan nan nan nan nan nan nan nan nan nan nan nan nan nan nan nan nan nan nan nan nan nan 36.9 38.2 39.4 39.4 nan nan nan 35.5 22.0 22.6 34.3 nan nan 34.1 34.0 33.9 33.7 33.4 33.3 33.3 33.5 33.9 34.4 34.8 35.5 -9999.0 -9999.0 -9999.0 -9999.0 -9999.0 -9999.0 -9999.0 -9999.0 -9999.0 -9999.0 nan nan nan nan nan nan nan nan nan nan nan nan nan nan nan nan nan nan nan nan nan nan
