data/output/RUN203/ECOSPACE/ECOSPACE_in_PAR3/PAR-VarZ-VarK/PAR-VarZ-VarK_1991_05.asc
ncols        93
nrows        151 
xllcorner    -123.80739
yllcorner    48.29471 
cellsize     0.013497347 
NODATA_value  0.0
[rows 80 to 119 of 151, columns 0 to 89 of 93]
nan nan nan nan nan nan nan nan nan nan nan nan nan nan nan nan nan nan nan nan nan nan nan 33.6 32.9 32.8 34.0 34.3 33.4 32.2 30.9 29.6 28.5 27.5 26.7 26.3 25.9 25.3 24.7 24.1 23.6 23.2 22.7 22.2 21.6 21.1 20.4 19.7 19.0 18.3 17.5 16.9 16.3 15.9 nan nan nan nan nan nan nan nan nan nan nan nan 13.3 13.5 13.6 13.7 nan 13.4 13.4 13.4 13.5 13.6 13.6 13.5 13.4 13.6 14.0 14.1 14.0 nan nan nan nan nan nan nan
nan nan nan nan nan nan nan nan nan nan nan nan nan nan nan nan nan nan nan nan nan nan nan nan nan nan 34.8 34.5 33.8 32.8 31.6 30.4 29.2 28.1 27.4 26.8 26.2 25.6 25.0 24.4 23.9 23.4 22.9 22.4 21.9 21.4 20.7 20.1 19.4 18.6 17.9 17.3 16.7 16.2 15.6 nan nan nan nan nan nan nan nan nan nan nan 13.6 13.6 nan nan nan nan nan 13.5 13.6 13.7 nan 13.5 13.7 14.0 14.3 14.4 nan nan nan nan nan nan nan nan
nan nan nan nan nan nan nan nan nan nan nan nan nan nan nan nan nan nan nan nan nan nan nan nan nan nan nan 34.3 33.8 33.4 32.2 31.0 29.8 28.8 28.0 27.2 26.5 25.9 25.2 24.7 24.1 23.6 23.1 22.6 22.0 21.6 21.0 20.4 19.8 19.0 18.3 17.7 17.0 16.4 15.8 15.4 nan nan nan nan nan nan nan nan nan 13.5 13.8 nan nan nan nan nan nan 13.5 13.6 13.7 nan 13.7 14.0 14.3 14.5 nan nan nan nan nan nan nan nan nan
nan nan nan nan nan nan nan nan nan nan nan nan nan nan nan nan nan nan nan nan nan nan nan nan nan nan nan nan 32.4 33.1 32.8 31.7 30.6 29.5 28.4 27.6 26.8 26.1 25.4 24.8 24.3 23.8 23.3 22.7 22.2 21.7 21.2 20.7 20.1 19.4 18.7 18.1 17.5 16.8 16.2 15.7 15.2 nan nan nan nan nan nan nan nan 13.5 13.7 nan nan nan nan nan nan 13.5 13.6 13.8 14.1 14.5 14.4 14.4 nan nan nan nan nan nan nan nan nan nan
nan nan nan nan nan nan nan nan nan nan nan nan nan nan nan nan nan nan nan nan nan nan nan nan nan nan nan nan nan 14.9 33.7 32.6 31.5 30.2 29.0 28.0 27.1 26.4 25.7 25.1 24.4 24.0 23.5 22.9 22.3 21.8 21.3 20.8 20.3 19.8 19.2 18.5 17.9 17.3 16.6 16.0 15.5 15.1 nan nan nan nan nan nan 13.5 13.6 13.7 nan 13.8 13.8 13.8 nan nan 13.5 13.7 13.9 14.3 14.7 nan nan nan nan nan nan nan nan nan nan nan nan
nan nan nan nan nan nan nan nan nan nan nan nan nan nan nan nan nan nan nan nan nan nan nan nan nan nan nan nan nan nan 15.5 32.8 32.0 30.7 29.6 28.5 27.5 26.6 25.9 25.3 24.6 24.1 23.6 23.1 22.5 21.9 21.5 21.0 20.5 20.1 19.5 19.0 18.4 17.8 17.1 16.5 16.0 15.6 nan nan nan nan nan 13.6 13.6 13.7 13.8 13.8 13.8 13.8 13.8 9.5 nan 13.5 13.8 14.1 14.3 14.5 nan nan nan nan nan nan nan nan nan nan nan nan
nan nan nan nan nan nan nan nan nan nan nan nan nan nan nan nan nan nan nan nan nan nan nan nan nan nan nan nan nan nan nan 30.2 31.9 31.3 30.1 29.0 27.9 27.0 26.2 25.5 24.9 24.3 23.8 23.2 22.6 22.1 21.7 21.2 20.8 20.4 19.9 19.4 18.8 18.1 17.5 17.0 16.5 15.9 15.3 nan nan 13.9 14.0 14.0 13.9 13.9 14.0 14.0 13.9 13.9 13.8 nan nan 13.7 13.9 14.2 14.4 14.4 nan nan nan nan nan nan nan nan nan nan nan nan
nan nan nan nan nan nan nan nan nan nan nan nan nan nan nan nan nan nan nan nan nan nan nan nan nan nan nan nan nan nan nan nan 32.2 31.4 30.5 29.5 28.5 27.5 26.7 25.9 25.2 24.5 24.0 23.4 22.9 22.3 21.8 21.4 21.0 20.7 20.2 19.8 19.2 18.6 17.9 17.4 16.8 16.2 15.7 14.9 14.5 14.4 14.3 nan 14.1 14.2 14.3 14.4 14.3 14.2 14.1 13.9 14.0 14.1 14.1 14.2 14.3 nan nan nan nan nan nan nan nan nan nan nan nan nan
nan nan nan nan nan nan nan nan nan nan nan nan nan nan nan nan nan nan nan nan nan nan nan nan nan nan nan nan nan nan 31.8 31.9 32.1 31.3 30.6 30.0 29.1 28.1 27.1 26.2 25.5 24.8 24.2 23.6 23.1 22.6 22.1 21.7 21.3 20.9 20.5 20.1 19.7 19.1 18.4 17.8 17.2 16.5 15.9 15.4 15.0 14.7 14.5 14.6 14.6 14.6 14.8 14.8 14.7 14.7 14.4 14.2 14.1 14.1 14.2 14.3 14.2 nan nan nan nan nan nan nan nan nan nan nan nan nan
nan nan nan nan nan nan nan nan nan nan nan nan nan nan nan nan nan nan nan nan nan nan nan nan nan nan nan nan nan nan nan nan 31.5 30.9 30.4 29.9 29.4 28.6 27.6 26.7 25.9 25.2 24.5 23.9 23.4 22.9 22.4 22.0 21.6 21.2 20.8 20.5 20.1 19.6 19.0 18.4 17.7 17.0 16.4 15.9 15.4 15.0 14.9 14.9 14.8 14.8 14.8 nan nan nan 14.5 14.4 14.2 14.2 14.2 14.2 nan nan nan nan nan nan nan nan nan nan nan nan nan nan
nan nan nan nan nan nan nan nan nan nan nan nan nan nan nan nan nan nan nan nan nan nan nan nan nan nan nan nan nan nan 16.3 14.8 31.1 30.9 30.1 30.0 29.7 29.0 28.1 27.2 26.2 25.6 24.9 24.2 23.6 23.1 22.7 22.2 21.9 21.5 21.1 20.8 20.5 20.1 19.6 19.0 18.4 17.7 17.0 16.4 15.8 15.4 15.1 15.0 nan nan nan nan nan nan nan 14.5 14.3 14.2 14.2 14.1 nan nan nan nan nan nan nan nan nan nan nan nan nan nan
nan nan nan nan nan nan nan nan nan nan nan nan nan nan nan nan nan nan nan nan nan nan nan nan nan nan nan nan nan nan 15.7 30.5 31.0 31.2 30.8 16.7 30.2 29.8 28.6 27.7 26.8 26.0 25.3 24.6 24.0 23.4 23.0 22.5 22.1 21.8 21.4 21.0 20.7 20.4 20.0 19.5 18.9 18.3 17.6 16.9 16.2 15.7 15.2 nan nan nan nan nan nan 14.1 14.3 14.4 14.3 14.2 14.1 nan nan nan nan nan nan nan nan nan nan nan nan nan nan nan
nan nan nan nan nan nan nan nan nan nan nan nan nan nan nan nan nan nan nan nan nan nan nan nan nan nan nan nan nan nan 16.3 29.1 31.0 31.1 nan nan nan 29.4 28.8 28.2 27.2 26.4 25.7 24.9 24.3 23.6 23.2 22.8 22.4 22.0 21.7 21.4 21.1 20.7 20.4 19.9 19.4 18.8 18.1 17.3 16.6 16.0 15.5 nan nan nan nan nan 14.2 14.2 14.2 14.3 14.2 14.1 nan nan nan nan nan nan nan nan nan nan nan nan nan nan nan nan
nan nan nan nan nan nan nan nan nan nan nan nan nan nan nan nan nan nan nan nan nan nan nan nan nan nan nan nan nan nan 16.2 14.8 31.2 31.2 nan nan nan 27.0 28.7 28.4 27.7 26.8 26.1 25.4 24.6 24.0 23.5 23.0 22.6 22.3 21.9 21.6 21.4 21.1 20.8 20.3 19.8 19.2 18.4 17.7 16.9 16.1 15.5 14.7 14.4 nan 14.2 14.2 14.2 14.2 14.2 14.1 nan nan nan nan nan nan nan nan nan nan nan nan nan nan nan nan nan nan
nan nan nan nan nan nan nan nan nan nan nan nan nan nan nan nan nan nan nan nan nan nan nan nan nan nan nan nan nan nan nan nan 31.1 26.0 nan nan nan nan 28.2 28.6 28.1 27.3 26.6 25.8 25.0 24.4 23.8 23.4 22.9 22.6 22.3 22.0 21.7 21.5 21.2 20.8 20.3 19.6 18.9 18.1 17.2 16.4 15.6 15.0 14.7 14.5 14.4 14.2 14.2 14.1 14.0 nan nan nan nan nan nan nan nan nan nan nan nan nan nan nan nan nan nan nan
nan nan nan nan nan nan nan nan nan nan nan nan nan nan nan nan nan nan nan nan nan nan nan nan nan nan nan nan nan nan nan nan nan 25.3 13.8 nan nan nan 14.7 29.1 28.8 27.7 27.0 26.3 25.5 24.8 24.2 23.7 23.3 22.9 22.5 22.3 22.0 21.8 21.5 21.2 20.7 20.1 19.3 18.5 17.6 16.7 15.9 15.3 14.9 14.6 14.4 14.2 14.1 14.0 13.9 nan nan nan nan nan nan nan nan nan nan nan nan nan nan nan nan nan nan nan
nan nan nan nan nan nan nan nan nan nan nan nan nan nan nan nan nan nan nan nan nan nan nan nan nan nan nan nan nan nan nan nan nan nan 15.3 25.7 nan nan nan nan 29.0 28.6 27.6 26.7 25.9 25.2 24.6 24.1 23.6 23.2 22.8 22.6 22.4 22.2 22.0 21.7 21.2 20.6 19.8 18.9 18.0 17.1 16.3 15.6 15.1 14.7 14.4 14.2 14.1 14.0 13.9 13.7 nan nan nan nan nan nan nan nan nan nan nan nan nan nan nan nan nan nan
nan nan nan nan nan nan nan nan nan nan nan nan nan nan nan nan nan nan nan nan nan nan nan nan nan nan nan nan nan nan nan nan nan nan nan 19.4 16.2 nan nan nan nan 27.5 28.0 27.1 26.3 25.6 25.0 24.5 24.0 23.6 23.2 23.0 22.8 22.6 22.4 22.1 21.6 21.0 20.2 19.2 18.2 17.3 16.5 15.8 15.2 14.8 14.5 14.3 14.1 13.9 13.9 13.8 13.8 9.4 nan nan nan nan nan nan nan nan nan nan nan nan nan nan nan nan
nan nan nan nan nan nan nan nan nan nan nan nan nan nan nan nan nan nan nan nan nan nan nan nan nan nan nan nan nan nan nan nan nan nan 16.0 20.4 26.7 26.7 nan 16.1 nan 25.1 27.5 27.1 26.4 25.8 25.3 24.8 24.4 24.0 23.6 23.4 23.2 23.0 22.8 22.4 22.0 21.4 20.4 19.4 18.4 17.4 16.6 15.9 15.2 14.8 14.5 14.3 14.1 13.9 13.8 13.8 13.7 13.7 nan nan nan nan nan nan nan nan nan nan nan nan nan nan nan nan
nan nan nan nan nan nan nan nan nan nan nan nan nan nan nan nan nan nan nan nan nan nan nan nan nan nan nan nan nan nan nan nan nan nan 26.7 26.7 27.0 26.3 18.4 24.4 25.9 22.8 27.4 27.0 26.6 26.0 25.5 25.1 24.7 24.3 24.0 23.7 23.5 23.3 23.0 22.6 22.2 21.5 20.5 19.4 18.4 17.4 16.5 15.8 15.2 14.8 14.1 13.9 13.4 13.9 13.7 13.7 13.7 13.7 13.8 nan nan nan nan nan nan nan nan nan nan nan nan nan nan nan
nan nan nan nan nan nan nan nan nan nan nan nan nan nan nan nan nan nan nan nan nan nan nan nan nan nan nan nan nan nan nan nan nan nan 26.6 26.8 26.9 27.2 26.8 nan 26.5 26.0 27.6 27.1 26.8 26.2 25.7 25.3 25.0 24.6 24.3 24.1 23.8 23.5 23.2 22.8 22.4 21.6 20.5 19.5 18.3 17.3 -9999.0 -9999.0 -9999.0 -9999.0 -9999.0 -9999.0 -9999.0 10.2 13.8 13.7 13.8 13.6 13.7 nan nan nan nan nan nan nan nan nan nan nan nan nan nan -9999.0
nan nan nan nan nan nan nan nan nan nan nan nan nan nan nan nan nan nan nan nan nan nan nan nan nan nan nan nan nan nan nan nan nan nan 26.5 26.6 26.7 26.8 26.8 nan nan 27.5 27.7 27.4 26.9 26.5 26.0 25.6 25.3 24.9 24.6 24.4 24.1 23.8 23.4 22.9 22.4 21.6 20.5 19.4 18.2 -9999.0 -9999.0 -9999.0 -9999.0 -9999.0 -9999.0 -9999.0 -9999.0 nan 12.3 13.6 13.7 13.3 nan nan nan nan nan nan nan nan nan nan nan nan nan nan nan -9999.0
nan nan nan nan nan nan nan nan nan nan nan nan nan nan nan nan nan nan nan nan nan nan nan nan nan nan nan nan nan nan nan nan nan nan 26.2 26.2 26.3 26.6 27.1 nan 22.3 25.1 27.6 27.4 27.2 26.9 26.5 26.0 25.6 25.2 24.9 24.6 24.3 24.0 23.5 23.1 22.5 21.5 20.5 19.3 18.2 -9999.0 -9999.0 -9999.0 -9999.0 -9999.0 -9999.0 -9999.0 -9999.0 -9999.0 -9999.0 nan 9.9 9.9 nan nan nan nan nan nan nan nan nan nan nan nan nan nan nan -9999.0
nan nan nan nan nan nan nan nan nan nan nan nan nan nan nan nan nan nan nan nan nan nan nan nan nan nan nan nan nan nan nan nan nan nan 25.8 25.9 26.4 26.9 24.4 16.5 24.9 22.6 27.2 27.5 27.4 27.1 26.9 26.4 25.9 25.5 25.1 24.7 24.4 24.1 23.7 23.1 22.5 21.4 20.3 19.2 -9999.0 -9999.0 -9999.0 -9999.0 -9999.0 -9999.0 -9999.0 -9999.0 -9999.0 -9999.0 -9999.0 nan nan nan nan nan nan nan nan nan nan nan nan nan nan nan nan nan nan -9999.0
nan nan nan nan nan nan nan nan nan nan nan nan nan nan nan nan nan nan nan nan nan nan nan nan nan nan nan nan nan nan nan nan 24.5 24.9 25.7 26.1 26.8 27.5 28.2 26.8 nan 27.6 27.5 27.6 27.6 27.4 27.1 26.7 26.2 25.7 25.3 24.9 24.6 24.2 23.7 23.1 22.4 21.4 20.4 -9999.0 -9999.0 -9999.0 -9999.0 -9999.0 -9999.0 -9999.0 -9999.0 -9999.0 -9999.0 -9999.0 -9999.0 -9999.0 nan nan nan nan nan nan nan nan nan nan nan nan nan nan nan nan nan -9999.0
nan nan nan nan nan nan nan nan nan nan nan nan nan nan nan nan nan nan nan nan nan nan nan nan nan nan nan nan nan 16.1 nan nan 25.7 25.9 26.0 26.4 27.2 28.2 29.1 nan nan 27.1 27.5 27.7 27.7 27.5 27.2 26.9 26.4 25.9 25.4 25.0 24.7 24.2 23.7 23.2 22.4 21.5 20.3 -9999.0 -9999.0 -9999.0 -9999.0 -9999.0 -9999.0 -9999.0 -9999.0 -9999.0 -9999.0 -9999.0 -9999.0 -9999.0 -9999.0 -9999.0 nan nan nan nan nan nan nan nan nan nan nan nan nan nan nan -9999.0
nan nan nan nan nan nan nan nan nan nan nan nan nan nan nan nan nan nan nan nan nan nan nan nan nan nan nan nan nan 13.6 13.7 nan 26.1 26.5 25.3 23.8 26.5 28.1 28.7 27.8 nan 27.9 28.2 28.1 27.9 27.7 27.4 27.0 26.5 26.0 25.5 25.2 24.8 24.2 23.7 23.1 22.4 21.5 -9999.0 -9999.0 -9999.0 -9999.0 -9999.0 -9999.0 -9999.0 -9999.0 -9999.0 -9999.0 -9999.0 -9999.0 -9999.0 -9999.0 -9999.0 -9999.0 -9999.0 nan nan nan nan nan nan nan nan nan nan nan nan nan nan -9999.0
nan nan nan nan nan nan nan nan nan nan nan nan nan nan nan nan nan nan nan nan nan nan nan nan nan nan nan nan nan 14.4 25.7 26.0 26.4 27.0 27.7 nan 14.6 27.7 28.3 28.6 nan 27.6 29.0 28.6 28.3 27.9 27.5 27.0 26.5 26.0 25.6 25.3 24.8 24.3 23.7 23.0 22.5 21.7 -9999.0 -9999.0 -9999.0 -9999.0 -9999.0 -9999.0 -9999.0 -9999.0 -9999.0 -9999.0 -9999.0 -9999.0 -9999.0 -9999.0 -9999.0 -9999.0 -9999.0 -9999.0 nan nan nan nan nan nan nan nan nan nan nan nan nan -9999.0
nan nan nan nan nan nan nan nan nan nan nan nan nan nan nan nan nan nan nan nan nan nan nan nan nan nan nan nan nan nan 25.4 25.9 26.5 27.2 26.9 nan nan 27.6 28.3 28.5 nan 24.5 26.7 28.6 28.4 28.0 27.5 27.1 26.6 26.1 25.7 25.3 24.9 24.3 23.7 23.0 22.3 21.6 -9999.0 -9999.0 -9999.0 -9999.0 -9999.0 -9999.0 -9999.0 -9999.0 -9999.0 -9999.0 -9999.0 -9999.0 -9999.0 -9999.0 -9999.0 -9999.0 -9999.0 -9999.0 -9999.0 nan nan nan nan nan nan nan nan nan nan nan nan -9999.0
nan nan nan nan nan nan nan nan nan nan nan nan nan nan nan nan nan nan nan nan nan nan nan nan nan nan nan nan nan nan 23.4 25.9 26.6 27.4 25.0 nan 16.4 22.0 25.0 15.4 23.9 19.8 22.2 27.9 28.4 28.0 27.5 27.0 26.5 26.0 25.6 25.2 24.8 24.3 23.7 23.0 22.2 20.6 -9999.0 -9999.0 -9999.0 -9999.0 -9999.0 -9999.0 -9999.0 -9999.0 -9999.0 -9999.0 -9999.0 -9999.0 -9999.0 -9999.0 -9999.0 -9999.0 -9999.0 -9999.0 -9999.0 -9999.0 nan nan nan nan nan nan nan nan nan nan nan -9999.0
nan nan nan nan nan nan nan nan nan nan nan nan nan nan nan nan nan nan nan nan nan nan nan nan nan nan nan nan nan nan 23.6 25.5 26.6 27.4 27.1 16.3 nan 25.3 21.0 15.5 20.4 nan 27.9 28.7 28.4 27.9 27.4 26.8 26.4 25.9 25.5 25.1 24.6 24.1 23.6 22.8 21.0 16.1 -9999.0 -9999.0 -9999.0 -9999.0 -9999.0 -9999.0 -9999.0 -9999.0 -9999.0 -9999.0 -9999.0 -9999.0 -9999.0 -9999.0 -9999.0 -9999.0 -9999.0 -9999.0 -9999.0 -9999.0 -9999.0 -9999.0 nan nan nan nan nan nan nan nan nan -9999.0
nan nan nan nan nan nan nan nan nan nan nan nan nan nan nan nan nan nan nan nan nan nan nan nan nan nan nan nan nan nan nan 25.9 26.5 27.3 28.1 nan nan 19.8 19.6 17.6 nan nan 28.4 28.5 28.2 27.8 27.2 26.7 26.2 25.8 25.4 25.0 24.6 24.1 23.6 23.1 20.8 17.8 -9999.0 -9999.0 -9999.0 -9999.0 -9999.0 -9999.0 -9999.0 -9999.0 -9999.0 -9999.0 -9999.0 nan nan nan -9999.0 -9999.0 -9999.0 -9999.0 -9999.0 -9999.0 -9999.0 -9999.0 -9999.0 -9999.0 -9999.0 -9999.0 -9999.0 nan nan nan -9999.0 -9999.0
nan nan nan nan nan nan nan nan nan nan nan nan nan nan nan nan nan nan nan nan nan nan nan nan nan nan nan nan nan nan nan 25.3 26.3 27.2 28.2 nan 15.0 18.2 26.2 15.5 nan nan 28.3 28.4 28.1 27.7 27.1 26.6 26.2 25.8 25.4 25.0 24.6 24.2 23.8 23.4 22.7 18.6 -9999.0 -9999.0 -9999.0 -9999.0 -9999.0 -9999.0 -9999.0 -9999.0 -9999.0 -9999.0 -9999.0 nan nan nan nan nan -9999.0 -9999.0 -9999.0 -9999.0 -9999.0 -9999.0 -9999.0 -9999.0 -9999.0 -9999.0 -9999.0 -9999.0 -9999.0 -9999.0 -9999.0 -9999.0
nan nan nan nan nan nan nan nan nan nan nan nan nan nan nan nan nan nan nan nan nan nan nan nan nan nan nan nan nan nan nan 16.0 26.1 27.1 27.8 27.5 23.4 20.2 16.7 13.6 16.5 nan 28.0 28.4 28.0 27.6 27.1 26.6 26.1 25.7 25.3 25.1 24.8 24.4 24.0 23.6 22.8 17.5 -9999.0 -9999.0 -9999.0 -9999.0 -9999.0 -9999.0 -9999.0 -9999.0 -9999.0 -9999.0 -9999.0 -9999.0 -9999.0 -9999.0 -9999.0 -9999.0 -9999.0 -9999.0 -9999.0 -9999.0 -9999.0 -9999.0 -9999.0 -9999.0 -9999.0 -9999.0 -9999.0 -9999.0 -9999.0 -9999.0 -9999.0 -9999.0
nan nan nan nan nan nan nan nan nan nan nan nan nan nan nan nan nan nan nan nan nan nan nan nan nan nan nan nan nan nan nan 15.9 25.8 27.0 28.2 28.9 28.9 nan 18.0 21.0 13.2 nan 27.9 28.3 28.1 27.7 27.2 26.6 26.2 25.8 25.5 25.3 25.0 24.7 24.3 23.9 23.3 18.6 -9999.0 -9999.0 -9999.0 -9999.0 -9999.0 -9999.0 -9999.0 -9999.0 -9999.0 -9999.0 -9999.0 -9999.0 -9999.0 -9999.0 -9999.0 -9999.0 -9999.0 -9999.0 -9999.0 -9999.0 -9999.0 -9999.0 -9999.0 -9999.0 -9999.0 -9999.0 -9999.0 -9999.0 -9999.0 -9999.0 -9999.0 -9999.0
nan nan nan nan nan nan nan nan nan nan nan nan nan nan nan nan nan nan nan nan nan nan nan nan nan nan nan nan nan nan nan 16.0 23.6 26.5 27.9 28.6 28.8 nan nan 18.9 15.8 nan nan 28.6 28.8 28.1 27.6 27.0 26.5 26.0 25.7 25.6 25.4 25.0 24.7 24.2 23.8 18.2 -9999.0 -9999.0 -9999.0 -9999.0 -9999.0 -9999.0 -9999.0 -9999.0 -9999.0 -9999.0 -9999.0 -9999.0 -9999.0 -9999.0 -9999.0 -9999.0 -9999.0 -9999.0 -9999.0 -9999.0 -9999.0 -9999.0 -9999.0 -9999.0 -9999.0 -9999.0 -9999.0 -9999.0 -9999.0 -9999.0 -9999.0 -9999.0
nan nan nan nan nan nan nan nan nan nan nan nan nan nan nan nan nan nan nan nan nan nan nan nan nan nan nan nan nan nan nan nan 15.2 26.8 27.8 28.6 nan nan nan 20.2 15.1 16.2 nan nan 28.2 28.1 27.8 27.2 26.8 26.4 26.1 26.0 25.7 25.5 25.1 24.7 24.2 21.3 -9999.0 -9999.0 -9999.0 -9999.0 -9999.0 -9999.0 -9999.0 -9999.0 -9999.0 -9999.0 -9999.0 -9999.0 -9999.0 -9999.0 -9999.0 -9999.0 -9999.0 -9999.0 -9999.0 -9999.0 -9999.0 -9999.0 -9999.0 -9999.0 nan nan nan -9999.0 -9999.0 -9999.0 -9999.0 -9999.0
nan nan nan nan nan nan nan nan nan nan nan nan nan nan nan nan nan nan nan nan nan nan nan nan nan nan nan nan nan nan nan nan 25.9 26.7 27.7 28.6 nan nan nan nan 17.0 16.4 27.0 nan 27.0 28.1 28.0 27.5 27.1 26.8 26.6 26.4 26.1 25.9 25.6 25.1 24.8 24.4 -9999.0 -9999.0 -9999.0 -9999.0 -9999.0 -9999.0 -9999.0 -9999.0 -9999.0 -9999.0 -9999.0 -9999.0 -9999.0 -9999.0 -9999.0 -9999.0 -9999.0 -9999.0 -9999.0 -9999.0 -9999.0 -9999.0 nan nan nan nan nan nan nan nan -9999.0 -9999.0
nan nan nan nan nan nan nan nan nan nan nan nan nan nan nan nan nan nan nan nan nan nan nan nan nan nan nan nan nan nan nan nan nan 26.9 28.0 28.9 nan nan nan nan 21.5 18.0 22.5 19.2 nan 28.4 28.6 28.0 27.5 27.2 27.0 26.8 26.6 26.4 26.2 26.0 25.6 24.5 -9999.0 -9999.0 -9999.0 -9999.0 -9999.0 -9999.0 -9999.0 -9999.0 -9999.0 -9999.0 -9999.0 nan nan nan nan nan nan nan nan nan nan nan nan nan nan nan nan nan nan nan nan nan
nan nan nan nan nan nan nan nan nan nan nan nan nan nan nan nan nan nan nan nan nan nan nan nan nan nan nan nan nan nan nan nan nan 27.0 28.1 29.2 29.3 nan nan nan 28.7 19.4 20.3 28.8 nan nan 28.3 28.2 27.9 27.7 27.5 27.3 27.1 26.9 26.8 26.7 26.6 26.3 -9999.0 -9999.0 -9999.0 -9999.0 -9999.0 -9999.0 -9999.0 -9999.0 -9999.0 -9999.0 nan nan nan nan nan nan nan nan nan nan nan nan nan nan nan nan nan nan nan nan nan nan
