data/output/RUN203/ECOSPACE/ECOSPACE_in_PAR3/PAR-VarZ-VarK/PAR-VarZ-VarK_2012_03.asc
ncols        93
nrows        151 
xllcorner    -123.80739
yllcorner    48.29471 
cellsize     0.013497347 
NODATA_value  0.0
[rows 80 to 119 of 151, columns 0 to 89 of 93]
nan nan nan nan nan nan nan nan nan nan nan nan nan nan nan nan nan nan nan nan nan nan nan 25.1 24.6 25.7 26.4 27.2 26.3 25.1 23.9 22.9 21.9 20.9 19.9 19.1 18.7 18.3 18.1 18.0 17.8 17.6 17.4 17.4 17.3 17.3 16.9 16.3 15.8 15.0 14.1 13.2 12.1 11.5 nan nan nan nan nan nan nan nan nan nan nan nan 9.3 9.4 9.5 9.5 nan 9.3 9.3 9.3 9.3 9.4 9.4 9.2 9.2 9.2 9.4 9.4 9.4 nan nan nan nan nan nan nan
nan nan nan nan nan nan nan nan nan nan nan nan nan nan nan nan nan nan nan nan nan nan nan nan nan nan 27.6 27.6 27.3 26.0 24.9 23.6 22.2 21.2 20.1 19.3 18.7 18.3 18.2 18.1 17.7 17.4 17.3 17.3 17.3 17.1 16.9 16.3 15.6 15.1 14.2 13.5 12.6 11.9 11.3 nan nan nan nan nan nan nan nan nan nan nan 9.6 9.5 nan nan nan nan nan 9.4 9.4 9.5 nan 9.3 9.3 9.5 9.6 9.7 nan nan nan nan nan nan nan nan
nan nan nan nan nan nan nan nan nan nan nan nan nan nan nan nan nan nan nan nan nan nan nan nan nan nan nan 27.9 27.3 27.1 25.9 24.4 23.0 21.6 20.4 19.6 18.9 18.5 18.3 18.1 17.7 17.5 17.4 17.3 17.2 17.0 16.7 16.2 15.5 15.0 14.3 13.6 13.0 12.4 11.7 11.2 nan nan nan nan nan nan nan nan nan 9.6 9.9 nan nan nan nan nan nan 9.4 9.5 9.5 nan 9.4 9.6 9.8 9.9 nan nan nan nan nan nan nan nan nan
nan nan nan nan nan nan nan nan nan nan nan nan nan nan nan nan nan nan nan nan nan nan nan nan nan nan nan nan 27.4 27.1 26.8 25.3 23.7 22.2 20.8 19.8 19.2 18.8 18.5 18.0 17.6 17.5 17.2 17.0 17.0 16.8 16.5 16.2 15.7 15.1 14.5 13.8 13.3 12.7 12.1 11.6 11.2 nan nan nan nan nan nan nan nan 9.7 9.9 nan nan nan nan nan nan 9.5 9.5 9.7 9.9 10.1 9.9 9.9 nan nan nan nan nan nan nan nan nan nan
nan nan nan nan nan nan nan nan nan nan nan nan nan nan nan nan nan nan nan nan nan nan nan nan nan nan nan nan nan 8.8 27.6 26.3 24.4 22.9 21.3 20.1 19.5 19.1 18.6 18.0 17.7 17.4 17.0 17.0 16.7 16.6 16.5 16.2 15.9 15.4 14.9 14.3 13.7 13.2 12.6 12.0 11.6 11.3 nan nan nan nan nan nan 9.8 9.9 9.9 nan 10.0 9.9 9.9 nan nan 9.5 9.7 9.9 10.1 10.4 nan nan nan nan nan nan nan nan nan nan nan nan
nan nan nan nan nan nan nan nan nan nan nan nan nan nan nan nan nan nan nan nan nan nan nan nan nan nan nan nan nan nan 9.5 26.3 25.0 23.3 21.8 20.5 19.8 19.3 18.7 18.1 17.8 17.4 17.0 16.8 16.7 16.7 16.5 16.2 16.0 15.5 15.1 14.6 14.1 13.6 13.1 12.6 12.1 11.7 nan nan nan nan nan 9.9 10.1 10.1 10.1 10.1 10.1 10.0 10.0 6.0 nan 9.6 9.9 10.1 10.3 10.3 nan nan nan nan nan nan nan nan nan nan nan nan
nan nan nan nan nan nan nan nan nan nan nan nan nan nan nan nan nan nan nan nan nan nan nan nan nan nan nan nan nan nan nan 25.4 25.1 23.8 22.2 21.0 20.1 19.4 18.8 18.2 17.8 17.4 17.0 16.8 16.6 16.6 16.5 16.4 16.0 15.6 15.1 14.8 14.4 14.0 13.6 13.2 12.6 12.1 11.7 nan nan 10.4 10.6 10.6 10.5 10.5 10.5 10.4 10.3 10.2 10.2 nan nan 9.9 10.1 10.3 10.4 10.3 nan nan nan nan nan nan nan nan nan nan nan nan
nan nan nan nan nan nan nan nan nan nan nan nan nan nan nan nan nan nan nan nan nan nan nan nan nan nan nan nan nan nan nan nan 25.5 24.0 22.6 21.4 20.4 19.5 18.9 18.3 17.7 17.3 16.9 16.7 16.6 16.5 16.5 16.3 16.1 15.7 15.3 15.0 14.7 14.5 14.2 13.8 13.3 12.8 12.3 11.7 11.4 11.3 11.2 nan 10.9 11.0 11.0 10.9 10.8 10.7 10.5 10.3 10.3 10.3 10.3 10.4 10.4 nan nan nan nan nan nan nan nan nan nan nan nan nan
nan nan nan nan nan nan nan nan nan nan nan nan nan nan nan nan nan nan nan nan nan nan nan nan nan nan nan nan nan nan 25.8 25.8 25.2 24.1 22.9 21.9 20.8 19.8 19.0 18.4 17.8 17.4 17.0 16.8 16.6 16.5 16.4 16.3 16.1 15.9 15.6 15.4 15.2 15.0 14.7 14.4 14.1 13.6 13.0 12.6 12.2 11.9 11.7 11.6 11.5 11.6 11.7 11.6 11.4 11.3 11.0 10.7 10.6 10.5 10.5 10.5 10.4 nan nan nan nan nan nan nan nan nan nan nan nan nan
nan nan nan nan nan nan nan nan nan nan nan nan nan nan nan nan nan nan nan nan nan nan nan nan nan nan nan nan nan nan nan nan 25.0 24.1 23.2 22.4 21.3 20.3 19.3 18.6 18.0 17.4 17.1 16.8 16.6 16.6 16.4 16.4 16.3 16.1 16.0 15.9 15.7 15.6 15.4 15.2 14.9 14.5 14.1 13.6 13.0 12.5 12.2 12.1 11.9 11.9 12.0 nan nan nan 11.2 11.0 10.8 10.7 10.6 10.5 nan nan nan nan nan nan nan nan nan nan nan nan nan nan
nan nan nan nan nan nan nan nan nan nan nan nan nan nan nan nan nan nan nan nan nan nan nan nan nan nan nan nan nan nan 8.8 8.1 24.6 24.2 23.7 23.1 22.0 20.8 19.7 19.0 18.2 17.6 17.2 16.9 16.7 16.8 16.7 16.5 16.4 16.4 16.3 16.3 16.2 16.1 16.0 15.8 15.6 15.3 14.8 14.1 13.6 13.0 12.5 12.5 nan nan nan nan nan nan nan 11.2 10.9 10.8 10.7 10.6 nan nan nan nan nan nan nan nan nan nan nan nan nan nan
nan nan nan nan nan nan nan nan nan nan nan nan nan nan nan nan nan nan nan nan nan nan nan nan nan nan nan nan nan nan 9.5 24.1 24.7 24.6 24.3 10.6 22.9 21.8 20.5 19.5 18.7 18.1 17.6 17.2 17.0 17.0 17.0 16.9 16.9 16.8 16.6 16.6 16.5 16.4 16.3 16.2 16.0 15.7 15.3 14.8 14.1 13.4 12.8 nan nan nan nan nan nan 11.0 11.0 11.1 10.9 10.8 10.7 nan nan nan nan nan nan nan nan nan nan nan nan nan nan nan
nan nan nan nan nan nan nan nan nan nan nan nan nan nan nan nan nan nan nan nan nan nan nan nan nan nan nan nan nan nan 8.8 23.4 24.9 25.0 nan nan nan 22.1 21.5 20.3 19.4 18.6 17.9 17.5 17.3 17.2 17.2 17.2 17.2 17.1 16.9 16.7 16.6 16.4 16.4 16.4 16.2 15.8 15.5 15.0 14.3 13.8 13.1 nan nan nan nan nan 11.2 11.1 11.0 10.9 10.8 10.7 nan nan nan nan nan nan nan nan nan nan nan nan nan nan nan nan
nan nan nan nan nan nan nan nan nan nan nan nan nan nan nan nan nan nan nan nan nan nan nan nan nan nan nan nan nan nan 8.7 8.9 24.8 25.0 nan nan nan 21.5 21.8 21.0 20.0 19.2 18.4 17.9 17.7 17.5 17.5 17.5 17.5 17.5 17.3 17.2 17.0 16.7 16.5 16.4 16.2 15.9 15.6 15.2 14.6 14.0 13.3 12.4 12.0 nan 11.5 11.4 11.3 11.1 10.9 10.8 nan nan nan nan nan nan nan nan nan nan nan nan nan nan nan nan nan nan
nan nan nan nan nan nan nan nan nan nan nan nan nan nan nan nan nan nan nan nan nan nan nan nan nan nan nan nan nan nan nan nan 25.1 20.6 nan nan nan nan 21.5 21.5 20.7 19.7 19.0 18.4 18.1 17.8 17.8 17.7 17.8 17.7 17.6 17.4 17.1 17.0 16.7 16.6 16.3 16.0 15.8 15.4 15.0 14.4 13.7 12.9 12.4 12.1 11.8 11.5 11.2 11.0 10.8 nan nan nan nan nan nan nan nan nan nan nan nan nan nan nan nan nan nan nan
nan nan nan nan nan nan nan nan nan nan nan nan nan nan nan nan nan nan nan nan nan nan nan nan nan nan nan nan nan nan nan nan nan 23.8 12.6 nan nan nan 8.3 22.5 21.8 20.6 19.5 18.9 18.4 18.2 18.0 18.0 18.0 18.0 17.8 17.5 17.2 17.1 16.8 16.7 16.5 16.3 15.9 15.6 15.5 14.9 14.3 13.5 12.8 12.2 11.9 11.6 11.3 11.0 10.7 nan nan nan nan nan nan nan nan nan nan nan nan nan nan nan nan nan nan nan
nan nan nan nan nan nan nan nan nan nan nan nan nan nan nan nan nan nan nan nan nan nan nan nan nan nan nan nan nan nan nan nan nan nan 12.9 22.3 nan nan nan nan 22.7 21.9 20.5 19.5 18.8 18.5 18.4 18.4 18.3 18.2 18.1 17.7 17.5 17.2 16.9 16.7 16.5 16.3 16.4 16.3 16.1 15.5 14.8 14.0 13.1 12.5 12.0 11.6 11.3 11.0 10.8 10.7 nan nan nan nan nan nan nan nan nan nan nan nan nan nan nan nan nan nan
nan nan nan nan nan nan nan nan nan nan nan nan nan nan nan nan nan nan nan nan nan nan nan nan nan nan nan nan nan nan nan nan nan nan nan 16.9 8.8 nan nan nan nan 21.3 21.5 20.2 19.2 18.8 18.5 18.5 18.4 18.3 18.2 17.9 17.6 17.3 17.1 16.9 16.7 16.6 16.7 16.6 16.6 15.9 15.2 14.3 13.4 12.6 12.0 11.6 11.2 11.1 10.9 10.8 10.8 5.9 nan nan nan nan nan nan nan nan nan nan nan nan nan nan nan nan
nan nan nan nan nan nan nan nan nan nan nan nan nan nan nan nan nan nan nan nan nan nan nan nan nan nan nan nan nan nan nan nan nan nan 10.6 12.7 20.2 20.8 nan 8.8 nan 21.3 21.3 20.8 19.9 19.1 18.9 18.7 18.7 18.5 18.3 17.8 17.5 17.3 17.2 17.1 16.9 16.9 16.9 17.0 16.9 16.3 15.5 14.5 13.6 12.7 12.0 11.8 11.4 11.2 11.0 10.9 10.9 10.9 nan nan nan nan nan nan nan nan nan nan nan nan nan nan nan nan
nan nan nan nan nan nan nan nan nan nan nan nan nan nan nan nan nan nan nan nan nan nan nan nan nan nan nan nan nan nan nan nan nan nan 21.6 20.4 20.9 18.4 10.7 20.5 21.5 18.2 20.8 21.3 20.7 19.4 19.0 18.8 18.6 18.5 18.0 17.8 17.5 17.3 17.4 17.4 17.3 17.3 17.3 17.4 17.2 16.6 15.6 14.7 13.6 12.6 11.9 11.9 11.8 11.5 11.1 10.9 10.9 11.0 11.1 nan nan nan nan nan nan nan nan nan nan nan nan nan nan nan
nan nan nan nan nan nan nan nan nan nan nan nan nan nan nan nan nan nan nan nan nan nan nan nan nan nan nan nan nan nan nan nan nan nan 22.1 21.9 21.4 20.9 18.1 nan 22.6 20.3 22.0 21.5 21.0 20.0 19.3 18.9 18.5 18.3 17.9 17.9 17.6 17.5 17.6 17.5 17.5 17.6 17.8 17.8 17.4 16.8 -9999.0 -9999.0 -9999.0 -9999.0 -9999.0 -9999.0 -9999.0 6.3 11.4 11.1 11.1 11.1 11.2 nan nan nan nan nan nan nan nan nan nan nan nan nan nan -9999.0
nan nan nan nan nan nan nan nan nan nan nan nan nan nan nan nan nan nan nan nan nan nan nan nan nan nan nan nan nan nan nan nan nan nan 22.3 22.1 22.0 21.8 20.8 nan nan 22.8 22.8 22.2 21.2 20.2 19.5 19.0 18.6 18.3 18.0 17.8 17.6 17.6 17.5 17.7 17.8 18.0 18.2 18.0 17.7 -9999.0 -9999.0 -9999.0 -9999.0 -9999.0 -9999.0 -9999.0 -9999.0 nan 7.2 11.4 11.4 10.9 nan nan nan nan nan nan nan nan nan nan nan nan nan nan nan -9999.0
nan nan nan nan nan nan nan nan nan nan nan nan nan nan nan nan nan nan nan nan nan nan nan nan nan nan nan nan nan nan nan nan nan nan 22.3 22.3 22.0 21.8 19.8 nan 19.5 19.9 22.8 22.2 21.3 20.1 19.4 18.9 18.4 18.0 17.7 17.6 17.6 17.7 17.6 17.7 18.0 18.2 18.3 18.2 17.7 -9999.0 -9999.0 -9999.0 -9999.0 -9999.0 -9999.0 -9999.0 -9999.0 -9999.0 -9999.0 nan 6.2 6.2 nan nan nan nan nan nan nan nan nan nan nan nan nan nan nan -9999.0
nan nan nan nan nan nan nan nan nan nan nan nan nan nan nan nan nan nan nan nan nan nan nan nan nan nan nan nan nan nan nan nan nan nan 22.0 22.2 22.0 17.9 18.7 13.0 21.1 17.9 22.0 22.2 21.2 20.1 19.2 18.6 18.1 17.8 17.6 17.6 17.6 17.6 17.7 17.8 18.1 18.5 18.5 18.2 -9999.0 -9999.0 -9999.0 -9999.0 -9999.0 -9999.0 -9999.0 -9999.0 -9999.0 -9999.0 -9999.0 nan nan nan nan nan nan nan nan nan nan nan nan nan nan nan nan nan nan -9999.0
nan nan nan nan nan nan nan nan nan nan nan nan nan nan nan nan nan nan nan nan nan nan nan nan nan nan nan nan nan nan nan nan 17.4 18.8 19.3 21.7 21.8 20.8 17.0 17.1 nan 22.5 22.8 21.9 20.9 19.9 19.1 18.4 17.9 17.7 17.6 17.6 17.6 17.6 17.9 18.1 18.4 18.6 18.5 -9999.0 -9999.0 -9999.0 -9999.0 -9999.0 -9999.0 -9999.0 -9999.0 -9999.0 -9999.0 -9999.0 -9999.0 -9999.0 nan nan nan nan nan nan nan nan nan nan nan nan nan nan nan nan nan -9999.0
nan nan nan nan nan nan nan nan nan nan nan nan nan nan nan nan nan nan nan nan nan nan nan nan nan nan nan nan nan 8.9 nan nan 20.7 20.5 21.5 21.2 22.0 21.7 21.3 nan nan 23.3 22.9 22.3 21.0 19.9 19.2 18.6 18.1 17.8 17.6 17.7 17.6 17.8 18.0 18.3 18.6 18.7 18.5 -9999.0 -9999.0 -9999.0 -9999.0 -9999.0 -9999.0 -9999.0 -9999.0 -9999.0 -9999.0 -9999.0 -9999.0 -9999.0 -9999.0 -9999.0 nan nan nan nan nan nan nan nan nan nan nan nan nan nan nan -9999.0
nan nan nan nan nan nan nan nan nan nan nan nan nan nan nan nan nan nan nan nan nan nan nan nan nan nan nan nan nan 8.2 8.2 nan 22.8 22.4 18.4 20.6 19.4 21.6 21.6 21.4 nan 23.5 23.4 22.6 21.3 20.1 19.4 18.9 18.3 17.9 17.8 17.7 17.6 17.7 18.0 18.4 18.7 18.8 -9999.0 -9999.0 -9999.0 -9999.0 -9999.0 -9999.0 -9999.0 -9999.0 -9999.0 -9999.0 -9999.0 -9999.0 -9999.0 -9999.0 -9999.0 -9999.0 -9999.0 nan nan nan nan nan nan nan nan nan nan nan nan nan nan -9999.0
nan nan nan nan nan nan nan nan nan nan nan nan nan nan nan nan nan nan nan nan nan nan nan nan nan nan nan nan nan 8.7 23.1 23.1 22.8 22.9 21.5 nan 8.2 20.6 21.9 21.8 nan 22.1 23.3 22.6 21.5 20.4 19.4 18.8 18.5 18.1 17.9 17.7 17.6 17.8 18.2 18.6 18.8 18.8 -9999.0 -9999.0 -9999.0 -9999.0 -9999.0 -9999.0 -9999.0 -9999.0 -9999.0 -9999.0 -9999.0 -9999.0 -9999.0 -9999.0 -9999.0 -9999.0 -9999.0 -9999.0 nan nan nan nan nan nan nan nan nan nan nan nan nan -9999.0
nan nan nan nan nan nan nan nan nan nan nan nan nan nan nan nan nan nan nan nan nan nan nan nan nan nan nan nan nan nan 21.6 23.1 22.8 22.4 18.0 nan nan 18.7 20.1 19.3 nan 18.9 20.1 22.4 21.6 20.6 19.6 18.9 18.4 18.0 17.8 17.6 17.7 17.9 18.4 18.8 18.8 18.7 -9999.0 -9999.0 -9999.0 -9999.0 -9999.0 -9999.0 -9999.0 -9999.0 -9999.0 -9999.0 -9999.0 -9999.0 -9999.0 -9999.0 -9999.0 -9999.0 -9999.0 -9999.0 -9999.0 nan nan nan nan nan nan nan nan nan nan nan nan -9999.0
nan nan nan nan nan nan nan nan nan nan nan nan nan nan nan nan nan nan nan nan nan nan nan nan nan nan nan nan nan nan 21.5 23.0 22.9 22.6 20.3 nan 8.9 17.5 19.5 11.6 18.6 16.4 16.9 21.1 21.7 20.5 19.6 18.8 18.1 17.7 17.6 17.5 17.6 18.0 18.8 19.1 18.9 18.7 -9999.0 -9999.0 -9999.0 -9999.0 -9999.0 -9999.0 -9999.0 -9999.0 -9999.0 -9999.0 -9999.0 -9999.0 -9999.0 -9999.0 -9999.0 -9999.0 -9999.0 -9999.0 -9999.0 -9999.0 nan nan nan nan nan nan nan nan nan nan nan -9999.0
nan nan nan nan nan nan nan nan nan nan nan nan nan nan nan nan nan nan nan nan nan nan nan nan nan nan nan nan nan nan 22.0 22.5 23.1 22.9 18.6 8.9 nan 21.0 14.4 9.8 15.8 nan 21.6 22.6 21.6 20.5 19.6 18.9 18.2 17.8 17.6 17.5 17.6 18.3 19.1 19.5 19.2 16.0 -9999.0 -9999.0 -9999.0 -9999.0 -9999.0 -9999.0 -9999.0 -9999.0 -9999.0 -9999.0 -9999.0 -9999.0 -9999.0 -9999.0 -9999.0 -9999.0 -9999.0 -9999.0 -9999.0 -9999.0 -9999.0 -9999.0 nan nan nan nan nan nan nan nan nan -9999.0
nan nan nan nan nan nan nan nan nan nan nan nan nan nan nan nan nan nan nan nan nan nan nan nan nan nan nan nan nan nan nan 22.0 22.9 22.8 21.4 nan nan 15.7 14.3 10.3 nan nan 23.7 22.9 21.9 20.7 19.8 19.0 18.4 18.0 17.7 17.7 18.0 18.8 19.4 19.9 19.8 18.0 -9999.0 -9999.0 -9999.0 -9999.0 -9999.0 -9999.0 -9999.0 -9999.0 -9999.0 -9999.0 -9999.0 nan nan nan -9999.0 -9999.0 -9999.0 -9999.0 -9999.0 -9999.0 -9999.0 -9999.0 -9999.0 -9999.0 -9999.0 -9999.0 -9999.0 nan nan nan -9999.0 -9999.0
nan nan nan nan nan nan nan nan nan nan nan nan nan nan nan nan nan nan nan nan nan nan nan nan nan nan nan nan nan nan nan 19.3 21.2 22.5 22.7 nan 8.9 12.8 19.8 10.6 nan nan 23.9 23.2 22.2 20.9 19.9 19.1 18.7 18.2 18.0 17.9 18.4 19.1 19.7 20.2 20.1 17.9 -9999.0 -9999.0 -9999.0 -9999.0 -9999.0 -9999.0 -9999.0 -9999.0 -9999.0 -9999.0 -9999.0 nan nan nan nan nan -9999.0 -9999.0 -9999.0 -9999.0 -9999.0 -9999.0 -9999.0 -9999.0 -9999.0 -9999.0 -9999.0 -9999.0 -9999.0 -9999.0 -9999.0 -9999.0
nan nan nan nan nan nan nan nan nan nan nan nan nan nan nan nan nan nan nan nan nan nan nan nan nan nan nan nan nan nan nan 8.7 21.3 22.6 20.7 19.0 18.7 14.8 12.3 9.9 10.8 nan 23.8 23.5 22.7 21.4 20.4 19.6 19.0 18.5 18.3 18.2 18.6 19.3 19.9 20.1 20.0 16.2 -9999.0 -9999.0 -9999.0 -9999.0 -9999.0 -9999.0 -9999.0 -9999.0 -9999.0 -9999.0 -9999.0 -9999.0 -9999.0 -9999.0 -9999.0 -9999.0 -9999.0 -9999.0 -9999.0 -9999.0 -9999.0 -9999.0 -9999.0 -9999.0 -9999.0 -9999.0 -9999.0 -9999.0 -9999.0 -9999.0 -9999.0 -9999.0
nan nan nan nan nan nan nan nan nan nan nan nan nan nan nan nan nan nan nan nan nan nan nan nan nan nan nan nan nan nan nan 8.7 17.2 22.4 22.8 22.6 22.1 nan 14.4 16.3 9.3 nan 24.2 23.8 23.3 21.9 21.0 20.1 19.4 18.9 18.7 18.6 18.8 19.4 19.9 20.2 20.0 17.5 -9999.0 -9999.0 -9999.0 -9999.0 -9999.0 -9999.0 -9999.0 -9999.0 -9999.0 -9999.0 -9999.0 -9999.0 -9999.0 -9999.0 -9999.0 -9999.0 -9999.0 -9999.0 -9999.0 -9999.0 -9999.0 -9999.0 -9999.0 -9999.0 -9999.0 -9999.0 -9999.0 -9999.0 -9999.0 -9999.0 -9999.0 -9999.0
nan nan nan nan nan nan nan nan nan nan nan nan nan nan nan nan nan nan nan nan nan nan nan nan nan nan nan nan nan nan nan 8.8 19.3 20.8 22.7 22.5 22.2 nan nan 14.4 10.0 nan nan 24.3 23.7 22.7 21.6 20.6 19.9 19.5 19.2 19.1 19.3 19.6 20.1 20.3 20.2 16.8 -9999.0 -9999.0 -9999.0 -9999.0 -9999.0 -9999.0 -9999.0 -9999.0 -9999.0 -9999.0 -9999.0 -9999.0 -9999.0 -9999.0 -9999.0 -9999.0 -9999.0 -9999.0 -9999.0 -9999.0 -9999.0 -9999.0 -9999.0 -9999.0 -9999.0 -9999.0 -9999.0 -9999.0 -9999.0 -9999.0 -9999.0 -9999.0
nan nan nan nan nan nan nan nan nan nan nan nan nan nan nan nan nan nan nan nan nan nan nan nan nan nan nan nan nan nan nan nan 8.6 22.5 22.5 22.3 nan nan nan 14.4 10.1 8.8 nan nan 22.7 23.2 22.2 21.3 20.4 19.8 19.5 19.5 19.6 19.8 20.1 20.1 20.2 18.3 -9999.0 -9999.0 -9999.0 -9999.0 -9999.0 -9999.0 -9999.0 -9999.0 -9999.0 -9999.0 -9999.0 -9999.0 -9999.0 -9999.0 -9999.0 -9999.0 -9999.0 -9999.0 -9999.0 -9999.0 -9999.0 -9999.0 -9999.0 -9999.0 nan nan nan -9999.0 -9999.0 -9999.0 -9999.0 -9999.0
nan nan nan nan nan nan nan nan nan nan nan nan nan nan nan nan nan nan nan nan nan nan nan nan nan nan nan nan nan nan nan nan 21.3 22.1 22.4 22.4 nan nan nan nan 11.4 8.6 15.9 nan 22.6 22.6 22.9 21.9 21.0 20.5 20.0 19.8 20.0 20.1 20.3 20.4 20.2 20.1 -9999.0 -9999.0 -9999.0 -9999.0 -9999.0 -9999.0 -9999.0 -9999.0 -9999.0 -9999.0 -9999.0 -9999.0 -9999.0 -9999.0 -9999.0 -9999.0 -9999.0 -9999.0 -9999.0 -9999.0 -9999.0 -9999.0 nan nan nan nan nan nan nan nan -9999.0 -9999.0
nan nan nan nan nan nan nan nan nan nan nan nan nan nan nan nan nan nan nan nan nan nan nan nan nan nan nan nan nan nan nan nan nan 22.6 22.7 22.6 nan nan nan nan 15.1 9.6 11.3 11.4 nan 24.0 23.5 22.5 21.8 21.0 20.6 20.3 20.4 20.5 20.7 20.6 20.7 20.8 -9999.0 -9999.0 -9999.0 -9999.0 -9999.0 -9999.0 -9999.0 -9999.0 -9999.0 -9999.0 -9999.0 nan nan nan nan nan nan nan nan nan nan nan nan nan nan nan nan nan nan nan nan nan
nan nan nan nan nan nan nan nan nan nan nan nan nan nan nan nan nan nan nan nan nan nan nan nan nan nan nan nan nan nan nan nan nan 22.8 22.9 22.9 22.6 nan nan nan 21.0 11.4 10.2 19.5 nan nan 22.6 23.1 22.7 21.8 21.3 20.9 20.9 20.9 20.9 20.9 21.1 21.5 -9999.0 -9999.0 -9999.0 -9999.0 -9999.0 -9999.0 -9999.0 -9999.0 -9999.0 -9999.0 nan nan nan nan nan nan nan nan nan nan nan nan nan nan nan nan nan nan nan nan nan nan
