data/output/RUN203/ECOSPACE/ECOSPACE_in_PAR3/PAR-VarZ-VarK/PAR-VarZ-VarK_1996_07.asc
ncols        93
nrows        151 
xllcorner    -123.80739
yllcorner    48.29471 
cellsize     0.013497347 
NODATA_value  0.0
[rows 80 to 119 of 151, columns 0 to 89 of 93]
nan nan nan nan nan nan nan nan nan nan nan nan nan nan nan nan nan nan nan nan nan nan nan 32.5 31.9 32.7 33.5 33.6 33.6 33.5 33.3 33.1 32.8 32.6 32.6 32.8 32.7 32.6 32.4 32.2 31.9 31.5 31.1 30.6 30.0 29.4 28.8 28.1 27.3 26.5 25.4 24.1 23.0 22.4 nan nan nan nan nan nan nan nan nan nan nan nan 17.4 17.8 17.9 18.0 nan 17.6 17.6 17.6 17.7 17.8 17.8 17.6 17.5 17.8 18.3 18.4 18.2 nan nan nan nan nan nan nan
nan nan nan nan nan nan nan nan nan nan nan nan nan nan nan nan nan nan nan nan nan nan nan nan nan nan 33.3 33.1 32.9 33.1 33.2 32.9 32.7 32.5 32.3 32.5 32.5 32.4 32.2 32.1 31.9 31.5 31.1 30.6 30.1 29.5 29.0 28.4 27.7 27.0 26.0 24.8 23.6 22.7 21.7 nan nan nan nan nan nan nan nan nan nan nan 17.9 17.9 nan nan nan nan nan 17.8 17.9 18.1 nan 17.7 17.9 18.3 18.7 19.0 nan nan nan nan nan nan nan nan
nan nan nan nan nan nan nan nan nan nan nan nan nan nan nan nan nan nan nan nan nan nan nan nan nan nan nan 32.7 32.6 32.7 32.9 32.7 32.5 32.4 32.2 32.2 32.2 32.2 32.0 31.8 31.7 31.4 31.0 30.6 30.1 29.6 29.1 28.6 28.0 27.3 26.4 25.4 24.2 23.0 22.1 21.4 nan nan nan nan nan nan nan nan nan 17.9 18.4 nan nan nan nan nan nan 17.8 17.9 18.0 nan 17.9 18.4 18.8 19.1 nan nan nan nan nan nan nan nan nan
nan nan nan nan nan nan nan nan nan nan nan nan nan nan nan nan nan nan nan nan nan nan nan nan nan nan nan nan 31.2 32.1 32.7 32.5 32.4 32.3 32.1 32.0 32.0 31.9 31.7 31.5 31.4 31.1 30.8 30.4 30.0 29.5 29.0 28.6 28.1 27.5 26.7 25.9 24.8 23.6 22.6 21.8 21.2 nan nan nan nan nan nan nan nan 17.9 18.3 nan nan nan nan nan nan 17.8 18.0 18.2 18.6 19.0 19.0 19.0 nan nan nan nan nan nan nan nan nan nan
nan nan nan nan nan nan nan nan nan nan nan nan nan nan nan nan nan nan nan nan nan nan nan nan nan nan nan nan nan 17.7 32.8 32.6 32.2 32.2 32.0 31.8 31.7 31.6 31.4 31.2 31.1 30.8 30.5 30.2 29.8 29.4 29.0 28.5 28.1 27.6 27.0 26.2 25.4 24.3 23.2 22.3 21.6 21.1 nan nan nan nan nan nan 17.8 18.1 18.3 nan 18.6 18.7 18.8 nan nan 17.9 18.2 18.5 19.1 19.7 nan nan nan nan nan nan nan nan nan nan nan nan
nan nan nan nan nan nan nan nan nan nan nan nan nan nan nan nan nan nan nan nan nan nan nan nan nan nan nan nan nan nan 18.0 32.2 32.1 32.1 32.0 31.8 31.6 31.4 31.2 31.0 30.7 30.5 30.3 30.0 29.6 29.2 28.8 28.4 28.0 27.6 27.1 26.5 25.8 24.9 23.9 22.9 22.2 21.6 nan nan nan nan nan 17.9 18.1 18.3 18.5 18.6 18.6 18.7 18.7 13.0 nan 17.9 18.4 18.8 19.2 19.6 nan nan nan nan nan nan nan nan nan nan nan nan
nan nan nan nan nan nan nan nan nan nan nan nan nan nan nan nan nan nan nan nan nan nan nan nan nan nan nan nan nan nan nan 29.8 31.5 31.9 32.0 31.8 31.5 31.2 31.0 30.7 30.5 30.2 30.0 29.7 29.4 29.1 28.7 28.3 28.0 27.6 27.2 26.8 26.2 25.4 24.5 23.6 22.9 22.1 21.2 nan nan 18.5 18.8 18.7 18.5 18.7 18.9 18.9 18.9 18.9 18.9 nan nan 18.2 18.6 19.0 19.4 19.6 nan nan nan nan nan nan nan nan nan nan nan nan
nan nan nan nan nan nan nan nan nan nan nan nan nan nan nan nan nan nan nan nan nan nan nan nan nan nan nan nan nan nan nan nan 31.7 31.5 31.8 31.6 31.4 31.1 30.8 30.5 30.2 30.0 29.7 29.5 29.2 28.9 28.6 28.2 27.9 27.6 27.3 26.9 26.5 25.9 25.1 24.2 23.4 22.6 21.8 20.5 19.9 19.7 19.5 nan 19.0 19.3 19.6 19.8 19.8 19.7 19.6 19.2 19.0 18.9 18.9 19.2 19.5 nan nan nan nan nan nan nan nan nan nan nan nan nan
nan nan nan nan nan nan nan nan nan nan nan nan nan nan nan nan nan nan nan nan nan nan nan nan nan nan nan nan nan nan 31.3 31.4 31.6 31.2 31.3 31.3 31.3 30.9 30.6 30.3 30.0 29.8 29.6 29.4 29.1 28.7 28.4 28.1 27.8 27.5 27.3 27.0 26.7 26.3 25.6 24.9 24.0 23.1 22.2 21.4 20.8 20.4 20.3 20.4 20.3 20.4 20.7 20.8 20.7 20.6 20.2 19.7 19.5 19.2 19.2 19.5 19.5 nan nan nan nan nan nan nan nan nan nan nan nan nan
nan nan nan nan nan nan nan nan nan nan nan nan nan nan nan nan nan nan nan nan nan nan nan nan nan nan nan nan nan nan nan nan 30.9 30.5 30.8 30.7 30.8 30.7 30.6 30.3 29.9 29.7 29.4 29.2 28.9 28.5 28.2 28.0 27.7 27.4 27.2 27.0 26.8 26.5 26.1 25.5 24.8 24.0 23.2 22.4 21.8 21.4 21.3 21.4 21.1 21.0 21.2 nan nan nan 20.3 20.1 19.8 19.4 19.4 19.5 nan nan nan nan nan nan nan nan nan nan nan nan nan nan
nan nan nan nan nan nan nan nan nan nan nan nan nan nan nan nan nan nan nan nan nan nan nan nan nan nan nan nan nan nan 20.3 18.2 30.2 30.2 29.7 30.2 30.0 30.3 30.4 30.3 30.0 29.7 29.4 29.0 28.7 28.3 28.0 27.8 27.5 27.3 27.2 27.0 26.9 26.6 26.3 25.9 25.4 24.9 24.1 23.3 22.6 22.2 22.1 22.0 nan nan nan nan nan nan nan 20.4 19.9 19.5 19.4 19.4 nan nan nan nan nan nan nan nan nan nan nan nan nan nan
nan nan nan nan nan nan nan nan nan nan nan nan nan nan nan nan nan nan nan nan nan nan nan nan nan nan nan nan nan nan 18.4 29.4 30.0 30.0 29.7 18.7 29.7 30.6 30.5 30.4 30.1 29.8 29.4 29.0 28.5 28.2 27.8 27.6 27.4 27.2 27.1 27.0 26.8 26.7 26.4 26.2 25.8 25.3 24.8 24.0 23.2 22.7 22.4 nan nan nan nan nan nan 19.5 19.7 20.1 19.7 19.5 19.4 nan nan nan nan nan nan nan nan nan nan nan nan nan nan nan
nan nan nan nan nan nan nan nan nan nan nan nan nan nan nan nan nan nan nan nan nan nan nan nan nan nan nan nan nan nan 20.3 28.4 30.0 30.1 nan nan nan 29.8 30.0 29.9 29.9 29.5 29.2 28.8 28.4 28.0 27.7 27.5 27.3 27.1 27.0 26.9 26.8 26.7 26.5 26.4 26.1 25.7 25.2 24.5 23.8 23.1 22.7 nan nan nan nan nan 19.7 19.7 19.7 19.8 19.5 19.3 nan nan nan nan nan nan nan nan nan nan nan nan nan nan nan nan
nan nan nan nan nan nan nan nan nan nan nan nan nan nan nan nan nan nan nan nan nan nan nan nan nan nan nan nan nan nan 20.2 17.2 30.0 30.2 nan nan nan 27.3 29.0 29.1 29.3 29.3 29.0 28.6 28.2 27.9 27.6 27.4 27.2 27.1 27.0 26.9 26.9 26.8 26.7 26.5 26.4 26.1 25.6 24.9 24.2 23.5 22.9 21.7 21.0 nan 19.7 19.8 19.8 19.7 19.6 19.5 nan nan nan nan nan nan nan nan nan nan nan nan nan nan nan nan nan nan
nan nan nan nan nan nan nan nan nan nan nan nan nan nan nan nan nan nan nan nan nan nan nan nan nan nan nan nan nan nan nan nan 30.0 26.0 nan nan nan nan 28.4 28.3 28.6 28.9 28.8 28.4 28.0 27.7 27.5 27.3 27.1 27.0 27.0 27.0 26.9 26.9 26.8 26.7 26.6 26.4 26.0 25.4 24.7 23.9 23.1 22.4 21.8 21.0 20.5 20.0 19.8 19.5 19.2 nan nan nan nan nan nan nan nan nan nan nan nan nan nan nan nan nan nan nan
nan nan nan nan nan nan nan nan nan nan nan nan nan nan nan nan nan nan nan nan nan nan nan nan nan nan nan nan nan nan nan nan nan 24.0 13.8 nan nan nan 18.0 28.2 28.3 28.3 28.4 28.2 27.9 27.5 27.4 27.2 27.1 27.1 27.0 27.0 27.0 27.0 27.0 26.9 26.8 26.6 26.3 25.8 25.2 24.5 23.8 23.0 22.2 21.4 20.7 20.2 19.8 19.4 18.9 nan nan nan nan nan nan nan nan nan nan nan nan nan nan nan nan nan nan nan
nan nan nan nan nan nan nan nan nan nan nan nan nan nan nan nan nan nan nan nan nan nan nan nan nan nan nan nan nan nan nan nan nan nan 14.9 24.7 nan nan nan nan 27.9 28.5 28.2 28.0 27.6 27.3 27.1 27.1 27.1 27.1 27.1 27.1 27.1 27.1 27.1 27.0 27.0 26.9 26.6 26.2 25.6 25.0 24.3 23.5 22.6 21.8 21.0 20.3 19.8 19.3 19.0 18.6 nan nan nan nan nan nan nan nan nan nan nan nan nan nan nan nan nan nan
nan nan nan nan nan nan nan nan nan nan nan nan nan nan nan nan nan nan nan nan nan nan nan nan nan nan nan nan nan nan nan nan nan nan nan 19.4 20.4 nan nan nan nan 27.0 27.8 27.6 27.2 27.0 26.8 27.0 27.0 27.1 27.1 27.1 27.1 27.1 27.1 27.1 27.0 27.0 26.8 26.4 26.0 25.3 24.6 23.7 22.8 21.9 21.1 20.5 19.9 19.3 18.9 18.8 18.6 12.9 nan nan nan nan nan nan nan nan nan nan nan nan nan nan nan nan
nan nan nan nan nan nan nan nan nan nan nan nan nan nan nan nan nan nan nan nan nan nan nan nan nan nan nan nan nan nan nan nan nan nan 18.4 22.8 27.6 27.7 nan 20.4 nan 24.6 27.0 26.9 26.8 26.7 26.6 26.6 26.8 26.9 27.0 27.1 27.1 27.1 27.2 27.2 27.1 27.0 26.9 26.6 26.1 25.5 24.6 23.6 22.6 21.8 21.1 20.6 20.0 19.4 18.9 18.8 18.6 18.5 nan nan nan nan nan nan nan nan nan nan nan nan nan nan nan nan
nan nan nan nan nan nan nan nan nan nan nan nan nan nan nan nan nan nan nan nan nan nan nan nan nan nan nan nan nan nan nan nan nan nan 27.4 27.4 27.8 27.7 21.2 24.0 25.2 23.1 26.1 26.1 26.3 26.3 26.3 26.4 26.5 26.7 26.9 27.0 27.1 27.1 27.2 27.2 27.1 27.0 26.8 26.5 26.0 25.3 24.3 23.2 22.3 21.4 20.7 20.8 20.1 19.6 18.9 18.7 18.6 18.6 18.7 nan nan nan nan nan nan nan nan nan nan nan nan nan nan nan
nan nan nan nan nan nan nan nan nan nan nan nan nan nan nan nan nan nan nan nan nan nan nan nan nan nan nan nan nan nan nan nan nan nan 27.2 27.4 27.6 27.8 28.0 nan 25.2 24.9 26.0 25.9 25.8 26.0 26.0 26.0 26.2 26.5 26.7 26.9 27.1 27.1 27.1 27.1 27.1 26.9 26.6 26.2 25.6 24.8 -9999.0 -9999.0 -9999.0 -9999.0 -9999.0 -9999.0 -9999.0 14.1 18.9 18.7 18.7 18.5 18.5 nan nan nan nan nan nan nan nan nan nan nan nan nan nan -9999.0
nan nan nan nan nan nan nan nan nan nan nan nan nan nan nan nan nan nan nan nan nan nan nan nan nan nan nan nan nan nan nan nan nan nan 26.8 27.0 27.1 27.1 27.1 nan nan 25.5 26.0 25.9 25.8 25.7 25.8 25.8 26.0 26.3 26.5 26.7 26.9 27.1 27.0 27.0 26.9 26.7 26.4 25.9 25.2 -9999.0 -9999.0 -9999.0 -9999.0 -9999.0 -9999.0 -9999.0 -9999.0 nan 16.7 18.7 18.7 17.8 nan nan nan nan nan nan nan nan nan nan nan nan nan nan nan -9999.0
nan nan nan nan nan nan nan nan nan nan nan nan nan nan nan nan nan nan nan nan nan nan nan nan nan nan nan nan nan nan nan nan nan nan 26.4 26.3 26.4 26.7 27.2 nan 21.3 24.6 25.9 25.7 25.5 25.6 25.6 25.7 25.8 26.0 26.2 26.5 26.6 26.8 26.8 26.7 26.6 26.4 26.0 25.4 24.5 -9999.0 -9999.0 -9999.0 -9999.0 -9999.0 -9999.0 -9999.0 -9999.0 -9999.0 -9999.0 nan 13.6 13.6 nan nan nan nan nan nan nan nan nan nan nan nan nan nan nan -9999.0
nan nan nan nan nan nan nan nan nan nan nan nan nan nan nan nan nan nan nan nan nan nan nan nan nan nan nan nan nan nan nan nan nan nan 25.9 25.9 26.3 26.9 25.2 17.5 23.7 21.8 25.8 25.5 25.4 25.3 25.4 25.6 25.7 25.9 26.0 26.3 26.5 26.5 26.6 26.5 26.3 26.0 25.5 24.8 -9999.0 -9999.0 -9999.0 -9999.0 -9999.0 -9999.0 -9999.0 -9999.0 -9999.0 -9999.0 -9999.0 nan nan nan nan nan nan nan nan nan nan nan nan nan nan nan nan nan nan -9999.0
nan nan nan nan nan nan nan nan nan nan nan nan nan nan nan nan nan nan nan nan nan nan nan nan nan nan nan nan nan nan nan nan 25.0 25.2 25.6 26.1 26.8 27.7 28.4 27.5 nan 25.9 25.5 25.4 25.3 25.2 25.3 25.5 25.6 25.7 25.9 26.0 26.2 26.2 26.3 26.1 25.9 25.5 25.0 -9999.0 -9999.0 -9999.0 -9999.0 -9999.0 -9999.0 -9999.0 -9999.0 -9999.0 -9999.0 -9999.0 -9999.0 -9999.0 nan nan nan nan nan nan nan nan nan nan nan nan nan nan nan nan nan -9999.0
nan nan nan nan nan nan nan nan nan nan nan nan nan nan nan nan nan nan nan nan nan nan nan nan nan nan nan nan nan 20.1 nan nan 25.7 25.7 25.8 26.4 27.4 28.5 29.3 nan nan 25.1 25.2 25.3 25.1 25.1 25.2 25.4 25.6 25.7 25.8 25.8 26.0 26.0 25.9 25.9 25.7 25.3 24.7 -9999.0 -9999.0 -9999.0 -9999.0 -9999.0 -9999.0 -9999.0 -9999.0 -9999.0 -9999.0 -9999.0 -9999.0 -9999.0 -9999.0 -9999.0 nan nan nan nan nan nan nan nan nan nan nan nan nan nan nan -9999.0
nan nan nan nan nan nan nan nan nan nan nan nan nan nan nan nan nan nan nan nan nan nan nan nan nan nan nan nan nan 16.3 16.3 nan 25.9 26.2 25.2 23.8 26.8 28.2 28.6 27.7 nan 24.9 25.1 25.2 25.0 25.0 25.2 25.3 25.4 25.6 25.6 25.6 25.7 25.8 25.8 25.6 25.3 24.9 -9999.0 -9999.0 -9999.0 -9999.0 -9999.0 -9999.0 -9999.0 -9999.0 -9999.0 -9999.0 -9999.0 -9999.0 -9999.0 -9999.0 -9999.0 -9999.0 -9999.0 nan nan nan nan nan nan nan nan nan nan nan nan nan nan -9999.0
nan nan nan nan nan nan nan nan nan nan nan nan nan nan nan nan nan nan nan nan nan nan nan nan nan nan nan nan nan 17.1 25.5 25.6 26.1 26.7 27.3 nan 18.0 27.5 27.8 27.9 nan 24.7 25.0 25.1 25.0 25.0 25.2 25.3 25.4 25.5 25.5 25.5 25.6 25.6 25.6 25.5 25.2 24.9 -9999.0 -9999.0 -9999.0 -9999.0 -9999.0 -9999.0 -9999.0 -9999.0 -9999.0 -9999.0 -9999.0 -9999.0 -9999.0 -9999.0 -9999.0 -9999.0 -9999.0 -9999.0 nan nan nan nan nan nan nan nan nan nan nan nan nan -9999.0
nan nan nan nan nan nan nan nan nan nan nan nan nan nan nan nan nan nan nan nan nan nan nan nan nan nan nan nan nan nan 25.3 25.6 26.1 26.8 26.8 nan nan 27.0 27.1 27.1 nan 22.6 24.1 24.9 24.9 25.0 25.2 25.3 25.4 25.5 25.5 25.4 25.4 25.5 25.4 25.3 25.0 24.7 -9999.0 -9999.0 -9999.0 -9999.0 -9999.0 -9999.0 -9999.0 -9999.0 -9999.0 -9999.0 -9999.0 -9999.0 -9999.0 -9999.0 -9999.0 -9999.0 -9999.0 -9999.0 -9999.0 nan nan nan nan nan nan nan nan nan nan nan nan -9999.0
nan nan nan nan nan nan nan nan nan nan nan nan nan nan nan nan nan nan nan nan nan nan nan nan nan nan nan nan nan nan 23.5 25.5 26.1 26.8 24.6 nan 20.3 22.5 24.5 15.1 22.0 18.2 21.0 24.3 24.8 24.9 25.0 25.1 25.2 25.3 25.3 25.3 25.3 25.4 25.5 25.4 25.1 24.7 -9999.0 -9999.0 -9999.0 -9999.0 -9999.0 -9999.0 -9999.0 -9999.0 -9999.0 -9999.0 -9999.0 -9999.0 -9999.0 -9999.0 -9999.0 -9999.0 -9999.0 -9999.0 -9999.0 -9999.0 nan nan nan nan nan nan nan nan nan nan nan -9999.0
nan nan nan nan nan nan nan nan nan nan nan nan nan nan nan nan nan nan nan nan nan nan nan nan nan nan nan nan nan nan 23.4 25.2 26.0 26.6 26.7 20.3 nan 24.0 19.9 15.3 19.2 nan 24.5 24.8 24.8 24.8 25.0 25.0 25.1 25.1 25.0 25.1 25.2 25.4 25.5 25.5 24.9 19.5 -9999.0 -9999.0 -9999.0 -9999.0 -9999.0 -9999.0 -9999.0 -9999.0 -9999.0 -9999.0 -9999.0 -9999.0 -9999.0 -9999.0 -9999.0 -9999.0 -9999.0 -9999.0 -9999.0 -9999.0 -9999.0 -9999.0 nan nan nan nan nan nan nan nan nan -9999.0
nan nan nan nan nan nan nan nan nan nan nan nan nan nan nan nan nan nan nan nan nan nan nan nan nan nan nan nan nan nan nan 25.4 25.9 26.4 27.0 nan nan 19.7 19.6 19.1 nan nan 24.5 24.6 24.5 24.6 24.9 24.9 25.0 25.0 24.9 25.0 25.2 25.4 25.8 26.0 25.5 22.7 -9999.0 -9999.0 -9999.0 -9999.0 -9999.0 -9999.0 -9999.0 -9999.0 -9999.0 -9999.0 -9999.0 nan nan nan -9999.0 -9999.0 -9999.0 -9999.0 -9999.0 -9999.0 -9999.0 -9999.0 -9999.0 -9999.0 -9999.0 -9999.0 -9999.0 nan nan nan -9999.0 -9999.0
nan nan nan nan nan nan nan nan nan nan nan nan nan nan nan nan nan nan nan nan nan nan nan nan nan nan nan nan nan nan nan 25.0 25.6 26.3 26.9 nan 17.5 19.0 25.2 16.9 nan nan 24.3 24.5 24.4 24.6 24.7 24.9 25.0 25.0 24.9 24.9 25.2 25.6 26.2 26.7 26.8 23.6 -9999.0 -9999.0 -9999.0 -9999.0 -9999.0 -9999.0 -9999.0 -9999.0 -9999.0 -9999.0 -9999.0 nan nan nan nan nan -9999.0 -9999.0 -9999.0 -9999.0 -9999.0 -9999.0 -9999.0 -9999.0 -9999.0 -9999.0 -9999.0 -9999.0 -9999.0 -9999.0 -9999.0 -9999.0
nan nan nan nan nan nan nan nan nan nan nan nan nan nan nan nan nan nan nan nan nan nan nan nan nan nan nan nan nan nan nan 20.0 25.5 26.2 27.0 27.6 25.5 21.8 16.4 13.3 16.8 nan 24.1 24.4 24.5 24.4 24.6 24.9 25.0 25.0 25.0 25.0 25.4 25.9 26.5 27.1 27.5 23.3 -9999.0 -9999.0 -9999.0 -9999.0 -9999.0 -9999.0 -9999.0 -9999.0 -9999.0 -9999.0 -9999.0 -9999.0 -9999.0 -9999.0 -9999.0 -9999.0 -9999.0 -9999.0 -9999.0 -9999.0 -9999.0 -9999.0 -9999.0 -9999.0 -9999.0 -9999.0 -9999.0 -9999.0 -9999.0 -9999.0 -9999.0 -9999.0
nan nan nan nan nan nan nan nan nan nan nan nan nan nan nan nan nan nan nan nan nan nan nan nan nan nan nan nan nan nan nan 20.0 25.4 26.2 27.3 27.8 28.1 nan 17.5 20.1 13.2 nan 24.0 24.2 24.3 24.2 24.6 24.9 25.0 25.0 25.0 25.2 25.5 26.1 26.8 27.3 27.5 23.4 -9999.0 -9999.0 -9999.0 -9999.0 -9999.0 -9999.0 -9999.0 -9999.0 -9999.0 -9999.0 -9999.0 -9999.0 -9999.0 -9999.0 -9999.0 -9999.0 -9999.0 -9999.0 -9999.0 -9999.0 -9999.0 -9999.0 -9999.0 -9999.0 -9999.0 -9999.0 -9999.0 -9999.0 -9999.0 -9999.0 -9999.0 -9999.0
nan nan nan nan nan nan nan nan nan nan nan nan nan nan nan nan nan nan nan nan nan nan nan nan nan nan nan nan nan nan nan 20.0 24.1 26.0 27.2 27.9 28.1 nan nan 18.5 16.9 nan nan 24.2 24.4 24.5 24.5 24.9 25.0 25.0 25.1 25.3 25.7 26.3 26.9 27.5 27.8 22.1 -9999.0 -9999.0 -9999.0 -9999.0 -9999.0 -9999.0 -9999.0 -9999.0 -9999.0 -9999.0 -9999.0 -9999.0 -9999.0 -9999.0 -9999.0 -9999.0 -9999.0 -9999.0 -9999.0 -9999.0 -9999.0 -9999.0 -9999.0 -9999.0 -9999.0 -9999.0 -9999.0 -9999.0 -9999.0 -9999.0 -9999.0 -9999.0
nan nan nan nan nan nan nan nan nan nan nan nan nan nan nan nan nan nan nan nan nan nan nan nan nan nan nan nan nan nan nan nan 18.9 26.2 27.2 28.0 nan nan nan 20.8 16.0 18.8 nan nan 23.9 24.2 24.5 24.7 24.8 24.9 25.1 25.3 25.8 26.4 27.1 27.5 28.0 27.2 -9999.0 -9999.0 -9999.0 -9999.0 -9999.0 -9999.0 -9999.0 -9999.0 -9999.0 -9999.0 -9999.0 -9999.0 -9999.0 -9999.0 -9999.0 -9999.0 -9999.0 -9999.0 -9999.0 -9999.0 -9999.0 -9999.0 -9999.0 -9999.0 nan nan nan -9999.0 -9999.0 -9999.0 -9999.0 -9999.0
nan nan nan nan nan nan nan nan nan nan nan nan nan nan nan nan nan nan nan nan nan nan nan nan nan nan nan nan nan nan nan nan 25.5 26.1 27.0 27.8 nan nan nan nan 18.0 18.8 27.6 nan 23.1 24.0 24.2 24.5 24.7 24.8 25.0 25.3 25.8 26.4 27.0 27.6 28.1 28.0 -9999.0 -9999.0 -9999.0 -9999.0 -9999.0 -9999.0 -9999.0 -9999.0 -9999.0 -9999.0 -9999.0 -9999.0 -9999.0 -9999.0 -9999.0 -9999.0 -9999.0 -9999.0 -9999.0 -9999.0 -9999.0 -9999.0 nan nan nan nan nan nan nan nan -9999.0 -9999.0
nan nan nan nan nan nan nan nan nan nan nan nan nan nan nan nan nan nan nan nan nan nan nan nan nan nan nan nan nan nan nan nan nan 26.1 27.0 27.8 nan nan nan nan 22.2 21.0 26.0 21.1 nan 24.0 24.4 24.5 24.6 24.7 25.0 25.3 25.7 26.3 27.0 27.6 28.0 28.5 -9999.0 -9999.0 -9999.0 -9999.0 -9999.0 -9999.0 -9999.0 -9999.0 -9999.0 -9999.0 -9999.0 nan nan nan nan nan nan nan nan nan nan nan nan nan nan nan nan nan nan nan nan nan
nan nan nan nan nan nan nan nan nan nan nan nan nan nan nan nan nan nan nan nan nan nan nan nan nan nan nan nan nan nan nan nan nan 26.1 27.0 28.2 28.5 nan nan nan 27.1 21.9 23.8 27.5 nan nan 24.0 24.2 24.3 24.5 24.8 25.2 25.6 26.2 26.9 27.6 28.1 28.5 -9999.0 -9999.0 -9999.0 -9999.0 -9999.0 -9999.0 -9999.0 -9999.0 -9999.0 -9999.0 nan nan nan nan nan nan nan nan nan nan nan nan nan nan nan nan nan nan nan nan nan nan
