data/output/RUN203/ECOSPACE/ECOSPACE_in_PAR3/PAR-VarZ-VarK/PAR-VarZ-VarK_1984_04.asc
ncols        93
nrows        151 
xllcorner    -123.80739
yllcorner    48.29471 
cellsize     0.013497347 
NODATA_value  0.0
[rows 80 to 119 of 151, columns 0 to 89 of 93]
nan nan nan nan nan nan nan nan nan nan nan nan nan nan nan nan nan nan nan nan nan nan nan 28.6 27.7 28.9 29.3 30.1 29.0 28.2 27.6 26.6 25.8 25.0 24.3 23.9 23.6 23.3 23.0 22.9 22.9 22.8 22.8 22.8 22.8 22.9 22.8 22.6 22.0 21.5 20.7 19.7 18.6 18.0 nan nan nan nan nan nan nan nan nan nan nan nan 13.9 14.2 14.3 14.4 nan 14.1 14.1 14.1 14.2 14.3 14.3 14.1 14.1 14.2 14.6 14.7 14.8 nan nan nan nan nan nan nan
nan nan nan nan nan nan nan nan nan nan nan nan nan nan nan nan nan nan nan nan nan nan nan nan nan nan 30.7 30.8 30.1 29.2 28.3 27.3 26.7 25.9 24.9 24.5 24.0 23.7 23.5 23.3 23.2 23.1 23.1 23.1 23.1 23.1 23.1 23.0 22.5 22.1 21.3 20.3 19.4 18.4 17.6 nan nan nan nan nan nan nan nan nan nan nan 14.2 14.4 nan nan nan nan nan 14.2 14.4 14.5 nan 14.2 14.4 14.7 15.0 15.2 nan nan nan nan nan nan nan nan
nan nan nan nan nan nan nan nan nan nan nan nan nan nan nan nan nan nan nan nan nan nan nan nan nan nan nan 30.7 30.5 30.4 29.4 28.1 27.1 26.3 25.5 24.8 24.3 24.0 23.7 23.5 23.4 23.4 23.4 23.4 23.5 23.5 23.6 23.5 23.2 22.7 22.0 21.0 20.1 19.1 18.1 17.4 nan nan nan nan nan nan nan nan nan 14.3 14.6 nan nan nan nan nan nan 14.3 14.4 14.5 nan 14.5 14.8 15.1 15.3 nan nan nan nan nan nan nan nan nan
nan nan nan nan nan nan nan nan nan nan nan nan nan nan nan nan nan nan nan nan nan nan nan nan nan nan nan nan 30.1 30.1 30.4 29.1 27.7 26.8 26.0 25.4 24.8 24.4 24.1 23.8 23.7 23.6 23.6 23.6 23.9 23.9 24.0 24.0 23.6 23.2 22.6 21.6 20.7 19.7 18.7 17.9 17.3 nan nan nan nan nan nan nan nan 14.4 14.6 nan nan nan nan nan nan 14.3 14.6 14.7 15.0 15.4 15.3 15.2 nan nan nan nan nan nan nan nan nan nan
nan nan nan nan nan nan nan nan nan nan nan nan nan nan nan nan nan nan nan nan nan nan nan nan nan nan nan nan nan 12.4 30.9 30.2 28.6 27.6 26.6 25.8 25.3 24.8 24.3 24.0 23.9 23.9 23.8 23.9 24.1 24.2 24.4 24.4 24.1 23.8 23.3 22.5 21.5 20.4 19.4 18.5 17.7 17.2 nan nan nan nan nan nan 14.4 14.6 14.8 nan 15.0 15.0 15.1 nan nan 14.4 14.7 15.0 15.3 15.8 nan nan nan nan nan nan nan nan nan nan nan nan
nan nan nan nan nan nan nan nan nan nan nan nan nan nan nan nan nan nan nan nan nan nan nan nan nan nan nan nan nan nan 13.2 30.5 29.5 28.5 27.5 26.5 25.9 25.4 24.7 24.3 24.1 24.1 24.1 24.3 24.5 24.8 24.9 24.8 24.6 24.2 23.7 23.0 22.0 21.1 20.2 19.3 18.5 17.8 nan nan nan nan nan 14.7 14.8 14.9 15.0 15.1 15.1 15.1 15.1 9.2 nan 14.5 14.9 15.2 15.5 15.7 nan nan nan nan nan nan nan nan nan nan nan nan
nan nan nan nan nan nan nan nan nan nan nan nan nan nan nan nan nan nan nan nan nan nan nan nan nan nan nan nan nan nan nan 29.4 29.5 29.5 28.2 27.2 26.5 25.8 25.1 24.6 24.3 24.0 24.0 24.1 24.5 25.1 25.2 25.1 24.9 24.6 24.0 23.2 22.6 21.8 20.9 20.1 19.3 18.4 17.6 nan nan 15.2 15.5 15.4 15.3 15.4 15.5 15.5 15.4 15.4 15.3 nan nan 14.8 15.1 15.4 15.7 15.7 nan nan nan nan nan nan nan nan nan nan nan nan
nan nan nan nan nan nan nan nan nan nan nan nan nan nan nan nan nan nan nan nan nan nan nan nan nan nan nan nan nan nan nan nan 30.6 30.0 28.9 27.9 27.0 26.2 25.5 25.2 24.8 24.6 24.6 24.8 25.1 25.2 25.3 25.2 24.9 24.6 24.1 23.6 23.0 22.3 21.6 20.7 19.8 19.2 18.3 17.2 16.7 16.5 16.5 nan 15.9 16.1 16.2 16.3 16.2 16.0 15.7 15.4 15.3 15.4 15.4 15.6 15.7 nan nan nan nan nan nan nan nan nan nan nan nan nan
nan nan nan nan nan nan nan nan nan nan nan nan nan nan nan nan nan nan nan nan nan nan nan nan nan nan nan nan nan nan 31.1 31.2 30.7 30.2 29.3 28.4 27.7 27.0 26.3 25.7 25.3 25.0 25.0 25.2 25.3 25.2 25.3 25.2 25.0 24.6 24.2 23.9 23.4 22.9 22.3 21.6 20.7 19.6 18.9 18.4 17.9 17.4 17.1 17.0 16.9 17.0 17.2 17.2 17.0 16.9 16.5 15.9 15.8 15.7 15.7 15.8 15.7 nan nan nan nan nan nan nan nan nan nan nan nan nan
nan nan nan nan nan nan nan nan nan nan nan nan nan nan nan nan nan nan nan nan nan nan nan nan nan nan nan nan nan nan nan nan 30.4 30.2 29.4 28.7 28.4 27.9 27.1 26.3 25.8 25.4 25.3 25.4 25.5 25.6 25.3 25.0 24.8 24.5 24.2 23.7 23.6 23.1 22.8 22.4 21.8 21.2 20.4 19.5 18.9 18.3 17.9 17.7 17.5 17.4 17.6 nan nan nan 16.7 16.4 16.1 15.9 15.8 15.8 nan nan nan nan nan nan nan nan nan nan nan nan nan nan
nan nan nan nan nan nan nan nan nan nan nan nan nan nan nan nan nan nan nan nan nan nan nan nan nan nan nan nan nan nan 13.1 12.1 30.1 29.9 29.3 29.1 28.5 27.8 27.0 26.6 26.0 25.7 25.5 25.5 25.6 25.6 25.3 25.0 24.5 24.0 23.6 23.6 23.3 23.1 22.9 22.6 22.2 21.6 21.1 20.1 19.6 19.0 18.4 18.0 nan nan nan nan nan nan nan 16.6 16.3 16.0 15.8 15.7 nan nan nan nan nan nan nan nan nan nan nan nan nan nan
nan nan nan nan nan nan nan nan nan nan nan nan nan nan nan nan nan nan nan nan nan nan nan nan nan nan nan nan nan nan 13.5 29.4 29.8 29.9 29.4 14.7 29.1 28.9 27.8 27.3 26.5 26.0 25.8 25.6 25.5 25.5 25.2 24.9 24.2 23.8 23.6 23.4 23.1 23.0 22.6 22.1 21.8 21.6 21.6 20.5 19.8 19.4 18.7 nan nan nan nan nan nan 16.0 16.2 16.4 16.1 15.9 15.8 nan nan nan nan nan nan nan nan nan nan nan nan nan nan nan
nan nan nan nan nan nan nan nan nan nan nan nan nan nan nan nan nan nan nan nan nan nan nan nan nan nan nan nan nan nan 13.1 27.9 29.6 30.0 nan nan nan 29.0 28.6 27.9 27.0 26.3 26.1 25.9 25.7 25.5 25.2 24.9 24.4 23.9 23.5 23.2 23.1 23.1 22.8 22.4 22.0 21.5 21.2 20.7 20.5 19.6 19.0 nan nan nan nan nan 16.2 16.2 16.1 16.1 15.8 15.7 nan nan nan nan nan nan nan nan nan nan nan nan nan nan nan nan
nan nan nan nan nan nan nan nan nan nan nan nan nan nan nan nan nan nan nan nan nan nan nan nan nan nan nan nan nan nan 13.0 12.5 29.5 29.7 nan nan nan 27.4 28.0 28.4 27.9 26.9 26.2 26.1 25.8 25.5 25.0 24.7 24.1 23.6 23.3 23.1 22.9 22.6 22.4 22.4 22.4 21.7 21.0 21.1 20.6 19.7 19.0 17.7 17.2 nan 16.3 16.3 16.4 16.2 16.0 15.8 nan nan nan nan nan nan nan nan nan nan nan nan nan nan nan nan nan nan
nan nan nan nan nan nan nan nan nan nan nan nan nan nan nan nan nan nan nan nan nan nan nan nan nan nan nan nan nan nan nan nan 29.3 23.2 nan nan nan nan 27.4 28.5 28.0 27.5 26.7 26.2 25.9 25.5 25.1 24.8 24.1 23.6 23.3 23.1 22.9 22.6 22.5 22.3 22.0 21.5 21.4 21.0 20.6 20.0 19.5 18.8 18.0 17.4 16.9 16.6 16.3 16.0 15.6 nan nan nan nan nan nan nan nan nan nan nan nan nan nan nan nan nan nan nan
nan nan nan nan nan nan nan nan nan nan nan nan nan nan nan nan nan nan nan nan nan nan nan nan nan nan nan nan nan nan nan nan nan 26.2 13.7 nan nan nan 12.4 29.3 28.8 27.8 27.1 26.6 26.2 25.7 25.2 24.7 24.0 23.5 23.3 23.1 22.9 22.5 22.6 22.5 22.5 22.2 21.9 21.8 21.1 20.7 20.0 19.5 18.8 17.9 17.2 16.7 16.3 15.9 15.5 nan nan nan nan nan nan nan nan nan nan nan nan nan nan nan nan nan nan nan
nan nan nan nan nan nan nan nan nan nan nan nan nan nan nan nan nan nan nan nan nan nan nan nan nan nan nan nan nan nan nan nan nan nan 13.6 26.4 nan nan nan nan 29.0 28.8 27.9 27.5 26.6 25.9 25.2 24.6 23.9 23.5 23.2 23.0 22.9 22.6 22.5 22.7 22.9 22.4 22.3 22.2 21.5 21.1 20.4 19.9 19.1 18.2 17.4 16.8 16.3 15.9 15.6 15.4 nan nan nan nan nan nan nan nan nan nan nan nan nan nan nan nan nan nan
nan nan nan nan nan nan nan nan nan nan nan nan nan nan nan nan nan nan nan nan nan nan nan nan nan nan nan nan nan nan nan nan nan nan nan 19.8 13.3 nan nan nan nan 26.8 28.2 27.8 27.0 26.2 25.4 24.7 24.1 23.6 23.2 23.0 22.9 22.7 22.6 23.0 23.2 22.9 23.1 22.9 22.3 21.7 20.9 20.4 19.5 18.4 17.5 16.8 16.3 15.9 15.6 15.5 15.5 9.0 nan nan nan nan nan nan nan nan nan nan nan nan nan nan nan nan
nan nan nan nan nan nan nan nan nan nan nan nan nan nan nan nan nan nan nan nan nan nan nan nan nan nan nan nan nan nan nan nan nan nan 14.7 17.2 27.2 27.7 nan 13.3 nan 26.5 27.1 27.4 27.1 26.5 25.4 24.8 24.1 23.6 23.3 23.2 23.2 23.1 23.1 23.3 23.5 23.2 23.3 23.4 22.9 22.1 21.3 20.4 19.4 18.3 17.5 16.9 16.5 16.0 15.6 15.5 15.5 15.5 nan nan nan nan nan nan nan nan nan nan nan nan nan nan nan nan
nan nan nan nan nan nan nan nan nan nan nan nan nan nan nan nan nan nan nan nan nan nan nan nan nan nan nan nan nan nan nan nan nan nan 27.5 26.9 27.4 25.3 14.6 25.3 26.7 22.3 25.7 27.8 27.4 26.6 25.7 24.8 24.2 23.7 23.5 23.5 23.5 23.6 23.6 23.8 23.8 23.6 23.5 23.8 23.2 22.5 21.5 20.4 19.2 18.1 17.0 17.0 16.8 16.3 15.7 15.6 15.6 15.7 15.8 nan nan nan nan nan nan nan nan nan nan nan nan nan nan nan
nan nan nan nan nan nan nan nan nan nan nan nan nan nan nan nan nan nan nan nan nan nan nan nan nan nan nan nan nan nan nan nan nan nan 27.9 27.8 27.5 27.8 25.4 nan 28.2 24.6 27.8 27.9 27.5 26.6 25.6 24.8 24.1 23.8 23.7 23.7 23.8 24.0 24.0 24.0 24.0 23.8 23.9 24.0 23.4 22.4 -9999.0 -9999.0 -9999.0 -9999.0 -9999.0 -9999.0 -9999.0 9.6 16.0 15.8 15.7 15.7 15.8 nan nan nan nan nan nan nan nan nan nan nan nan nan nan -9999.0
nan nan nan nan nan nan nan nan nan nan nan nan nan nan nan nan nan nan nan nan nan nan nan nan nan nan nan nan nan nan nan nan nan nan 27.8 27.7 27.7 27.7 27.3 nan nan 28.8 28.8 28.4 27.5 26.7 25.6 24.7 24.1 23.8 23.9 23.8 24.0 24.2 24.4 24.5 24.3 24.0 24.1 24.2 23.3 -9999.0 -9999.0 -9999.0 -9999.0 -9999.0 -9999.0 -9999.0 -9999.0 nan 11.1 15.8 15.8 15.3 nan nan nan nan nan nan nan nan nan nan nan nan nan nan nan -9999.0
nan nan nan nan nan nan nan nan nan nan nan nan nan nan nan nan nan nan nan nan nan nan nan nan nan nan nan nan nan nan nan nan nan nan 27.6 27.7 27.6 27.6 26.5 nan 23.8 24.8 28.5 28.1 27.2 26.2 25.1 24.5 23.9 23.9 24.0 24.0 24.1 24.4 24.7 24.7 24.6 24.3 24.2 24.1 23.2 -9999.0 -9999.0 -9999.0 -9999.0 -9999.0 -9999.0 -9999.0 -9999.0 -9999.0 -9999.0 nan 9.4 9.4 nan nan nan nan nan nan nan nan nan nan nan nan nan nan nan -9999.0
nan nan nan nan nan nan nan nan nan nan nan nan nan nan nan nan nan nan nan nan nan nan nan nan nan nan nan nan nan nan nan nan nan nan 27.5 27.5 27.4 24.7 23.8 15.9 25.5 21.3 27.3 28.0 27.2 26.2 25.1 24.4 23.9 23.9 23.9 24.1 24.3 24.6 24.9 24.9 24.7 24.5 24.0 24.0 -9999.0 -9999.0 -9999.0 -9999.0 -9999.0 -9999.0 -9999.0 -9999.0 -9999.0 -9999.0 -9999.0 nan nan nan nan nan nan nan nan nan nan nan nan nan nan nan nan nan nan -9999.0
nan nan nan nan nan nan nan nan nan nan nan nan nan nan nan nan nan nan nan nan nan nan nan nan nan nan nan nan nan nan nan nan 23.2 24.5 25.8 27.4 27.5 27.6 25.4 23.6 nan 27.6 28.2 27.7 26.9 25.8 25.0 24.2 23.8 23.8 23.9 24.1 24.4 24.7 25.1 25.2 25.0 24.9 24.4 -9999.0 -9999.0 -9999.0 -9999.0 -9999.0 -9999.0 -9999.0 -9999.0 -9999.0 -9999.0 -9999.0 -9999.0 -9999.0 nan nan nan nan nan nan nan nan nan nan nan nan nan nan nan nan nan -9999.0
nan nan nan nan nan nan nan nan nan nan nan nan nan nan nan nan nan nan nan nan nan nan nan nan nan nan nan nan nan 13.1 nan nan 27.3 27.0 27.1 26.9 27.6 27.9 28.0 nan nan 28.6 28.5 28.2 27.3 26.3 24.9 24.1 23.7 23.8 23.9 23.9 24.4 24.6 25.1 25.2 25.3 25.0 24.5 -9999.0 -9999.0 -9999.0 -9999.0 -9999.0 -9999.0 -9999.0 -9999.0 -9999.0 -9999.0 -9999.0 -9999.0 -9999.0 -9999.0 -9999.0 nan nan nan nan nan nan nan nan nan nan nan nan nan nan nan -9999.0
nan nan nan nan nan nan nan nan nan nan nan nan nan nan nan nan nan nan nan nan nan nan nan nan nan nan nan nan nan 11.7 11.7 nan 27.3 27.3 24.2 25.0 25.8 28.1 28.3 27.5 nan 29.0 28.8 28.0 27.4 26.2 25.0 24.0 23.5 23.6 23.7 23.8 24.2 24.6 24.9 25.2 25.4 25.2 -9999.0 -9999.0 -9999.0 -9999.0 -9999.0 -9999.0 -9999.0 -9999.0 -9999.0 -9999.0 -9999.0 -9999.0 -9999.0 -9999.0 -9999.0 -9999.0 -9999.0 nan nan nan nan nan nan nan nan nan nan nan nan nan nan -9999.0
nan nan nan nan nan nan nan nan nan nan nan nan nan nan nan nan nan nan nan nan nan nan nan nan nan nan nan nan nan 12.4 27.0 27.2 27.4 27.5 27.0 nan 12.1 27.7 28.3 27.9 nan 27.1 29.0 28.3 27.5 26.3 25.4 24.1 23.5 23.5 23.6 23.9 24.3 24.7 25.0 25.2 25.4 25.2 -9999.0 -9999.0 -9999.0 -9999.0 -9999.0 -9999.0 -9999.0 -9999.0 -9999.0 -9999.0 -9999.0 -9999.0 -9999.0 -9999.0 -9999.0 -9999.0 -9999.0 -9999.0 nan nan nan nan nan nan nan nan nan nan nan nan nan -9999.0
nan nan nan nan nan nan nan nan nan nan nan nan nan nan nan nan nan nan nan nan nan nan nan nan nan nan nan nan nan nan 26.2 27.2 27.5 27.9 24.4 nan nan 25.2 26.5 25.6 nan 23.0 25.2 28.3 27.8 26.5 25.3 24.3 23.6 23.6 23.7 24.0 24.4 24.8 25.1 25.3 25.3 25.3 -9999.0 -9999.0 -9999.0 -9999.0 -9999.0 -9999.0 -9999.0 -9999.0 -9999.0 -9999.0 -9999.0 -9999.0 -9999.0 -9999.0 -9999.0 -9999.0 -9999.0 -9999.0 -9999.0 nan nan nan nan nan nan nan nan nan nan nan nan -9999.0
nan nan nan nan nan nan nan nan nan nan nan nan nan nan nan nan nan nan nan nan nan nan nan nan nan nan nan nan nan nan 25.0 27.4 27.7 28.1 25.0 nan 13.3 20.7 23.8 13.5 21.0 18.4 20.1 26.8 28.0 27.0 25.6 24.7 24.0 23.8 23.8 24.0 24.4 24.9 25.3 25.2 25.4 25.3 -9999.0 -9999.0 -9999.0 -9999.0 -9999.0 -9999.0 -9999.0 -9999.0 -9999.0 -9999.0 -9999.0 -9999.0 -9999.0 -9999.0 -9999.0 -9999.0 -9999.0 -9999.0 -9999.0 -9999.0 nan nan nan nan nan nan nan nan nan nan nan -9999.0
nan nan nan nan nan nan nan nan nan nan nan nan nan nan nan nan nan nan nan nan nan nan nan nan nan nan nan nan nan nan 25.6 26.7 27.7 28.0 25.0 13.3 nan 25.2 17.4 11.7 18.0 nan 27.5 28.6 28.0 27.0 25.8 25.0 24.2 23.9 23.9 24.1 24.5 24.9 25.3 25.5 25.3 20.5 -9999.0 -9999.0 -9999.0 -9999.0 -9999.0 -9999.0 -9999.0 -9999.0 -9999.0 -9999.0 -9999.0 -9999.0 -9999.0 -9999.0 -9999.0 -9999.0 -9999.0 -9999.0 -9999.0 -9999.0 -9999.0 -9999.0 nan nan nan nan nan nan nan nan nan -9999.0
nan nan nan nan nan nan nan nan nan nan nan nan nan nan nan nan nan nan nan nan nan nan nan nan nan nan nan nan nan nan nan 26.2 27.4 27.8 26.7 nan nan 18.5 16.8 12.4 nan nan 29.1 28.9 28.2 27.0 26.1 25.2 24.3 23.9 23.9 24.1 24.4 25.1 25.6 26.1 25.5 23.0 -9999.0 -9999.0 -9999.0 -9999.0 -9999.0 -9999.0 -9999.0 -9999.0 -9999.0 -9999.0 -9999.0 nan nan nan -9999.0 -9999.0 -9999.0 -9999.0 -9999.0 -9999.0 -9999.0 -9999.0 -9999.0 -9999.0 -9999.0 -9999.0 -9999.0 nan nan nan -9999.0 -9999.0
nan nan nan nan nan nan nan nan nan nan nan nan nan nan nan nan nan nan nan nan nan nan nan nan nan nan nan nan nan nan nan 24.5 26.8 27.6 28.2 nan 12.8 15.4 23.9 12.5 nan nan 29.5 29.4 28.5 27.3 26.4 25.4 24.5 24.1 24.1 24.2 24.5 25.2 25.7 26.5 26.6 23.5 -9999.0 -9999.0 -9999.0 -9999.0 -9999.0 -9999.0 -9999.0 -9999.0 -9999.0 -9999.0 -9999.0 nan nan nan nan nan -9999.0 -9999.0 -9999.0 -9999.0 -9999.0 -9999.0 -9999.0 -9999.0 -9999.0 -9999.0 -9999.0 -9999.0 -9999.0 -9999.0 -9999.0 -9999.0
nan nan nan nan nan nan nan nan nan nan nan nan nan nan nan nan nan nan nan nan nan nan nan nan nan nan nan nan nan nan nan 13.0 26.9 27.6 25.6 25.3 23.9 18.2 14.5 11.4 12.8 nan 29.3 29.8 29.5 27.9 26.9 25.8 24.9 24.4 24.5 24.5 24.8 25.3 25.9 26.5 26.6 21.6 -9999.0 -9999.0 -9999.0 -9999.0 -9999.0 -9999.0 -9999.0 -9999.0 -9999.0 -9999.0 -9999.0 -9999.0 -9999.0 -9999.0 -9999.0 -9999.0 -9999.0 -9999.0 -9999.0 -9999.0 -9999.0 -9999.0 -9999.0 -9999.0 -9999.0 -9999.0 -9999.0 -9999.0 -9999.0 -9999.0 -9999.0 -9999.0
nan nan nan nan nan nan nan nan nan nan nan nan nan nan nan nan nan nan nan nan nan nan nan nan nan nan nan nan nan nan nan 13.0 24.2 27.6 28.0 28.3 27.9 nan 17.3 19.5 10.9 nan 29.4 30.1 29.8 28.7 27.8 26.2 25.4 24.8 24.8 24.9 25.2 25.5 26.1 26.4 26.2 22.8 -9999.0 -9999.0 -9999.0 -9999.0 -9999.0 -9999.0 -9999.0 -9999.0 -9999.0 -9999.0 -9999.0 -9999.0 -9999.0 -9999.0 -9999.0 -9999.0 -9999.0 -9999.0 -9999.0 -9999.0 -9999.0 -9999.0 -9999.0 -9999.0 -9999.0 -9999.0 -9999.0 -9999.0 -9999.0 -9999.0 -9999.0 -9999.0
nan nan nan nan nan nan nan nan nan nan nan nan nan nan nan nan nan nan nan nan nan nan nan nan nan nan nan nan nan nan nan 13.0 23.7 25.6 28.0 28.1 28.0 nan nan 17.0 11.9 nan nan 29.6 30.3 29.5 28.5 26.9 26.0 25.3 25.2 25.1 25.4 25.7 26.3 27.0 26.8 22.1 -9999.0 -9999.0 -9999.0 -9999.0 -9999.0 -9999.0 -9999.0 -9999.0 -9999.0 -9999.0 -9999.0 -9999.0 -9999.0 -9999.0 -9999.0 -9999.0 -9999.0 -9999.0 -9999.0 -9999.0 -9999.0 -9999.0 -9999.0 -9999.0 -9999.0 -9999.0 -9999.0 -9999.0 -9999.0 -9999.0 -9999.0 -9999.0
nan nan nan nan nan nan nan nan nan nan nan nan nan nan nan nan nan nan nan nan nan nan nan nan nan nan nan nan nan nan nan nan 12.6 27.3 27.8 28.1 nan nan nan 17.2 11.7 10.7 nan nan 28.9 29.8 29.0 27.7 26.7 25.9 25.7 25.6 25.8 26.0 26.5 27.2 27.6 22.7 -9999.0 -9999.0 -9999.0 -9999.0 -9999.0 -9999.0 -9999.0 -9999.0 -9999.0 -9999.0 -9999.0 -9999.0 -9999.0 -9999.0 -9999.0 -9999.0 -9999.0 -9999.0 -9999.0 -9999.0 -9999.0 -9999.0 -9999.0 -9999.0 nan nan nan -9999.0 -9999.0 -9999.0 -9999.0 -9999.0
nan nan nan nan nan nan nan nan nan nan nan nan nan nan nan nan nan nan nan nan nan nan nan nan nan nan nan nan nan nan nan nan 25.8 27.0 27.7 28.2 nan nan nan nan 13.4 10.5 19.8 nan 26.6 28.5 29.3 28.2 27.3 26.5 26.4 26.1 26.2 26.3 26.8 27.3 27.8 25.2 -9999.0 -9999.0 -9999.0 -9999.0 -9999.0 -9999.0 -9999.0 -9999.0 -9999.0 -9999.0 -9999.0 -9999.0 -9999.0 -9999.0 -9999.0 -9999.0 -9999.0 -9999.0 -9999.0 -9999.0 -9999.0 -9999.0 nan nan nan nan nan nan nan nan -9999.0 -9999.0
nan nan nan nan nan nan nan nan nan nan nan nan nan nan nan nan nan nan nan nan nan nan nan nan nan nan nan nan nan nan nan nan nan 27.3 28.0 28.5 nan nan nan nan 18.0 11.7 14.5 16.3 nan 29.0 29.9 29.0 28.0 27.0 26.7 26.5 26.6 26.5 26.9 27.5 28.2 25.0 -9999.0 -9999.0 -9999.0 -9999.0 -9999.0 -9999.0 -9999.0 -9999.0 -9999.0 -9999.0 -9999.0 nan nan nan nan nan nan nan nan nan nan nan nan nan nan nan nan nan nan nan nan nan
nan nan nan nan nan nan nan nan nan nan nan nan nan nan nan nan nan nan nan nan nan nan nan nan nan nan nan nan nan nan nan nan nan 27.6 28.1 28.8 28.7 nan nan nan 26.0 13.6 13.1 24.1 nan nan 28.7 29.4 29.0 27.8 27.3 27.0 27.0 27.0 27.2 27.8 28.3 27.2 -9999.0 -9999.0 -9999.0 -9999.0 -9999.0 -9999.0 -9999.0 -9999.0 -9999.0 -9999.0 nan nan nan nan nan nan nan nan nan nan nan nan nan nan nan nan nan nan nan nan nan nan
