data/output/RUN203/ECOSPACE/ECOSPACE_in_PAR3/PAR-VarZ-VarK/PAR-VarZ-VarK_1979_03.asc
ncols        93
nrows        151 
xllcorner    -123.80739
yllcorner    48.29471 
cellsize     0.013497347 
NODATA_value  0.0
[rows 80 to 119 of 151, columns 0 to 89 of 93]
nan nan nan nan nan nan nan nan nan nan nan nan nan nan nan nan nan nan nan nan nan nan nan 27.7 27.2 29.0 29.8 30.8 30.4 29.3 28.1 27.2 26.5 25.7 25.0 24.3 23.9 23.3 22.9 22.6 22.5 22.4 22.2 22.3 22.4 22.4 22.4 22.1 21.9 21.1 20.0 18.5 17.0 16.0 nan nan nan nan nan nan nan nan nan nan nan nan 13.6 13.9 13.9 14.0 nan 13.8 13.8 13.8 13.9 14.0 14.0 13.9 13.8 14.0 14.3 14.4 14.4 nan nan nan nan nan nan nan
nan nan nan nan nan nan nan nan nan nan nan nan nan nan nan nan nan nan nan nan nan nan nan nan nan nan 31.1 31.5 31.0 30.2 29.1 28.1 27.1 26.3 25.6 24.9 24.2 23.6 23.1 22.7 22.4 22.1 22.0 22.0 22.1 22.4 22.4 22.1 21.9 21.2 20.4 19.2 17.8 16.5 15.4 nan nan nan nan nan nan nan nan nan nan nan 13.9 14.0 nan nan nan nan nan 13.9 14.1 14.2 nan 14.0 14.1 14.4 14.7 14.9 nan nan nan nan nan nan nan nan
nan nan nan nan nan nan nan nan nan nan nan nan nan nan nan nan nan nan nan nan nan nan nan nan nan nan nan 31.7 31.4 31.0 30.2 29.1 27.9 27.1 26.1 25.3 24.5 23.8 23.2 22.7 22.2 21.9 21.8 21.9 22.0 22.2 22.2 22.0 21.7 21.3 20.6 19.6 18.5 17.2 16.0 15.4 nan nan nan nan nan nan nan nan nan 13.9 14.2 nan nan nan nan nan nan 14.0 14.1 14.2 nan 14.3 14.6 14.8 15.0 nan nan nan nan nan nan nan nan nan
nan nan nan nan nan nan nan nan nan nan nan nan nan nan nan nan nan nan nan nan nan nan nan nan nan nan nan nan 30.7 30.8 31.0 29.9 28.7 27.8 26.7 25.7 24.7 23.9 23.3 22.6 22.1 21.9 21.7 21.8 21.9 22.1 22.0 21.8 21.5 21.1 20.5 19.7 18.9 17.8 16.7 15.8 15.3 nan nan nan nan nan nan nan nan 13.9 14.2 nan nan nan nan nan nan 14.0 14.2 14.4 14.8 15.2 15.2 15.1 nan nan nan nan nan nan nan nan nan nan
nan nan nan nan nan nan nan nan nan nan nan nan nan nan nan nan nan nan nan nan nan nan nan nan nan nan nan nan nan 11.0 31.1 30.6 29.5 28.4 27.1 26.1 25.0 24.1 23.3 22.7 22.2 21.9 21.6 21.7 21.7 21.8 21.8 21.6 21.4 21.0 20.5 19.8 19.1 18.3 17.3 16.4 15.7 15.4 nan nan nan nan nan nan 14.0 14.2 14.3 nan 14.5 14.5 14.6 nan nan 14.1 14.4 14.8 15.2 15.7 nan nan nan nan nan nan nan nan nan nan nan nan
nan nan nan nan nan nan nan nan nan nan nan nan nan nan nan nan nan nan nan nan nan nan nan nan nan nan nan nan nan nan 11.9 30.8 30.1 29.0 27.8 26.6 25.5 24.4 23.5 23.0 22.4 21.9 21.6 21.7 21.6 21.7 21.6 21.4 21.1 20.8 20.4 19.8 19.1 18.5 17.8 17.0 16.2 15.7 nan nan nan nan nan 14.2 14.3 14.5 14.5 14.6 14.6 14.6 14.6 8.5 nan 14.3 14.7 15.1 15.4 15.7 nan nan nan nan nan nan nan nan nan nan nan nan
nan nan nan nan nan nan nan nan nan nan nan nan nan nan nan nan nan nan nan nan nan nan nan nan nan nan nan nan nan nan nan 30.1 29.7 29.6 28.3 27.1 26.0 24.8 23.9 23.2 22.6 22.0 21.6 21.5 21.4 21.5 21.5 21.3 21.0 20.6 20.3 19.8 19.3 18.8 18.2 17.4 16.6 16.1 15.6 nan nan 14.5 14.8 14.8 14.7 14.9 14.9 14.9 14.9 14.8 14.7 nan nan 14.5 14.9 15.4 15.7 15.8 nan nan nan nan nan nan nan nan nan nan nan nan
nan nan nan nan nan nan nan nan nan nan nan nan nan nan nan nan nan nan nan nan nan nan nan nan nan nan nan nan nan nan nan nan 30.5 29.8 28.6 27.6 26.4 25.3 24.4 23.6 22.8 22.2 21.7 21.5 21.4 21.4 21.4 21.2 20.9 20.5 20.1 19.8 19.4 19.0 18.5 17.8 17.0 16.5 16.1 15.6 15.4 15.3 15.3 nan 15.0 15.3 15.5 15.5 15.4 15.3 15.1 14.9 14.9 15.1 15.3 15.6 15.9 nan nan nan nan nan nan nan nan nan nan nan nan nan
nan nan nan nan nan nan nan nan nan nan nan nan nan nan nan nan nan nan nan nan nan nan nan nan nan nan nan nan nan nan 31.0 31.2 30.3 30.0 29.0 28.0 27.0 26.0 24.8 23.8 23.1 22.4 21.9 21.5 21.4 21.4 21.3 21.1 20.8 20.4 20.1 19.9 19.6 19.3 18.8 18.2 17.6 17.1 16.8 16.4 16.1 15.9 15.8 15.8 15.8 15.9 16.2 16.2 16.1 16.0 15.6 15.3 15.3 15.5 15.7 16.0 16.0 nan nan nan nan nan nan nan nan nan nan nan nan nan
nan nan nan nan nan nan nan nan nan nan nan nan nan nan nan nan nan nan nan nan nan nan nan nan nan nan nan nan nan nan nan nan 30.3 30.1 29.3 28.8 27.8 26.7 25.4 24.1 23.3 22.6 22.1 21.7 21.5 21.3 21.2 21.0 20.7 20.4 20.1 20.0 19.8 19.5 19.1 18.7 18.2 17.8 17.5 17.2 16.8 16.6 16.4 16.4 16.2 16.3 16.5 nan nan nan 15.8 15.7 15.7 15.8 16.0 16.2 nan nan nan nan nan nan nan nan nan nan nan nan nan nan
nan nan nan nan nan nan nan nan nan nan nan nan nan nan nan nan nan nan nan nan nan nan nan nan nan nan nan nan nan nan 11.3 10.5 30.1 30.1 29.7 29.3 28.5 27.2 25.8 24.3 23.4 22.6 22.2 21.8 21.6 21.5 21.3 21.0 20.7 20.4 20.2 20.0 19.9 19.7 19.4 19.1 18.7 18.4 18.1 17.7 17.4 17.1 16.9 16.7 nan nan nan nan nan nan nan 16.0 16.0 16.0 16.2 16.2 nan nan nan nan nan nan nan nan nan nan nan nan nan nan
nan nan nan nan nan nan nan nan nan nan nan nan nan nan nan nan nan nan nan nan nan nan nan nan nan nan nan nan nan nan 12.1 30.1 30.4 30.5 30.1 13.6 28.7 28.0 26.4 25.1 23.8 22.9 22.2 22.0 21.7 21.5 21.4 21.1 20.7 20.5 20.3 20.2 20.0 19.9 19.8 19.5 19.1 18.8 18.5 18.1 17.7 17.4 17.1 nan nan nan nan nan nan 15.7 15.9 16.1 16.1 16.2 16.3 nan nan nan nan nan nan nan nan nan nan nan nan nan nan nan
nan nan nan nan nan nan nan nan nan nan nan nan nan nan nan nan nan nan nan nan nan nan nan nan nan nan nan nan nan nan 11.3 28.5 30.2 30.6 nan nan nan 27.3 27.3 25.9 24.4 23.0 22.3 21.8 21.8 21.6 21.4 21.2 20.8 20.6 20.5 20.4 20.3 20.2 20.0 19.8 19.5 19.2 18.9 18.5 18.0 17.6 17.3 nan nan nan nan nan 15.8 15.9 16.1 16.3 16.2 16.2 nan nan nan nan nan nan nan nan nan nan nan nan nan nan nan nan
nan nan nan nan nan nan nan nan nan nan nan nan nan nan nan nan nan nan nan nan nan nan nan nan nan nan nan nan nan nan 11.2 11.2 29.7 29.9 nan nan nan 26.9 26.7 26.8 25.1 23.5 22.6 21.9 21.6 21.4 21.4 21.2 21.0 20.8 20.7 20.6 20.6 20.5 20.4 20.1 19.9 19.5 19.3 18.9 18.4 17.8 17.4 16.7 16.5 nan 15.9 16.0 16.1 16.1 16.2 16.3 nan nan nan nan nan nan nan nan nan nan nan nan nan nan nan nan nan nan
nan nan nan nan nan nan nan nan nan nan nan nan nan nan nan nan nan nan nan nan nan nan nan nan nan nan nan nan nan nan nan nan 29.6 23.4 nan nan nan nan 25.8 26.7 25.7 24.1 22.9 22.2 21.9 21.5 21.3 21.0 20.9 20.8 20.7 20.8 20.8 20.7 20.6 20.4 20.2 19.9 19.6 19.2 18.8 18.3 17.8 17.3 17.0 16.7 16.5 16.4 16.3 16.2 16.2 nan nan nan nan nan nan nan nan nan nan nan nan nan nan nan nan nan nan nan
nan nan nan nan nan nan nan nan nan nan nan nan nan nan nan nan nan nan nan nan nan nan nan nan nan nan nan nan nan nan nan nan nan 27.9 14.2 nan nan nan 10.8 28.1 26.9 24.9 23.4 22.5 21.9 21.5 21.4 21.1 20.9 20.8 20.8 20.9 20.9 20.9 20.8 20.6 20.4 20.1 19.9 19.5 19.2 18.8 18.4 18.0 17.7 17.3 17.0 16.6 16.5 16.3 16.2 nan nan nan nan nan nan nan nan nan nan nan nan nan nan nan nan nan nan nan
nan nan nan nan nan nan nan nan nan nan nan nan nan nan nan nan nan nan nan nan nan nan nan nan nan nan nan nan nan nan nan nan nan nan 14.5 26.0 nan nan nan nan 27.0 26.1 24.3 23.4 22.5 21.8 21.2 21.0 21.1 20.9 20.9 21.0 21.0 21.1 21.0 20.9 20.7 20.5 20.2 20.0 19.7 19.4 19.0 18.6 18.2 17.8 17.4 16.9 16.5 16.3 16.3 16.2 nan nan nan nan nan nan nan nan nan nan nan nan nan nan nan nan nan nan
nan nan nan nan nan nan nan nan nan nan nan nan nan nan nan nan nan nan nan nan nan nan nan nan nan nan nan nan nan nan nan nan nan nan nan 19.3 11.4 nan nan nan nan 24.4 24.8 23.8 22.9 22.3 21.8 21.3 20.9 20.9 21.0 21.1 21.2 21.2 21.2 21.2 21.1 20.9 20.6 20.4 20.1 19.9 19.6 19.2 18.8 18.2 17.6 17.1 16.7 16.4 16.2 16.3 16.3 8.6 nan nan nan nan nan nan nan nan nan nan nan nan nan nan nan nan
nan nan nan nan nan nan nan nan nan nan nan nan nan nan nan nan nan nan nan nan nan nan nan nan nan nan nan nan nan nan nan nan nan nan 13.1 15.0 24.4 24.8 nan 11.4 nan 25.0 25.0 23.9 23.2 22.4 22.0 21.7 21.3 21.0 21.1 21.2 21.4 21.5 21.5 21.5 21.5 21.3 21.1 20.9 20.7 20.4 20.1 19.7 19.2 18.5 17.8 17.3 16.9 16.5 16.2 16.2 16.3 16.4 nan nan nan nan nan nan nan nan nan nan nan nan nan nan nan nan
nan nan nan nan nan nan nan nan nan nan nan nan nan nan nan nan nan nan nan nan nan nan nan nan nan nan nan nan nan nan nan nan nan nan 25.5 23.3 24.4 22.0 12.9 23.7 25.2 20.7 23.7 24.6 23.7 22.9 22.2 21.8 21.3 21.2 21.1 21.3 21.6 21.8 21.9 22.0 21.9 21.8 21.6 21.5 21.2 21.0 20.5 20.0 19.5 18.6 17.7 17.6 17.3 16.8 16.3 16.2 16.3 16.5 16.7 nan nan nan nan nan nan nan nan nan nan nan nan nan nan nan
nan nan nan nan nan nan nan nan nan nan nan nan nan nan nan nan nan nan nan nan nan nan nan nan nan nan nan nan nan nan nan nan nan nan 25.2 25.1 24.7 24.5 22.2 nan 26.6 23.5 25.5 24.6 24.0 23.1 22.4 22.0 21.6 21.3 21.3 21.4 21.8 22.0 22.2 22.4 22.4 22.4 22.2 22.0 21.7 21.3 -9999.0 -9999.0 -9999.0 -9999.0 -9999.0 -9999.0 -9999.0 8.9 16.6 16.5 16.5 16.5 16.7 nan nan nan nan nan nan nan nan nan nan nan nan nan nan -9999.0
nan nan nan nan nan nan nan nan nan nan nan nan nan nan nan nan nan nan nan nan nan nan nan nan nan nan nan nan nan nan nan nan nan nan 25.3 25.3 25.1 25.0 24.8 nan nan 26.4 25.9 24.9 23.9 23.2 22.6 22.2 21.8 21.6 21.6 21.8 22.1 22.4 22.6 22.8 22.9 22.9 22.7 22.5 22.2 -9999.0 -9999.0 -9999.0 -9999.0 -9999.0 -9999.0 -9999.0 -9999.0 nan 10.2 16.6 16.7 16.3 nan nan nan nan nan nan nan nan nan nan nan nan nan nan nan -9999.0
nan nan nan nan nan nan nan nan nan nan nan nan nan nan nan nan nan nan nan nan nan nan nan nan nan nan nan nan nan nan nan nan nan nan 25.3 25.3 25.2 24.9 24.1 nan 21.8 22.8 25.7 25.0 23.9 23.2 22.7 22.3 21.9 21.9 22.0 22.2 22.5 22.9 23.1 23.3 23.4 23.4 23.4 23.1 22.6 -9999.0 -9999.0 -9999.0 -9999.0 -9999.0 -9999.0 -9999.0 -9999.0 -9999.0 -9999.0 nan 8.8 8.8 nan nan nan nan nan nan nan nan nan nan nan nan nan nan nan -9999.0
nan nan nan nan nan nan nan nan nan nan nan nan nan nan nan nan nan nan nan nan nan nan nan nan nan nan nan nan nan nan nan nan nan nan 24.9 25.2 25.1 21.2 21.9 15.0 24.4 20.2 24.9 25.0 24.1 23.3 22.8 22.4 22.1 22.1 22.3 22.6 22.9 23.3 23.7 24.0 24.1 24.0 23.9 23.5 -9999.0 -9999.0 -9999.0 -9999.0 -9999.0 -9999.0 -9999.0 -9999.0 -9999.0 -9999.0 -9999.0 nan nan nan nan nan nan nan nan nan nan nan nan nan nan nan nan nan nan -9999.0
nan nan nan nan nan nan nan nan nan nan nan nan nan nan nan nan nan nan nan nan nan nan nan nan nan nan nan nan nan nan nan nan 20.4 22.1 22.7 25.0 25.2 24.6 21.9 20.9 nan 25.6 25.6 24.9 23.9 23.3 22.8 22.4 22.3 22.3 22.5 22.9 23.4 23.8 24.2 24.5 24.6 24.6 24.4 -9999.0 -9999.0 -9999.0 -9999.0 -9999.0 -9999.0 -9999.0 -9999.0 -9999.0 -9999.0 -9999.0 -9999.0 -9999.0 nan nan nan nan nan nan nan nan nan nan nan nan nan nan nan nan nan -9999.0
nan nan nan nan nan nan nan nan nan nan nan nan nan nan nan nan nan nan nan nan nan nan nan nan nan nan nan nan nan 11.3 nan nan 24.8 24.0 24.6 24.6 25.4 25.5 25.1 nan nan 26.1 25.7 24.9 24.0 23.2 22.9 22.5 22.5 22.6 22.8 23.3 23.9 24.3 24.7 25.0 25.1 25.1 24.8 -9999.0 -9999.0 -9999.0 -9999.0 -9999.0 -9999.0 -9999.0 -9999.0 -9999.0 -9999.0 -9999.0 -9999.0 -9999.0 -9999.0 -9999.0 nan nan nan nan nan nan nan nan nan nan nan nan nan nan nan -9999.0
nan nan nan nan nan nan nan nan nan nan nan nan nan nan nan nan nan nan nan nan nan nan nan nan nan nan nan nan nan 10.2 10.2 nan 25.4 25.5 22.4 23.2 23.5 25.4 25.5 24.9 nan 26.1 26.0 25.0 24.0 23.4 23.1 22.9 22.8 22.8 23.1 23.6 24.2 24.7 25.1 25.4 25.6 25.6 -9999.0 -9999.0 -9999.0 -9999.0 -9999.0 -9999.0 -9999.0 -9999.0 -9999.0 -9999.0 -9999.0 -9999.0 -9999.0 -9999.0 -9999.0 -9999.0 -9999.0 nan nan nan nan nan nan nan nan nan nan nan nan nan nan -9999.0
nan nan nan nan nan nan nan nan nan nan nan nan nan nan nan nan nan nan nan nan nan nan nan nan nan nan nan nan nan 10.8 25.2 25.5 25.6 25.7 25.7 nan 10.4 24.9 25.6 25.5 nan 24.6 26.0 25.3 24.4 23.7 23.3 23.3 23.1 23.1 23.2 23.7 24.4 24.9 25.3 25.7 26.0 25.9 -9999.0 -9999.0 -9999.0 -9999.0 -9999.0 -9999.0 -9999.0 -9999.0 -9999.0 -9999.0 -9999.0 -9999.0 -9999.0 -9999.0 -9999.0 -9999.0 -9999.0 -9999.0 nan nan nan nan nan nan nan nan nan nan nan nan nan -9999.0
nan nan nan nan nan nan nan nan nan nan nan nan nan nan nan nan nan nan nan nan nan nan nan nan nan nan nan nan nan nan 24.4 25.5 25.7 26.0 22.6 nan nan 22.6 24.5 23.4 nan 20.8 22.6 25.4 24.8 24.1 23.8 23.6 23.5 23.4 23.6 23.9 24.5 25.0 25.5 25.8 26.2 26.3 -9999.0 -9999.0 -9999.0 -9999.0 -9999.0 -9999.0 -9999.0 -9999.0 -9999.0 -9999.0 -9999.0 -9999.0 -9999.0 -9999.0 -9999.0 -9999.0 -9999.0 -9999.0 -9999.0 nan nan nan nan nan nan nan nan nan nan nan nan -9999.0
nan nan nan nan nan nan nan nan nan nan nan nan nan nan nan nan nan nan nan nan nan nan nan nan nan nan nan nan nan nan 23.4 25.6 25.9 26.2 23.4 nan 11.4 19.3 22.0 12.9 20.5 17.6 18.7 24.0 25.0 24.3 24.0 23.9 23.8 23.7 23.7 24.0 24.6 25.1 25.7 26.0 26.4 26.2 -9999.0 -9999.0 -9999.0 -9999.0 -9999.0 -9999.0 -9999.0 -9999.0 -9999.0 -9999.0 -9999.0 -9999.0 -9999.0 -9999.0 -9999.0 -9999.0 -9999.0 -9999.0 -9999.0 -9999.0 nan nan nan nan nan nan nan nan nan nan nan -9999.0
nan nan nan nan nan nan nan nan nan nan nan nan nan nan nan nan nan nan nan nan nan nan nan nan nan nan nan nan nan nan 23.9 25.1 25.9 26.2 22.5 11.3 nan 23.3 16.3 11.3 17.6 nan 25.4 26.0 25.5 24.4 24.1 23.9 23.8 23.7 23.8 24.2 24.8 25.3 25.8 26.3 26.5 21.8 -9999.0 -9999.0 -9999.0 -9999.0 -9999.0 -9999.0 -9999.0 -9999.0 -9999.0 -9999.0 -9999.0 -9999.0 -9999.0 -9999.0 -9999.0 -9999.0 -9999.0 -9999.0 -9999.0 -9999.0 -9999.0 -9999.0 nan nan nan nan nan nan nan nan nan -9999.0
nan nan nan nan nan nan nan nan nan nan nan nan nan nan nan nan nan nan nan nan nan nan nan nan nan nan nan nan nan nan nan 25.1 25.7 25.9 25.6 nan nan 17.1 15.8 11.9 nan nan 26.5 26.3 25.5 24.8 24.2 24.0 23.8 23.8 23.8 24.2 24.8 25.4 26.0 26.6 26.9 23.9 -9999.0 -9999.0 -9999.0 -9999.0 -9999.0 -9999.0 -9999.0 -9999.0 -9999.0 -9999.0 -9999.0 nan nan nan -9999.0 -9999.0 -9999.0 -9999.0 -9999.0 -9999.0 -9999.0 -9999.0 -9999.0 -9999.0 -9999.0 -9999.0 -9999.0 nan nan nan -9999.0 -9999.0
nan nan nan nan nan nan nan nan nan nan nan nan nan nan nan nan nan nan nan nan nan nan nan nan nan nan nan nan nan nan nan 22.6 25.1 25.6 26.2 nan 11.1 13.9 22.4 11.8 nan nan 26.7 26.8 25.9 25.3 24.5 24.2 23.9 23.8 23.9 24.3 24.8 25.4 26.0 26.7 27.1 24.4 -9999.0 -9999.0 -9999.0 -9999.0 -9999.0 -9999.0 -9999.0 -9999.0 -9999.0 -9999.0 -9999.0 nan nan nan nan nan -9999.0 -9999.0 -9999.0 -9999.0 -9999.0 -9999.0 -9999.0 -9999.0 -9999.0 -9999.0 -9999.0 -9999.0 -9999.0 -9999.0 -9999.0 -9999.0
nan nan nan nan nan nan nan nan nan nan nan nan nan nan nan nan nan nan nan nan nan nan nan nan nan nan nan nan nan nan nan 11.0 24.8 25.7 25.0 24.0 21.9 16.5 13.6 10.8 12.0 nan 26.5 27.0 26.6 25.8 25.1 24.5 24.1 23.9 24.0 24.4 24.8 25.4 25.9 26.6 26.8 22.5 -9999.0 -9999.0 -9999.0 -9999.0 -9999.0 -9999.0 -9999.0 -9999.0 -9999.0 -9999.0 -9999.0 -9999.0 -9999.0 -9999.0 -9999.0 -9999.0 -9999.0 -9999.0 -9999.0 -9999.0 -9999.0 -9999.0 -9999.0 -9999.0 -9999.0 -9999.0 -9999.0 -9999.0 -9999.0 -9999.0 -9999.0 -9999.0
nan nan nan nan nan nan nan nan nan nan nan nan nan nan nan nan nan nan nan nan nan nan nan nan nan nan nan nan nan nan nan 11.0 21.6 25.5 26.3 26.3 26.2 nan 16.1 18.3 10.2 nan 27.0 27.1 27.1 26.4 25.6 24.9 24.3 24.0 24.2 24.5 24.8 25.4 25.9 26.5 26.9 24.6 -9999.0 -9999.0 -9999.0 -9999.0 -9999.0 -9999.0 -9999.0 -9999.0 -9999.0 -9999.0 -9999.0 -9999.0 -9999.0 -9999.0 -9999.0 -9999.0 -9999.0 -9999.0 -9999.0 -9999.0 -9999.0 -9999.0 -9999.0 -9999.0 -9999.0 -9999.0 -9999.0 -9999.0 -9999.0 -9999.0 -9999.0 -9999.0
nan nan nan nan nan nan nan nan nan nan nan nan nan nan nan nan nan nan nan nan nan nan nan nan nan nan nan nan nan nan nan 11.1 21.5 23.4 26.1 26.1 26.0 nan nan 16.1 11.1 nan nan 27.0 27.4 26.8 26.0 25.2 24.7 24.5 24.5 24.6 24.9 25.3 25.8 26.4 27.0 23.5 -9999.0 -9999.0 -9999.0 -9999.0 -9999.0 -9999.0 -9999.0 -9999.0 -9999.0 -9999.0 -9999.0 -9999.0 -9999.0 -9999.0 -9999.0 -9999.0 -9999.0 -9999.0 -9999.0 -9999.0 -9999.0 -9999.0 -9999.0 -9999.0 -9999.0 -9999.0 -9999.0 -9999.0 -9999.0 -9999.0 -9999.0 -9999.0
nan nan nan nan nan nan nan nan nan nan nan nan nan nan nan nan nan nan nan nan nan nan nan nan nan nan nan nan nan nan nan nan 10.8 25.2 25.7 25.9 nan nan nan 16.1 11.1 9.8 nan nan 25.5 27.3 26.9 26.0 25.3 24.9 24.8 24.9 25.0 25.4 25.8 26.4 27.3 25.1 -9999.0 -9999.0 -9999.0 -9999.0 -9999.0 -9999.0 -9999.0 -9999.0 -9999.0 -9999.0 -9999.0 -9999.0 -9999.0 -9999.0 -9999.0 -9999.0 -9999.0 -9999.0 -9999.0 -9999.0 -9999.0 -9999.0 -9999.0 -9999.0 nan nan nan -9999.0 -9999.0 -9999.0 -9999.0 -9999.0
nan nan nan nan nan nan nan nan nan nan nan nan nan nan nan nan nan nan nan nan nan nan nan nan nan nan nan nan nan nan nan nan 23.2 24.6 25.4 25.7 nan nan nan nan 12.6 9.7 18.4 nan 25.0 26.2 27.0 26.4 25.7 25.3 25.1 25.0 25.2 25.5 25.9 26.7 27.6 27.2 -9999.0 -9999.0 -9999.0 -9999.0 -9999.0 -9999.0 -9999.0 -9999.0 -9999.0 -9999.0 -9999.0 -9999.0 -9999.0 -9999.0 -9999.0 -9999.0 -9999.0 -9999.0 -9999.0 -9999.0 -9999.0 -9999.0 nan nan nan nan nan nan nan nan -9999.0 -9999.0
nan nan nan nan nan nan nan nan nan nan nan nan nan nan nan nan nan nan nan nan nan nan nan nan nan nan nan nan nan nan nan nan nan 24.9 25.5 25.7 nan nan nan nan 17.0 10.8 13.0 14.3 nan 26.6 27.1 26.7 26.2 25.6 25.4 25.2 25.5 25.9 26.3 26.9 27.8 27.8 -9999.0 -9999.0 -9999.0 -9999.0 -9999.0 -9999.0 -9999.0 -9999.0 -9999.0 -9999.0 -9999.0 nan nan nan nan nan nan nan nan nan nan nan nan nan nan nan nan nan nan nan nan nan
nan nan nan nan nan nan nan nan nan nan nan nan nan nan nan nan nan nan nan nan nan nan nan nan nan nan nan nan nan nan nan nan nan 25.0 25.5 25.8 25.6 nan nan nan 24.2 12.7 11.8 22.9 nan nan 26.2 27.5 27.1 26.6 26.3 25.8 25.9 26.2 26.7 27.2 28.1 29.1 -9999.0 -9999.0 -9999.0 -9999.0 -9999.0 -9999.0 -9999.0 -9999.0 -9999.0 -9999.0 nan nan nan nan nan nan nan nan nan nan nan nan nan nan nan nan nan nan nan nan nan nan
