data/output/RUN203/ECOSPACE/ECOSPACE_in_PAR3/PAR-VarZ-VarK/PAR-VarZ-VarK_1981_03.asc
ncols        93
nrows        151 
xllcorner    -123.80739
yllcorner    48.29471 
cellsize     0.013497347 
NODATA_value  0.0
[rows 80 to 119 of 151, columns 0 to 89 of 93]
nan nan nan nan nan nan nan nan nan nan nan nan nan nan nan nan nan nan nan nan nan nan nan 19.3 18.8 19.2 20.5 21.0 20.7 20.4 20.0 19.6 19.3 19.1 19.0 19.0 18.8 18.8 18.6 18.5 18.4 18.4 18.3 18.1 17.8 17.6 17.3 17.0 16.7 16.3 15.8 15.2 14.6 14.2 nan nan nan nan nan nan nan nan nan nan nan nan 12.1 12.4 12.6 12.6 nan 12.4 12.5 12.5 12.6 12.7 12.7 12.6 12.5 12.7 13.0 13.2 13.3 nan nan nan nan nan nan nan
nan nan nan nan nan nan nan nan nan nan nan nan nan nan nan nan nan nan nan nan nan nan nan nan nan nan 21.3 21.3 21.0 20.7 20.4 20.0 19.6 19.4 19.2 19.1 19.0 18.9 18.7 18.6 18.5 18.5 18.3 18.2 18.0 17.7 17.5 17.2 17.0 16.7 16.2 15.7 15.1 14.5 14.0 nan nan nan nan nan nan nan nan nan nan nan 12.3 12.5 nan nan nan nan nan 12.6 12.7 12.9 nan 12.8 12.9 13.1 13.5 13.8 nan nan nan nan nan nan nan nan
nan nan nan nan nan nan nan nan nan nan nan nan nan nan nan nan nan nan nan nan nan nan nan nan nan nan nan 21.4 21.1 21.1 20.7 20.3 20.0 19.7 19.4 19.2 19.1 19.0 18.7 18.6 18.6 18.5 18.3 18.1 18.0 17.8 17.6 17.5 17.3 17.0 16.7 16.2 15.6 15.0 14.4 14.0 nan nan nan nan nan nan nan nan nan 12.2 12.5 nan nan nan nan nan nan 12.6 12.8 12.9 nan 13.0 13.3 13.6 13.8 nan nan nan nan nan nan nan nan nan
nan nan nan nan nan nan nan nan nan nan nan nan nan nan nan nan nan nan nan nan nan nan nan nan nan nan nan nan 20.1 20.9 21.2 20.8 20.4 20.0 19.6 19.4 19.2 19.0 18.8 18.6 18.5 18.4 18.2 18.2 18.1 17.9 17.8 17.6 17.5 17.3 17.0 16.6 16.1 15.5 14.9 14.3 13.9 nan nan nan nan nan nan nan nan 12.3 12.6 nan nan nan nan nan nan 12.6 12.8 13.0 13.4 13.7 13.8 13.8 nan nan nan nan nan nan nan nan nan nan
nan nan nan nan nan nan nan nan nan nan nan nan nan nan nan nan nan nan nan nan nan nan nan nan nan nan nan nan nan 8.5 21.4 21.1 20.6 20.2 19.8 19.5 19.3 19.0 18.8 18.6 18.5 18.3 18.2 18.2 18.1 18.0 17.9 17.7 17.6 17.5 17.4 17.0 16.6 16.0 15.4 14.8 14.2 13.9 nan nan nan nan nan nan 12.2 12.4 12.6 nan 13.0 13.1 13.2 nan nan 12.6 12.9 13.2 13.6 14.1 nan nan nan nan nan nan nan nan nan nan nan nan
nan nan nan nan nan nan nan nan nan nan nan nan nan nan nan nan nan nan nan nan nan nan nan nan nan nan nan nan nan nan 9.0 21.1 21.0 20.5 20.0 19.6 19.4 19.1 18.9 18.7 18.5 18.3 18.2 18.2 18.1 18.0 17.9 17.8 17.7 17.7 17.6 17.3 16.9 16.4 15.9 15.2 14.7 14.2 nan nan nan nan nan 12.4 12.5 12.7 12.9 13.1 13.1 13.1 13.2 6.9 nan 12.7 13.1 13.4 13.7 14.0 nan nan nan nan nan nan nan nan nan nan nan nan
nan nan nan nan nan nan nan nan nan nan nan nan nan nan nan nan nan nan nan nan nan nan nan nan nan nan nan nan nan nan nan 19.7 20.7 20.7 20.4 20.0 19.6 19.4 19.1 18.9 18.6 18.4 18.1 18.1 18.0 18.0 17.9 17.8 17.8 17.8 17.8 17.5 17.2 16.8 16.3 15.7 15.1 14.6 14.1 nan nan 12.6 12.9 12.9 12.9 13.1 13.3 13.4 13.4 13.3 13.3 nan nan 12.9 13.3 13.6 13.9 14.0 nan nan nan nan nan nan nan nan nan nan nan nan
nan nan nan nan nan nan nan nan nan nan nan nan nan nan nan nan nan nan nan nan nan nan nan nan nan nan nan nan nan nan nan nan 21.2 20.9 20.5 20.1 19.8 19.5 19.3 19.0 18.7 18.4 18.1 18.0 18.0 17.9 17.8 17.7 17.7 17.8 17.8 17.6 17.4 17.1 16.7 16.2 15.7 15.2 14.6 13.9 13.5 13.4 13.5 nan 13.3 13.6 13.9 14.0 14.0 13.9 13.8 13.5 13.4 13.5 13.6 13.8 13.9 nan nan nan nan nan nan nan nan nan nan nan nan nan
nan nan nan nan nan nan nan nan nan nan nan nan nan nan nan nan nan nan nan nan nan nan nan nan nan nan nan nan nan nan 21.3 21.2 21.0 20.8 20.5 20.2 19.9 19.7 19.4 19.0 18.7 18.4 18.1 18.0 18.0 17.9 17.8 17.7 17.7 17.8 17.8 17.7 17.6 17.4 17.1 16.8 16.4 15.9 15.3 14.8 14.4 14.1 14.0 14.0 14.1 14.3 14.6 14.7 14.7 14.7 14.4 14.1 13.9 13.8 13.9 14.0 14.0 nan nan nan nan nan nan nan nan nan nan nan nan nan
nan nan nan nan nan nan nan nan nan nan nan nan nan nan nan nan nan nan nan nan nan nan nan nan nan nan nan nan nan nan nan nan 20.9 20.7 20.4 20.2 20.0 19.7 19.5 19.2 18.9 18.6 18.3 18.1 18.0 17.9 17.8 17.6 17.6 17.6 17.7 17.8 17.8 17.7 17.6 17.4 17.1 16.7 16.2 15.6 15.2 14.8 14.6 14.6 14.6 14.6 14.8 nan nan nan 14.6 14.4 14.2 14.0 14.0 14.0 nan nan nan nan nan nan nan nan nan nan nan nan nan nan
nan nan nan nan nan nan nan nan nan nan nan nan nan nan nan nan nan nan nan nan nan nan nan nan nan nan nan nan nan nan 9.1 8.3 20.6 20.6 20.5 20.4 20.2 20.0 19.8 19.5 19.1 18.7 18.4 18.2 18.0 17.9 17.7 17.6 17.5 17.6 17.6 17.7 17.8 17.8 17.9 17.8 17.6 17.3 16.8 16.3 15.7 15.2 14.9 14.8 nan nan nan nan nan nan nan 14.5 14.2 14.0 14.0 13.9 nan nan nan nan nan nan nan nan nan nan nan nan nan nan
nan nan nan nan nan nan nan nan nan nan nan nan nan nan nan nan nan nan nan nan nan nan nan nan nan nan nan nan nan nan 9.3 20.2 20.5 20.9 20.6 10.2 20.3 20.4 20.2 19.8 19.3 18.9 18.5 18.3 18.1 17.9 17.7 17.5 17.4 17.4 17.5 17.6 17.7 17.9 17.9 18.0 17.9 17.7 17.3 16.7 16.1 15.5 15.1 nan nan nan nan nan nan 13.7 13.8 14.1 13.9 13.9 13.9 nan nan nan nan nan nan nan nan nan nan nan nan nan nan nan
nan nan nan nan nan nan nan nan nan nan nan nan nan nan nan nan nan nan nan nan nan nan nan nan nan nan nan nan nan nan 9.1 19.1 20.6 20.8 nan nan nan 20.4 20.5 20.1 19.6 19.1 18.7 18.4 18.2 17.9 17.7 17.5 17.3 17.3 17.3 17.5 17.6 17.8 17.9 18.0 18.0 17.8 17.5 17.0 16.5 15.9 15.4 nan nan nan nan nan 13.6 13.6 13.6 13.6 13.6 13.6 nan nan nan nan nan nan nan nan nan nan nan nan nan nan nan nan
nan nan nan nan nan nan nan nan nan nan nan nan nan nan nan nan nan nan nan nan nan nan nan nan nan nan nan nan nan nan 9.0 8.6 20.3 20.6 nan nan nan 19.1 20.3 20.5 19.9 19.4 18.9 18.5 18.2 17.9 17.7 17.4 17.2 17.1 17.2 17.3 17.5 17.7 17.8 17.9 17.9 17.8 17.6 17.2 16.7 16.1 15.5 14.6 14.2 nan 13.6 13.7 13.6 13.5 13.4 13.3 nan nan nan nan nan nan nan nan nan nan nan nan nan nan nan nan nan nan
nan nan nan nan nan nan nan nan nan nan nan nan nan nan nan nan nan nan nan nan nan nan nan nan nan nan nan nan nan nan nan nan 20.4 16.6 nan nan nan nan 19.7 20.5 20.3 19.7 19.1 18.7 18.3 18.0 17.7 17.4 17.1 17.0 17.0 17.2 17.4 17.6 17.7 17.9 17.9 17.9 17.8 17.5 17.0 16.4 15.8 15.3 14.8 14.4 14.1 13.9 13.7 13.4 13.2 nan nan nan nan nan nan nan nan nan nan nan nan nan nan nan nan nan nan nan
nan nan nan nan nan nan nan nan nan nan nan nan nan nan nan nan nan nan nan nan nan nan nan nan nan nan nan nan nan nan nan nan nan 18.0 9.5 nan nan nan 8.6 21.0 20.7 20.0 19.4 18.9 18.4 18.0 17.7 17.3 17.1 16.9 16.9 17.1 17.3 17.5 17.7 17.8 17.9 17.9 17.9 17.7 17.3 16.8 16.3 15.8 15.3 14.8 14.4 14.0 13.7 13.4 13.1 nan nan nan nan nan nan nan nan nan nan nan nan nan nan nan nan nan nan nan
nan nan nan nan nan nan nan nan nan nan nan nan nan nan nan nan nan nan nan nan nan nan nan nan nan nan nan nan nan nan nan nan nan nan 9.6 18.2 nan nan nan nan 20.8 20.5 19.7 19.0 18.5 18.1 17.7 17.4 17.1 16.9 16.9 17.0 17.2 17.4 17.6 17.8 17.9 17.9 18.0 17.9 17.6 17.3 16.8 16.2 15.6 15.1 14.6 14.1 13.7 13.4 13.1 12.9 nan nan nan nan nan nan nan nan nan nan nan nan nan nan nan nan nan nan
nan nan nan nan nan nan nan nan nan nan nan nan nan nan nan nan nan nan nan nan nan nan nan nan nan nan nan nan nan nan nan nan nan nan nan 13.7 9.2 nan nan nan nan 19.6 20.0 19.3 18.7 18.2 17.8 17.5 17.1 16.9 16.9 17.0 17.2 17.4 17.6 17.7 17.9 18.0 18.0 18.0 17.9 17.6 17.1 16.5 15.9 15.3 14.7 14.1 13.7 13.3 13.1 13.0 13.0 6.5 nan nan nan nan nan nan nan nan nan nan nan nan nan nan nan nan
nan nan nan nan nan nan nan nan nan nan nan nan nan nan nan nan nan nan nan nan nan nan nan nan nan nan nan nan nan nan nan nan nan nan 10.2 11.8 19.7 19.7 nan 9.2 nan 18.5 20.1 19.5 18.9 18.4 18.0 17.6 17.2 17.0 16.9 17.0 17.2 17.3 17.5 17.7 17.8 18.0 18.1 18.1 18.0 17.8 17.3 16.7 16.0 15.3 14.7 14.1 13.6 13.2 13.0 13.0 13.0 13.0 nan nan nan nan nan nan nan nan nan nan nan nan nan nan nan nan
nan nan nan nan nan nan nan nan nan nan nan nan nan nan nan nan nan nan nan nan nan nan nan nan nan nan nan nan nan nan nan nan nan nan 19.6 19.6 19.9 17.5 9.2 17.7 18.7 15.9 19.4 19.7 19.1 18.5 18.1 17.7 17.3 17.1 17.0 17.0 17.1 17.3 17.5 17.7 17.8 18.0 18.1 18.2 18.1 17.8 17.3 16.7 16.0 15.1 14.2 13.8 13.2 13.3 12.9 12.9 13.0 13.1 13.2 nan nan nan nan nan nan nan nan nan nan nan nan nan nan nan
nan nan nan nan nan nan nan nan nan nan nan nan nan nan nan nan nan nan nan nan nan nan nan nan nan nan nan nan nan nan nan nan nan nan 19.8 19.8 19.8 19.5 17.5 nan 20.0 18.9 20.3 19.8 19.3 18.7 18.3 17.8 17.5 17.2 17.0 17.0 17.1 17.3 17.5 17.6 17.9 18.1 18.2 18.3 18.2 17.8 -9999.0 -9999.0 -9999.0 -9999.0 -9999.0 -9999.0 -9999.0 6.8 13.0 12.9 13.1 13.0 13.2 nan nan nan nan nan nan nan nan nan nan nan nan nan nan -9999.0
nan nan nan nan nan nan nan nan nan nan nan nan nan nan nan nan nan nan nan nan nan nan nan nan nan nan nan nan nan nan nan nan nan nan 19.7 19.7 19.7 19.7 19.7 nan nan 20.6 20.5 20.0 19.4 18.9 18.4 18.0 17.7 17.3 17.1 17.1 17.1 17.3 17.5 17.7 17.9 18.2 18.4 18.4 18.2 -9999.0 -9999.0 -9999.0 -9999.0 -9999.0 -9999.0 -9999.0 -9999.0 nan 7.7 12.7 12.9 12.5 nan nan nan nan nan nan nan nan nan nan nan nan nan nan nan -9999.0
nan nan nan nan nan nan nan nan nan nan nan nan nan nan nan nan nan nan nan nan nan nan nan nan nan nan nan nan nan nan nan nan nan nan 19.5 19.6 19.7 19.8 19.6 nan 16.8 18.2 20.5 20.1 19.6 19.0 18.6 18.1 17.8 17.5 17.2 17.2 17.2 17.4 17.6 17.8 18.1 18.3 18.5 18.4 18.2 -9999.0 -9999.0 -9999.0 -9999.0 -9999.0 -9999.0 -9999.0 -9999.0 -9999.0 -9999.0 nan 6.7 6.7 nan nan nan nan nan nan nan nan nan nan nan nan nan nan nan -9999.0
nan nan nan nan nan nan nan nan nan nan nan nan nan nan nan nan nan nan nan nan nan nan nan nan nan nan nan nan nan nan nan nan nan nan 19.4 19.5 19.8 17.5 16.7 11.0 17.9 15.8 20.0 20.0 19.6 19.1 18.6 18.2 17.8 17.5 17.3 17.2 17.3 17.4 17.6 17.9 18.2 18.5 18.6 18.5 -9999.0 -9999.0 -9999.0 -9999.0 -9999.0 -9999.0 -9999.0 -9999.0 -9999.0 -9999.0 -9999.0 nan nan nan nan nan nan nan nan nan nan nan nan nan nan nan nan nan nan -9999.0
nan nan nan nan nan nan nan nan nan nan nan nan nan nan nan nan nan nan nan nan nan nan nan nan nan nan nan nan nan nan nan nan 16.6 17.3 18.6 19.5 19.8 19.8 17.8 16.6 nan 20.3 20.1 20.0 19.5 19.1 18.6 18.2 17.8 17.5 17.3 17.2 17.3 17.5 17.7 18.0 18.3 18.6 18.7 -9999.0 -9999.0 -9999.0 -9999.0 -9999.0 -9999.0 -9999.0 -9999.0 -9999.0 -9999.0 -9999.0 -9999.0 -9999.0 nan nan nan nan nan nan nan nan nan nan nan nan nan nan nan nan nan -9999.0
nan nan nan nan nan nan nan nan nan nan nan nan nan nan nan nan nan nan nan nan nan nan nan nan nan nan nan nan nan 9.2 nan nan 19.1 19.0 19.6 19.1 19.9 20.0 20.0 nan nan 20.4 20.3 20.0 19.5 19.1 18.6 18.2 17.8 17.5 17.3 17.3 17.3 17.5 17.7 18.1 18.5 18.8 18.8 -9999.0 -9999.0 -9999.0 -9999.0 -9999.0 -9999.0 -9999.0 -9999.0 -9999.0 -9999.0 -9999.0 -9999.0 -9999.0 -9999.0 -9999.0 nan nan nan nan nan nan nan nan nan nan nan nan nan nan nan -9999.0
nan nan nan nan nan nan nan nan nan nan nan nan nan nan nan nan nan nan nan nan nan nan nan nan nan nan nan nan nan 8.2 8.2 nan 19.1 19.4 17.0 17.7 18.1 20.0 20.1 19.2 nan 20.4 20.5 20.1 19.6 19.1 18.6 18.1 17.8 17.5 17.3 17.2 17.3 17.5 17.8 18.2 18.7 19.0 -9999.0 -9999.0 -9999.0 -9999.0 -9999.0 -9999.0 -9999.0 -9999.0 -9999.0 -9999.0 -9999.0 -9999.0 -9999.0 -9999.0 -9999.0 -9999.0 -9999.0 nan nan nan nan nan nan nan nan nan nan nan nan nan nan -9999.0
nan nan nan nan nan nan nan nan nan nan nan nan nan nan nan nan nan nan nan nan nan nan nan nan nan nan nan nan nan 8.7 19.1 19.3 19.5 19.7 19.8 nan 8.4 19.5 20.1 20.0 nan 19.8 20.8 20.3 19.7 19.1 18.5 18.1 17.8 17.5 17.3 17.2 17.3 17.6 17.9 18.4 18.9 19.1 -9999.0 -9999.0 -9999.0 -9999.0 -9999.0 -9999.0 -9999.0 -9999.0 -9999.0 -9999.0 -9999.0 -9999.0 -9999.0 -9999.0 -9999.0 -9999.0 -9999.0 -9999.0 nan nan nan nan nan nan nan nan nan nan nan nan nan -9999.0
nan nan nan nan nan nan nan nan nan nan nan nan nan nan nan nan nan nan nan nan nan nan nan nan nan nan nan nan nan nan 18.5 19.4 19.6 19.9 17.6 nan nan 17.9 18.7 18.2 nan 16.7 18.0 20.2 19.7 19.0 18.5 18.0 17.7 17.5 17.3 17.2 17.4 17.6 18.1 18.6 19.1 19.4 -9999.0 -9999.0 -9999.0 -9999.0 -9999.0 -9999.0 -9999.0 -9999.0 -9999.0 -9999.0 -9999.0 -9999.0 -9999.0 -9999.0 -9999.0 -9999.0 -9999.0 -9999.0 -9999.0 nan nan nan nan nan nan nan nan nan nan nan nan -9999.0
nan nan nan nan nan nan nan nan nan nan nan nan nan nan nan nan nan nan nan nan nan nan nan nan nan nan nan nan nan nan 17.8 19.4 19.7 20.1 17.6 nan 9.2 14.5 16.6 9.3 14.9 13.1 15.3 19.4 19.6 18.9 18.4 18.0 17.6 17.4 17.2 17.3 17.4 17.8 18.2 18.8 19.2 19.4 -9999.0 -9999.0 -9999.0 -9999.0 -9999.0 -9999.0 -9999.0 -9999.0 -9999.0 -9999.0 -9999.0 -9999.0 -9999.0 -9999.0 -9999.0 -9999.0 -9999.0 -9999.0 -9999.0 -9999.0 nan nan nan nan nan nan nan nan nan nan nan -9999.0
nan nan nan nan nan nan nan nan nan nan nan nan nan nan nan nan nan nan nan nan nan nan nan nan nan nan nan nan nan nan 18.0 19.0 19.6 19.9 17.4 9.2 nan 17.8 12.1 8.3 12.7 nan 20.1 20.0 19.4 18.8 18.3 17.9 17.6 17.4 17.2 17.3 17.5 17.8 18.4 19.0 19.1 14.8 -9999.0 -9999.0 -9999.0 -9999.0 -9999.0 -9999.0 -9999.0 -9999.0 -9999.0 -9999.0 -9999.0 -9999.0 -9999.0 -9999.0 -9999.0 -9999.0 -9999.0 -9999.0 -9999.0 -9999.0 -9999.0 -9999.0 nan nan nan nan nan nan nan nan nan -9999.0
nan nan nan nan nan nan nan nan nan nan nan nan nan nan nan nan nan nan nan nan nan nan nan nan nan nan nan nan nan nan nan 19.0 19.3 19.6 19.7 nan nan 12.9 11.9 8.9 nan nan 20.1 19.9 19.3 18.8 18.3 17.9 17.6 17.3 17.2 17.3 17.6 18.0 18.7 19.5 19.6 17.0 -9999.0 -9999.0 -9999.0 -9999.0 -9999.0 -9999.0 -9999.0 -9999.0 -9999.0 -9999.0 -9999.0 nan nan nan -9999.0 -9999.0 -9999.0 -9999.0 -9999.0 -9999.0 -9999.0 -9999.0 -9999.0 -9999.0 -9999.0 -9999.0 -9999.0 nan nan nan -9999.0 -9999.0
nan nan nan nan nan nan nan nan nan nan nan nan nan nan nan nan nan nan nan nan nan nan nan nan nan nan nan nan nan nan nan 17.3 18.9 19.3 19.7 nan 8.9 10.4 17.0 8.6 nan nan 20.0 19.8 19.3 18.8 18.3 17.9 17.6 17.3 17.2 17.4 17.7 18.3 19.0 19.9 20.4 17.0 -9999.0 -9999.0 -9999.0 -9999.0 -9999.0 -9999.0 -9999.0 -9999.0 -9999.0 -9999.0 -9999.0 nan nan nan nan nan -9999.0 -9999.0 -9999.0 -9999.0 -9999.0 -9999.0 -9999.0 -9999.0 -9999.0 -9999.0 -9999.0 -9999.0 -9999.0 -9999.0 -9999.0 -9999.0
nan nan nan nan nan nan nan nan nan nan nan nan nan nan nan nan nan nan nan nan nan nan nan nan nan nan nan nan nan nan nan 9.0 18.5 19.1 19.3 18.6 16.5 12.7 10.1 8.0 8.8 nan 20.0 19.8 19.4 18.9 18.4 18.0 17.6 17.4 17.3 17.4 17.8 18.4 19.2 20.0 19.8 15.5 -9999.0 -9999.0 -9999.0 -9999.0 -9999.0 -9999.0 -9999.0 -9999.0 -9999.0 -9999.0 -9999.0 -9999.0 -9999.0 -9999.0 -9999.0 -9999.0 -9999.0 -9999.0 -9999.0 -9999.0 -9999.0 -9999.0 -9999.0 -9999.0 -9999.0 -9999.0 -9999.0 -9999.0 -9999.0 -9999.0 -9999.0 -9999.0
nan nan nan nan nan nan nan nan nan nan nan nan nan nan nan nan nan nan nan nan nan nan nan nan nan nan nan nan nan nan nan 8.9 17.0 19.2 19.7 19.9 19.9 nan 12.0 13.6 7.4 nan 20.0 20.1 19.5 18.9 18.5 18.1 17.7 17.5 17.4 17.5 17.9 18.5 19.3 20.0 19.9 17.2 -9999.0 -9999.0 -9999.0 -9999.0 -9999.0 -9999.0 -9999.0 -9999.0 -9999.0 -9999.0 -9999.0 -9999.0 -9999.0 -9999.0 -9999.0 -9999.0 -9999.0 -9999.0 -9999.0 -9999.0 -9999.0 -9999.0 -9999.0 -9999.0 -9999.0 -9999.0 -9999.0 -9999.0 -9999.0 -9999.0 -9999.0 -9999.0
nan nan nan nan nan nan nan nan nan nan nan nan nan nan nan nan nan nan nan nan nan nan nan nan nan nan nan nan nan nan nan 9.0 16.1 17.8 19.5 19.7 19.6 nan nan 11.9 8.2 nan nan 20.1 19.7 19.1 18.6 18.2 17.9 17.6 17.5 17.6 18.0 18.5 19.4 20.1 20.7 16.4 -9999.0 -9999.0 -9999.0 -9999.0 -9999.0 -9999.0 -9999.0 -9999.0 -9999.0 -9999.0 -9999.0 -9999.0 -9999.0 -9999.0 -9999.0 -9999.0 -9999.0 -9999.0 -9999.0 -9999.0 -9999.0 -9999.0 -9999.0 -9999.0 -9999.0 -9999.0 -9999.0 -9999.0 -9999.0 -9999.0 -9999.0 -9999.0
nan nan nan nan nan nan nan nan nan nan nan nan nan nan nan nan nan nan nan nan nan nan nan nan nan nan nan nan nan nan nan nan 8.7 19.0 19.3 19.5 nan nan nan 11.9 8.2 7.4 nan nan 19.5 19.3 18.9 18.4 18.0 17.8 17.7 17.8 18.1 18.6 19.4 20.1 20.8 17.9 -9999.0 -9999.0 -9999.0 -9999.0 -9999.0 -9999.0 -9999.0 -9999.0 -9999.0 -9999.0 -9999.0 -9999.0 -9999.0 -9999.0 -9999.0 -9999.0 -9999.0 -9999.0 -9999.0 -9999.0 -9999.0 -9999.0 -9999.0 -9999.0 nan nan nan -9999.0 -9999.0 -9999.0 -9999.0 -9999.0
nan nan nan nan nan nan nan nan nan nan nan nan nan nan nan nan nan nan nan nan nan nan nan nan nan nan nan nan nan nan nan nan 17.5 18.5 19.0 19.4 nan nan nan nan 9.3 7.2 13.7 nan 18.8 19.5 19.0 18.5 18.2 18.0 17.9 17.9 18.2 18.7 19.5 20.3 20.7 20.3 -9999.0 -9999.0 -9999.0 -9999.0 -9999.0 -9999.0 -9999.0 -9999.0 -9999.0 -9999.0 -9999.0 -9999.0 -9999.0 -9999.0 -9999.0 -9999.0 -9999.0 -9999.0 -9999.0 -9999.0 -9999.0 -9999.0 nan nan nan nan nan nan nan nan -9999.0 -9999.0
nan nan nan nan nan nan nan nan nan nan nan nan nan nan nan nan nan nan nan nan nan nan nan nan nan nan nan nan nan nan nan nan nan 18.6 19.1 19.5 nan nan nan nan 12.5 8.1 9.8 11.1 nan 19.6 19.4 18.9 18.5 18.2 18.1 18.1 18.3 18.8 19.5 20.4 21.2 21.1 -9999.0 -9999.0 -9999.0 -9999.0 -9999.0 -9999.0 -9999.0 -9999.0 -9999.0 -9999.0 -9999.0 nan nan nan nan nan nan nan nan nan nan nan nan nan nan nan nan nan nan nan nan nan
nan nan nan nan nan nan nan nan nan nan nan nan nan nan nan nan nan nan nan nan nan nan nan nan nan nan nan nan nan nan nan nan nan 18.8 19.3 19.7 19.6 nan nan nan 17.8 9.4 8.9 16.5 nan nan 19.3 19.1 18.9 18.5 18.4 18.4 18.5 18.9 19.7 20.6 21.6 22.1 -9999.0 -9999.0 -9999.0 -9999.0 -9999.0 -9999.0 -9999.0 -9999.0 -9999.0 -9999.0 nan nan nan nan nan nan nan nan nan nan nan nan nan nan nan nan nan nan nan nan nan nan
