data/output/RUN203/ECOSPACE/ECOSPACE_in_PAR3/PAR-VarZ-VarK/PAR-VarZ-VarK_2016_09.asc
ncols        93
nrows        151 
xllcorner    -123.80739
yllcorner    48.29471 
cellsize     0.013497347 
NODATA_value  0.0
[rows 80 to 119 of 151, columns 0 to 89 of 93]
nan nan nan nan nan nan nan nan nan nan nan nan nan nan nan nan nan nan nan nan nan nan nan 26.0 25.0 25.6 27.1 27.1 26.5 25.7 24.9 24.1 23.3 22.6 22.0 21.4 20.9 20.5 20.1 19.9 19.6 19.4 19.2 19.0 18.7 18.5 18.3 18.0 17.8 17.6 17.3 17.0 16.5 16.2 nan nan nan nan nan nan nan nan nan nan nan nan 12.9 13.2 13.3 13.4 nan 13.0 12.9 12.9 12.9 12.9 12.9 12.7 12.6 12.7 12.9 13.1 13.0 nan nan nan nan nan nan nan
nan nan nan nan nan nan nan nan nan nan nan nan nan nan nan nan nan nan nan nan nan nan nan nan nan nan 27.8 27.3 26.6 25.9 25.1 24.3 23.5 22.8 22.1 21.5 21.0 20.5 20.1 19.8 19.5 19.3 19.1 18.9 18.7 18.5 18.3 18.1 17.9 17.7 17.4 17.0 16.6 16.2 15.8 nan nan nan nan nan nan nan nan nan nan nan 13.3 13.4 nan nan nan nan nan 13.1 13.1 13.1 nan 12.8 12.8 13.1 13.3 13.5 nan nan nan nan nan nan nan nan
nan nan nan nan nan nan nan nan nan nan nan nan nan nan nan nan nan nan nan nan nan nan nan nan nan nan nan 27.4 26.7 26.1 25.4 24.6 23.7 23.0 22.4 21.7 21.1 20.6 20.2 19.8 19.6 19.3 19.1 19.0 18.8 18.6 18.4 18.2 18.0 17.9 17.6 17.2 16.8 16.4 15.9 15.5 nan nan nan nan nan nan nan nan nan 13.3 13.7 nan nan nan nan nan nan 13.1 13.2 13.2 nan 13.1 13.3 13.5 13.6 nan nan nan nan nan nan nan nan nan
nan nan nan nan nan nan nan nan nan nan nan nan nan nan nan nan nan nan nan nan nan nan nan nan nan nan nan nan 25.3 25.9 25.7 24.8 24.0 23.2 22.5 21.9 21.3 20.8 20.3 19.9 19.6 19.4 19.2 19.0 18.9 18.6 18.5 18.3 18.2 18.0 17.8 17.5 17.1 16.6 16.2 15.8 15.5 nan nan nan nan nan nan nan nan 13.4 13.8 nan nan nan nan nan nan 13.1 13.2 13.3 13.6 13.9 13.8 13.7 nan nan nan nan nan nan nan nan nan nan
nan nan nan nan nan nan nan nan nan nan nan nan nan nan nan nan nan nan nan nan nan nan nan nan nan nan nan nan nan 10.7 25.9 25.0 24.1 23.4 22.7 22.0 21.5 21.0 20.5 20.1 19.8 19.5 19.2 19.1 18.9 18.7 18.6 18.5 18.3 18.2 18.1 17.9 17.5 17.1 16.7 16.2 15.8 15.5 nan nan nan nan nan nan 13.4 13.6 13.9 nan 14.1 14.1 14.1 nan nan 13.2 13.4 13.6 13.9 14.4 nan nan nan nan nan nan nan nan nan nan nan nan
nan nan nan nan nan nan nan nan nan nan nan nan nan nan nan nan nan nan nan nan nan nan nan nan nan nan nan nan nan nan 11.1 25.1 24.4 23.6 22.9 22.2 21.7 21.1 20.7 20.3 19.9 19.5 19.2 19.0 18.9 18.8 18.7 18.5 18.5 18.4 18.3 18.2 18.0 17.6 17.2 16.8 16.4 15.9 nan nan nan nan nan 13.6 13.7 14.0 14.1 14.2 14.1 14.1 14.1 8.2 nan 13.3 13.6 13.9 14.2 14.4 nan nan nan nan nan nan nan nan nan nan nan nan
nan nan nan nan nan nan nan nan nan nan nan nan nan nan nan nan nan nan nan nan nan nan nan nan nan nan nan nan nan nan nan 23.4 24.4 23.7 23.0 22.4 21.8 21.3 20.9 20.4 20.0 19.6 19.3 19.0 18.9 18.8 18.7 18.6 18.5 18.5 18.6 18.5 18.4 18.1 17.8 17.4 16.9 16.4 15.7 nan nan 14.0 14.3 14.3 14.2 14.4 14.5 14.5 14.4 14.4 14.3 nan nan 13.6 13.9 14.1 14.4 14.4 nan nan nan nan nan nan nan nan nan nan nan nan
nan nan nan nan nan nan nan nan nan nan nan nan nan nan nan nan nan nan nan nan nan nan nan nan nan nan nan nan nan nan nan nan 24.6 23.8 23.2 22.6 22.1 21.6 21.1 20.6 20.1 19.7 19.4 19.1 19.0 18.8 18.8 18.7 18.6 18.7 18.8 18.9 18.8 18.6 18.3 17.9 17.4 16.9 16.3 15.4 15.0 15.0 15.0 nan 14.7 15.0 15.2 15.2 15.2 15.0 14.8 14.4 14.3 14.2 14.2 14.4 14.5 nan nan nan nan nan nan nan nan nan nan nan nan nan
nan nan nan nan nan nan nan nan nan nan nan nan nan nan nan nan nan nan nan nan nan nan nan nan nan nan nan nan nan nan 24.0 24.2 24.2 23.8 23.3 22.9 22.4 21.8 21.3 20.8 20.3 19.9 19.6 19.3 19.1 19.0 18.9 18.9 18.9 18.9 19.1 19.2 19.2 19.2 19.0 18.6 18.0 17.5 16.9 16.3 16.0 15.7 15.6 15.6 15.6 15.7 15.9 16.0 15.9 15.8 15.4 14.9 14.7 14.6 14.6 14.7 14.6 nan nan nan nan nan nan nan nan nan nan nan nan nan
nan nan nan nan nan nan nan nan nan nan nan nan nan nan nan nan nan nan nan nan nan nan nan nan nan nan nan nan nan nan nan nan 24.0 23.8 23.5 23.3 22.8 22.2 21.6 21.1 20.6 20.2 19.8 19.6 19.4 19.3 19.2 19.1 19.1 19.2 19.3 19.5 19.6 19.6 19.5 19.2 18.8 18.3 17.8 17.2 16.8 16.5 16.3 16.3 16.2 16.1 16.2 nan nan nan 15.5 15.3 15.1 14.9 14.8 14.8 nan nan nan nan nan nan nan nan nan nan nan nan nan nan
nan nan nan nan nan nan nan nan nan nan nan nan nan nan nan nan nan nan nan nan nan nan nan nan nan nan nan nan nan nan 11.6 10.5 23.8 24.0 23.9 23.8 23.4 22.8 22.0 21.5 20.9 20.5 20.1 19.9 19.7 19.6 19.5 19.5 19.5 19.5 19.7 19.8 19.9 20.0 19.9 19.8 19.5 19.0 18.5 18.0 17.5 17.0 16.8 16.6 nan nan nan nan nan nan nan 15.6 15.2 14.9 14.9 14.8 nan nan nan nan nan nan nan nan nan nan nan nan nan nan
nan nan nan nan nan nan nan nan nan nan nan nan nan nan nan nan nan nan nan nan nan nan nan nan nan nan nan nan nan nan 11.5 23.6 24.1 24.5 24.4 12.5 24.1 23.5 22.5 21.9 21.3 20.8 20.4 20.1 20.0 19.9 19.9 19.8 19.8 19.8 20.0 20.1 20.2 20.3 20.3 20.1 19.9 19.6 19.2 18.6 18.0 17.5 17.1 nan nan nan nan nan nan 15.1 15.2 15.4 15.2 15.0 14.9 nan nan nan nan nan nan nan nan nan nan nan nan nan nan nan
nan nan nan nan nan nan nan nan nan nan nan nan nan nan nan nan nan nan nan nan nan nan nan nan nan nan nan nan nan nan 11.6 22.9 24.4 24.9 nan nan nan 23.2 22.8 22.1 21.7 21.2 20.8 20.5 20.3 20.2 20.1 20.1 20.1 20.1 20.3 20.4 20.5 20.5 20.5 20.5 20.4 20.1 19.7 19.2 18.6 18.0 17.6 nan nan nan nan nan 15.3 15.3 15.2 15.2 15.1 14.9 nan nan nan nan nan nan nan nan nan nan nan nan nan nan nan nan
nan nan nan nan nan nan nan nan nan nan nan nan nan nan nan nan nan nan nan nan nan nan nan nan nan nan nan nan nan nan 11.6 10.9 24.5 24.9 nan nan nan 21.6 22.9 22.5 22.1 21.6 21.2 20.8 20.6 20.5 20.4 20.4 20.4 20.5 20.6 20.7 20.8 20.9 20.9 20.9 20.8 20.6 20.2 19.7 19.1 18.5 17.8 16.8 16.3 nan 15.4 15.4 15.4 15.3 15.1 15.1 nan nan nan nan nan nan nan nan nan nan nan nan nan nan nan nan nan nan
nan nan nan nan nan nan nan nan nan nan nan nan nan nan nan nan nan nan nan nan nan nan nan nan nan nan nan nan nan nan nan nan 24.5 21.1 nan nan nan nan 22.6 22.6 22.6 22.1 21.6 21.2 20.9 20.8 20.7 20.7 20.8 20.8 21.0 21.1 21.2 21.3 21.4 21.3 21.2 21.0 20.7 20.3 19.7 19.0 18.3 17.6 17.0 16.4 16.0 15.7 15.5 15.2 15.0 nan nan nan nan nan nan nan nan nan nan nan nan nan nan nan nan nan nan nan
nan nan nan nan nan nan nan nan nan nan nan nan nan nan nan nan nan nan nan nan nan nan nan nan nan nan nan nan nan nan nan nan nan 21.3 11.7 nan nan nan 10.7 23.1 23.1 22.6 22.0 21.6 21.3 21.1 21.1 21.1 21.1 21.2 21.3 21.5 21.6 21.7 21.8 21.7 21.7 21.5 21.2 20.8 20.3 19.7 19.0 18.4 17.7 17.1 16.5 16.0 15.6 15.3 14.9 nan nan nan nan nan nan nan nan nan nan nan nan nan nan nan nan nan nan nan
nan nan nan nan nan nan nan nan nan nan nan nan nan nan nan nan nan nan nan nan nan nan nan nan nan nan nan nan nan nan nan nan nan nan 12.5 21.7 nan nan nan nan 23.4 23.3 22.6 22.1 21.7 21.5 21.4 21.4 21.5 21.6 21.7 21.8 22.0 22.1 22.1 22.1 22.0 21.9 21.7 21.3 20.9 20.3 19.7 19.0 18.2 17.5 16.8 16.2 15.8 15.4 15.0 14.8 nan nan nan nan nan nan nan nan nan nan nan nan nan nan nan nan nan nan
nan nan nan nan nan nan nan nan nan nan nan nan nan nan nan nan nan nan nan nan nan nan nan nan nan nan nan nan nan nan nan nan nan nan nan 16.4 11.9 nan nan nan nan 22.5 23.0 22.5 22.1 21.9 21.8 21.8 21.9 22.0 22.0 22.2 22.3 22.4 22.5 22.4 22.4 22.2 22.0 21.7 21.3 20.7 20.1 19.4 18.6 17.8 17.0 16.4 15.9 15.4 15.1 14.9 14.8 8.2 nan nan nan nan nan nan nan nan nan nan nan nan nan nan nan nan
nan nan nan nan nan nan nan nan nan nan nan nan nan nan nan nan nan nan nan nan nan nan nan nan nan nan nan nan nan nan nan nan nan nan 12.7 15.3 23.7 23.6 nan 11.9 nan 20.8 23.1 22.8 22.4 22.2 22.1 22.2 22.3 22.4 22.4 22.5 22.6 22.7 22.8 22.7 22.7 22.5 22.3 21.9 21.6 21.0 20.4 19.6 18.7 17.8 17.1 16.6 16.1 15.5 15.1 14.9 14.8 14.7 nan nan nan nan nan nan nan nan nan nan nan nan nan nan nan nan
nan nan nan nan nan nan nan nan nan nan nan nan nan nan nan nan nan nan nan nan nan nan nan nan nan nan nan nan nan nan nan nan nan nan 23.7 23.8 23.9 22.4 13.5 21.0 22.2 19.3 23.2 23.0 22.8 22.6 22.6 22.6 22.7 22.7 22.8 22.9 23.0 23.0 23.0 23.0 23.0 22.8 22.5 22.2 21.8 21.2 20.5 19.5 18.5 17.7 16.8 16.6 16.2 15.8 15.2 15.0 14.9 14.9 14.9 nan nan nan nan nan nan nan nan nan nan nan nan nan nan nan
nan nan nan nan nan nan nan nan nan nan nan nan nan nan nan nan nan nan nan nan nan nan nan nan nan nan nan nan nan nan nan nan nan nan 23.7 23.9 23.9 23.4 22.7 nan 23.0 21.8 23.4 23.3 23.1 23.0 22.9 22.9 23.0 23.1 23.1 23.2 23.3 23.3 23.3 23.3 23.2 23.0 22.7 22.4 21.9 21.2 -9999.0 -9999.0 -9999.0 -9999.0 -9999.0 -9999.0 -9999.0 8.8 15.3 15.1 15.0 14.9 14.9 nan nan nan nan nan nan nan nan nan nan nan nan nan nan -9999.0
nan nan nan nan nan nan nan nan nan nan nan nan nan nan nan nan nan nan nan nan nan nan nan nan nan nan nan nan nan nan nan nan nan nan 23.6 23.8 23.8 23.9 24.0 nan nan 23.5 23.7 23.7 23.4 23.3 23.2 23.2 23.3 23.3 23.4 23.5 23.5 23.6 23.5 23.4 23.3 23.1 22.7 22.4 21.9 -9999.0 -9999.0 -9999.0 -9999.0 -9999.0 -9999.0 -9999.0 -9999.0 nan 10.1 14.9 14.9 14.1 nan nan nan nan nan nan nan nan nan nan nan nan nan nan nan -9999.0
nan nan nan nan nan nan nan nan nan nan nan nan nan nan nan nan nan nan nan nan nan nan nan nan nan nan nan nan nan nan nan nan nan nan 23.4 23.5 23.6 23.7 23.8 nan 19.8 21.1 23.9 23.9 23.8 23.6 23.6 23.5 23.5 23.5 23.6 23.7 23.7 23.8 23.7 23.6 23.4 23.2 22.9 22.4 21.8 -9999.0 -9999.0 -9999.0 -9999.0 -9999.0 -9999.0 -9999.0 -9999.0 -9999.0 -9999.0 nan 8.5 8.5 nan nan nan nan nan nan nan nan nan nan nan nan nan nan nan -9999.0
nan nan nan nan nan nan nan nan nan nan nan nan nan nan nan nan nan nan nan nan nan nan nan nan nan nan nan nan nan nan nan nan nan nan 23.2 23.3 23.6 22.5 21.4 14.5 21.9 19.3 23.8 24.0 23.9 23.8 23.7 23.7 23.6 23.6 23.7 23.8 23.8 23.9 23.8 23.7 23.5 23.2 22.9 22.3 -9999.0 -9999.0 -9999.0 -9999.0 -9999.0 -9999.0 -9999.0 -9999.0 -9999.0 -9999.0 -9999.0 nan nan nan nan nan nan nan nan nan nan nan nan nan nan nan nan nan nan -9999.0
nan nan nan nan nan nan nan nan nan nan nan nan nan nan nan nan nan nan nan nan nan nan nan nan nan nan nan nan nan nan nan nan 19.7 21.1 22.8 23.6 24.0 24.4 23.7 22.5 nan 24.3 24.1 24.1 24.0 24.0 23.8 23.7 23.7 23.7 23.8 23.9 23.9 23.9 23.9 23.7 23.5 23.2 22.7 -9999.0 -9999.0 -9999.0 -9999.0 -9999.0 -9999.0 -9999.0 -9999.0 -9999.0 -9999.0 -9999.0 -9999.0 -9999.0 nan nan nan nan nan nan nan nan nan nan nan nan nan nan nan nan nan -9999.0
nan nan nan nan nan nan nan nan nan nan nan nan nan nan nan nan nan nan nan nan nan nan nan nan nan nan nan nan nan 11.8 nan nan 23.1 23.3 23.6 23.8 24.5 24.9 25.3 nan nan 23.8 24.0 24.2 24.2 24.1 24.0 23.8 23.8 23.8 23.9 23.9 23.9 23.9 23.9 23.8 23.6 23.1 22.6 -9999.0 -9999.0 -9999.0 -9999.0 -9999.0 -9999.0 -9999.0 -9999.0 -9999.0 -9999.0 -9999.0 -9999.0 -9999.0 -9999.0 -9999.0 nan nan nan nan nan nan nan nan nan nan nan nan nan nan nan -9999.0
nan nan nan nan nan nan nan nan nan nan nan nan nan nan nan nan nan nan nan nan nan nan nan nan nan nan nan nan nan 10.3 10.4 nan 23.2 23.6 21.9 21.7 22.9 24.8 25.0 24.6 nan 24.0 24.3 24.4 24.4 24.2 24.1 24.0 23.9 23.9 24.0 24.0 23.9 23.9 23.9 23.8 23.6 23.1 -9999.0 -9999.0 -9999.0 -9999.0 -9999.0 -9999.0 -9999.0 -9999.0 -9999.0 -9999.0 -9999.0 -9999.0 -9999.0 -9999.0 -9999.0 -9999.0 -9999.0 nan nan nan nan nan nan nan nan nan nan nan nan nan nan -9999.0
nan nan nan nan nan nan nan nan nan nan nan nan nan nan nan nan nan nan nan nan nan nan nan nan nan nan nan nan nan 10.9 22.9 23.2 23.5 24.0 24.7 nan 10.9 24.2 24.8 25.0 nan 23.6 24.8 24.7 24.7 24.4 24.3 24.1 24.0 24.0 24.0 24.0 23.9 24.0 24.0 23.9 23.6 23.2 -9999.0 -9999.0 -9999.0 -9999.0 -9999.0 -9999.0 -9999.0 -9999.0 -9999.0 -9999.0 -9999.0 -9999.0 -9999.0 -9999.0 -9999.0 -9999.0 -9999.0 -9999.0 nan nan nan nan nan nan nan nan nan nan nan nan nan -9999.0
nan nan nan nan nan nan nan nan nan nan nan nan nan nan nan nan nan nan nan nan nan nan nan nan nan nan nan nan nan nan 22.4 23.1 23.8 24.5 22.4 nan nan 23.3 23.7 24.1 nan 20.8 23.1 24.9 24.8 24.6 24.4 24.2 24.1 24.0 24.0 24.0 24.0 24.0 24.0 23.9 23.6 23.2 -9999.0 -9999.0 -9999.0 -9999.0 -9999.0 -9999.0 -9999.0 -9999.0 -9999.0 -9999.0 -9999.0 -9999.0 -9999.0 -9999.0 -9999.0 -9999.0 -9999.0 -9999.0 -9999.0 nan nan nan nan nan nan nan nan nan nan nan nan -9999.0
nan nan nan nan nan nan nan nan nan nan nan nan nan nan nan nan nan nan nan nan nan nan nan nan nan nan nan nan nan nan 21.1 23.3 24.0 24.7 22.0 nan 12.0 18.1 21.2 12.7 19.1 16.3 19.3 24.5 24.8 24.6 24.3 24.2 24.1 24.0 24.0 24.0 24.0 24.1 24.1 23.9 23.4 22.9 -9999.0 -9999.0 -9999.0 -9999.0 -9999.0 -9999.0 -9999.0 -9999.0 -9999.0 -9999.0 -9999.0 -9999.0 -9999.0 -9999.0 -9999.0 -9999.0 -9999.0 -9999.0 -9999.0 -9999.0 nan nan nan nan nan nan nan nan nan nan nan -9999.0
nan nan nan nan nan nan nan nan nan nan nan nan nan nan nan nan nan nan nan nan nan nan nan nan nan nan nan nan nan nan 21.5 23.1 24.0 24.7 22.9 12.0 nan 21.5 16.6 12.1 16.5 nan 24.5 24.9 24.7 24.5 24.3 24.1 24.0 24.0 24.0 24.0 24.1 24.1 24.0 23.6 23.1 19.5 -9999.0 -9999.0 -9999.0 -9999.0 -9999.0 -9999.0 -9999.0 -9999.0 -9999.0 -9999.0 -9999.0 -9999.0 -9999.0 -9999.0 -9999.0 -9999.0 -9999.0 -9999.0 -9999.0 -9999.0 -9999.0 -9999.0 nan nan nan nan nan nan nan nan nan -9999.0
nan nan nan nan nan nan nan nan nan nan nan nan nan nan nan nan nan nan nan nan nan nan nan nan nan nan nan nan nan nan nan 23.1 23.8 24.4 25.0 nan nan 16.4 16.2 13.6 nan nan 24.8 24.9 24.6 24.4 24.2 24.1 24.0 24.0 24.0 24.1 24.1 24.1 24.1 23.9 23.5 21.0 -9999.0 -9999.0 -9999.0 -9999.0 -9999.0 -9999.0 -9999.0 -9999.0 -9999.0 -9999.0 -9999.0 nan nan nan -9999.0 -9999.0 -9999.0 -9999.0 -9999.0 -9999.0 -9999.0 -9999.0 -9999.0 -9999.0 -9999.0 -9999.0 -9999.0 nan nan nan -9999.0 -9999.0
nan nan nan nan nan nan nan nan nan nan nan nan nan nan nan nan nan nan nan nan nan nan nan nan nan nan nan nan nan nan nan 21.8 23.5 24.2 25.0 nan 11.6 13.9 21.6 12.8 nan nan 24.8 24.8 24.6 24.4 24.2 24.1 23.9 24.0 24.0 24.1 24.2 24.2 24.3 24.4 23.9 20.6 -9999.0 -9999.0 -9999.0 -9999.0 -9999.0 -9999.0 -9999.0 -9999.0 -9999.0 -9999.0 -9999.0 nan nan nan nan nan -9999.0 -9999.0 -9999.0 -9999.0 -9999.0 -9999.0 -9999.0 -9999.0 -9999.0 -9999.0 -9999.0 -9999.0 -9999.0 -9999.0 -9999.0 -9999.0
nan nan nan nan nan nan nan nan nan nan nan nan nan nan nan nan nan nan nan nan nan nan nan nan nan nan nan nan nan nan nan 11.9 23.5 24.1 24.1 24.0 22.6 17.8 13.4 11.0 12.8 nan 24.7 24.8 24.6 24.4 24.2 24.0 24.0 24.1 24.2 24.2 24.3 24.4 24.6 24.7 24.6 21.0 -9999.0 -9999.0 -9999.0 -9999.0 -9999.0 -9999.0 -9999.0 -9999.0 -9999.0 -9999.0 -9999.0 -9999.0 -9999.0 -9999.0 -9999.0 -9999.0 -9999.0 -9999.0 -9999.0 -9999.0 -9999.0 -9999.0 -9999.0 -9999.0 -9999.0 -9999.0 -9999.0 -9999.0 -9999.0 -9999.0 -9999.0 -9999.0
nan nan nan nan nan nan nan nan nan nan nan nan nan nan nan nan nan nan nan nan nan nan nan nan nan nan nan nan nan nan nan 11.8 22.6 24.1 24.9 25.3 25.5 nan 15.5 17.7 10.7 nan 24.5 24.7 24.6 24.4 24.1 24.1 24.1 24.1 24.3 24.4 24.5 24.6 24.9 25.0 25.0 21.3 -9999.0 -9999.0 -9999.0 -9999.0 -9999.0 -9999.0 -9999.0 -9999.0 -9999.0 -9999.0 -9999.0 -9999.0 -9999.0 -9999.0 -9999.0 -9999.0 -9999.0 -9999.0 -9999.0 -9999.0 -9999.0 -9999.0 -9999.0 -9999.0 -9999.0 -9999.0 -9999.0 -9999.0 -9999.0 -9999.0 -9999.0 -9999.0
nan nan nan nan nan nan nan nan nan nan nan nan nan nan nan nan nan nan nan nan nan nan nan nan nan nan nan nan nan nan nan 11.9 20.6 22.7 24.8 25.4 25.5 nan nan 15.7 12.2 nan nan 24.6 24.5 24.4 24.3 24.1 24.1 24.2 24.4 24.5 24.6 24.8 25.1 25.4 25.4 19.5 -9999.0 -9999.0 -9999.0 -9999.0 -9999.0 -9999.0 -9999.0 -9999.0 -9999.0 -9999.0 -9999.0 -9999.0 -9999.0 -9999.0 -9999.0 -9999.0 -9999.0 -9999.0 -9999.0 -9999.0 -9999.0 -9999.0 -9999.0 -9999.0 -9999.0 -9999.0 -9999.0 -9999.0 -9999.0 -9999.0 -9999.0 -9999.0
nan nan nan nan nan nan nan nan nan nan nan nan nan nan nan nan nan nan nan nan nan nan nan nan nan nan nan nan nan nan nan nan 11.5 24.0 24.7 25.4 nan nan nan 16.3 12.1 13.1 nan nan 24.2 24.4 24.4 24.2 24.2 24.4 24.5 24.6 24.8 25.0 25.3 25.8 25.9 24.8 -9999.0 -9999.0 -9999.0 -9999.0 -9999.0 -9999.0 -9999.0 -9999.0 -9999.0 -9999.0 -9999.0 -9999.0 -9999.0 -9999.0 -9999.0 -9999.0 -9999.0 -9999.0 -9999.0 -9999.0 -9999.0 -9999.0 -9999.0 -9999.0 nan nan nan -9999.0 -9999.0 -9999.0 -9999.0 -9999.0
nan nan nan nan nan nan nan nan nan nan nan nan nan nan nan nan nan nan nan nan nan nan nan nan nan nan nan nan nan nan nan nan 23.5 23.8 24.5 25.3 nan nan nan nan 13.7 12.8 22.0 nan 23.5 24.2 24.4 24.3 24.4 24.5 24.6 24.8 24.9 25.1 25.5 25.9 26.2 25.4 -9999.0 -9999.0 -9999.0 -9999.0 -9999.0 -9999.0 -9999.0 -9999.0 -9999.0 -9999.0 -9999.0 -9999.0 -9999.0 -9999.0 -9999.0 -9999.0 -9999.0 -9999.0 -9999.0 -9999.0 -9999.0 -9999.0 nan nan nan nan nan nan nan nan -9999.0 -9999.0
nan nan nan nan nan nan nan nan nan nan nan nan nan nan nan nan nan nan nan nan nan nan nan nan nan nan nan nan nan nan nan nan nan 23.9 24.7 25.4 nan nan nan nan 17.9 14.8 19.0 14.7 nan 24.3 24.4 24.3 24.5 24.6 24.8 25.0 25.1 25.4 25.7 26.0 26.3 26.3 -9999.0 -9999.0 -9999.0 -9999.0 -9999.0 -9999.0 -9999.0 -9999.0 -9999.0 -9999.0 -9999.0 nan nan nan nan nan nan nan nan nan nan nan nan nan nan nan nan nan nan nan nan nan
nan nan nan nan nan nan nan nan nan nan nan nan nan nan nan nan nan nan nan nan nan nan nan nan nan nan nan nan nan nan nan nan nan 24.3 25.0 25.6 25.7 nan nan nan 23.9 15.2 17.7 23.5 nan nan 24.0 24.2 24.4 24.6 24.8 25.0 25.2 25.5 25.8 26.2 26.5 26.7 -9999.0 -9999.0 -9999.0 -9999.0 -9999.0 -9999.0 -9999.0 -9999.0 -9999.0 -9999.0 nan nan nan nan nan nan nan nan nan nan nan nan nan nan nan nan nan nan nan nan nan nan
