data/output/RUN203/ECOSPACE/ECOSPACE_in_PAR3/PAR-VarZ-VarK/PAR-VarZ-VarK_2011_07.asc
ncols        93
nrows        151 
xllcorner    -123.80739
yllcorner    48.29471 
cellsize     0.013497347 
NODATA_value  0.0
[rows 80 to 119 of 151, columns 0 to 89 of 93]
nan nan nan nan nan nan nan nan nan nan nan nan nan nan nan nan nan nan nan nan nan nan nan 23.1 23.1 23.2 24.2 23.8 23.1 22.4 21.7 21.0 20.4 19.8 19.1 18.4 17.8 17.2 16.6 16.0 15.5 15.1 14.7 14.3 14.1 13.8 13.6 13.5 13.3 13.2 13.0 12.9 12.9 12.8 nan nan nan nan nan nan nan nan nan nan nan nan 11.8 11.9 11.9 11.9 nan 11.8 11.8 11.8 11.9 11.9 11.9 11.8 11.8 12.0 12.2 12.3 12.2 nan nan nan nan nan nan nan
nan nan nan nan nan nan nan nan nan nan nan nan nan nan nan nan nan nan nan nan nan nan nan nan nan nan 24.5 24.2 23.7 23.0 22.3 21.6 20.9 20.2 19.5 18.8 18.1 17.4 16.8 16.2 15.7 15.2 14.7 14.4 14.1 13.8 13.6 13.5 13.3 13.2 13.0 12.9 12.8 12.8 12.6 nan nan nan nan nan nan nan nan nan nan nan 11.9 11.9 nan nan nan nan nan 11.9 12.0 12.1 nan 11.9 12.0 12.2 12.4 12.5 nan nan nan nan nan nan nan nan
nan nan nan nan nan nan nan nan nan nan nan nan nan nan nan nan nan nan nan nan nan nan nan nan nan nan nan 24.5 24.1 23.6 22.9 22.2 21.5 20.7 20.0 19.2 18.5 17.7 17.0 16.4 15.8 15.3 14.8 14.4 14.1 13.8 13.6 13.5 13.3 13.1 13.0 12.9 12.8 12.7 12.6 12.5 nan nan nan nan nan nan nan nan nan 11.9 12.0 nan nan nan nan nan nan 11.9 12.0 12.0 nan 12.0 12.2 12.4 12.6 nan nan nan nan nan nan nan nan nan
nan nan nan nan nan nan nan nan nan nan nan nan nan nan nan nan nan nan nan nan nan nan nan nan nan nan nan nan 22.8 23.8 23.6 22.9 22.1 21.3 20.5 19.6 18.8 18.0 17.2 16.5 15.9 15.4 14.9 14.4 14.1 13.8 13.6 13.4 13.3 13.1 12.9 12.8 12.7 12.6 12.6 12.6 12.5 nan nan nan nan nan nan nan nan 12.0 12.0 nan nan nan nan nan nan 11.9 12.0 12.1 12.4 12.5 12.5 12.5 nan nan nan nan nan nan nan nan nan nan
nan nan nan nan nan nan nan nan nan nan nan nan nan nan nan nan nan nan nan nan nan nan nan nan nan nan nan nan nan 14.1 24.2 23.6 22.8 21.9 21.0 20.1 19.2 18.3 17.5 16.7 16.1 15.5 14.9 14.5 14.1 13.9 13.6 13.4 13.2 13.1 12.9 12.8 12.7 12.6 12.6 12.5 12.5 12.4 nan nan nan nan nan nan 12.0 12.0 12.0 nan 12.1 12.1 12.1 nan nan 11.9 12.1 12.3 12.6 12.9 nan nan nan nan nan nan nan nan nan nan nan nan
nan nan nan nan nan nan nan nan nan nan nan nan nan nan nan nan nan nan nan nan nan nan nan nan nan nan nan nan nan nan 14.3 24.1 23.5 22.5 21.6 20.6 19.6 18.7 17.8 16.9 16.2 15.6 15.1 14.6 14.2 13.9 13.6 13.4 13.2 13.1 12.9 12.8 12.7 12.6 12.6 12.6 12.5 12.5 nan nan nan nan nan 12.0 12.1 12.1 12.1 12.2 12.2 12.1 12.1 9.4 nan 12.0 12.2 12.5 12.7 12.8 nan nan nan nan nan nan nan nan nan nan nan nan
nan nan nan nan nan nan nan nan nan nan nan nan nan nan nan nan nan nan nan nan nan nan nan nan nan nan nan nan nan nan nan 22.2 23.9 23.2 22.2 21.1 20.1 19.1 18.1 17.2 16.4 15.8 15.2 14.8 14.3 14.0 13.7 13.4 13.2 13.1 12.9 12.8 12.7 12.6 12.6 12.6 12.6 12.6 12.5 nan nan 12.2 12.2 12.2 12.2 12.2 12.3 12.3 12.3 12.2 12.2 nan nan 12.2 12.4 12.6 12.7 12.8 nan nan nan nan nan nan nan nan nan nan nan nan
nan nan nan nan nan nan nan nan nan nan nan nan nan nan nan nan nan nan nan nan nan nan nan nan nan nan nan nan nan nan nan nan 24.2 23.6 22.7 21.7 20.6 19.5 18.4 17.5 16.7 16.0 15.4 14.9 14.5 14.1 13.8 13.5 13.3 13.1 13.0 12.8 12.7 12.7 12.6 12.6 12.6 12.6 12.6 12.5 12.4 12.4 12.4 nan 12.3 12.4 12.5 12.5 12.5 12.4 12.4 12.3 12.3 12.4 12.5 12.6 12.7 nan nan nan nan nan nan nan nan nan nan nan nan nan
nan nan nan nan nan nan nan nan nan nan nan nan nan nan nan nan nan nan nan nan nan nan nan nan nan nan nan nan nan nan 23.5 24.0 24.3 23.8 23.1 22.2 21.1 20.0 18.9 17.9 17.0 16.3 15.6 15.1 14.6 14.2 13.9 13.6 13.4 13.2 13.0 12.9 12.8 12.7 12.7 12.7 12.7 12.7 12.7 12.6 12.6 12.6 12.6 12.6 12.6 12.7 12.8 12.8 12.8 12.7 12.6 12.4 12.4 12.4 12.5 12.7 12.7 nan nan nan nan nan nan nan nan nan nan nan nan nan
nan nan nan nan nan nan nan nan nan nan nan nan nan nan nan nan nan nan nan nan nan nan nan nan nan nan nan nan nan nan nan nan 24.0 23.7 23.1 22.5 21.7 20.6 19.4 18.4 17.4 16.6 15.9 15.4 14.8 14.4 14.0 13.7 13.5 13.3 13.1 13.0 12.9 12.9 12.9 12.9 12.9 12.9 12.9 12.8 12.8 12.7 12.8 12.8 12.8 12.8 12.9 nan nan nan 12.6 12.5 12.5 12.5 12.6 12.7 nan nan nan nan nan nan nan nan nan nan nan nan nan nan
nan nan nan nan nan nan nan nan nan nan nan nan nan nan nan nan nan nan nan nan nan nan nan nan nan nan nan nan nan nan 16.8 15.0 23.8 23.6 23.2 22.8 22.3 21.3 20.0 18.9 17.9 17.0 16.3 15.6 15.1 14.6 14.2 13.9 13.6 13.4 13.3 13.1 13.1 13.0 13.0 13.0 13.1 13.1 13.1 13.0 13.0 12.9 12.9 12.9 nan nan nan nan nan nan nan 12.6 12.6 12.6 12.6 12.6 nan nan nan nan nan nan nan nan nan nan nan nan nan nan
nan nan nan nan nan nan nan nan nan nan nan nan nan nan nan nan nan nan nan nan nan nan nan nan nan nan nan nan nan nan 14.9 23.4 23.8 23.6 23.2 14.9 22.7 21.9 20.5 19.4 18.4 17.4 16.6 15.9 15.3 14.8 14.4 14.1 13.8 13.6 13.4 13.3 13.2 13.2 13.2 13.2 13.2 13.2 13.2 13.2 13.1 13.1 13.0 nan nan nan nan nan nan 12.6 12.6 12.7 12.6 12.6 12.6 nan nan nan nan nan nan nan nan nan nan nan nan nan nan nan
nan nan nan nan nan nan nan nan nan nan nan nan nan nan nan nan nan nan nan nan nan nan nan nan nan nan nan nan nan nan 16.9 22.5 23.8 23.4 nan nan nan 21.5 20.8 19.8 18.8 17.9 17.0 16.3 15.6 15.1 14.7 14.3 14.1 13.8 13.7 13.6 13.5 13.5 13.5 13.5 13.5 13.4 13.4 13.3 13.2 13.1 13.1 nan nan nan nan nan 12.6 12.7 12.6 12.6 12.6 12.6 nan nan nan nan nan nan nan nan nan nan nan nan nan nan nan nan
nan nan nan nan nan nan nan nan nan nan nan nan nan nan nan nan nan nan nan nan nan nan nan nan nan nan nan nan nan nan 16.8 14.2 24.2 23.6 nan nan nan 20.1 21.0 20.2 19.4 18.4 17.5 16.7 16.0 15.4 15.0 14.6 14.3 14.1 13.9 13.9 13.8 13.8 13.7 13.7 13.7 13.6 13.6 13.5 13.4 13.2 13.1 12.9 12.8 nan 12.7 12.7 12.7 12.7 12.6 12.6 nan nan nan nan nan nan nan nan nan nan nan nan nan nan nan nan nan nan
nan nan nan nan nan nan nan nan nan nan nan nan nan nan nan nan nan nan nan nan nan nan nan nan nan nan nan nan nan nan nan nan 24.5 20.4 nan nan nan nan 21.0 20.7 20.0 19.0 18.0 17.1 16.3 15.7 15.3 14.9 14.6 14.4 14.2 14.2 14.1 14.1 14.0 14.0 13.9 13.9 13.8 13.6 13.5 13.3 13.2 13.0 12.9 12.9 12.8 12.8 12.7 12.6 12.6 nan nan nan nan nan nan nan nan nan nan nan nan nan nan nan nan nan nan nan
nan nan nan nan nan nan nan nan nan nan nan nan nan nan nan nan nan nan nan nan nan nan nan nan nan nan nan nan nan nan nan nan nan 18.3 10.9 nan nan nan 14.5 21.4 20.7 19.6 18.5 17.5 16.7 16.0 15.6 15.2 14.9 14.7 14.6 14.5 14.4 14.4 14.3 14.3 14.2 14.1 14.0 13.8 13.6 13.5 13.3 13.1 13.0 12.9 12.8 12.8 12.7 12.6 12.5 nan nan nan nan nan nan nan nan nan nan nan nan nan nan nan nan nan nan nan
nan nan nan nan nan nan nan nan nan nan nan nan nan nan nan nan nan nan nan nan nan nan nan nan nan nan nan nan nan nan nan nan nan nan 13.5 19.6 nan nan nan nan 21.0 20.1 18.8 17.8 17.0 16.3 15.8 15.5 15.2 15.0 14.9 14.8 14.7 14.7 14.6 14.5 14.4 14.3 14.2 14.0 13.8 13.6 13.4 13.2 13.1 13.0 12.9 12.8 12.8 12.7 12.6 12.5 nan nan nan nan nan nan nan nan nan nan nan nan nan nan nan nan nan nan
nan nan nan nan nan nan nan nan nan nan nan nan nan nan nan nan nan nan nan nan nan nan nan nan nan nan nan nan nan nan nan nan nan nan nan 14.7 16.3 nan nan nan nan 19.3 18.9 18.0 17.2 16.6 16.1 15.7 15.5 15.3 15.2 15.1 15.0 15.0 14.9 14.8 14.7 14.5 14.4 14.1 13.9 13.7 13.5 13.3 13.1 13.0 12.9 12.9 12.8 12.7 12.6 12.6 12.5 9.7 nan nan nan nan nan nan nan nan nan nan nan nan nan nan nan nan
nan nan nan nan nan nan nan nan nan nan nan nan nan nan nan nan nan nan nan nan nan nan nan nan nan nan nan nan nan nan nan nan nan nan 13.9 15.6 19.9 19.8 nan 16.2 nan 17.1 19.0 18.1 17.4 16.8 16.4 16.0 15.8 15.6 15.5 15.4 15.3 15.3 15.2 15.0 14.9 14.7 14.5 14.3 14.0 13.8 13.5 13.3 13.1 13.0 12.9 12.9 12.8 12.7 12.6 12.5 12.5 12.4 nan nan nan nan nan nan nan nan nan nan nan nan nan nan nan nan
nan nan nan nan nan nan nan nan nan nan nan nan nan nan nan nan nan nan nan nan nan nan nan nan nan nan nan nan nan nan nan nan nan nan 20.0 20.2 20.5 20.0 14.5 17.7 18.7 16.7 19.1 18.2 17.6 17.0 16.6 16.3 16.1 15.9 15.8 15.7 15.6 15.5 15.4 15.2 15.1 14.9 14.6 14.3 14.1 13.8 13.5 13.3 13.1 12.9 12.6 12.8 12.6 12.8 12.5 12.5 12.5 12.4 12.5 nan nan nan nan nan nan nan nan nan nan nan nan nan nan nan
nan nan nan nan nan nan nan nan nan nan nan nan nan nan nan nan nan nan nan nan nan nan nan nan nan nan nan nan nan nan nan nan nan nan 20.3 20.5 20.5 20.4 20.4 nan 19.2 19.0 19.0 18.3 17.7 17.2 16.8 16.5 16.3 16.2 16.1 16.0 15.9 15.8 15.6 15.5 15.3 15.0 14.7 14.4 14.1 13.8 -9999.0 -9999.0 -9999.0 -9999.0 -9999.0 -9999.0 -9999.0 10.7 12.6 12.5 12.5 12.4 12.4 nan nan nan nan nan nan nan nan nan nan nan nan nan nan -9999.0
nan nan nan nan nan nan nan nan nan nan nan nan nan nan nan nan nan nan nan nan nan nan nan nan nan nan nan nan nan nan nan nan nan nan 20.4 20.4 20.3 20.1 20.0 nan nan 19.7 19.0 18.4 17.8 17.3 17.0 16.7 16.6 16.5 16.4 16.3 16.2 16.0 15.9 15.7 15.4 15.2 14.9 14.5 14.2 -9999.0 -9999.0 -9999.0 -9999.0 -9999.0 -9999.0 -9999.0 -9999.0 nan 13.2 12.5 12.5 12.0 nan nan nan nan nan nan nan nan nan nan nan nan nan nan nan -9999.0
nan nan nan nan nan nan nan nan nan nan nan nan nan nan nan nan nan nan nan nan nan nan nan nan nan nan nan nan nan nan nan nan nan nan 20.2 20.2 20.1 20.1 20.3 nan 15.9 18.8 19.0 18.4 17.9 17.4 17.1 16.9 16.8 16.7 16.6 16.5 16.4 16.2 16.1 15.9 15.6 15.3 15.0 14.6 14.2 -9999.0 -9999.0 -9999.0 -9999.0 -9999.0 -9999.0 -9999.0 -9999.0 -9999.0 -9999.0 nan 10.5 10.5 nan nan nan nan nan nan nan nan nan nan nan nan nan nan nan -9999.0
nan nan nan nan nan nan nan nan nan nan nan nan nan nan nan nan nan nan nan nan nan nan nan nan nan nan nan nan nan nan nan nan nan nan 20.0 19.9 20.1 20.4 18.5 12.9 18.3 16.6 18.9 18.4 17.9 17.5 17.3 17.1 17.0 16.9 16.8 16.7 16.6 16.4 16.3 16.1 15.9 15.6 15.2 14.8 -9999.0 -9999.0 -9999.0 -9999.0 -9999.0 -9999.0 -9999.0 -9999.0 -9999.0 -9999.0 -9999.0 nan nan nan nan nan nan nan nan nan nan nan nan nan nan nan nan nan nan -9999.0
nan nan nan nan nan nan nan nan nan nan nan nan nan nan nan nan nan nan nan nan nan nan nan nan nan nan nan nan nan nan nan nan 18.9 19.3 19.8 20.1 20.5 21.1 21.6 21.6 nan 19.5 18.8 18.4 18.0 17.7 17.4 17.3 17.1 17.0 16.9 16.8 16.7 16.6 16.5 16.4 16.2 15.9 15.5 -9999.0 -9999.0 -9999.0 -9999.0 -9999.0 -9999.0 -9999.0 -9999.0 -9999.0 -9999.0 -9999.0 -9999.0 -9999.0 nan nan nan nan nan nan nan nan nan nan nan nan nan nan nan nan nan -9999.0
nan nan nan nan nan nan nan nan nan nan nan nan nan nan nan nan nan nan nan nan nan nan nan nan nan nan nan nan nan 16.5 nan nan 19.8 20.0 20.0 20.2 20.9 21.5 22.1 nan nan 19.2 18.9 18.5 18.2 17.9 17.6 17.4 17.2 17.1 17.0 16.9 16.9 16.9 16.8 16.7 16.5 16.2 15.8 -9999.0 -9999.0 -9999.0 -9999.0 -9999.0 -9999.0 -9999.0 -9999.0 -9999.0 -9999.0 -9999.0 -9999.0 -9999.0 -9999.0 -9999.0 nan nan nan nan nan nan nan nan nan nan nan nan nan nan nan -9999.0
nan nan nan nan nan nan nan nan nan nan nan nan nan nan nan nan nan nan nan nan nan nan nan nan nan nan nan nan nan 13.2 13.2 nan 20.1 20.3 19.3 17.9 20.3 21.3 21.5 20.9 nan 19.2 19.1 18.8 18.4 18.0 17.7 17.5 17.3 17.2 17.1 17.1 17.0 17.1 17.1 17.0 16.9 16.6 -9999.0 -9999.0 -9999.0 -9999.0 -9999.0 -9999.0 -9999.0 -9999.0 -9999.0 -9999.0 -9999.0 -9999.0 -9999.0 -9999.0 -9999.0 -9999.0 -9999.0 nan nan nan nan nan nan nan nan nan nan nan nan nan nan -9999.0
nan nan nan nan nan nan nan nan nan nan nan nan nan nan nan nan nan nan nan nan nan nan nan nan nan nan nan nan nan 13.9 20.1 20.2 20.4 20.6 20.8 nan 14.7 20.9 21.1 21.2 nan 19.1 19.5 19.1 18.6 18.2 17.8 17.6 17.4 17.3 17.2 17.2 17.2 17.3 17.4 17.5 17.4 17.0 -9999.0 -9999.0 -9999.0 -9999.0 -9999.0 -9999.0 -9999.0 -9999.0 -9999.0 -9999.0 -9999.0 -9999.0 -9999.0 -9999.0 -9999.0 -9999.0 -9999.0 -9999.0 nan nan nan nan nan nan nan nan nan nan nan nan nan -9999.0
nan nan nan nan nan nan nan nan nan nan nan nan nan nan nan nan nan nan nan nan nan nan nan nan nan nan nan nan nan nan 19.9 20.1 20.4 20.6 20.2 nan nan 20.8 20.9 20.9 nan 17.7 18.8 19.2 18.8 18.3 18.0 17.6 17.4 17.3 17.3 17.3 17.3 17.5 17.7 17.8 17.9 17.6 -9999.0 -9999.0 -9999.0 -9999.0 -9999.0 -9999.0 -9999.0 -9999.0 -9999.0 -9999.0 -9999.0 -9999.0 -9999.0 -9999.0 -9999.0 -9999.0 -9999.0 -9999.0 -9999.0 nan nan nan nan nan nan nan nan nan nan nan nan -9999.0
nan nan nan nan nan nan nan nan nan nan nan nan nan nan nan nan nan nan nan nan nan nan nan nan nan nan nan nan nan nan 18.1 20.1 20.4 20.6 18.4 nan 16.6 16.1 18.2 11.6 17.5 13.9 15.9 18.6 18.7 18.4 18.0 17.7 17.5 17.4 17.4 17.4 17.5 17.7 18.0 18.2 18.3 17.8 -9999.0 -9999.0 -9999.0 -9999.0 -9999.0 -9999.0 -9999.0 -9999.0 -9999.0 -9999.0 -9999.0 -9999.0 -9999.0 -9999.0 -9999.0 -9999.0 -9999.0 -9999.0 -9999.0 -9999.0 nan nan nan nan nan nan nan nan nan nan nan -9999.0
nan nan nan nan nan nan nan nan nan nan nan nan nan nan nan nan nan nan nan nan nan nan nan nan nan nan nan nan nan nan 18.4 20.0 20.4 20.7 20.4 16.7 nan 18.7 16.4 13.5 15.8 nan 19.5 19.4 19.0 18.6 18.2 17.8 17.6 17.5 17.5 17.5 17.7 17.9 18.4 18.7 18.5 14.8 -9999.0 -9999.0 -9999.0 -9999.0 -9999.0 -9999.0 -9999.0 -9999.0 -9999.0 -9999.0 -9999.0 -9999.0 -9999.0 -9999.0 -9999.0 -9999.0 -9999.0 -9999.0 -9999.0 -9999.0 -9999.0 -9999.0 nan nan nan nan nan nan nan nan nan -9999.0
nan nan nan nan nan nan nan nan nan nan nan nan nan nan nan nan nan nan nan nan nan nan nan nan nan nan nan nan nan nan nan 20.2 20.5 20.7 20.9 nan nan 15.7 16.1 16.2 nan nan 19.8 19.7 19.3 18.9 18.4 18.0 17.8 17.6 17.6 17.7 17.9 18.2 18.7 19.0 18.9 16.4 -9999.0 -9999.0 -9999.0 -9999.0 -9999.0 -9999.0 -9999.0 -9999.0 -9999.0 -9999.0 -9999.0 nan nan nan -9999.0 -9999.0 -9999.0 -9999.0 -9999.0 -9999.0 -9999.0 -9999.0 -9999.0 -9999.0 -9999.0 -9999.0 -9999.0 nan nan nan -9999.0 -9999.0
nan nan nan nan nan nan nan nan nan nan nan nan nan nan nan nan nan nan nan nan nan nan nan nan nan nan nan nan nan nan nan 19.9 20.4 20.8 21.0 nan 14.0 15.7 20.0 14.7 nan nan 20.0 20.0 19.6 19.2 18.7 18.3 18.0 17.9 17.8 18.0 18.2 18.5 18.9 19.4 19.6 17.4 -9999.0 -9999.0 -9999.0 -9999.0 -9999.0 -9999.0 -9999.0 -9999.0 -9999.0 -9999.0 -9999.0 nan nan nan nan nan -9999.0 -9999.0 -9999.0 -9999.0 -9999.0 -9999.0 -9999.0 -9999.0 -9999.0 -9999.0 -9999.0 -9999.0 -9999.0 -9999.0 -9999.0 -9999.0
nan nan nan nan nan nan nan nan nan nan nan nan nan nan nan nan nan nan nan nan nan nan nan nan nan nan nan nan nan nan nan 16.5 20.4 20.7 21.0 20.3 19.0 18.1 13.4 11.3 14.3 nan 20.1 20.2 20.0 19.6 19.1 18.7 18.4 18.2 18.1 18.2 18.4 18.8 19.2 19.6 20.1 17.6 -9999.0 -9999.0 -9999.0 -9999.0 -9999.0 -9999.0 -9999.0 -9999.0 -9999.0 -9999.0 -9999.0 -9999.0 -9999.0 -9999.0 -9999.0 -9999.0 -9999.0 -9999.0 -9999.0 -9999.0 -9999.0 -9999.0 -9999.0 -9999.0 -9999.0 -9999.0 -9999.0 -9999.0 -9999.0 -9999.0 -9999.0 -9999.0
nan nan nan nan nan nan nan nan nan nan nan nan nan nan nan nan nan nan nan nan nan nan nan nan nan nan nan nan nan nan nan 16.5 20.3 20.7 21.2 21.5 21.7 nan 13.9 16.6 11.0 nan 20.1 20.4 20.4 20.0 19.6 19.2 18.8 18.6 18.5 18.5 18.7 19.0 19.5 19.9 20.4 18.1 -9999.0 -9999.0 -9999.0 -9999.0 -9999.0 -9999.0 -9999.0 -9999.0 -9999.0 -9999.0 -9999.0 -9999.0 -9999.0 -9999.0 -9999.0 -9999.0 -9999.0 -9999.0 -9999.0 -9999.0 -9999.0 -9999.0 -9999.0 -9999.0 -9999.0 -9999.0 -9999.0 -9999.0 -9999.0 -9999.0 -9999.0 -9999.0
nan nan nan nan nan nan nan nan nan nan nan nan nan nan nan nan nan nan nan nan nan nan nan nan nan nan nan nan nan nan nan 16.5 19.0 20.7 21.4 21.9 22.0 nan nan 15.6 14.0 nan nan 20.5 20.7 20.5 20.1 19.7 19.3 19.1 18.9 18.9 19.0 19.3 19.7 20.1 20.5 18.3 -9999.0 -9999.0 -9999.0 -9999.0 -9999.0 -9999.0 -9999.0 -9999.0 -9999.0 -9999.0 -9999.0 -9999.0 -9999.0 -9999.0 -9999.0 -9999.0 -9999.0 -9999.0 -9999.0 -9999.0 -9999.0 -9999.0 -9999.0 -9999.0 -9999.0 -9999.0 -9999.0 -9999.0 -9999.0 -9999.0 -9999.0 -9999.0
nan nan nan nan nan nan nan nan nan nan nan nan nan nan nan nan nan nan nan nan nan nan nan nan nan nan nan nan nan nan nan nan 15.5 20.9 21.5 22.0 nan nan nan 16.9 12.9 15.2 nan nan 20.5 20.6 20.4 20.0 19.8 19.5 19.4 19.3 19.4 19.6 20.0 20.3 20.7 20.9 -9999.0 -9999.0 -9999.0 -9999.0 -9999.0 -9999.0 -9999.0 -9999.0 -9999.0 -9999.0 -9999.0 -9999.0 -9999.0 -9999.0 -9999.0 -9999.0 -9999.0 -9999.0 -9999.0 -9999.0 -9999.0 -9999.0 -9999.0 -9999.0 nan nan nan -9999.0 -9999.0 -9999.0 -9999.0 -9999.0
nan nan nan nan nan nan nan nan nan nan nan nan nan nan nan nan nan nan nan nan nan nan nan nan nan nan nan nan nan nan nan nan 20.2 20.9 21.5 21.9 nan nan nan nan 14.8 15.4 23.0 nan 20.3 20.8 20.7 20.5 20.3 20.0 19.8 19.8 19.8 20.0 20.3 20.6 20.9 21.4 -9999.0 -9999.0 -9999.0 -9999.0 -9999.0 -9999.0 -9999.0 -9999.0 -9999.0 -9999.0 -9999.0 -9999.0 -9999.0 -9999.0 -9999.0 -9999.0 -9999.0 -9999.0 -9999.0 -9999.0 -9999.0 -9999.0 nan nan nan nan nan nan nan nan -9999.0 -9999.0
nan nan nan nan nan nan nan nan nan nan nan nan nan nan nan nan nan nan nan nan nan nan nan nan nan nan nan nan nan nan nan nan nan 20.9 21.5 22.1 nan nan nan nan 18.2 17.2 22.3 17.6 nan 21.1 21.4 21.1 20.7 20.5 20.3 20.3 20.2 20.4 20.6 20.9 21.2 21.3 -9999.0 -9999.0 -9999.0 -9999.0 -9999.0 -9999.0 -9999.0 -9999.0 -9999.0 -9999.0 -9999.0 nan nan nan nan nan nan nan nan nan nan nan nan nan nan nan nan nan nan nan nan nan
nan nan nan nan nan nan nan nan nan nan nan nan nan nan nan nan nan nan nan nan nan nan nan nan nan nan nan nan nan nan nan nan nan 20.9 21.6 22.6 22.5 nan nan nan 21.0 18.4 20.4 22.6 nan nan 21.3 21.2 21.0 20.8 20.7 20.7 20.7 20.7 21.0 21.2 21.5 21.9 -9999.0 -9999.0 -9999.0 -9999.0 -9999.0 -9999.0 -9999.0 -9999.0 -9999.0 -9999.0 nan nan nan nan nan nan nan nan nan nan nan nan nan nan nan nan nan nan nan nan nan nan
