data/output/RUN203/ECOSPACE/ECOSPACE_in_PAR3/PAR-VarZ-VarK/PAR-VarZ-VarK_1979_06.asc
ncols        93
nrows        151 
xllcorner    -123.80739
yllcorner    48.29471 
cellsize     0.013497347 
NODATA_value  0.0
[rows 80 to 119 of 151, columns 0 to 89 of 93]
nan nan nan nan nan nan nan nan nan nan nan nan nan nan nan nan nan nan nan nan nan nan nan 35.6 35.7 34.3 37.0 36.3 35.0 33.7 32.5 31.4 30.4 29.5 28.8 28.2 27.7 27.1 26.5 25.8 24.9 24.0 23.2 22.5 21.7 20.9 20.1 19.3 18.6 18.0 17.6 17.2 16.9 16.7 nan nan nan nan nan nan nan nan nan nan nan nan 15.3 15.4 15.4 15.4 nan 15.3 15.3 15.4 15.4 15.5 15.5 15.4 15.4 15.6 16.1 16.2 16.0 nan nan nan nan nan nan nan
nan nan nan nan nan nan nan nan nan nan nan nan nan nan nan nan nan nan nan nan nan nan nan nan nan nan 37.4 37.1 36.3 35.1 33.9 32.8 31.7 30.6 29.8 29.0 28.3 27.5 26.8 26.0 25.0 24.1 23.3 22.5 21.7 21.0 20.2 19.5 18.7 18.1 17.6 17.2 16.9 16.8 16.5 nan nan nan nan nan nan nan nan nan nan nan 15.5 15.5 nan nan nan nan nan 15.4 15.5 15.6 nan 15.4 15.6 15.9 16.2 16.4 nan nan nan nan nan nan nan nan
nan nan nan nan nan nan nan nan nan nan nan nan nan nan nan nan nan nan nan nan nan nan nan nan nan nan nan 37.6 37.1 36.4 35.3 34.1 32.9 31.8 30.8 29.9 29.0 28.0 27.1 26.1 25.1 24.2 23.3 22.6 21.8 21.0 20.3 19.6 18.9 18.2 17.7 17.3 17.0 16.7 16.6 16.4 nan nan nan nan nan nan nan nan nan 15.5 15.6 nan nan nan nan nan nan 15.4 15.5 15.6 nan 15.6 15.9 16.2 16.4 nan nan nan nan nan nan nan nan nan
nan nan nan nan nan nan nan nan nan nan nan nan nan nan nan nan nan nan nan nan nan nan nan nan nan nan nan nan 35.4 36.9 36.6 35.5 34.3 33.0 31.9 30.8 29.7 28.5 27.4 26.3 25.2 24.2 23.4 22.6 21.8 21.0 20.3 19.6 19.0 18.3 17.8 17.3 17.0 16.7 16.5 16.4 16.4 nan nan nan nan nan nan nan nan 15.6 15.6 nan nan nan nan nan nan 15.5 15.6 15.7 16.0 16.4 16.3 16.2 nan nan nan nan nan nan nan nan nan nan
nan nan nan nan nan nan nan nan nan nan nan nan nan nan nan nan nan nan nan nan nan nan nan nan nan nan nan nan nan 18.4 37.7 36.8 35.5 34.3 33.1 31.8 30.5 29.2 27.9 26.6 25.4 24.3 23.4 22.5 21.8 21.0 20.3 19.7 19.0 18.4 17.9 17.4 17.0 16.7 16.5 16.4 16.4 16.3 nan nan nan nan nan nan 15.6 15.6 15.7 nan 15.7 15.7 15.7 nan nan 15.5 15.7 15.9 16.3 16.8 nan nan nan nan nan nan nan nan nan nan nan nan
nan nan nan nan nan nan nan nan nan nan nan nan nan nan nan nan nan nan nan nan nan nan nan nan nan nan nan nan nan nan 19.0 37.7 36.8 35.5 34.2 32.8 31.3 29.8 28.3 26.9 25.6 24.4 23.4 22.5 21.7 21.0 20.3 19.7 19.1 18.5 18.0 17.5 17.1 16.8 16.6 16.4 16.4 16.4 nan nan nan nan nan 15.7 15.7 15.7 15.7 15.8 15.8 15.7 15.7 11.6 nan 15.6 15.8 16.1 16.4 16.6 nan nan nan nan nan nan nan nan nan nan nan nan
nan nan nan nan nan nan nan nan nan nan nan nan nan nan nan nan nan nan nan nan nan nan nan nan nan nan nan nan nan nan nan 34.9 37.5 36.6 35.2 33.8 32.1 30.4 28.8 27.2 25.8 24.5 23.4 22.5 21.6 20.9 20.2 19.6 19.1 18.6 18.1 17.6 17.2 16.9 16.6 16.5 16.5 16.5 16.4 nan nan 15.9 15.9 15.9 15.8 15.8 15.8 15.8 15.8 15.7 15.7 nan nan 15.8 16.0 16.2 16.5 16.5 nan nan nan nan nan nan nan nan nan nan nan nan
nan nan nan nan nan nan nan nan nan nan nan nan nan nan nan nan nan nan nan nan nan nan nan nan nan nan nan nan nan nan nan nan 38.1 37.2 35.9 34.4 32.7 30.9 29.1 27.5 26.0 24.6 23.5 22.5 21.6 20.9 20.2 19.6 19.2 18.7 18.2 17.7 17.4 17.0 16.8 16.6 16.5 16.5 16.5 16.3 16.1 16.1 16.1 nan 15.9 15.9 15.9 15.9 15.9 15.8 15.8 15.8 15.8 16.0 16.1 16.3 16.4 nan nan nan nan nan nan nan nan nan nan nan nan nan
nan nan nan nan nan nan nan nan nan nan nan nan nan nan nan nan nan nan nan nan nan nan nan nan nan nan nan nan nan nan 37.3 37.8 38.0 37.2 36.1 34.8 33.3 31.4 29.6 27.8 26.2 24.8 23.5 22.5 21.6 20.9 20.2 19.7 19.2 18.8 18.3 17.9 17.5 17.2 16.9 16.8 16.6 16.6 16.5 16.4 16.3 16.2 16.1 16.1 16.1 16.0 16.1 16.1 16.0 16.0 15.9 15.9 15.9 16.0 16.2 16.4 16.4 nan nan nan nan nan nan nan nan nan nan nan nan nan
nan nan nan nan nan nan nan nan nan nan nan nan nan nan nan nan nan nan nan nan nan nan nan nan nan nan nan nan nan nan nan nan 37.6 36.9 36.0 34.9 33.7 32.0 30.0 28.1 26.4 25.0 23.7 22.6 21.7 20.9 20.3 19.7 19.3 18.9 18.5 18.1 17.7 17.4 17.2 17.0 16.8 16.8 16.7 16.6 16.5 16.4 16.3 16.3 16.2 16.1 16.1 nan nan nan 16.0 16.0 16.0 16.1 16.3 16.4 nan nan nan nan nan nan nan nan nan nan nan nan nan nan
nan nan nan nan nan nan nan nan nan nan nan nan nan nan nan nan nan nan nan nan nan nan nan nan nan nan nan nan nan nan 21.0 18.9 37.2 36.5 35.7 35.0 34.3 32.8 30.5 28.6 26.8 25.3 23.9 22.8 21.8 21.0 20.4 19.8 19.4 19.0 18.6 18.3 18.0 17.7 17.4 17.2 17.1 17.0 16.9 16.8 16.7 16.5 16.4 16.4 nan nan nan nan nan nan nan 16.1 16.2 16.3 16.4 16.4 nan nan nan nan nan nan nan nan nan nan nan nan nan nan
nan nan nan nan nan nan nan nan nan nan nan nan nan nan nan nan nan nan nan nan nan nan nan nan nan nan nan nan nan nan 19.8 36.7 36.9 36.6 35.6 20.3 34.7 33.3 30.9 29.0 27.2 25.6 24.2 23.0 22.0 21.1 20.5 19.9 19.5 19.2 18.8 18.5 18.2 18.0 17.7 17.5 17.4 17.2 17.1 17.0 16.8 16.6 16.5 nan nan nan nan nan nan 16.1 16.2 16.3 16.3 16.4 16.4 nan nan nan nan nan nan nan nan nan nan nan nan nan nan nan
nan nan nan nan nan nan nan nan nan nan nan nan nan nan nan nan nan nan nan nan nan nan nan nan nan nan nan nan nan nan 21.0 35.2 37.0 36.1 nan nan nan 32.6 31.1 29.5 27.8 26.1 24.6 23.3 22.2 21.4 20.7 20.1 19.7 19.4 19.1 18.8 18.5 18.3 18.0 17.8 17.7 17.5 17.4 17.1 16.9 16.7 16.6 nan nan nan nan nan 16.1 16.2 16.3 16.5 16.5 16.4 nan nan nan nan nan nan nan nan nan nan nan nan nan nan nan nan
nan nan nan nan nan nan nan nan nan nan nan nan nan nan nan nan nan nan nan nan nan nan nan nan nan nan nan nan nan nan 21.0 18.8 37.5 36.4 nan nan nan 30.1 31.5 30.1 28.6 26.8 25.0 23.6 22.5 21.6 20.9 20.4 19.9 19.6 19.3 19.1 18.9 18.6 18.4 18.2 18.0 17.8 17.5 17.3 17.0 16.8 16.6 16.3 16.1 nan 16.1 16.2 16.3 16.4 16.5 16.6 nan nan nan nan nan nan nan nan nan nan nan nan nan nan nan nan nan nan
nan nan nan nan nan nan nan nan nan nan nan nan nan nan nan nan nan nan nan nan nan nan nan nan nan nan nan nan nan nan nan nan 37.8 30.3 nan nan nan nan 31.7 31.1 29.8 27.7 25.6 24.0 22.8 21.8 21.1 20.6 20.2 19.9 19.6 19.4 19.2 19.0 18.7 18.5 18.3 18.1 17.8 17.5 17.1 16.8 16.5 16.3 16.3 16.3 16.3 16.3 16.4 16.5 16.6 nan nan nan nan nan nan nan nan nan nan nan nan nan nan nan nan nan nan nan
nan nan nan nan nan nan nan nan nan nan nan nan nan nan nan nan nan nan nan nan nan nan nan nan nan nan nan nan nan nan nan nan nan 28.5 16.2 nan nan nan 18.3 32.5 31.0 28.7 26.2 24.4 23.0 22.1 21.4 20.9 20.5 20.2 19.9 19.7 19.5 19.3 19.1 18.9 18.6 18.4 18.0 17.6 17.2 16.9 16.6 16.4 16.3 16.3 16.3 16.4 16.5 16.5 16.4 nan nan nan nan nan nan nan nan nan nan nan nan nan nan nan nan nan nan nan
nan nan nan nan nan nan nan nan nan nan nan nan nan nan nan nan nan nan nan nan nan nan nan nan nan nan nan nan nan nan nan nan nan nan 19.9 28.6 nan nan nan nan 31.5 29.6 26.6 24.7 23.3 22.4 21.6 21.1 20.8 20.5 20.3 20.1 19.9 19.7 19.5 19.3 19.0 18.7 18.3 17.8 17.4 17.1 16.8 16.5 16.4 16.3 16.4 16.4 16.5 16.6 16.6 16.5 nan nan nan nan nan nan nan nan nan nan nan nan nan nan nan nan nan nan
nan nan nan nan nan nan nan nan nan nan nan nan nan nan nan nan nan nan nan nan nan nan nan nan nan nan nan nan nan nan nan nan nan nan nan 21.1 20.2 nan nan nan nan 28.0 26.8 24.9 23.6 22.6 21.9 21.4 21.0 20.8 20.6 20.4 20.3 20.1 19.9 19.6 19.4 19.0 18.5 18.0 17.6 17.2 16.9 16.6 16.5 16.4 16.5 16.5 16.5 16.6 16.6 16.6 16.5 12.0 nan nan nan nan nan nan nan nan nan nan nan nan nan nan nan nan
nan nan nan nan nan nan nan nan nan nan nan nan nan nan nan nan nan nan nan nan nan nan nan nan nan nan nan nan nan nan nan nan nan nan 18.5 22.9 28.3 28.0 nan 19.8 nan 24.9 26.7 25.0 23.8 22.8 22.1 21.6 21.3 21.1 20.9 20.8 20.6 20.5 20.3 20.0 19.7 19.3 18.8 18.3 17.8 17.4 17.0 16.8 16.6 16.5 16.5 16.6 16.6 16.5 16.5 16.5 16.5 16.4 nan nan nan nan nan nan nan nan nan nan nan nan nan nan nan nan
nan nan nan nan nan nan nan nan nan nan nan nan nan nan nan nan nan nan nan nan nan nan nan nan nan nan nan nan nan nan nan nan nan nan 28.6 28.8 29.0 27.9 21.1 25.6 26.9 22.6 26.6 25.0 23.9 23.0 22.4 21.9 21.6 21.4 21.2 21.1 21.0 20.9 20.6 20.4 20.1 19.6 19.1 18.5 18.0 17.6 17.2 16.9 16.7 16.6 16.1 16.2 15.6 16.6 16.5 16.5 16.5 16.4 16.5 nan nan nan nan nan nan nan nan nan nan nan nan nan nan nan
nan nan nan nan nan nan nan nan nan nan nan nan nan nan nan nan nan nan nan nan nan nan nan nan nan nan nan nan nan nan nan nan nan nan 29.0 29.0 28.9 28.8 29.0 nan 27.7 26.2 26.4 25.0 23.9 23.1 22.5 22.1 21.8 21.6 21.5 21.4 21.4 21.2 21.1 20.8 20.5 20.0 19.4 18.8 18.2 17.7 -9999.0 -9999.0 -9999.0 -9999.0 -9999.0 -9999.0 -9999.0 13.1 16.5 16.4 16.5 16.4 16.4 nan nan nan nan nan nan nan nan nan nan nan nan nan nan -9999.0
nan nan nan nan nan nan nan nan nan nan nan nan nan nan nan nan nan nan nan nan nan nan nan nan nan nan nan nan nan nan nan nan nan nan 29.0 28.9 28.7 28.3 28.1 nan nan 27.6 26.3 25.1 24.0 23.2 22.6 22.3 22.0 21.9 21.8 21.7 21.7 21.6 21.5 21.2 20.9 20.4 19.7 19.1 18.5 -9999.0 -9999.0 -9999.0 -9999.0 -9999.0 -9999.0 -9999.0 -9999.0 nan 16.1 16.3 16.5 16.2 nan nan nan nan nan nan nan nan nan nan nan nan nan nan nan -9999.0
nan nan nan nan nan nan nan nan nan nan nan nan nan nan nan nan nan nan nan nan nan nan nan nan nan nan nan nan nan nan nan nan nan nan 28.7 28.5 28.2 28.2 28.7 nan 22.3 25.4 26.4 25.1 24.1 23.3 22.8 22.4 22.2 22.0 22.0 22.0 22.0 21.9 21.8 21.6 21.3 20.8 20.1 19.4 18.8 -9999.0 -9999.0 -9999.0 -9999.0 -9999.0 -9999.0 -9999.0 -9999.0 -9999.0 -9999.0 nan 12.7 12.7 nan nan nan nan nan nan nan nan nan nan nan nan nan nan nan -9999.0
nan nan nan nan nan nan nan nan nan nan nan nan nan nan nan nan nan nan nan nan nan nan nan nan nan nan nan nan nan nan nan nan nan nan 28.3 28.2 28.5 29.1 26.8 18.2 26.5 22.9 26.2 25.1 24.1 23.4 22.9 22.5 22.3 22.2 22.1 22.1 22.2 22.2 22.2 22.0 21.7 21.2 20.5 19.8 -9999.0 -9999.0 -9999.0 -9999.0 -9999.0 -9999.0 -9999.0 -9999.0 -9999.0 -9999.0 -9999.0 nan nan nan nan nan nan nan nan nan nan nan nan nan nan nan nan nan nan -9999.0
nan nan nan nan nan nan nan nan nan nan nan nan nan nan nan nan nan nan nan nan nan nan nan nan nan nan nan nan nan nan nan nan 27.5 27.9 28.2 28.6 29.2 30.2 31.1 30.4 nan 28.0 26.4 25.1 24.1 23.4 22.9 22.6 22.3 22.2 22.2 22.3 22.4 22.5 22.5 22.4 22.1 21.6 21.0 -9999.0 -9999.0 -9999.0 -9999.0 -9999.0 -9999.0 -9999.0 -9999.0 -9999.0 -9999.0 -9999.0 -9999.0 -9999.0 nan nan nan nan nan nan nan nan nan nan nan nan nan nan nan nan nan -9999.0
nan nan nan nan nan nan nan nan nan nan nan nan nan nan nan nan nan nan nan nan nan nan nan nan nan nan nan nan nan 20.5 nan nan 28.7 28.8 28.7 29.0 29.9 30.8 31.5 nan nan 27.5 26.4 25.2 24.2 23.5 22.9 22.6 22.3 22.2 22.2 22.4 22.6 22.8 22.9 22.8 22.6 22.1 21.5 -9999.0 -9999.0 -9999.0 -9999.0 -9999.0 -9999.0 -9999.0 -9999.0 -9999.0 -9999.0 -9999.0 -9999.0 -9999.0 -9999.0 -9999.0 nan nan nan nan nan nan nan nan nan nan nan nan nan nan nan -9999.0
nan nan nan nan nan nan nan nan nan nan nan nan nan nan nan nan nan nan nan nan nan nan nan nan nan nan nan nan nan 16.9 16.9 nan 29.2 29.5 27.8 25.9 29.1 30.4 30.6 30.1 nan 27.6 26.7 25.5 24.4 23.5 23.0 22.6 22.4 22.2 22.3 22.5 22.7 23.0 23.2 23.2 23.0 22.6 -9999.0 -9999.0 -9999.0 -9999.0 -9999.0 -9999.0 -9999.0 -9999.0 -9999.0 -9999.0 -9999.0 -9999.0 -9999.0 -9999.0 -9999.0 -9999.0 -9999.0 nan nan nan nan nan nan nan nan nan nan nan nan nan nan -9999.0
nan nan nan nan nan nan nan nan nan nan nan nan nan nan nan nan nan nan nan nan nan nan nan nan nan nan nan nan nan 17.8 29.0 29.1 29.5 30.0 30.3 nan 18.3 30.1 30.2 30.5 nan 27.6 27.3 26.0 24.8 23.8 23.1 22.7 22.4 22.3 22.4 22.6 22.9 23.2 23.5 23.6 23.5 23.3 -9999.0 -9999.0 -9999.0 -9999.0 -9999.0 -9999.0 -9999.0 -9999.0 -9999.0 -9999.0 -9999.0 -9999.0 -9999.0 -9999.0 -9999.0 -9999.0 -9999.0 -9999.0 nan nan nan nan nan nan nan nan nan nan nan nan nan -9999.0
nan nan nan nan nan nan nan nan nan nan nan nan nan nan nan nan nan nan nan nan nan nan nan nan nan nan nan nan nan nan 28.5 28.9 29.4 30.1 29.0 nan nan 30.1 30.3 30.4 nan 24.4 25.2 26.3 25.1 24.1 23.4 22.9 22.6 22.5 22.5 22.8 23.1 23.5 23.9 24.0 24.1 24.0 -9999.0 -9999.0 -9999.0 -9999.0 -9999.0 -9999.0 -9999.0 -9999.0 -9999.0 -9999.0 -9999.0 -9999.0 -9999.0 -9999.0 -9999.0 -9999.0 -9999.0 -9999.0 -9999.0 nan nan nan nan nan nan nan nan nan nan nan nan -9999.0
nan nan nan nan nan nan nan nan nan nan nan nan nan nan nan nan nan nan nan nan nan nan nan nan nan nan nan nan nan nan 26.0 28.8 29.3 30.0 26.5 nan 20.8 24.4 27.2 17.0 25.4 20.4 22.1 25.8 25.4 24.5 23.7 23.1 22.8 22.7 22.8 23.0 23.4 23.8 24.2 24.5 24.6 24.4 -9999.0 -9999.0 -9999.0 -9999.0 -9999.0 -9999.0 -9999.0 -9999.0 -9999.0 -9999.0 -9999.0 -9999.0 -9999.0 -9999.0 -9999.0 -9999.0 -9999.0 -9999.0 -9999.0 -9999.0 nan nan nan nan nan nan nan nan nan nan nan -9999.0
nan nan nan nan nan nan nan nan nan nan nan nan nan nan nan nan nan nan nan nan nan nan nan nan nan nan nan nan nan nan 26.3 28.2 29.3 29.8 29.2 20.7 nan 27.3 23.6 18.1 22.4 nan 27.7 26.9 25.9 24.9 24.1 23.5 23.1 23.0 23.0 23.2 23.6 24.0 24.5 24.8 24.4 19.0 -9999.0 -9999.0 -9999.0 -9999.0 -9999.0 -9999.0 -9999.0 -9999.0 -9999.0 -9999.0 -9999.0 -9999.0 -9999.0 -9999.0 -9999.0 -9999.0 -9999.0 -9999.0 -9999.0 -9999.0 -9999.0 -9999.0 nan nan nan nan nan nan nan nan nan -9999.0
nan nan nan nan nan nan nan nan nan nan nan nan nan nan nan nan nan nan nan nan nan nan nan nan nan nan nan nan nan nan nan 28.8 29.2 29.6 30.1 nan nan 21.8 22.5 22.3 nan nan 28.2 27.6 26.5 25.6 24.7 24.0 23.5 23.4 23.4 23.6 23.9 24.3 24.8 25.1 24.1 20.8 -9999.0 -9999.0 -9999.0 -9999.0 -9999.0 -9999.0 -9999.0 -9999.0 -9999.0 -9999.0 -9999.0 nan nan nan -9999.0 -9999.0 -9999.0 -9999.0 -9999.0 -9999.0 -9999.0 -9999.0 -9999.0 -9999.0 -9999.0 -9999.0 -9999.0 nan nan nan -9999.0 -9999.0
nan nan nan nan nan nan nan nan nan nan nan nan nan nan nan nan nan nan nan nan nan nan nan nan nan nan nan nan nan nan nan 28.5 29.1 29.6 30.2 nan 18.1 20.4 28.9 20.0 nan nan 28.7 28.3 27.3 26.3 25.3 24.5 24.0 23.8 23.8 23.9 24.2 24.6 25.2 25.6 25.8 22.4 -9999.0 -9999.0 -9999.0 -9999.0 -9999.0 -9999.0 -9999.0 -9999.0 -9999.0 -9999.0 -9999.0 nan nan nan nan nan -9999.0 -9999.0 -9999.0 -9999.0 -9999.0 -9999.0 -9999.0 -9999.0 -9999.0 -9999.0 -9999.0 -9999.0 -9999.0 -9999.0 -9999.0 -9999.0
nan nan nan nan nan nan nan nan nan nan nan nan nan nan nan nan nan nan nan nan nan nan nan nan nan nan nan nan nan nan nan 20.5 28.9 29.6 30.4 30.3 26.5 23.8 19.1 15.6 19.8 nan 29.0 28.9 28.1 27.1 26.1 25.3 24.7 24.4 24.3 24.4 24.6 25.1 25.5 26.1 26.5 21.6 -9999.0 -9999.0 -9999.0 -9999.0 -9999.0 -9999.0 -9999.0 -9999.0 -9999.0 -9999.0 -9999.0 -9999.0 -9999.0 -9999.0 -9999.0 -9999.0 -9999.0 -9999.0 -9999.0 -9999.0 -9999.0 -9999.0 -9999.0 -9999.0 -9999.0 -9999.0 -9999.0 -9999.0 -9999.0 -9999.0 -9999.0 -9999.0
nan nan nan nan nan nan nan nan nan nan nan nan nan nan nan nan nan nan nan nan nan nan nan nan nan nan nan nan nan nan nan 20.5 28.9 29.6 30.6 31.3 31.8 nan 20.2 23.8 15.1 nan 29.2 29.5 29.0 28.1 27.2 26.3 25.5 25.1 24.9 24.9 25.1 25.5 26.0 26.5 27.0 22.0 -9999.0 -9999.0 -9999.0 -9999.0 -9999.0 -9999.0 -9999.0 -9999.0 -9999.0 -9999.0 -9999.0 -9999.0 -9999.0 -9999.0 -9999.0 -9999.0 -9999.0 -9999.0 -9999.0 -9999.0 -9999.0 -9999.0 -9999.0 -9999.0 -9999.0 -9999.0 -9999.0 -9999.0 -9999.0 -9999.0 -9999.0 -9999.0
nan nan nan nan nan nan nan nan nan nan nan nan nan nan nan nan nan nan nan nan nan nan nan nan nan nan nan nan nan nan nan 20.5 26.8 29.8 30.9 31.7 32.0 nan nan 21.9 19.2 nan nan 29.9 29.8 29.0 28.1 27.3 26.5 25.9 25.6 25.5 25.7 26.0 26.4 26.8 27.1 21.2 -9999.0 -9999.0 -9999.0 -9999.0 -9999.0 -9999.0 -9999.0 -9999.0 -9999.0 -9999.0 -9999.0 -9999.0 -9999.0 -9999.0 -9999.0 -9999.0 -9999.0 -9999.0 -9999.0 -9999.0 -9999.0 -9999.0 -9999.0 -9999.0 -9999.0 -9999.0 -9999.0 -9999.0 -9999.0 -9999.0 -9999.0 -9999.0
nan nan nan nan nan nan nan nan nan nan nan nan nan nan nan nan nan nan nan nan nan nan nan nan nan nan nan nan nan nan nan nan 19.4 30.2 31.2 32.1 nan nan nan 23.4 18.2 20.3 nan nan 29.5 29.5 28.8 28.1 27.4 26.8 26.4 26.3 26.3 26.5 26.9 27.2 27.6 26.8 -9999.0 -9999.0 -9999.0 -9999.0 -9999.0 -9999.0 -9999.0 -9999.0 -9999.0 -9999.0 -9999.0 -9999.0 -9999.0 -9999.0 -9999.0 -9999.0 -9999.0 -9999.0 -9999.0 -9999.0 -9999.0 -9999.0 -9999.0 -9999.0 nan nan nan -9999.0 -9999.0 -9999.0 -9999.0 -9999.0
nan nan nan nan nan nan nan nan nan nan nan nan nan nan nan nan nan nan nan nan nan nan nan nan nan nan nan nan nan nan nan nan 29.0 30.2 31.2 32.3 nan nan nan nan 20.7 20.1 32.7 nan 29.7 30.0 29.7 29.0 28.4 27.7 27.3 27.1 27.0 27.1 27.2 27.6 27.9 28.2 -9999.0 -9999.0 -9999.0 -9999.0 -9999.0 -9999.0 -9999.0 -9999.0 -9999.0 -9999.0 -9999.0 -9999.0 -9999.0 -9999.0 -9999.0 -9999.0 -9999.0 -9999.0 -9999.0 -9999.0 -9999.0 -9999.0 nan nan nan nan nan nan nan nan -9999.0 -9999.0
nan nan nan nan nan nan nan nan nan nan nan nan nan nan nan nan nan nan nan nan nan nan nan nan nan nan nan nan nan nan nan nan nan 30.3 31.5 32.8 nan nan nan nan 25.8 22.5 28.0 23.5 nan 30.8 30.9 30.2 29.5 28.8 28.3 28.0 27.8 27.6 27.6 28.0 28.3 28.4 -9999.0 -9999.0 -9999.0 -9999.0 -9999.0 -9999.0 -9999.0 -9999.0 -9999.0 -9999.0 -9999.0 nan nan nan nan nan nan nan nan nan nan nan nan nan nan nan nan nan nan nan nan nan
nan nan nan nan nan nan nan nan nan nan nan nan nan nan nan nan nan nan nan nan nan nan nan nan nan nan nan nan nan nan nan nan nan 30.4 31.7 33.4 33.2 nan nan nan 31.1 23.4 25.1 33.2 nan nan 31.0 30.7 30.3 29.7 29.3 28.9 28.5 28.3 28.1 28.6 28.8 29.1 -9999.0 -9999.0 -9999.0 -9999.0 -9999.0 -9999.0 -9999.0 -9999.0 -9999.0 -9999.0 nan nan nan nan nan nan nan nan nan nan nan nan nan nan nan nan nan nan nan nan nan nan
