data/output/RUN203/ECOSPACE/ECOSPACE_in_PAR3/PAR-VarZ-VarK/PAR-VarZ-VarK_1999_08.asc
ncols        93
nrows        151 
xllcorner    -123.80739
yllcorner    48.29471 
cellsize     0.013497347 
NODATA_value  0.0
[rows 80 to 119 of 151, columns 0 to 89 of 93]
nan nan nan nan nan nan nan nan nan nan nan nan nan nan nan nan nan nan nan nan nan nan nan 26.3 25.4 26.6 27.9 27.7 27.1 26.5 25.8 25.1 24.3 23.5 22.6 21.8 21.0 20.2 19.5 18.8 18.3 17.8 17.4 17.0 16.7 16.5 16.2 16.0 15.9 15.7 15.6 15.5 15.4 15.2 nan nan nan nan nan nan nan nan nan nan nan nan 13.5 13.7 13.8 13.8 nan 13.6 13.6 13.6 13.7 13.8 13.8 13.6 13.6 13.7 14.0 14.1 14.1 nan nan nan nan nan nan nan
nan nan nan nan nan nan nan nan nan nan nan nan nan nan nan nan nan nan nan nan nan nan nan nan nan nan 28.2 28.0 27.5 26.9 26.2 25.5 24.7 23.8 22.9 22.0 21.1 20.3 19.6 18.9 18.3 17.8 17.4 17.0 16.7 16.4 16.2 16.0 15.9 15.7 15.6 15.5 15.4 15.2 14.8 nan nan nan nan nan nan nan nan nan nan nan 13.7 13.8 nan nan nan nan nan 13.7 13.8 13.9 nan 13.7 13.8 14.1 14.3 14.4 nan nan nan nan nan nan nan nan
nan nan nan nan nan nan nan nan nan nan nan nan nan nan nan nan nan nan nan nan nan nan nan nan nan nan nan 28.2 27.8 27.4 26.8 26.0 25.1 24.2 23.2 22.2 21.3 20.5 19.7 19.0 18.4 17.9 17.5 17.0 16.7 16.4 16.1 15.9 15.8 15.7 15.6 15.5 15.4 15.2 15.0 14.6 nan nan nan nan nan nan nan nan nan 13.7 13.9 nan nan nan nan nan nan 13.7 13.8 13.9 nan 13.9 14.1 14.3 14.5 nan nan nan nan nan nan nan nan nan
nan nan nan nan nan nan nan nan nan nan nan nan nan nan nan nan nan nan nan nan nan nan nan nan nan nan nan nan 26.3 27.6 27.4 26.6 25.7 24.6 23.6 22.5 21.6 20.7 19.9 19.2 18.5 18.0 17.5 17.0 16.6 16.3 16.0 15.8 15.7 15.6 15.6 15.5 15.4 15.3 15.1 14.8 14.5 nan nan nan nan nan nan nan nan 13.7 13.9 nan nan nan nan nan nan 13.7 13.9 14.0 14.2 14.5 14.5 14.5 nan nan nan nan nan nan nan nan nan nan
nan nan nan nan nan nan nan nan nan nan nan nan nan nan nan nan nan nan nan nan nan nan nan nan nan nan nan nan nan 14.5 28.0 27.3 26.2 25.1 24.0 22.9 21.9 20.9 20.0 19.3 18.6 18.0 17.4 16.9 16.5 16.2 15.9 15.7 15.6 15.5 15.5 15.4 15.4 15.3 15.1 14.9 14.6 14.4 nan nan nan nan nan nan 13.7 13.8 13.9 nan 14.1 14.1 14.1 nan nan 13.8 14.0 14.2 14.5 14.8 nan nan nan nan nan nan nan nan nan nan nan nan
nan nan nan nan nan nan nan nan nan nan nan nan nan nan nan nan nan nan nan nan nan nan nan nan nan nan nan nan nan nan 14.8 27.6 26.8 25.6 24.4 23.2 22.1 21.1 20.2 19.3 18.6 17.9 17.4 16.8 16.4 16.1 15.8 15.6 15.5 15.4 15.4 15.4 15.3 15.3 15.1 14.9 14.7 14.5 nan nan nan nan nan 13.7 13.8 13.9 14.0 14.1 14.1 14.1 14.1 9.9 nan 13.8 14.1 14.4 14.5 14.6 nan nan nan nan nan nan nan nan nan nan nan nan
nan nan nan nan nan nan nan nan nan nan nan nan nan nan nan nan nan nan nan nan nan nan nan nan nan nan nan nan nan nan nan 25.3 26.8 26.1 24.8 23.5 22.4 21.3 20.3 19.4 18.6 17.9 17.3 16.8 16.4 16.0 15.8 15.6 15.4 15.4 15.3 15.3 15.3 15.3 15.2 15.0 14.8 14.6 14.3 nan nan 13.9 14.0 14.0 14.0 14.1 14.1 14.2 14.2 14.1 14.1 nan nan 14.0 14.3 14.5 14.6 14.7 nan nan nan nan nan nan nan nan nan nan nan nan
nan nan nan nan nan nan nan nan nan nan nan nan nan nan nan nan nan nan nan nan nan nan nan nan nan nan nan nan nan nan nan nan 27.2 26.3 25.1 23.9 22.7 21.5 20.4 19.5 18.6 17.9 17.3 16.8 16.3 15.9 15.7 15.5 15.4 15.3 15.2 15.2 15.3 15.3 15.2 15.0 14.8 14.6 14.5 14.3 14.2 14.2 14.3 nan 14.1 14.3 14.4 14.5 14.5 14.4 14.4 14.3 14.3 14.4 14.4 14.5 14.6 nan nan nan nan nan nan nan nan nan nan nan nan nan
nan nan nan nan nan nan nan nan nan nan nan nan nan nan nan nan nan nan nan nan nan nan nan nan nan nan nan nan nan nan 26.5 26.8 27.0 26.4 25.3 24.2 23.1 21.9 20.6 19.6 18.7 18.0 17.4 16.8 16.3 15.9 15.6 15.4 15.3 15.2 15.2 15.2 15.2 15.2 15.2 15.1 14.9 14.8 14.7 14.6 14.6 14.5 14.5 14.5 14.6 14.7 14.8 14.9 14.9 14.9 14.6 14.5 14.5 14.5 14.5 14.6 14.6 nan nan nan nan nan nan nan nan nan nan nan nan nan
nan nan nan nan nan nan nan nan nan nan nan nan nan nan nan nan nan nan nan nan nan nan nan nan nan nan nan nan nan nan nan nan 26.8 26.2 25.5 24.8 23.7 22.4 21.0 19.8 18.9 18.1 17.4 16.8 16.3 15.9 15.6 15.4 15.3 15.2 15.2 15.2 15.2 15.2 15.2 15.1 15.1 15.0 14.9 14.9 14.9 14.9 14.9 14.9 14.9 14.9 15.0 nan nan nan 14.7 14.6 14.6 14.5 14.5 14.6 nan nan nan nan nan nan nan nan nan nan nan nan nan nan
nan nan nan nan nan nan nan nan nan nan nan nan nan nan nan nan nan nan nan nan nan nan nan nan nan nan nan nan nan nan 16.4 14.8 26.5 26.2 25.7 25.1 24.4 23.1 21.5 20.2 19.1 18.2 17.5 16.9 16.4 16.0 15.7 15.4 15.3 15.2 15.2 15.2 15.2 15.2 15.2 15.2 15.2 15.2 15.2 15.1 15.1 15.1 15.2 15.1 nan nan nan nan nan nan nan 14.6 14.5 14.5 14.5 14.4 nan nan nan nan nan nan nan nan nan nan nan nan nan nan
nan nan nan nan nan nan nan nan nan nan nan nan nan nan nan nan nan nan nan nan nan nan nan nan nan nan nan nan nan nan 15.2 26.2 26.4 26.2 25.7 15.5 24.9 23.7 21.9 20.6 19.5 18.5 17.7 17.0 16.5 16.0 15.7 15.5 15.3 15.2 15.2 15.2 15.2 15.2 15.3 15.3 15.3 15.4 15.4 15.4 15.4 15.3 15.3 nan nan nan nan nan nan 14.4 14.5 14.5 14.4 14.4 14.4 nan nan nan nan nan nan nan nan nan nan nan nan nan nan nan
nan nan nan nan nan nan nan nan nan nan nan nan nan nan nan nan nan nan nan nan nan nan nan nan nan nan nan nan nan nan 16.5 25.3 26.5 26.0 nan nan nan 23.0 22.2 21.0 19.9 18.9 18.0 17.2 16.6 16.1 15.8 15.6 15.4 15.3 15.2 15.2 15.2 15.3 15.4 15.4 15.5 15.6 15.6 15.6 15.6 15.5 15.4 nan nan nan nan nan 14.4 14.4 14.4 14.4 14.3 14.2 nan nan nan nan nan nan nan nan nan nan nan nan nan nan nan nan
nan nan nan nan nan nan nan nan nan nan nan nan nan nan nan nan nan nan nan nan nan nan nan nan nan nan nan nan nan nan 16.5 14.5 26.8 26.1 nan nan nan 20.9 22.4 21.5 20.5 19.3 18.3 17.5 16.8 16.3 15.9 15.7 15.5 15.4 15.3 15.3 15.3 15.4 15.5 15.6 15.7 15.8 15.9 15.9 15.8 15.7 15.6 15.1 14.9 nan 14.5 14.5 14.5 14.4 14.3 14.2 nan nan nan nan nan nan nan nan nan nan nan nan nan nan nan nan nan nan
nan nan nan nan nan nan nan nan nan nan nan nan nan nan nan nan nan nan nan nan nan nan nan nan nan nan nan nan nan nan nan nan 27.0 22.3 nan nan nan nan 22.3 22.0 21.1 19.9 18.7 17.8 17.1 16.5 16.1 15.8 15.6 15.5 15.4 15.4 15.4 15.5 15.6 15.7 15.9 16.0 16.1 16.1 16.1 15.9 15.7 15.4 15.3 15.0 14.8 14.6 14.5 14.3 14.1 nan nan nan nan nan nan nan nan nan nan nan nan nan nan nan nan nan nan nan
nan nan nan nan nan nan nan nan nan nan nan nan nan nan nan nan nan nan nan nan nan nan nan nan nan nan nan nan nan nan nan nan nan 20.1 11.0 nan nan nan 14.2 22.7 21.9 20.6 19.3 18.2 17.4 16.8 16.3 16.0 15.8 15.6 15.6 15.5 15.6 15.6 15.7 15.9 16.0 16.2 16.3 16.4 16.3 16.2 16.0 15.8 15.5 15.2 14.9 14.7 14.4 14.2 13.9 nan nan nan nan nan nan nan nan nan nan nan nan nan nan nan nan nan nan nan
nan nan nan nan nan nan nan nan nan nan nan nan nan nan nan nan nan nan nan nan nan nan nan nan nan nan nan nan nan nan nan nan nan nan 13.0 20.4 nan nan nan nan 22.2 21.2 19.7 18.6 17.8 17.1 16.6 16.2 16.0 15.8 15.7 15.7 15.7 15.8 15.9 16.1 16.2 16.4 16.5 16.6 16.6 16.5 16.3 16.0 15.7 15.4 15.1 14.7 14.4 14.1 13.9 13.8 nan nan nan nan nan nan nan nan nan nan nan nan nan nan nan nan nan nan
nan nan nan nan nan nan nan nan nan nan nan nan nan nan nan nan nan nan nan nan nan nan nan nan nan nan nan nan nan nan nan nan nan nan nan 15.1 16.0 nan nan nan nan 20.6 20.1 19.0 18.1 17.4 16.9 16.5 16.2 16.0 15.9 15.9 15.9 16.0 16.1 16.3 16.5 16.7 16.8 16.9 16.8 16.7 16.5 16.2 15.9 15.5 15.1 14.8 14.5 14.2 14.0 13.9 13.8 9.9 nan nan nan nan nan nan nan nan nan nan nan nan nan nan nan nan
nan nan nan nan nan nan nan nan nan nan nan nan nan nan nan nan nan nan nan nan nan nan nan nan nan nan nan nan nan nan nan nan nan nan 14.3 16.4 21.5 21.4 nan 15.8 nan 18.2 20.4 19.3 18.4 17.7 17.1 16.7 16.4 16.2 16.1 16.0 16.1 16.2 16.3 16.5 16.7 16.9 17.1 17.1 17.0 16.9 16.6 16.3 15.9 15.5 15.2 14.9 14.6 14.2 14.0 13.9 13.8 13.8 nan nan nan nan nan nan nan nan nan nan nan nan nan nan nan nan
nan nan nan nan nan nan nan nan nan nan nan nan nan nan nan nan nan nan nan nan nan nan nan nan nan nan nan nan nan nan nan nan nan nan 21.5 21.7 22.1 21.6 14.6 18.9 19.9 17.8 20.7 19.5 18.7 17.9 17.4 16.9 16.6 16.4 16.3 16.2 16.3 16.4 16.5 16.7 17.0 17.1 17.2 17.3 17.2 17.0 16.6 16.2 15.8 15.4 14.9 15.0 14.8 14.4 13.9 13.8 13.8 13.8 13.9 nan nan nan nan nan nan nan nan nan nan nan nan nan nan nan
nan nan nan nan nan nan nan nan nan nan nan nan nan nan nan nan nan nan nan nan nan nan nan nan nan nan nan nan nan nan nan nan nan nan 21.8 22.0 22.0 21.9 21.7 nan 20.3 20.2 20.5 19.7 18.8 18.1 17.5 17.1 16.8 16.6 16.5 16.5 16.5 16.6 16.8 17.0 17.1 17.3 17.4 17.4 17.2 17.0 -9999.0 -9999.0 -9999.0 -9999.0 -9999.0 -9999.0 -9999.0 10.8 14.0 13.9 13.8 13.7 13.7 nan nan nan nan nan nan nan nan nan nan nan nan nan nan -9999.0
nan nan nan nan nan nan nan nan nan nan nan nan nan nan nan nan nan nan nan nan nan nan nan nan nan nan nan nan nan nan nan nan nan nan 21.8 21.9 21.8 21.5 21.4 nan nan 21.0 20.5 19.7 18.9 18.2 17.6 17.2 17.0 16.8 16.7 16.7 16.7 16.8 17.0 17.1 17.3 17.5 17.5 17.4 17.2 -9999.0 -9999.0 -9999.0 -9999.0 -9999.0 -9999.0 -9999.0 -9999.0 nan 13.0 13.9 13.9 13.1 nan nan nan nan nan nan nan nan nan nan nan nan nan nan nan -9999.0
nan nan nan nan nan nan nan nan nan nan nan nan nan nan nan nan nan nan nan nan nan nan nan nan nan nan nan nan nan nan nan nan nan nan 21.6 21.5 21.4 21.4 21.6 nan 16.7 19.6 20.5 19.6 18.9 18.2 17.7 17.3 17.1 16.9 16.9 16.9 16.9 17.0 17.2 17.3 17.5 17.6 17.6 17.5 17.2 -9999.0 -9999.0 -9999.0 -9999.0 -9999.0 -9999.0 -9999.0 -9999.0 -9999.0 -9999.0 nan 10.5 10.5 nan nan nan nan nan nan nan nan nan nan nan nan nan nan nan -9999.0
nan nan nan nan nan nan nan nan nan nan nan nan nan nan nan nan nan nan nan nan nan nan nan nan nan nan nan nan nan nan nan nan nan nan 21.2 21.2 21.4 21.8 19.9 13.1 19.3 17.3 20.4 19.6 18.9 18.3 17.8 17.4 17.2 17.1 17.0 17.0 17.1 17.2 17.4 17.5 17.7 17.7 17.7 17.5 -9999.0 -9999.0 -9999.0 -9999.0 -9999.0 -9999.0 -9999.0 -9999.0 -9999.0 -9999.0 -9999.0 nan nan nan nan nan nan nan nan nan nan nan nan nan nan nan nan nan nan -9999.0
nan nan nan nan nan nan nan nan nan nan nan nan nan nan nan nan nan nan nan nan nan nan nan nan nan nan nan nan nan nan nan nan 20.6 21.0 21.2 21.4 21.8 22.5 22.7 22.3 nan 21.2 20.4 19.7 19.0 18.4 17.9 17.6 17.4 17.2 17.2 17.2 17.3 17.4 17.6 17.8 17.9 17.9 17.8 -9999.0 -9999.0 -9999.0 -9999.0 -9999.0 -9999.0 -9999.0 -9999.0 -9999.0 -9999.0 -9999.0 -9999.0 -9999.0 nan nan nan nan nan nan nan nan nan nan nan nan nan nan nan nan nan -9999.0
nan nan nan nan nan nan nan nan nan nan nan nan nan nan nan nan nan nan nan nan nan nan nan nan nan nan nan nan nan 16.1 nan nan 21.5 21.5 21.4 21.6 22.2 22.8 23.3 nan nan 20.7 20.4 19.8 19.2 18.6 18.1 17.8 17.5 17.4 17.4 17.4 17.5 17.7 17.9 18.0 18.2 18.2 18.0 -9999.0 -9999.0 -9999.0 -9999.0 -9999.0 -9999.0 -9999.0 -9999.0 -9999.0 -9999.0 -9999.0 -9999.0 -9999.0 -9999.0 -9999.0 nan nan nan nan nan nan nan nan nan nan nan nan nan nan nan -9999.0
nan nan nan nan nan nan nan nan nan nan nan nan nan nan nan nan nan nan nan nan nan nan nan nan nan nan nan nan nan 13.2 13.2 nan 21.7 21.8 20.4 19.0 21.8 22.6 22.7 22.3 nan 20.6 20.4 20.0 19.5 18.9 18.4 18.0 17.7 17.6 17.6 17.6 17.7 17.9 18.1 18.3 18.5 18.5 -9999.0 -9999.0 -9999.0 -9999.0 -9999.0 -9999.0 -9999.0 -9999.0 -9999.0 -9999.0 -9999.0 -9999.0 -9999.0 -9999.0 -9999.0 -9999.0 -9999.0 nan nan nan nan nan nan nan nan nan nan nan nan nan nan -9999.0
nan nan nan nan nan nan nan nan nan nan nan nan nan nan nan nan nan nan nan nan nan nan nan nan nan nan nan nan nan 13.9 21.5 21.6 21.9 22.1 22.4 nan 14.4 22.3 22.3 22.5 nan 20.6 20.8 20.3 19.8 19.1 18.6 18.2 18.0 17.8 17.8 17.8 18.0 18.2 18.4 18.7 18.8 18.9 -9999.0 -9999.0 -9999.0 -9999.0 -9999.0 -9999.0 -9999.0 -9999.0 -9999.0 -9999.0 -9999.0 -9999.0 -9999.0 -9999.0 -9999.0 -9999.0 -9999.0 -9999.0 nan nan nan nan nan nan nan nan nan nan nan nan nan -9999.0
nan nan nan nan nan nan nan nan nan nan nan nan nan nan nan nan nan nan nan nan nan nan nan nan nan nan nan nan nan nan 21.2 21.5 21.8 22.2 21.5 nan nan 22.1 22.1 22.6 nan 19.0 20.1 20.4 19.9 19.4 18.9 18.5 18.2 18.0 18.0 18.1 18.2 18.5 18.7 19.0 19.3 19.4 -9999.0 -9999.0 -9999.0 -9999.0 -9999.0 -9999.0 -9999.0 -9999.0 -9999.0 -9999.0 -9999.0 -9999.0 -9999.0 -9999.0 -9999.0 -9999.0 -9999.0 -9999.0 -9999.0 nan nan nan nan nan nan nan nan nan nan nan nan -9999.0
nan nan nan nan nan nan nan nan nan nan nan nan nan nan nan nan nan nan nan nan nan nan nan nan nan nan nan nan nan nan 19.3 21.4 21.8 22.2 19.3 nan 16.2 17.2 19.3 12.2 17.9 14.7 17.6 19.9 20.0 19.6 19.1 18.7 18.4 18.3 18.2 18.3 18.5 18.8 19.1 19.5 19.8 19.9 -9999.0 -9999.0 -9999.0 -9999.0 -9999.0 -9999.0 -9999.0 -9999.0 -9999.0 -9999.0 -9999.0 -9999.0 -9999.0 -9999.0 -9999.0 -9999.0 -9999.0 -9999.0 -9999.0 -9999.0 nan nan nan nan nan nan nan nan nan nan nan -9999.0
nan nan nan nan nan nan nan nan nan nan nan nan nan nan nan nan nan nan nan nan nan nan nan nan nan nan nan nan nan nan 19.4 21.0 21.8 22.0 21.6 16.2 nan 19.7 16.3 12.9 15.6 nan 20.8 20.8 20.3 19.8 19.4 19.0 18.7 18.5 18.5 18.6 18.8 19.1 19.5 19.9 20.1 17.5 -9999.0 -9999.0 -9999.0 -9999.0 -9999.0 -9999.0 -9999.0 -9999.0 -9999.0 -9999.0 -9999.0 -9999.0 -9999.0 -9999.0 -9999.0 -9999.0 -9999.0 -9999.0 -9999.0 -9999.0 -9999.0 -9999.0 nan nan nan nan nan nan nan nan nan -9999.0
nan nan nan nan nan nan nan nan nan nan nan nan nan nan nan nan nan nan nan nan nan nan nan nan nan nan nan nan nan nan nan 21.4 21.7 22.0 22.2 nan nan 15.7 16.0 15.4 nan nan 21.1 20.9 20.5 20.1 19.7 19.3 19.0 18.9 18.8 18.9 19.1 19.5 20.0 20.4 20.6 19.4 -9999.0 -9999.0 -9999.0 -9999.0 -9999.0 -9999.0 -9999.0 -9999.0 -9999.0 -9999.0 -9999.0 nan nan nan -9999.0 -9999.0 -9999.0 -9999.0 -9999.0 -9999.0 -9999.0 -9999.0 -9999.0 -9999.0 -9999.0 -9999.0 -9999.0 nan nan nan -9999.0 -9999.0
nan nan nan nan nan nan nan nan nan nan nan nan nan nan nan nan nan nan nan nan nan nan nan nan nan nan nan nan nan nan nan 21.1 21.5 21.9 22.1 nan 14.0 14.9 20.5 13.6 nan nan 21.2 21.1 20.7 20.3 19.9 19.5 19.3 19.1 19.1 19.2 19.5 19.9 20.4 20.9 21.2 19.3 -9999.0 -9999.0 -9999.0 -9999.0 -9999.0 -9999.0 -9999.0 -9999.0 -9999.0 -9999.0 -9999.0 nan nan nan nan nan -9999.0 -9999.0 -9999.0 -9999.0 -9999.0 -9999.0 -9999.0 -9999.0 -9999.0 -9999.0 -9999.0 -9999.0 -9999.0 -9999.0 -9999.0 -9999.0
nan nan nan nan nan nan nan nan nan nan nan nan nan nan nan nan nan nan nan nan nan nan nan nan nan nan nan nan nan nan nan 16.1 21.5 21.8 21.9 22.0 20.7 18.1 13.1 10.7 13.4 nan 21.2 21.1 20.9 20.5 20.2 19.9 19.6 19.4 19.4 19.5 19.8 20.2 20.7 21.3 21.9 20.7 -9999.0 -9999.0 -9999.0 -9999.0 -9999.0 -9999.0 -9999.0 -9999.0 -9999.0 -9999.0 -9999.0 -9999.0 -9999.0 -9999.0 -9999.0 -9999.0 -9999.0 -9999.0 -9999.0 -9999.0 -9999.0 -9999.0 -9999.0 -9999.0 -9999.0 -9999.0 -9999.0 -9999.0 -9999.0 -9999.0 -9999.0 -9999.0
nan nan nan nan nan nan nan nan nan nan nan nan nan nan nan nan nan nan nan nan nan nan nan nan nan nan nan nan nan nan nan 16.0 21.4 21.9 22.3 22.7 22.9 nan 14.2 16.6 10.6 nan 21.2 21.3 21.1 20.8 20.5 20.1 19.9 19.7 19.6 19.7 20.0 20.4 21.0 21.7 22.3 21.4 -9999.0 -9999.0 -9999.0 -9999.0 -9999.0 -9999.0 -9999.0 -9999.0 -9999.0 -9999.0 -9999.0 -9999.0 -9999.0 -9999.0 -9999.0 -9999.0 -9999.0 -9999.0 -9999.0 -9999.0 -9999.0 -9999.0 -9999.0 -9999.0 -9999.0 -9999.0 -9999.0 -9999.0 -9999.0 -9999.0 -9999.0 -9999.0
nan nan nan nan nan nan nan nan nan nan nan nan nan nan nan nan nan nan nan nan nan nan nan nan nan nan nan nan nan nan nan 16.0 19.5 21.8 22.6 23.0 23.1 nan nan 15.3 13.7 nan nan 21.3 21.3 21.0 20.8 20.5 20.2 20.0 19.9 20.0 20.3 20.7 21.3 21.9 22.5 19.6 -9999.0 -9999.0 -9999.0 -9999.0 -9999.0 -9999.0 -9999.0 -9999.0 -9999.0 -9999.0 -9999.0 -9999.0 -9999.0 -9999.0 -9999.0 -9999.0 -9999.0 -9999.0 -9999.0 -9999.0 -9999.0 -9999.0 -9999.0 -9999.0 -9999.0 -9999.0 -9999.0 -9999.0 -9999.0 -9999.0 -9999.0 -9999.0
nan nan nan nan nan nan nan nan nan nan nan nan nan nan nan nan nan nan nan nan nan nan nan nan nan nan nan nan nan nan nan nan 15.1 22.1 22.7 23.2 nan nan nan 16.8 12.6 15.6 nan nan 21.0 21.1 20.9 20.6 20.4 20.3 20.2 20.3 20.5 21.0 21.5 22.1 22.6 22.7 -9999.0 -9999.0 -9999.0 -9999.0 -9999.0 -9999.0 -9999.0 -9999.0 -9999.0 -9999.0 -9999.0 -9999.0 -9999.0 -9999.0 -9999.0 -9999.0 -9999.0 -9999.0 -9999.0 -9999.0 -9999.0 -9999.0 -9999.0 -9999.0 nan nan nan -9999.0 -9999.0 -9999.0 -9999.0 -9999.0
nan nan nan nan nan nan nan nan nan nan nan nan nan nan nan nan nan nan nan nan nan nan nan nan nan nan nan nan nan nan nan nan 21.3 22.0 22.6 23.2 nan nan nan nan 14.8 15.4 23.0 nan 20.8 21.3 21.2 21.0 20.7 20.5 20.5 20.5 20.8 21.1 21.6 22.3 22.9 23.0 -9999.0 -9999.0 -9999.0 -9999.0 -9999.0 -9999.0 -9999.0 -9999.0 -9999.0 -9999.0 -9999.0 -9999.0 -9999.0 -9999.0 -9999.0 -9999.0 -9999.0 -9999.0 -9999.0 -9999.0 -9999.0 -9999.0 nan nan nan nan nan nan nan nan -9999.0 -9999.0
nan nan nan nan nan nan nan nan nan nan nan nan nan nan nan nan nan nan nan nan nan nan nan nan nan nan nan nan nan nan nan nan nan 22.1 22.8 23.4 nan nan nan nan 18.2 17.6 21.9 17.3 nan 21.6 21.8 21.3 21.0 20.8 20.7 20.7 20.9 21.2 21.6 22.2 22.9 23.5 -9999.0 -9999.0 -9999.0 -9999.0 -9999.0 -9999.0 -9999.0 -9999.0 -9999.0 -9999.0 -9999.0 nan nan nan nan nan nan nan nan nan nan nan nan nan nan nan nan nan nan nan nan nan
nan nan nan nan nan nan nan nan nan nan nan nan nan nan nan nan nan nan nan nan nan nan nan nan nan nan nan nan nan nan nan nan nan 22.2 22.9 23.8 23.6 nan nan nan 22.0 18.1 20.2 22.6 nan nan 21.3 21.2 21.1 20.9 20.8 20.9 21.0 21.3 21.6 22.3 22.9 23.3 -9999.0 -9999.0 -9999.0 -9999.0 -9999.0 -9999.0 -9999.0 -9999.0 -9999.0 -9999.0 nan nan nan nan nan nan nan nan nan nan nan nan nan nan nan nan nan nan nan nan nan nan
