data/output/RUN203/ECOSPACE/ECOSPACE_in_PAR3/PAR-VarZ-VarK/PAR-VarZ-VarK_1994_03.asc
ncols        93
nrows        151 
xllcorner    -123.80739
yllcorner    48.29471 
cellsize     0.013497347 
NODATA_value  0.0
[rows 80 to 119 of 151, columns 0 to 89 of 93]
nan nan nan nan nan nan nan nan nan nan nan nan nan nan nan nan nan nan nan nan nan nan nan 26.4 26.5 26.2 26.8 28.8 28.8 28.5 28.2 28.0 27.5 27.0 26.3 25.6 24.9 24.2 23.9 23.5 23.2 23.0 22.9 23.0 22.9 22.5 22.1 21.9 21.6 21.1 20.1 18.9 17.8 17.2 nan nan nan nan nan nan nan nan nan nan nan nan 14.1 14.5 14.7 14.8 nan 14.5 14.6 14.7 14.8 15.0 15.1 14.9 14.9 15.1 15.6 15.8 15.9 nan nan nan nan nan nan nan
nan nan nan nan nan nan nan nan nan nan nan nan nan nan nan nan nan nan nan nan nan nan nan nan nan nan 28.0 28.7 28.9 28.8 28.5 28.3 28.0 27.3 26.5 25.8 25.1 24.4 23.9 23.6 23.3 23.2 23.0 22.9 22.8 22.6 22.4 22.2 21.8 21.2 20.7 19.7 18.7 17.8 16.9 nan nan nan nan nan nan nan nan nan nan nan 14.5 14.7 nan nan nan nan nan 14.9 15.1 15.3 nan 15.1 15.3 15.8 16.2 16.6 nan nan nan nan nan nan nan nan
nan nan nan nan nan nan nan nan nan nan nan nan nan nan nan nan nan nan nan nan nan nan nan nan nan nan nan 28.2 28.4 28.9 28.7 28.6 28.3 27.7 26.9 26.1 25.3 24.7 24.3 23.8 23.4 23.1 23.0 22.9 22.8 22.6 22.5 22.4 21.9 21.6 21.1 20.4 19.5 18.5 17.5 16.7 nan nan nan nan nan nan nan nan nan 14.5 15.0 nan nan nan nan nan nan 14.9 15.2 15.4 nan 15.4 16.0 16.4 16.8 nan nan nan nan nan nan nan nan nan
nan nan nan nan nan nan nan nan nan nan nan nan nan nan nan nan nan nan nan nan nan nan nan nan nan nan nan nan 27.3 28.0 29.0 28.7 28.5 27.9 27.4 26.4 25.6 24.9 24.5 24.0 23.7 23.3 23.1 23.0 22.8 22.6 22.7 22.5 22.2 22.0 21.5 20.9 20.2 19.2 18.2 17.3 16.6 nan nan nan nan nan nan nan nan 14.6 15.1 nan nan nan nan nan nan 15.0 15.4 15.8 16.2 16.8 16.9 16.9 nan nan nan nan nan nan nan nan nan nan
nan nan nan nan nan nan nan nan nan nan nan nan nan nan nan nan nan nan nan nan nan nan nan nan nan nan nan nan nan 10.3 28.8 29.0 28.7 28.3 27.7 26.7 25.9 25.1 24.6 24.2 23.7 23.3 23.1 23.0 22.9 22.8 22.6 22.4 22.1 21.8 21.7 21.3 20.8 19.9 18.9 17.9 17.1 16.5 nan nan nan nan nan nan 14.6 14.9 15.2 nan 15.7 15.8 16.0 nan nan 15.2 15.8 16.2 16.8 17.6 nan nan nan nan nan nan nan nan nan nan nan nan
nan nan nan nan nan nan nan nan nan nan nan nan nan nan nan nan nan nan nan nan nan nan nan nan nan nan nan nan nan nan 11.1 28.4 28.8 28.6 28.0 27.0 26.1 25.3 24.8 24.3 23.7 23.4 23.1 23.0 22.8 22.8 22.6 22.5 22.2 22.1 21.9 21.6 21.2 20.3 19.4 18.5 17.6 17.0 nan nan nan nan nan 14.8 15.0 15.4 15.7 15.9 15.9 15.9 16.0 8.6 nan 15.4 16.1 16.7 17.2 17.6 nan nan nan nan nan nan nan nan nan nan nan nan
nan nan nan nan nan nan nan nan nan nan nan nan nan nan nan nan nan nan nan nan nan nan nan nan nan nan nan nan nan nan nan 27.3 27.8 28.7 28.1 27.3 26.3 25.5 25.0 24.4 23.7 23.4 23.1 22.9 22.7 22.8 22.5 22.3 22.2 22.0 22.0 21.9 21.5 20.8 19.9 19.1 18.3 17.7 17.1 nan nan 15.3 15.9 15.9 15.8 16.2 16.4 16.5 16.4 16.3 16.3 nan nan 15.8 16.5 17.1 17.6 17.8 nan nan nan nan nan nan nan nan nan nan nan nan
nan nan nan nan nan nan nan nan nan nan nan nan nan nan nan nan nan nan nan nan nan nan nan nan nan nan nan nan nan nan nan nan 28.2 28.5 28.2 27.4 26.5 25.8 25.1 24.5 23.8 23.3 23.0 22.8 22.6 22.6 22.5 22.4 22.3 22.3 22.3 22.2 21.8 21.1 20.4 19.6 19.0 18.4 17.9 17.1 16.7 16.6 16.8 nan 16.5 17.0 17.4 17.5 17.4 17.2 16.9 16.5 16.5 16.7 17.0 17.4 17.7 nan nan nan nan nan nan nan nan nan nan nan nan nan
nan nan nan nan nan nan nan nan nan nan nan nan nan nan nan nan nan nan nan nan nan nan nan nan nan nan nan nan nan nan 28.7 28.7 28.5 28.4 28.0 27.4 26.7 26.0 25.2 24.5 23.9 23.3 23.0 22.8 22.5 22.4 22.3 22.3 22.3 22.4 22.4 22.2 21.9 21.4 20.8 20.3 19.8 19.3 18.8 18.3 17.9 17.5 17.5 17.8 17.9 18.3 18.7 18.7 18.5 18.4 17.7 17.2 17.1 17.2 17.5 17.7 17.9 nan nan nan nan nan nan nan nan nan nan nan nan nan
nan nan nan nan nan nan nan nan nan nan nan nan nan nan nan nan nan nan nan nan nan nan nan nan nan nan nan nan nan nan nan nan 28.3 28.1 27.8 27.5 26.9 26.1 25.3 24.6 24.2 23.5 23.2 22.8 22.5 22.3 22.3 22.3 22.4 22.5 22.5 22.4 22.2 21.8 21.3 20.9 20.6 20.2 19.8 19.4 18.8 18.4 18.4 18.7 18.8 19.1 19.5 nan nan nan 18.0 17.7 17.5 17.5 17.6 17.8 nan nan nan nan nan nan nan nan nan nan nan nan nan nan
nan nan nan nan nan nan nan nan nan nan nan nan nan nan nan nan nan nan nan nan nan nan nan nan nan nan nan nan nan nan 10.8 10.0 27.8 27.7 27.7 27.4 26.9 26.2 25.5 25.0 24.5 23.8 23.4 23.0 22.7 22.5 22.5 22.4 22.5 22.6 22.6 22.5 22.3 22.1 21.8 21.4 21.2 20.9 20.5 20.1 19.5 19.0 18.8 18.9 nan nan nan nan nan nan nan 17.9 17.7 17.6 17.8 17.8 nan nan nan nan nan nan nan nan nan nan nan nan nan nan
nan nan nan nan nan nan nan nan nan nan nan nan nan nan nan nan nan nan nan nan nan nan nan nan nan nan nan nan nan nan 11.3 27.0 27.5 27.8 27.7 12.7 26.8 26.6 25.9 25.3 24.8 24.0 23.6 23.2 22.9 22.6 22.5 22.5 22.5 22.6 22.6 22.6 22.5 22.4 22.2 22.0 21.9 21.5 21.2 20.6 20.0 19.4 19.0 nan nan nan nan nan nan 17.1 17.4 17.7 17.7 17.7 17.8 nan nan nan nan nan nan nan nan nan nan nan nan nan nan nan
nan nan nan nan nan nan nan nan nan nan nan nan nan nan nan nan nan nan nan nan nan nan nan nan nan nan nan nan nan nan 10.9 25.8 27.3 27.9 nan nan nan 26.2 26.3 25.6 25.1 24.3 23.8 23.4 23.0 22.7 22.5 22.4 22.5 22.5 22.6 22.7 22.8 22.8 22.8 22.7 22.6 22.3 21.9 21.3 20.6 20.0 19.4 nan nan nan nan nan 17.1 17.2 17.4 17.6 17.5 17.5 nan nan nan nan nan nan nan nan nan nan nan nan nan nan nan nan
nan nan nan nan nan nan nan nan nan nan nan nan nan nan nan nan nan nan nan nan nan nan nan nan nan nan nan nan nan nan 10.7 10.4 26.6 27.3 nan nan nan 24.5 25.8 25.8 25.3 24.8 24.1 23.5 23.1 22.7 22.5 22.4 22.4 22.5 22.6 22.8 23.0 23.2 23.3 23.3 23.3 23.1 22.8 22.2 21.5 20.8 20.1 18.9 18.4 nan 17.1 17.2 17.4 17.4 17.4 17.5 nan nan nan nan nan nan nan nan nan nan nan nan nan nan nan nan nan nan
nan nan nan nan nan nan nan nan nan nan nan nan nan nan nan nan nan nan nan nan nan nan nan nan nan nan nan nan nan nan nan nan 26.4 21.4 nan nan nan nan 24.8 25.4 25.4 25.0 24.5 23.9 23.2 22.8 22.5 22.4 22.4 22.5 22.7 22.9 23.2 23.5 23.6 23.7 23.7 23.6 23.5 23.1 22.4 21.7 20.9 20.1 19.3 18.4 18.0 17.7 17.6 17.5 17.4 nan nan nan nan nan nan nan nan nan nan nan nan nan nan nan nan nan nan nan
nan nan nan nan nan nan nan nan nan nan nan nan nan nan nan nan nan nan nan nan nan nan nan nan nan nan nan nan nan nan nan nan nan 25.4 13.0 nan nan nan 10.3 26.3 25.9 25.4 24.8 24.2 23.5 23.0 22.7 22.4 22.4 22.5 22.7 23.0 23.3 23.6 23.8 24.0 24.0 23.9 23.9 23.8 23.3 22.5 21.9 21.2 20.3 19.4 18.7 18.2 17.9 17.6 17.3 nan nan nan nan nan nan nan nan nan nan nan nan nan nan nan nan nan nan nan
nan nan nan nan nan nan nan nan nan nan nan nan nan nan nan nan nan nan nan nan nan nan nan nan nan nan nan nan nan nan nan nan nan nan 13.3 25.6 nan nan nan nan 26.1 25.9 25.4 24.6 23.9 23.3 22.9 22.6 22.5 22.5 22.7 23.0 23.3 23.6 23.9 24.1 24.2 24.2 24.1 23.9 23.8 23.4 22.8 22.0 21.1 20.1 19.2 18.5 18.0 17.5 17.3 17.1 nan nan nan nan nan nan nan nan nan nan nan nan nan nan nan nan nan nan
nan nan nan nan nan nan nan nan nan nan nan nan nan nan nan nan nan nan nan nan nan nan nan nan nan nan nan nan nan nan nan nan nan nan nan 19.4 11.0 nan nan nan nan 24.9 25.9 25.0 24.3 23.6 23.1 22.8 22.6 22.6 22.8 23.0 23.3 23.6 23.9 24.0 24.2 24.1 24.0 24.0 23.9 23.7 23.2 22.4 21.5 20.4 19.3 18.5 17.9 17.4 17.1 17.1 17.1 8.4 nan nan nan nan nan nan nan nan nan nan nan nan nan nan nan nan
nan nan nan nan nan nan nan nan nan nan nan nan nan nan nan nan nan nan nan nan nan nan nan nan nan nan nan nan nan nan nan nan nan nan 12.9 16.0 26.6 26.2 nan 11.1 nan 24.0 25.2 25.1 24.5 23.8 23.5 23.1 22.9 22.9 22.9 23.1 23.3 23.6 23.9 24.1 24.2 24.2 24.0 23.9 23.8 23.5 23.2 22.5 21.6 20.4 19.2 18.4 17.8 17.4 17.1 17.0 17.1 17.1 nan nan nan nan nan nan nan nan nan nan nan nan nan nan nan nan
nan nan nan nan nan nan nan nan nan nan nan nan nan nan nan nan nan nan nan nan nan nan nan nan nan nan nan nan nan nan nan nan nan nan 26.9 26.6 26.7 22.9 13.4 23.7 25.0 20.6 24.9 25.4 24.9 24.1 23.8 23.5 23.3 23.2 23.1 23.2 23.4 23.6 23.9 24.0 24.0 24.0 24.0 24.0 23.9 23.7 23.0 22.3 21.4 20.1 18.7 18.3 17.9 17.6 17.2 17.0 17.1 17.2 17.5 nan nan nan nan nan nan nan nan nan nan nan nan nan nan nan
nan nan nan nan nan nan nan nan nan nan nan nan nan nan nan nan nan nan nan nan nan nan nan nan nan nan nan nan nan nan nan nan nan nan 27.2 27.0 26.8 26.5 23.4 nan 26.6 23.5 25.9 26.0 25.5 24.6 24.0 23.8 23.6 23.3 23.1 23.1 23.3 23.5 23.7 23.8 23.8 23.8 23.9 24.1 24.0 23.6 -9999.0 -9999.0 -9999.0 -9999.0 -9999.0 -9999.0 -9999.0 8.7 17.4 17.3 17.3 17.3 17.5 nan nan nan nan nan nan nan nan nan nan nan nan nan nan -9999.0
nan nan nan nan nan nan nan nan nan nan nan nan nan nan nan nan nan nan nan nan nan nan nan nan nan nan nan nan nan nan nan nan nan nan 27.1 26.9 26.9 26.8 26.6 nan nan 26.4 26.3 26.2 25.8 25.1 24.3 24.0 23.6 23.2 23.0 23.0 23.2 23.3 23.5 23.6 23.7 23.8 24.0 24.1 24.1 -9999.0 -9999.0 -9999.0 -9999.0 -9999.0 -9999.0 -9999.0 -9999.0 nan 9.9 17.3 17.5 17.0 nan nan nan nan nan nan nan nan nan nan nan nan nan nan nan -9999.0
nan nan nan nan nan nan nan nan nan nan nan nan nan nan nan nan nan nan nan nan nan nan nan nan nan nan nan nan nan nan nan nan nan nan 26.9 26.7 26.9 26.8 26.0 nan 22.6 23.1 26.3 26.5 26.2 25.7 24.8 24.2 23.7 23.4 23.2 23.2 23.2 23.4 23.5 23.6 23.9 23.9 24.2 24.2 24.0 -9999.0 -9999.0 -9999.0 -9999.0 -9999.0 -9999.0 -9999.0 -9999.0 -9999.0 -9999.0 nan 8.5 8.5 nan nan nan nan nan nan nan nan nan nan nan nan nan nan nan -9999.0
nan nan nan nan nan nan nan nan nan nan nan nan nan nan nan nan nan nan nan nan nan nan nan nan nan nan nan nan nan nan nan nan nan nan 26.7 26.6 26.9 23.3 21.8 14.9 24.2 20.2 25.9 26.5 26.3 25.8 25.3 24.5 23.9 23.5 23.4 23.3 23.4 23.5 23.6 23.7 23.9 24.1 24.3 24.4 -9999.0 -9999.0 -9999.0 -9999.0 -9999.0 -9999.0 -9999.0 -9999.0 -9999.0 -9999.0 -9999.0 nan nan nan nan nan nan nan nan nan nan nan nan nan nan nan nan nan nan -9999.0
nan nan nan nan nan nan nan nan nan nan nan nan nan nan nan nan nan nan nan nan nan nan nan nan nan nan nan nan nan nan nan nan 22.0 22.9 24.3 26.7 27.0 26.3 22.8 21.1 nan 26.2 26.5 26.5 26.4 26.0 25.6 24.8 24.2 23.8 23.6 23.5 23.5 23.6 23.8 24.0 24.2 24.4 24.6 -9999.0 -9999.0 -9999.0 -9999.0 -9999.0 -9999.0 -9999.0 -9999.0 -9999.0 -9999.0 -9999.0 -9999.0 -9999.0 nan nan nan nan nan nan nan nan nan nan nan nan nan nan nan nan nan -9999.0
nan nan nan nan nan nan nan nan nan nan nan nan nan nan nan nan nan nan nan nan nan nan nan nan nan nan nan nan nan 11.0 nan nan 26.6 26.6 27.0 26.0 27.0 27.1 26.7 nan nan 26.3 26.6 26.7 26.5 26.1 25.6 25.0 24.4 24.0 23.7 23.6 23.6 23.7 23.9 24.2 24.5 24.8 24.8 -9999.0 -9999.0 -9999.0 -9999.0 -9999.0 -9999.0 -9999.0 -9999.0 -9999.0 -9999.0 -9999.0 -9999.0 -9999.0 -9999.0 -9999.0 nan nan nan nan nan nan nan nan nan nan nan nan nan nan nan -9999.0
nan nan nan nan nan nan nan nan nan nan nan nan nan nan nan nan nan nan nan nan nan nan nan nan nan nan nan nan nan 10.1 10.1 nan 27.0 27.1 23.8 24.8 24.4 27.1 27.0 25.7 nan 26.2 26.8 26.7 26.5 26.1 25.5 24.8 24.4 24.0 23.8 23.7 23.6 23.8 24.2 24.5 24.9 25.1 -9999.0 -9999.0 -9999.0 -9999.0 -9999.0 -9999.0 -9999.0 -9999.0 -9999.0 -9999.0 -9999.0 -9999.0 -9999.0 -9999.0 -9999.0 -9999.0 -9999.0 nan nan nan nan nan nan nan nan nan nan nan nan nan nan -9999.0
nan nan nan nan nan nan nan nan nan nan nan nan nan nan nan nan nan nan nan nan nan nan nan nan nan nan nan nan nan 10.6 26.9 27.2 27.5 27.8 27.6 nan 10.2 26.6 27.2 27.0 nan 25.0 27.0 26.8 26.3 25.9 25.2 24.5 24.3 24.1 23.8 23.7 23.8 24.0 24.4 24.8 25.2 25.3 -9999.0 -9999.0 -9999.0 -9999.0 -9999.0 -9999.0 -9999.0 -9999.0 -9999.0 -9999.0 -9999.0 -9999.0 -9999.0 -9999.0 -9999.0 -9999.0 -9999.0 -9999.0 nan nan nan nan nan nan nan nan nan nan nan nan nan -9999.0
nan nan nan nan nan nan nan nan nan nan nan nan nan nan nan nan nan nan nan nan nan nan nan nan nan nan nan nan nan nan 25.9 27.5 27.7 28.0 23.2 nan nan 23.6 24.5 22.4 nan 21.0 22.9 26.3 25.9 25.4 24.9 24.5 24.4 24.1 23.9 23.8 23.9 24.2 24.7 25.2 25.6 25.5 -9999.0 -9999.0 -9999.0 -9999.0 -9999.0 -9999.0 -9999.0 -9999.0 -9999.0 -9999.0 -9999.0 -9999.0 -9999.0 -9999.0 -9999.0 -9999.0 -9999.0 -9999.0 -9999.0 nan nan nan nan nan nan nan nan nan nan nan nan -9999.0
nan nan nan nan nan nan nan nan nan nan nan nan nan nan nan nan nan nan nan nan nan nan nan nan nan nan nan nan nan nan 25.4 27.7 27.8 28.1 25.0 nan 11.1 20.3 22.4 11.9 20.0 17.5 18.8 24.8 25.9 25.3 24.8 24.5 24.4 24.2 24.0 24.0 24.1 24.5 25.0 25.4 25.6 25.4 -9999.0 -9999.0 -9999.0 -9999.0 -9999.0 -9999.0 -9999.0 -9999.0 -9999.0 -9999.0 -9999.0 -9999.0 -9999.0 -9999.0 -9999.0 -9999.0 -9999.0 -9999.0 -9999.0 -9999.0 nan nan nan nan nan nan nan nan nan nan nan -9999.0
nan nan nan nan nan nan nan nan nan nan nan nan nan nan nan nan nan nan nan nan nan nan nan nan nan nan nan nan nan nan 26.0 26.7 27.9 28.2 23.1 11.1 nan 24.9 15.7 10.3 16.9 nan 24.9 26.2 25.8 25.3 24.8 24.5 24.3 24.3 24.1 24.1 24.3 24.8 25.3 25.7 25.5 20.7 -9999.0 -9999.0 -9999.0 -9999.0 -9999.0 -9999.0 -9999.0 -9999.0 -9999.0 -9999.0 -9999.0 -9999.0 -9999.0 -9999.0 -9999.0 -9999.0 -9999.0 -9999.0 -9999.0 -9999.0 -9999.0 -9999.0 nan nan nan nan nan nan nan nan nan -9999.0
nan nan nan nan nan nan nan nan nan nan nan nan nan nan nan nan nan nan nan nan nan nan nan nan nan nan nan nan nan nan nan 26.6 27.8 27.9 27.1 nan nan 18.1 16.1 10.8 nan nan 26.5 26.2 25.9 25.5 24.9 24.6 24.4 24.3 24.2 24.3 24.6 25.1 25.6 26.0 26.2 23.8 -9999.0 -9999.0 -9999.0 -9999.0 -9999.0 -9999.0 -9999.0 -9999.0 -9999.0 -9999.0 -9999.0 nan nan nan -9999.0 -9999.0 -9999.0 -9999.0 -9999.0 -9999.0 -9999.0 -9999.0 -9999.0 -9999.0 -9999.0 -9999.0 -9999.0 nan nan nan -9999.0 -9999.0
nan nan nan nan nan nan nan nan nan nan nan nan nan nan nan nan nan nan nan nan nan nan nan nan nan nan nan nan nan nan nan 24.1 26.3 27.6 28.0 nan 11.1 14.8 23.3 11.1 nan nan 26.1 26.1 25.9 25.6 25.1 24.7 24.5 24.3 24.3 24.4 24.8 25.3 26.0 26.1 26.5 24.0 -9999.0 -9999.0 -9999.0 -9999.0 -9999.0 -9999.0 -9999.0 -9999.0 -9999.0 -9999.0 -9999.0 nan nan nan nan nan -9999.0 -9999.0 -9999.0 -9999.0 -9999.0 -9999.0 -9999.0 -9999.0 -9999.0 -9999.0 -9999.0 -9999.0 -9999.0 -9999.0 -9999.0 -9999.0
nan nan nan nan nan nan nan nan nan nan nan nan nan nan nan nan nan nan nan nan nan nan nan nan nan nan nan nan nan nan nan 10.8 26.2 27.5 26.0 25.1 23.9 16.8 14.3 11.0 12.1 nan 25.5 26.1 25.9 25.6 25.3 24.7 24.5 24.3 24.4 24.5 24.8 25.5 26.1 26.1 26.4 21.7 -9999.0 -9999.0 -9999.0 -9999.0 -9999.0 -9999.0 -9999.0 -9999.0 -9999.0 -9999.0 -9999.0 -9999.0 -9999.0 -9999.0 -9999.0 -9999.0 -9999.0 -9999.0 -9999.0 -9999.0 -9999.0 -9999.0 -9999.0 -9999.0 -9999.0 -9999.0 -9999.0 -9999.0 -9999.0 -9999.0 -9999.0 -9999.0
nan nan nan nan nan nan nan nan nan nan nan nan nan nan nan nan nan nan nan nan nan nan nan nan nan nan nan nan nan nan nan 10.8 22.3 27.5 28.0 28.1 27.8 nan 17.2 19.0 10.3 nan 25.5 26.0 25.7 25.4 25.4 24.9 24.8 24.5 24.5 24.7 25.0 25.6 26.3 26.4 26.8 23.6 -9999.0 -9999.0 -9999.0 -9999.0 -9999.0 -9999.0 -9999.0 -9999.0 -9999.0 -9999.0 -9999.0 -9999.0 -9999.0 -9999.0 -9999.0 -9999.0 -9999.0 -9999.0 -9999.0 -9999.0 -9999.0 -9999.0 -9999.0 -9999.0 -9999.0 -9999.0 -9999.0 -9999.0 -9999.0 -9999.0 -9999.0 -9999.0
nan nan nan nan nan nan nan nan nan nan nan nan nan nan nan nan nan nan nan nan nan nan nan nan nan nan nan nan nan nan nan 10.8 22.6 24.1 27.7 27.6 27.4 nan nan 16.7 11.3 nan nan 26.0 26.1 25.8 25.5 25.0 24.9 24.8 24.7 24.8 25.1 25.6 26.2 26.5 26.0 22.0 -9999.0 -9999.0 -9999.0 -9999.0 -9999.0 -9999.0 -9999.0 -9999.0 -9999.0 -9999.0 -9999.0 -9999.0 -9999.0 -9999.0 -9999.0 -9999.0 -9999.0 -9999.0 -9999.0 -9999.0 -9999.0 -9999.0 -9999.0 -9999.0 -9999.0 -9999.0 -9999.0 -9999.0 -9999.0 -9999.0 -9999.0 -9999.0
nan nan nan nan nan nan nan nan nan nan nan nan nan nan nan nan nan nan nan nan nan nan nan nan nan nan nan nan nan nan nan nan 10.6 26.6 27.0 27.2 nan nan nan 16.6 11.3 9.7 nan nan 24.9 25.7 25.7 25.4 25.2 25.1 24.9 25.0 25.2 25.6 26.2 26.7 26.5 22.5 -9999.0 -9999.0 -9999.0 -9999.0 -9999.0 -9999.0 -9999.0 -9999.0 -9999.0 -9999.0 -9999.0 -9999.0 -9999.0 -9999.0 -9999.0 -9999.0 -9999.0 -9999.0 -9999.0 -9999.0 -9999.0 -9999.0 -9999.0 -9999.0 nan nan nan -9999.0 -9999.0 -9999.0 -9999.0 -9999.0
nan nan nan nan nan nan nan nan nan nan nan nan nan nan nan nan nan nan nan nan nan nan nan nan nan nan nan nan nan nan nan nan 24.3 25.6 26.5 27.0 nan nan nan nan 13.0 9.6 18.2 nan 23.2 25.0 25.5 25.3 25.1 25.1 25.1 25.2 25.3 25.7 26.2 26.4 26.5 26.0 -9999.0 -9999.0 -9999.0 -9999.0 -9999.0 -9999.0 -9999.0 -9999.0 -9999.0 -9999.0 -9999.0 -9999.0 -9999.0 -9999.0 -9999.0 -9999.0 -9999.0 -9999.0 -9999.0 -9999.0 -9999.0 -9999.0 nan nan nan nan nan nan nan nan -9999.0 -9999.0
nan nan nan nan nan nan nan nan nan nan nan nan nan nan nan nan nan nan nan nan nan nan nan nan nan nan nan nan nan nan nan nan nan 25.9 26.5 27.0 nan nan nan nan 17.4 10.5 12.5 14.0 nan 25.1 25.6 25.6 25.5 25.4 25.4 25.4 25.5 25.8 26.4 26.6 27.1 26.4 -9999.0 -9999.0 -9999.0 -9999.0 -9999.0 -9999.0 -9999.0 -9999.0 -9999.0 -9999.0 -9999.0 nan nan nan nan nan nan nan nan nan nan nan nan nan nan nan nan nan nan nan nan nan
nan nan nan nan nan nan nan nan nan nan nan nan nan nan nan nan nan nan nan nan nan nan nan nan nan nan nan nan nan nan nan nan nan 26.1 26.7 27.0 27.0 nan nan nan 24.6 12.7 11.3 22.6 nan nan 24.9 25.5 25.6 25.7 25.7 25.6 25.9 26.1 26.5 26.8 27.4 27.9 -9999.0 -9999.0 -9999.0 -9999.0 -9999.0 -9999.0 -9999.0 -9999.0 -9999.0 -9999.0 nan nan nan nan nan nan nan nan nan nan nan nan nan nan nan nan nan nan nan nan nan nan
