data/output/RUN203/ECOSPACE/ECOSPACE_in_PAR3/PAR-VarZ-VarK/PAR-VarZ-VarK_1991_06.asc
ncols        93
nrows        151 
xllcorner    -123.80739
yllcorner    48.29471 
cellsize     0.013497347 
NODATA_value  0.0
[rows 80 to 119 of 151, columns 0 to 89 of 93]
nan nan nan nan nan nan nan nan nan nan nan nan nan nan nan nan nan nan nan nan nan nan nan 26.2 25.6 25.8 27.4 27.1 26.2 25.2 24.2 23.3 22.4 21.7 21.1 20.6 20.2 19.9 19.6 19.3 19.2 19.0 18.9 18.8 18.6 18.5 18.4 18.3 18.0 17.6 17.0 16.4 15.9 15.4 nan nan nan nan nan nan nan nan nan nan nan nan 13.0 13.1 13.2 13.3 nan 13.0 12.9 13.0 13.0 13.0 13.0 12.9 12.8 13.0 13.4 13.4 13.2 nan nan nan nan nan nan nan
nan nan nan nan nan nan nan nan nan nan nan nan nan nan nan nan nan nan nan nan nan nan nan nan nan nan 27.8 27.6 26.9 25.8 24.8 23.8 22.9 22.1 21.4 20.9 20.4 20.1 19.7 19.4 19.2 19.0 18.9 18.8 18.6 18.5 18.4 18.3 18.1 17.8 17.3 16.8 16.2 15.6 15.1 nan nan nan nan nan nan nan nan nan nan nan 13.3 13.3 nan nan nan nan nan 13.1 13.1 13.2 nan 12.9 13.0 13.4 13.6 13.8 nan nan nan nan nan nan nan nan
nan nan nan nan nan nan nan nan nan nan nan nan nan nan nan nan nan nan nan nan nan nan nan nan nan nan nan 27.9 27.4 26.5 25.5 24.4 23.4 22.5 21.8 21.2 20.7 20.2 19.9 19.5 19.2 19.0 18.9 18.7 18.6 18.5 18.4 18.3 18.2 17.9 17.5 17.0 16.5 15.9 15.3 14.9 nan nan nan nan nan nan nan nan nan 13.3 13.6 nan nan nan nan nan nan 13.1 13.1 13.2 nan 13.1 13.3 13.6 13.8 nan nan nan nan nan nan nan nan nan
nan nan nan nan nan nan nan nan nan nan nan nan nan nan nan nan nan nan nan nan nan nan nan nan nan nan nan nan 25.8 26.9 26.3 25.2 24.2 23.1 22.3 21.6 21.0 20.5 20.0 19.6 19.3 19.0 18.8 18.7 18.6 18.5 18.4 18.3 18.2 18.0 17.6 17.2 16.8 16.2 15.6 15.1 14.8 nan nan nan nan nan nan nan nan 13.4 13.6 nan nan nan nan nan nan 13.1 13.2 13.3 13.6 13.9 13.8 13.7 nan nan nan nan nan nan nan nan nan nan
nan nan nan nan nan nan nan nan nan nan nan nan nan nan nan nan nan nan nan nan nan nan nan nan nan nan nan nan nan 14.2 27.1 26.1 24.9 23.7 22.8 22.0 21.3 20.7 20.3 19.9 19.5 19.1 18.9 18.7 18.6 18.5 18.4 18.3 18.2 18.0 17.8 17.4 17.0 16.5 15.9 15.4 15.0 14.7 nan nan nan nan nan nan 13.4 13.5 13.6 nan 13.6 13.6 13.6 nan nan 13.1 13.3 13.6 13.9 14.2 nan nan nan nan nan nan nan nan nan nan nan nan
nan nan nan nan nan nan nan nan nan nan nan nan nan nan nan nan nan nan nan nan nan nan nan nan nan nan nan nan nan nan 14.5 26.6 25.6 24.4 23.4 22.5 21.7 21.1 20.5 20.1 19.6 19.3 19.0 18.7 18.6 18.5 18.4 18.3 18.2 18.0 17.9 17.6 17.2 16.8 16.3 15.8 15.3 14.9 nan nan nan nan nan 13.5 13.6 13.6 13.7 13.7 13.7 13.6 13.6 9.6 nan 13.2 13.5 13.7 13.9 14.0 nan nan nan nan nan nan nan nan nan nan nan nan
nan nan nan nan nan nan nan nan nan nan nan nan nan nan nan nan nan nan nan nan nan nan nan nan nan nan nan nan nan nan nan 24.4 26.0 25.0 24.0 23.0 22.2 21.4 20.8 20.3 19.9 19.5 19.1 18.8 18.7 18.6 18.4 18.3 18.2 18.1 18.0 17.8 17.5 17.1 16.7 16.2 15.7 15.2 14.8 nan nan 13.9 14.0 13.9 13.8 13.9 13.9 13.9 13.8 13.8 13.7 nan nan 13.5 13.7 13.8 14.0 13.9 nan nan nan nan nan nan nan nan nan nan nan nan
nan nan nan nan nan nan nan nan nan nan nan nan nan nan nan nan nan nan nan nan nan nan nan nan nan nan nan nan nan nan nan nan 26.4 25.6 24.6 23.6 22.7 21.8 21.1 20.6 20.1 19.6 19.2 19.0 18.8 18.6 18.5 18.4 18.3 18.2 18.1 18.0 17.8 17.5 17.0 16.6 16.1 15.6 15.1 14.6 14.4 14.4 14.3 nan 14.1 14.2 14.3 14.3 14.2 14.1 13.9 13.8 13.8 13.9 13.8 13.9 13.9 nan nan nan nan nan nan nan nan nan nan nan nan nan
nan nan nan nan nan nan nan nan nan nan nan nan nan nan nan nan nan nan nan nan nan nan nan nan nan nan nan nan nan nan 25.6 25.8 26.2 25.8 25.0 24.2 23.3 22.4 21.5 20.9 20.3 19.8 19.4 19.1 18.8 18.6 18.5 18.4 18.3 18.2 18.2 18.1 18.0 17.8 17.4 17.0 16.5 15.9 15.5 15.1 14.9 14.7 14.6 14.6 14.6 14.6 14.7 14.7 14.6 14.5 14.2 14.0 13.9 13.9 13.9 14.0 13.9 nan nan nan nan nan nan nan nan nan nan nan nan nan
nan nan nan nan nan nan nan nan nan nan nan nan nan nan nan nan nan nan nan nan nan nan nan nan nan nan nan nan nan nan nan nan 26.0 25.7 25.3 24.7 23.9 23.0 22.0 21.3 20.6 20.1 19.6 19.2 18.9 18.6 18.5 18.3 18.2 18.2 18.2 18.2 18.1 18.0 17.8 17.4 16.9 16.4 16.0 15.6 15.2 15.0 15.0 15.0 14.9 14.8 14.9 nan nan nan 14.3 14.2 14.1 14.0 14.0 13.9 nan nan nan nan nan nan nan nan nan nan nan nan nan nan
nan nan nan nan nan nan nan nan nan nan nan nan nan nan nan nan nan nan nan nan nan nan nan nan nan nan nan nan nan nan 16.4 14.7 25.8 25.8 25.4 25.1 24.6 23.7 22.6 21.8 21.0 20.4 19.8 19.4 19.0 18.6 18.4 18.3 18.2 18.1 18.1 18.2 18.2 18.1 18.0 17.7 17.3 16.8 16.4 16.0 15.6 15.4 15.2 15.2 nan nan nan nan nan nan nan 14.4 14.2 14.0 14.0 13.8 nan nan nan nan nan nan nan nan nan nan nan nan nan nan
nan nan nan nan nan nan nan nan nan nan nan nan nan nan nan nan nan nan nan nan nan nan nan nan nan nan nan nan nan nan 15.0 25.3 25.9 26.3 25.8 15.4 25.2 24.5 23.2 22.3 21.5 20.7 20.1 19.5 19.1 18.7 18.4 18.2 18.1 18.1 18.1 18.1 18.2 18.2 18.0 17.8 17.5 17.1 16.7 16.4 16.0 15.6 15.3 nan nan nan nan nan nan 14.1 14.2 14.3 14.1 14.0 13.9 nan nan nan nan nan nan nan nan nan nan nan nan nan nan nan
nan nan nan nan nan nan nan nan nan nan nan nan nan nan nan nan nan nan nan nan nan nan nan nan nan nan nan nan nan nan 16.4 24.3 26.1 26.4 nan nan nan 24.2 23.5 22.7 21.9 21.1 20.4 19.7 19.2 18.8 18.4 18.2 18.1 18.1 18.1 18.1 18.2 18.2 18.1 17.9 17.6 17.3 17.0 16.6 16.2 15.9 15.5 nan nan nan nan nan 14.3 14.2 14.2 14.2 14.0 13.9 nan nan nan nan nan nan nan nan nan nan nan nan nan nan nan nan
nan nan nan nan nan nan nan nan nan nan nan nan nan nan nan nan nan nan nan nan nan nan nan nan nan nan nan nan nan nan 16.4 14.2 26.5 26.5 nan nan nan 22.7 23.8 23.1 22.4 21.5 20.7 20.0 19.4 18.9 18.5 18.3 18.1 18.1 18.1 18.1 18.1 18.2 18.1 18.0 17.8 17.5 17.2 16.8 16.4 16.0 15.6 15.0 14.7 nan 14.3 14.3 14.3 14.2 14.1 14.0 nan nan nan nan nan nan nan nan nan nan nan nan nan nan nan nan nan nan
nan nan nan nan nan nan nan nan nan nan nan nan nan nan nan nan nan nan nan nan nan nan nan nan nan nan nan nan nan nan nan nan 26.6 22.2 nan nan nan nan 23.8 23.5 23.0 22.1 21.1 20.3 19.6 19.0 18.6 18.3 18.1 18.1 18.1 18.1 18.2 18.2 18.2 18.1 17.9 17.7 17.4 17.1 16.7 16.2 15.7 15.2 14.9 14.7 14.5 14.3 14.2 14.1 13.9 nan nan nan nan nan nan nan nan nan nan nan nan nan nan nan nan nan nan nan
nan nan nan nan nan nan nan nan nan nan nan nan nan nan nan nan nan nan nan nan nan nan nan nan nan nan nan nan nan nan nan nan nan 21.2 12.6 nan nan nan 14.4 24.2 23.6 22.7 21.6 20.7 19.9 19.2 18.8 18.4 18.2 18.1 18.1 18.2 18.2 18.3 18.3 18.2 18.1 17.9 17.6 17.3 17.0 16.5 16.0 15.5 15.1 14.8 14.5 14.3 14.1 14.0 13.8 nan nan nan nan nan nan nan nan nan nan nan nan nan nan nan nan nan nan nan
nan nan nan nan nan nan nan nan nan nan nan nan nan nan nan nan nan nan nan nan nan nan nan nan nan nan nan nan nan nan nan nan nan nan 15.0 22.5 nan nan nan nan 24.0 23.3 22.0 21.0 20.1 19.4 18.9 18.5 18.3 18.2 18.2 18.3 18.3 18.4 18.4 18.5 18.3 18.1 17.9 17.6 17.2 16.7 16.2 15.7 15.2 14.8 14.5 14.3 14.1 14.0 13.8 13.6 nan nan nan nan nan nan nan nan nan nan nan nan nan nan nan nan nan nan
nan nan nan nan nan nan nan nan nan nan nan nan nan nan nan nan nan nan nan nan nan nan nan nan nan nan nan nan nan nan nan nan nan nan nan 16.8 16.3 nan nan nan nan 22.5 22.2 21.2 20.4 19.6 19.1 18.7 18.5 18.4 18.3 18.4 18.4 18.5 18.6 18.6 18.5 18.3 18.1 17.7 17.4 16.9 16.3 15.8 15.2 14.8 14.5 14.3 14.1 13.9 13.8 13.8 13.7 9.6 nan nan nan nan nan nan nan nan nan nan nan nan nan nan nan nan
nan nan nan nan nan nan nan nan nan nan nan nan nan nan nan nan nan nan nan nan nan nan nan nan nan nan nan nan nan nan nan nan nan nan 14.8 17.4 23.1 23.1 nan 16.3 nan 20.3 22.3 21.4 20.6 19.9 19.3 18.9 18.7 18.5 18.5 18.5 18.6 18.6 18.7 18.7 18.7 18.6 18.3 17.9 17.5 17.0 16.4 15.8 15.2 14.8 14.5 14.3 14.1 13.9 13.8 13.7 13.7 13.6 nan nan nan nan nan nan nan nan nan nan nan nan nan nan nan nan
nan nan nan nan nan nan nan nan nan nan nan nan nan nan nan nan nan nan nan nan nan nan nan nan nan nan nan nan nan nan nan nan nan nan 22.9 23.3 23.7 23.2 16.4 20.7 21.6 18.8 22.3 21.5 20.8 20.1 19.6 19.2 18.9 18.8 18.7 18.6 18.7 18.8 18.9 18.9 18.8 18.7 18.4 18.0 17.5 17.0 16.3 15.7 15.1 14.6 14.0 14.2 13.8 14.0 13.8 13.7 13.6 13.6 13.7 nan nan nan nan nan nan nan nan nan nan nan nan nan nan nan
nan nan nan nan nan nan nan nan nan nan nan nan nan nan nan nan nan nan nan nan nan nan nan nan nan nan nan nan nan nan nan nan nan nan 23.2 23.5 23.7 23.9 24.0 nan 22.0 21.6 22.2 21.6 20.9 20.3 19.9 19.5 19.2 19.0 18.9 18.8 18.9 18.9 19.0 19.0 19.0 18.8 18.4 18.0 17.5 16.9 -9999.0 -9999.0 -9999.0 -9999.0 -9999.0 -9999.0 -9999.0 10.6 13.8 13.6 13.7 13.5 13.6 nan nan nan nan nan nan nan nan nan nan nan nan nan nan -9999.0
nan nan nan nan nan nan nan nan nan nan nan nan nan nan nan nan nan nan nan nan nan nan nan nan nan nan nan nan nan nan nan nan nan nan 23.2 23.5 23.6 23.5 23.5 nan nan 22.7 22.3 21.7 21.1 20.6 20.1 19.8 19.5 19.3 19.1 19.0 19.0 19.1 19.2 19.2 19.1 18.9 18.5 18.0 17.4 -9999.0 -9999.0 -9999.0 -9999.0 -9999.0 -9999.0 -9999.0 -9999.0 nan 12.9 13.6 13.7 13.2 nan nan nan nan nan nan nan nan nan nan nan nan nan nan nan -9999.0
nan nan nan nan nan nan nan nan nan nan nan nan nan nan nan nan nan nan nan nan nan nan nan nan nan nan nan nan nan nan nan nan nan nan 23.0 23.1 23.2 23.3 23.7 nan 18.6 21.4 22.5 21.9 21.3 20.8 20.4 20.1 19.8 19.5 19.4 19.3 19.2 19.2 19.3 19.3 19.2 19.0 18.6 18.0 17.3 -9999.0 -9999.0 -9999.0 -9999.0 -9999.0 -9999.0 -9999.0 -9999.0 -9999.0 -9999.0 nan 10.3 10.3 nan nan nan nan nan nan nan nan nan nan nan nan nan nan nan -9999.0
nan nan nan nan nan nan nan nan nan nan nan nan nan nan nan nan nan nan nan nan nan nan nan nan nan nan nan nan nan nan nan nan nan nan 22.8 22.9 23.2 23.8 21.8 14.9 21.5 19.3 22.5 22.0 21.4 21.0 20.6 20.3 20.1 19.8 19.6 19.5 19.4 19.4 19.4 19.5 19.4 19.1 18.7 18.0 -9999.0 -9999.0 -9999.0 -9999.0 -9999.0 -9999.0 -9999.0 -9999.0 -9999.0 -9999.0 -9999.0 nan nan nan nan nan nan nan nan nan nan nan nan nan nan nan nan nan nan -9999.0
nan nan nan nan nan nan nan nan nan nan nan nan nan nan nan nan nan nan nan nan nan nan nan nan nan nan nan nan nan nan nan nan 21.7 22.2 22.8 23.2 23.7 24.5 25.0 24.4 nan 23.1 22.5 22.1 21.6 21.2 20.9 20.6 20.4 20.1 19.8 19.6 19.5 19.5 19.6 19.6 19.5 19.2 18.8 -9999.0 -9999.0 -9999.0 -9999.0 -9999.0 -9999.0 -9999.0 -9999.0 -9999.0 -9999.0 -9999.0 -9999.0 -9999.0 nan nan nan nan nan nan nan nan nan nan nan nan nan nan nan nan nan -9999.0
nan nan nan nan nan nan nan nan nan nan nan nan nan nan nan nan nan nan nan nan nan nan nan nan nan nan nan nan nan 16.3 nan nan 22.8 23.0 23.1 23.5 24.3 25.2 25.9 nan nan 22.8 22.6 22.3 21.9 21.5 21.1 20.9 20.6 20.3 20.0 19.8 19.6 19.7 19.7 19.8 19.7 19.5 19.0 -9999.0 -9999.0 -9999.0 -9999.0 -9999.0 -9999.0 -9999.0 -9999.0 -9999.0 -9999.0 -9999.0 -9999.0 -9999.0 -9999.0 -9999.0 nan nan nan nan nan nan nan nan nan nan nan nan nan nan nan -9999.0
nan nan nan nan nan nan nan nan nan nan nan nan nan nan nan nan nan nan nan nan nan nan nan nan nan nan nan nan nan 13.4 13.4 nan 23.1 23.4 22.4 21.2 23.6 24.9 25.2 24.3 nan 22.9 23.0 22.8 22.3 21.9 21.5 21.1 20.9 20.5 20.2 19.9 19.8 19.8 19.9 20.0 20.0 19.8 -9999.0 -9999.0 -9999.0 -9999.0 -9999.0 -9999.0 -9999.0 -9999.0 -9999.0 -9999.0 -9999.0 -9999.0 -9999.0 -9999.0 -9999.0 -9999.0 -9999.0 nan nan nan nan nan nan nan nan nan nan nan nan nan nan -9999.0
nan nan nan nan nan nan nan nan nan nan nan nan nan nan nan nan nan nan nan nan nan nan nan nan nan nan nan nan nan 14.1 22.9 23.1 23.4 23.8 24.4 nan 14.8 24.6 24.7 25.0 nan 22.7 23.6 23.4 22.9 22.3 21.8 21.4 21.1 20.7 20.3 20.1 20.0 20.0 20.1 20.2 20.3 20.1 -9999.0 -9999.0 -9999.0 -9999.0 -9999.0 -9999.0 -9999.0 -9999.0 -9999.0 -9999.0 -9999.0 -9999.0 -9999.0 -9999.0 -9999.0 -9999.0 -9999.0 -9999.0 nan nan nan nan nan nan nan nan nan nan nan nan nan -9999.0
nan nan nan nan nan nan nan nan nan nan nan nan nan nan nan nan nan nan nan nan nan nan nan nan nan nan nan nan nan nan 22.6 23.0 23.5 24.0 23.5 nan nan 24.4 24.5 25.1 nan 20.2 22.1 23.5 23.2 22.6 22.1 21.6 21.2 20.8 20.5 20.3 20.2 20.2 20.3 20.4 20.5 20.3 -9999.0 -9999.0 -9999.0 -9999.0 -9999.0 -9999.0 -9999.0 -9999.0 -9999.0 -9999.0 -9999.0 -9999.0 -9999.0 -9999.0 -9999.0 -9999.0 -9999.0 -9999.0 -9999.0 nan nan nan nan nan nan nan nan nan nan nan nan -9999.0
nan nan nan nan nan nan nan nan nan nan nan nan nan nan nan nan nan nan nan nan nan nan nan nan nan nan nan nan nan nan 20.8 23.0 23.5 24.1 21.9 nan 16.6 19.3 21.9 13.3 20.9 16.8 19.1 22.9 23.2 22.8 22.2 21.8 21.4 21.0 20.8 20.5 20.4 20.4 20.5 20.5 20.5 20.1 -9999.0 -9999.0 -9999.0 -9999.0 -9999.0 -9999.0 -9999.0 -9999.0 -9999.0 -9999.0 -9999.0 -9999.0 -9999.0 -9999.0 -9999.0 -9999.0 -9999.0 -9999.0 -9999.0 -9999.0 nan nan nan nan nan nan nan nan nan nan nan -9999.0
nan nan nan nan nan nan nan nan nan nan nan nan nan nan nan nan nan nan nan nan nan nan nan nan nan nan nan nan nan nan 21.1 22.7 23.6 24.1 23.8 16.7 nan 22.1 19.0 14.4 18.2 nan 23.4 23.7 23.4 23.0 22.5 22.0 21.6 21.3 21.0 20.8 20.8 20.7 20.8 20.8 19.2 15.1 -9999.0 -9999.0 -9999.0 -9999.0 -9999.0 -9999.0 -9999.0 -9999.0 -9999.0 -9999.0 -9999.0 -9999.0 -9999.0 -9999.0 -9999.0 -9999.0 -9999.0 -9999.0 -9999.0 -9999.0 -9999.0 -9999.0 nan nan nan nan nan nan nan nan nan -9999.0
nan nan nan nan nan nan nan nan nan nan nan nan nan nan nan nan nan nan nan nan nan nan nan nan nan nan nan nan nan nan nan 23.1 23.6 24.1 24.6 nan nan 18.0 18.4 17.7 nan nan 24.0 24.0 23.6 23.2 22.8 22.3 21.9 21.5 21.3 21.1 21.1 21.0 21.0 21.0 19.6 16.6 -9999.0 -9999.0 -9999.0 -9999.0 -9999.0 -9999.0 -9999.0 -9999.0 -9999.0 -9999.0 -9999.0 nan nan nan -9999.0 -9999.0 -9999.0 -9999.0 -9999.0 -9999.0 -9999.0 -9999.0 -9999.0 -9999.0 -9999.0 -9999.0 -9999.0 nan nan nan -9999.0 -9999.0
nan nan nan nan nan nan nan nan nan nan nan nan nan nan nan nan nan nan nan nan nan nan nan nan nan nan nan nan nan nan nan 22.6 23.5 24.1 24.6 nan 14.6 16.3 23.6 15.9 nan nan 24.1 24.1 23.9 23.5 23.1 22.6 22.2 21.9 21.6 21.5 21.4 21.3 21.4 21.5 21.3 18.2 -9999.0 -9999.0 -9999.0 -9999.0 -9999.0 -9999.0 -9999.0 -9999.0 -9999.0 -9999.0 -9999.0 nan nan nan nan nan -9999.0 -9999.0 -9999.0 -9999.0 -9999.0 -9999.0 -9999.0 -9999.0 -9999.0 -9999.0 -9999.0 -9999.0 -9999.0 -9999.0 -9999.0 -9999.0
nan nan nan nan nan nan nan nan nan nan nan nan nan nan nan nan nan nan nan nan nan nan nan nan nan nan nan nan nan nan nan 16.4 23.3 24.0 24.3 23.6 21.2 18.9 15.8 13.2 15.8 nan 24.1 24.3 24.1 23.8 23.4 23.0 22.6 22.2 22.0 21.8 21.7 21.6 21.7 21.8 22.1 17.9 -9999.0 -9999.0 -9999.0 -9999.0 -9999.0 -9999.0 -9999.0 -9999.0 -9999.0 -9999.0 -9999.0 -9999.0 -9999.0 -9999.0 -9999.0 -9999.0 -9999.0 -9999.0 -9999.0 -9999.0 -9999.0 -9999.0 -9999.0 -9999.0 -9999.0 -9999.0 -9999.0 -9999.0 -9999.0 -9999.0 -9999.0 -9999.0
nan nan nan nan nan nan nan nan nan nan nan nan nan nan nan nan nan nan nan nan nan nan nan nan nan nan nan nan nan nan nan 16.3 23.2 23.9 24.7 25.3 25.7 nan 16.7 19.7 12.9 nan 24.2 24.5 24.4 24.1 23.7 23.3 23.0 22.6 22.4 22.2 22.0 22.0 22.0 22.0 22.2 19.1 -9999.0 -9999.0 -9999.0 -9999.0 -9999.0 -9999.0 -9999.0 -9999.0 -9999.0 -9999.0 -9999.0 -9999.0 -9999.0 -9999.0 -9999.0 -9999.0 -9999.0 -9999.0 -9999.0 -9999.0 -9999.0 -9999.0 -9999.0 -9999.0 -9999.0 -9999.0 -9999.0 -9999.0 -9999.0 -9999.0 -9999.0 -9999.0
nan nan nan nan nan nan nan nan nan nan nan nan nan nan nan nan nan nan nan nan nan nan nan nan nan nan nan nan nan nan nan 16.4 21.2 23.7 24.9 25.6 25.9 nan nan 18.0 15.2 nan nan 24.7 24.8 24.4 24.1 23.8 23.4 23.0 22.8 22.6 22.4 22.4 22.4 22.4 22.5 18.5 -9999.0 -9999.0 -9999.0 -9999.0 -9999.0 -9999.0 -9999.0 -9999.0 -9999.0 -9999.0 -9999.0 -9999.0 -9999.0 -9999.0 -9999.0 -9999.0 -9999.0 -9999.0 -9999.0 -9999.0 -9999.0 -9999.0 -9999.0 -9999.0 -9999.0 -9999.0 -9999.0 -9999.0 -9999.0 -9999.0 -9999.0 -9999.0
nan nan nan nan nan nan nan nan nan nan nan nan nan nan nan nan nan nan nan nan nan nan nan nan nan nan nan nan nan nan nan nan 15.5 24.2 25.1 25.9 nan nan nan 18.8 14.8 15.9 nan nan 24.5 24.5 24.4 24.0 23.7 23.5 23.2 23.0 22.8 22.7 22.7 22.7 22.8 22.3 -9999.0 -9999.0 -9999.0 -9999.0 -9999.0 -9999.0 -9999.0 -9999.0 -9999.0 -9999.0 -9999.0 -9999.0 -9999.0 -9999.0 -9999.0 -9999.0 -9999.0 -9999.0 -9999.0 -9999.0 -9999.0 -9999.0 -9999.0 -9999.0 nan nan nan -9999.0 -9999.0 -9999.0 -9999.0 -9999.0
nan nan nan nan nan nan nan nan nan nan nan nan nan nan nan nan nan nan nan nan nan nan nan nan nan nan nan nan nan nan nan nan 23.2 24.2 25.1 26.0 nan nan nan nan 16.6 16.1 25.8 nan 24.1 24.7 24.6 24.3 24.0 23.8 23.6 23.4 23.2 23.1 23.1 23.1 23.2 23.1 -9999.0 -9999.0 -9999.0 -9999.0 -9999.0 -9999.0 -9999.0 -9999.0 -9999.0 -9999.0 -9999.0 -9999.0 -9999.0 -9999.0 -9999.0 -9999.0 -9999.0 -9999.0 -9999.0 -9999.0 -9999.0 -9999.0 nan nan nan nan nan nan nan nan -9999.0 -9999.0
nan nan nan nan nan nan nan nan nan nan nan nan nan nan nan nan nan nan nan nan nan nan nan nan nan nan nan nan nan nan nan nan nan 24.3 25.4 26.4 nan nan nan nan 20.6 17.6 22.2 18.9 nan 25.0 25.1 24.6 24.4 24.2 24.0 23.8 23.7 23.6 23.5 23.6 23.7 23.6 -9999.0 -9999.0 -9999.0 -9999.0 -9999.0 -9999.0 -9999.0 -9999.0 -9999.0 -9999.0 -9999.0 nan nan nan nan nan nan nan nan nan nan nan nan nan nan nan nan nan nan nan nan nan
nan nan nan nan nan nan nan nan nan nan nan nan nan nan nan nan nan nan nan nan nan nan nan nan nan nan nan nan nan nan nan nan nan 24.3 25.4 26.6 26.6 nan nan nan 25.1 19.2 20.1 26.7 nan nan 24.9 24.9 24.8 24.7 24.5 24.3 24.2 24.1 24.1 24.2 24.4 24.6 -9999.0 -9999.0 -9999.0 -9999.0 -9999.0 -9999.0 -9999.0 -9999.0 -9999.0 -9999.0 nan nan nan nan nan nan nan nan nan nan nan nan nan nan nan nan nan nan nan nan nan nan
