data/output/RUN203/ECOSPACE/ECOSPACE_in_PAR3/PAR-VarZ-VarK/PAR-VarZ-VarK_2000_07.asc
ncols        93
nrows        151 
xllcorner    -123.80739
yllcorner    48.29471 
cellsize     0.013497347 
NODATA_value  0.0
[rows 80 to 119 of 151, columns 0 to 89 of 93]
nan nan nan nan nan nan nan nan nan nan nan nan nan nan nan nan nan nan nan nan nan nan nan 28.7 28.0 29.3 31.3 30.7 29.5 28.3 27.2 26.3 25.6 25.0 24.5 24.1 23.8 23.4 23.0 22.4 21.7 20.8 19.8 19.0 18.2 17.5 16.8 16.2 15.7 15.3 15.0 14.7 14.6 14.4 nan nan nan nan nan nan nan nan nan nan nan nan 12.9 13.0 13.1 13.1 nan 12.9 12.8 12.8 12.8 12.8 12.7 12.6 12.5 12.7 13.0 13.1 12.9 nan nan nan nan nan nan nan
nan nan nan nan nan nan nan nan nan nan nan nan nan nan nan nan nan nan nan nan nan nan nan nan nan nan 31.8 31.4 30.5 29.4 28.3 27.3 26.4 25.6 25.0 24.5 24.1 23.8 23.3 22.7 22.0 21.1 20.1 19.2 18.4 17.6 17.0 16.4 15.9 15.4 15.1 14.8 14.6 14.5 14.2 nan nan nan nan nan nan nan nan nan nan nan 13.2 13.2 nan nan nan nan nan 12.9 12.9 12.9 nan 12.6 12.7 12.9 13.1 13.2 nan nan nan nan nan nan nan nan
nan nan nan nan nan nan nan nan nan nan nan nan nan nan nan nan nan nan nan nan nan nan nan nan nan nan nan 31.8 31.2 30.5 29.4 28.3 27.3 26.4 25.7 25.0 24.5 24.1 23.5 22.9 22.2 21.3 20.4 19.4 18.6 17.8 17.1 16.6 16.1 15.6 15.2 14.9 14.7 14.5 14.4 14.2 nan nan nan nan nan nan nan nan nan 13.2 13.4 nan nan nan nan nan nan 12.9 12.9 12.9 nan 12.7 12.9 13.2 13.3 nan nan nan nan nan nan nan nan nan
nan nan nan nan nan nan nan nan nan nan nan nan nan nan nan nan nan nan nan nan nan nan nan nan nan nan nan nan 29.5 30.8 30.5 29.4 28.4 27.3 26.4 25.7 25.0 24.4 23.8 23.1 22.4 21.5 20.5 19.6 18.7 17.9 17.3 16.7 16.2 15.8 15.4 15.0 14.8 14.6 14.4 14.3 14.2 nan nan nan nan nan nan nan nan 13.3 13.4 nan nan nan nan nan nan 12.9 12.9 13.0 13.2 13.4 13.3 13.2 nan nan nan nan nan nan nan nan nan nan
nan nan nan nan nan nan nan nan nan nan nan nan nan nan nan nan nan nan nan nan nan nan nan nan nan nan nan nan nan 15.6 31.4 30.6 29.4 28.3 27.3 26.4 25.6 24.8 24.1 23.3 22.5 21.7 20.7 19.7 18.8 18.0 17.4 16.8 16.3 15.9 15.5 15.2 14.9 14.7 14.5 14.4 14.3 14.2 nan nan nan nan nan nan 13.3 13.4 13.4 nan 13.4 13.4 13.4 nan nan 12.9 13.1 13.2 13.5 13.8 nan nan nan nan nan nan nan nan nan nan nan nan
nan nan nan nan nan nan nan nan nan nan nan nan nan nan nan nan nan nan nan nan nan nan nan nan nan nan nan nan nan nan 16.0 31.1 30.3 29.3 28.3 27.3 26.3 25.4 24.5 23.7 22.8 21.9 20.9 19.9 19.0 18.1 17.4 16.8 16.4 16.0 15.6 15.3 15.1 14.8 14.6 14.5 14.4 14.3 nan nan nan nan nan 13.4 13.4 13.5 13.5 13.5 13.5 13.4 13.4 9.8 nan 13.0 13.2 13.4 13.6 13.6 nan nan nan nan nan nan nan nan nan nan nan nan
nan nan nan nan nan nan nan nan nan nan nan nan nan nan nan nan nan nan nan nan nan nan nan nan nan nan nan nan nan nan nan 28.2 30.5 30.2 29.3 28.3 27.2 26.1 25.1 24.1 23.1 22.1 21.0 20.0 19.1 18.3 17.5 16.9 16.4 16.1 15.7 15.5 15.2 15.0 14.8 14.6 14.5 14.4 14.3 nan nan 13.7 13.8 13.7 13.6 13.6 13.6 13.6 13.6 13.5 13.4 nan nan 13.2 13.4 13.5 13.6 13.6 nan nan nan nan nan nan nan nan nan nan nan nan
nan nan nan nan nan nan nan nan nan nan nan nan nan nan nan nan nan nan nan nan nan nan nan nan nan nan nan nan nan nan nan nan 31.5 31.0 30.3 29.3 28.1 26.9 25.7 24.6 23.4 22.3 21.2 20.1 19.2 18.3 17.6 17.0 16.5 16.1 15.8 15.6 15.3 15.1 14.9 14.8 14.6 14.5 14.4 14.2 14.0 14.0 13.9 nan 13.8 13.8 13.8 13.8 13.7 13.6 13.6 13.5 13.5 13.5 13.5 13.6 13.6 nan nan nan nan nan nan nan nan nan nan nan nan nan
nan nan nan nan nan nan nan nan nan nan nan nan nan nan nan nan nan nan nan nan nan nan nan nan nan nan nan nan nan nan 30.5 31.1 31.8 31.5 31.0 30.2 29.0 27.7 26.4 25.1 23.8 22.6 21.4 20.2 19.2 18.4 17.6 17.1 16.6 16.2 16.0 15.7 15.5 15.3 15.1 15.0 14.8 14.6 14.5 14.4 14.2 14.1 14.1 14.1 14.0 14.0 14.0 14.0 13.9 13.9 13.7 13.6 13.6 13.6 13.6 13.7 13.6 nan nan nan nan nan nan nan nan nan nan nan nan nan
nan nan nan nan nan nan nan nan nan nan nan nan nan nan nan nan nan nan nan nan nan nan nan nan nan nan nan nan nan nan nan nan 31.6 31.5 31.2 30.6 29.7 28.5 27.2 25.8 24.4 23.0 21.7 20.4 19.3 18.4 17.7 17.1 16.7 16.3 16.1 15.8 15.6 15.5 15.3 15.2 15.0 14.9 14.7 14.5 14.4 14.3 14.2 14.2 14.1 14.1 14.1 nan nan nan 13.7 13.6 13.6 13.6 13.6 13.7 nan nan nan nan nan nan nan nan nan nan nan nan nan nan
nan nan nan nan nan nan nan nan nan nan nan nan nan nan nan nan nan nan nan nan nan nan nan nan nan nan nan nan nan nan 17.9 16.2 31.5 31.4 31.2 30.8 30.3 29.5 28.1 26.5 25.0 23.5 22.0 20.6 19.5 18.5 17.8 17.2 16.8 16.4 16.2 16.0 15.8 15.7 15.5 15.4 15.2 15.1 14.9 14.7 14.6 14.4 14.3 14.2 nan nan nan nan nan nan nan 13.8 13.7 13.7 13.7 13.6 nan nan nan nan nan nan nan nan nan nan nan nan nan nan
nan nan nan nan nan nan nan nan nan nan nan nan nan nan nan nan nan nan nan nan nan nan nan nan nan nan nan nan nan nan 16.9 31.0 31.6 31.6 31.2 17.7 30.8 30.2 28.6 27.1 25.5 23.9 22.3 20.9 19.7 18.7 17.9 17.3 16.9 16.5 16.3 16.1 15.9 15.8 15.7 15.6 15.5 15.3 15.1 14.9 14.7 14.5 14.4 nan nan nan nan nan nan 13.8 13.8 13.9 13.8 13.7 13.7 nan nan nan nan nan nan nan nan nan nan nan nan nan nan nan
nan nan nan nan nan nan nan nan nan nan nan nan nan nan nan nan nan nan nan nan nan nan nan nan nan nan nan nan nan nan 18.0 29.6 31.6 31.6 nan nan nan 29.7 28.9 27.5 26.0 24.4 22.7 21.1 19.9 18.9 18.1 17.5 17.0 16.6 16.4 16.2 16.1 16.0 15.9 15.8 15.7 15.5 15.4 15.1 14.9 14.7 14.5 nan nan nan nan nan 13.9 13.9 13.9 13.9 13.8 13.8 nan nan nan nan nan nan nan nan nan nan nan nan nan nan nan nan
nan nan nan nan nan nan nan nan nan nan nan nan nan nan nan nan nan nan nan nan nan nan nan nan nan nan nan nan nan nan 18.0 16.1 32.3 31.8 nan nan nan 27.4 29.0 28.0 26.6 24.9 23.1 21.5 20.2 19.1 18.3 17.6 17.2 16.8 16.5 16.3 16.2 16.1 16.0 16.0 15.9 15.7 15.5 15.3 15.1 14.8 14.6 14.2 14.0 nan 13.9 13.9 13.9 13.9 13.9 13.9 nan nan nan nan nan nan nan nan nan nan nan nan nan nan nan nan nan nan
nan nan nan nan nan nan nan nan nan nan nan nan nan nan nan nan nan nan nan nan nan nan nan nan nan nan nan nan nan nan nan nan 32.6 26.9 nan nan nan nan 28.9 28.5 27.4 25.6 23.7 21.9 20.5 19.4 18.5 17.8 17.3 17.0 16.6 16.5 16.3 16.2 16.2 16.1 16.0 15.9 15.7 15.5 15.2 15.0 14.7 14.4 14.2 14.1 14.1 14.0 13.9 13.9 13.9 nan nan nan nan nan nan nan nan nan nan nan nan nan nan nan nan nan nan nan
nan nan nan nan nan nan nan nan nan nan nan nan nan nan nan nan nan nan nan nan nan nan nan nan nan nan nan nan nan nan nan nan nan 24.8 13.7 nan nan nan 16.1 29.5 28.5 26.7 24.3 22.3 20.8 19.6 18.7 18.0 17.5 17.1 16.8 16.6 16.5 16.4 16.3 16.2 16.2 16.0 15.9 15.7 15.4 15.1 14.8 14.6 14.3 14.2 14.1 14.0 14.0 13.9 13.8 nan nan nan nan nan nan nan nan nan nan nan nan nan nan nan nan nan nan nan
nan nan nan nan nan nan nan nan nan nan nan nan nan nan nan nan nan nan nan nan nan nan nan nan nan nan nan nan nan nan nan nan nan nan 16.2 25.1 nan nan nan nan 29.0 27.5 24.8 22.7 21.1 19.9 19.0 18.2 17.7 17.3 17.0 16.8 16.6 16.5 16.5 16.4 16.3 16.2 16.0 15.8 15.6 15.3 15.0 14.7 14.4 14.3 14.1 14.1 14.0 13.9 13.9 13.8 nan nan nan nan nan nan nan nan nan nan nan nan nan nan nan nan nan nan
nan nan nan nan nan nan nan nan nan nan nan nan nan nan nan nan nan nan nan nan nan nan nan nan nan nan nan nan nan nan nan nan nan nan nan 18.4 17.7 nan nan nan nan 26.0 25.0 23.0 21.5 20.2 19.2 18.5 17.9 17.5 17.1 16.9 16.8 16.7 16.6 16.5 16.5 16.3 16.2 16.0 15.7 15.4 15.1 14.8 14.5 14.4 14.2 14.1 14.1 14.0 13.9 13.9 13.8 10.1 nan nan nan nan nan nan nan nan nan nan nan nan nan nan nan nan
nan nan nan nan nan nan nan nan nan nan nan nan nan nan nan nan nan nan nan nan nan nan nan nan nan nan nan nan nan nan nan nan nan nan 16.5 19.2 25.8 25.5 nan 17.7 nan 23.1 25.0 23.3 21.8 20.5 19.5 18.8 18.1 17.7 17.3 17.1 17.0 16.9 16.8 16.7 16.6 16.5 16.3 16.1 15.8 15.5 15.2 14.9 14.6 14.4 14.3 14.2 14.1 14.0 13.9 13.8 13.8 13.7 nan nan nan nan nan nan nan nan nan nan nan nan nan nan nan nan
nan nan nan nan nan nan nan nan nan nan nan nan nan nan nan nan nan nan nan nan nan nan nan nan nan nan nan nan nan nan nan nan nan nan 26.0 26.1 26.4 25.0 17.2 23.5 25.0 21.6 25.1 23.5 22.1 20.9 19.8 19.0 18.4 17.9 17.6 17.4 17.2 17.1 17.0 16.9 16.8 16.7 16.5 16.2 15.9 15.6 15.2 14.9 14.6 14.4 13.9 14.0 13.9 14.1 13.9 13.8 13.8 13.8 13.8 nan nan nan nan nan nan nan nan nan nan nan nan nan nan nan
nan nan nan nan nan nan nan nan nan nan nan nan nan nan nan nan nan nan nan nan nan nan nan nan nan nan nan nan nan nan nan nan nan nan 26.3 26.5 26.4 26.3 26.0 nan 25.9 24.9 25.1 23.7 22.3 21.1 20.1 19.3 18.7 18.2 17.9 17.6 17.5 17.3 17.2 17.1 17.0 16.8 16.6 16.3 16.0 15.6 -9999.0 -9999.0 -9999.0 -9999.0 -9999.0 -9999.0 -9999.0 11.2 13.9 13.8 13.8 13.7 13.7 nan nan nan nan nan nan nan nan nan nan nan nan nan nan -9999.0
nan nan nan nan nan nan nan nan nan nan nan nan nan nan nan nan nan nan nan nan nan nan nan nan nan nan nan nan nan nan nan nan nan nan 26.3 26.4 26.3 26.2 26.0 nan nan 26.4 25.2 23.9 22.6 21.4 20.4 19.6 19.0 18.5 18.2 17.9 17.8 17.6 17.5 17.4 17.3 17.1 16.8 16.5 16.1 -9999.0 -9999.0 -9999.0 -9999.0 -9999.0 -9999.0 -9999.0 -9999.0 nan 13.7 14.0 14.0 13.4 nan nan nan nan nan nan nan nan nan nan nan nan nan nan nan -9999.0
nan nan nan nan nan nan nan nan nan nan nan nan nan nan nan nan nan nan nan nan nan nan nan nan nan nan nan nan nan nan nan nan nan nan 26.1 26.1 26.0 26.0 26.3 nan 20.8 24.6 25.4 24.1 22.9 21.7 20.8 20.0 19.4 18.9 18.5 18.3 18.1 18.0 17.9 17.8 17.6 17.4 17.0 16.6 16.2 -9999.0 -9999.0 -9999.0 -9999.0 -9999.0 -9999.0 -9999.0 -9999.0 -9999.0 -9999.0 nan 10.9 10.9 nan nan nan nan nan nan nan nan nan nan nan nan nan nan nan -9999.0
nan nan nan nan nan nan nan nan nan nan nan nan nan nan nan nan nan nan nan nan nan nan nan nan nan nan nan nan nan nan nan nan nan nan 25.9 25.8 26.0 26.4 23.9 16.0 24.8 22.1 25.5 24.3 23.2 22.1 21.1 20.4 19.8 19.3 18.9 18.6 18.5 18.4 18.3 18.2 18.1 17.8 17.4 16.9 -9999.0 -9999.0 -9999.0 -9999.0 -9999.0 -9999.0 -9999.0 -9999.0 -9999.0 -9999.0 -9999.0 nan nan nan nan nan nan nan nan nan nan nan nan nan nan nan nan nan nan -9999.0
nan nan nan nan nan nan nan nan nan nan nan nan nan nan nan nan nan nan nan nan nan nan nan nan nan nan nan nan nan nan nan nan 24.5 25.2 25.8 26.0 26.4 27.1 26.9 27.1 nan 26.8 25.6 24.6 23.5 22.5 21.6 20.8 20.2 19.7 19.3 19.1 19.0 18.9 18.8 18.8 18.6 18.3 17.8 -9999.0 -9999.0 -9999.0 -9999.0 -9999.0 -9999.0 -9999.0 -9999.0 -9999.0 -9999.0 -9999.0 -9999.0 -9999.0 nan nan nan nan nan nan nan nan nan nan nan nan nan nan nan nan nan -9999.0
nan nan nan nan nan nan nan nan nan nan nan nan nan nan nan nan nan nan nan nan nan nan nan nan nan nan nan nan nan 18.0 nan nan 26.2 26.2 26.0 26.1 26.9 27.8 28.6 nan nan 26.3 25.8 24.9 24.0 23.0 22.1 21.4 20.7 20.1 19.8 19.6 19.5 19.5 19.4 19.4 19.2 18.8 18.4 -9999.0 -9999.0 -9999.0 -9999.0 -9999.0 -9999.0 -9999.0 -9999.0 -9999.0 -9999.0 -9999.0 -9999.0 -9999.0 -9999.0 -9999.0 nan nan nan nan nan nan nan nan nan nan nan nan nan nan nan -9999.0
nan nan nan nan nan nan nan nan nan nan nan nan nan nan nan nan nan nan nan nan nan nan nan nan nan nan nan nan nan 14.9 15.0 nan 26.5 26.7 24.8 23.3 26.0 27.6 28.2 27.5 nan 26.5 26.2 25.5 24.6 23.6 22.8 22.0 21.3 20.7 20.3 20.1 20.0 20.0 20.1 20.0 19.9 19.5 -9999.0 -9999.0 -9999.0 -9999.0 -9999.0 -9999.0 -9999.0 -9999.0 -9999.0 -9999.0 -9999.0 -9999.0 -9999.0 -9999.0 -9999.0 -9999.0 -9999.0 nan nan nan nan nan nan nan nan nan nan nan nan nan nan -9999.0
nan nan nan nan nan nan nan nan nan nan nan nan nan nan nan nan nan nan nan nan nan nan nan nan nan nan nan nan nan 15.8 26.5 26.6 26.8 27.1 27.5 nan 16.2 27.4 27.7 28.3 nan 26.6 27.2 26.5 25.5 24.4 23.5 22.7 22.0 21.4 21.0 20.8 20.7 20.7 20.8 20.8 20.7 20.3 -9999.0 -9999.0 -9999.0 -9999.0 -9999.0 -9999.0 -9999.0 -9999.0 -9999.0 -9999.0 -9999.0 -9999.0 -9999.0 -9999.0 -9999.0 -9999.0 -9999.0 -9999.0 nan nan nan nan nan nan nan nan nan nan nan nan nan -9999.0
nan nan nan nan nan nan nan nan nan nan nan nan nan nan nan nan nan nan nan nan nan nan nan nan nan nan nan nan nan nan 26.0 26.5 26.8 27.3 26.3 nan nan 27.3 27.9 28.6 nan 24.4 25.9 27.0 26.2 25.2 24.2 23.4 22.7 22.1 21.7 21.5 21.4 21.4 21.5 21.6 21.4 20.9 -9999.0 -9999.0 -9999.0 -9999.0 -9999.0 -9999.0 -9999.0 -9999.0 -9999.0 -9999.0 -9999.0 -9999.0 -9999.0 -9999.0 -9999.0 -9999.0 -9999.0 -9999.0 -9999.0 nan nan nan nan nan nan nan nan nan nan nan nan -9999.0
nan nan nan nan nan nan nan nan nan nan nan nan nan nan nan nan nan nan nan nan nan nan nan nan nan nan nan nan nan nan 23.6 26.5 26.9 27.4 24.2 nan 18.3 21.7 25.0 15.3 24.1 19.7 22.8 26.8 26.7 25.9 25.0 24.1 23.3 22.8 22.4 22.2 22.1 22.1 22.3 22.3 22.0 21.0 -9999.0 -9999.0 -9999.0 -9999.0 -9999.0 -9999.0 -9999.0 -9999.0 -9999.0 -9999.0 -9999.0 -9999.0 -9999.0 -9999.0 -9999.0 -9999.0 -9999.0 -9999.0 -9999.0 -9999.0 nan nan nan nan nan nan nan nan nan nan nan -9999.0
nan nan nan nan nan nan nan nan nan nan nan nan nan nan nan nan nan nan nan nan nan nan nan nan nan nan nan nan nan nan 24.2 26.2 27.0 27.3 26.8 18.3 nan 24.9 21.5 15.8 20.7 nan 28.0 28.1 27.4 26.6 25.7 24.8 24.0 23.4 23.0 22.8 22.7 22.8 22.9 22.7 22.3 17.0 -9999.0 -9999.0 -9999.0 -9999.0 -9999.0 -9999.0 -9999.0 -9999.0 -9999.0 -9999.0 -9999.0 -9999.0 -9999.0 -9999.0 -9999.0 -9999.0 -9999.0 -9999.0 -9999.0 -9999.0 -9999.0 -9999.0 nan nan nan nan nan nan nan nan nan -9999.0
nan nan nan nan nan nan nan nan nan nan nan nan nan nan nan nan nan nan nan nan nan nan nan nan nan nan nan nan nan nan nan 26.8 27.0 27.3 27.7 nan nan 19.7 20.7 19.0 nan nan 28.4 28.5 27.9 27.2 26.3 25.5 24.7 24.1 23.7 23.4 23.3 23.3 23.4 23.1 22.3 18.8 -9999.0 -9999.0 -9999.0 -9999.0 -9999.0 -9999.0 -9999.0 -9999.0 -9999.0 -9999.0 -9999.0 nan nan nan -9999.0 -9999.0 -9999.0 -9999.0 -9999.0 -9999.0 -9999.0 -9999.0 -9999.0 -9999.0 -9999.0 -9999.0 -9999.0 nan nan nan -9999.0 -9999.0
nan nan nan nan nan nan nan nan nan nan nan nan nan nan nan nan nan nan nan nan nan nan nan nan nan nan nan nan nan nan nan 26.3 26.9 27.4 28.0 nan 16.2 17.1 26.2 17.3 nan nan 28.8 28.8 28.3 27.7 26.9 26.1 25.4 24.9 24.4 24.1 23.9 23.9 23.9 23.9 23.6 20.2 -9999.0 -9999.0 -9999.0 -9999.0 -9999.0 -9999.0 -9999.0 -9999.0 -9999.0 -9999.0 -9999.0 nan nan nan nan nan -9999.0 -9999.0 -9999.0 -9999.0 -9999.0 -9999.0 -9999.0 -9999.0 -9999.0 -9999.0 -9999.0 -9999.0 -9999.0 -9999.0 -9999.0 -9999.0
nan nan nan nan nan nan nan nan nan nan nan nan nan nan nan nan nan nan nan nan nan nan nan nan nan nan nan nan nan nan nan 18.1 26.9 27.4 27.3 26.9 24.9 20.7 16.8 13.8 17.3 nan 28.9 29.1 28.7 28.1 27.5 26.8 26.2 25.6 25.1 24.8 24.6 24.5 24.4 24.4 24.4 19.8 -9999.0 -9999.0 -9999.0 -9999.0 -9999.0 -9999.0 -9999.0 -9999.0 -9999.0 -9999.0 -9999.0 -9999.0 -9999.0 -9999.0 -9999.0 -9999.0 -9999.0 -9999.0 -9999.0 -9999.0 -9999.0 -9999.0 -9999.0 -9999.0 -9999.0 -9999.0 -9999.0 -9999.0 -9999.0 -9999.0 -9999.0 -9999.0
nan nan nan nan nan nan nan nan nan nan nan nan nan nan nan nan nan nan nan nan nan nan nan nan nan nan nan nan nan nan nan 18.1 26.8 27.5 28.2 28.6 28.7 nan 17.9 21.3 13.9 nan 29.1 29.5 29.2 28.7 28.1 27.5 26.9 26.3 25.9 25.5 25.3 25.1 24.9 24.8 24.8 20.4 -9999.0 -9999.0 -9999.0 -9999.0 -9999.0 -9999.0 -9999.0 -9999.0 -9999.0 -9999.0 -9999.0 -9999.0 -9999.0 -9999.0 -9999.0 -9999.0 -9999.0 -9999.0 -9999.0 -9999.0 -9999.0 -9999.0 -9999.0 -9999.0 -9999.0 -9999.0 -9999.0 -9999.0 -9999.0 -9999.0 -9999.0 -9999.0
nan nan nan nan nan nan nan nan nan nan nan nan nan nan nan nan nan nan nan nan nan nan nan nan nan nan nan nan nan nan nan 18.2 24.5 27.2 28.3 28.8 28.9 nan nan 19.5 17.2 nan nan 29.7 29.8 29.3 28.7 28.1 27.5 27.0 26.6 26.3 26.0 25.7 25.5 25.3 25.2 20.0 -9999.0 -9999.0 -9999.0 -9999.0 -9999.0 -9999.0 -9999.0 -9999.0 -9999.0 -9999.0 -9999.0 -9999.0 -9999.0 -9999.0 -9999.0 -9999.0 -9999.0 -9999.0 -9999.0 -9999.0 -9999.0 -9999.0 -9999.0 -9999.0 -9999.0 -9999.0 -9999.0 -9999.0 -9999.0 -9999.0 -9999.0 -9999.0
nan nan nan nan nan nan nan nan nan nan nan nan nan nan nan nan nan nan nan nan nan nan nan nan nan nan nan nan nan nan nan nan 17.3 27.8 28.3 29.0 nan nan nan 21.1 16.3 18.0 nan nan 29.6 29.5 29.1 28.5 28.0 27.6 27.3 27.0 26.7 26.5 26.1 25.9 25.6 25.2 -9999.0 -9999.0 -9999.0 -9999.0 -9999.0 -9999.0 -9999.0 -9999.0 -9999.0 -9999.0 -9999.0 -9999.0 -9999.0 -9999.0 -9999.0 -9999.0 -9999.0 -9999.0 -9999.0 -9999.0 -9999.0 -9999.0 -9999.0 -9999.0 nan nan nan -9999.0 -9999.0 -9999.0 -9999.0 -9999.0
nan nan nan nan nan nan nan nan nan nan nan nan nan nan nan nan nan nan nan nan nan nan nan nan nan nan nan nan nan nan nan nan 27.2 27.8 28.4 29.1 nan nan nan nan 18.6 18.2 29.3 nan 28.8 29.6 29.5 28.9 28.5 28.1 27.9 27.6 27.4 27.2 26.9 26.5 26.2 26.2 -9999.0 -9999.0 -9999.0 -9999.0 -9999.0 -9999.0 -9999.0 -9999.0 -9999.0 -9999.0 -9999.0 -9999.0 -9999.0 -9999.0 -9999.0 -9999.0 -9999.0 -9999.0 -9999.0 -9999.0 -9999.0 -9999.0 nan nan nan nan nan nan nan nan -9999.0 -9999.0
nan nan nan nan nan nan nan nan nan nan nan nan nan nan nan nan nan nan nan nan nan nan nan nan nan nan nan nan nan nan nan nan nan 27.9 28.7 29.5 nan nan nan nan 23.1 20.1 25.4 21.0 nan 30.1 30.3 29.6 29.1 28.7 28.5 28.2 28.0 27.8 27.6 27.2 26.9 26.4 -9999.0 -9999.0 -9999.0 -9999.0 -9999.0 -9999.0 -9999.0 -9999.0 -9999.0 -9999.0 -9999.0 nan nan nan nan nan nan nan nan nan nan nan nan nan nan nan nan nan nan nan nan nan
nan nan nan nan nan nan nan nan nan nan nan nan nan nan nan nan nan nan nan nan nan nan nan nan nan nan nan nan nan nan nan nan nan 27.8 28.9 29.9 29.9 nan nan nan 28.4 21.6 23.0 29.9 nan nan 30.1 29.9 29.6 29.3 29.0 28.8 28.5 28.4 28.2 27.9 27.6 27.5 -9999.0 -9999.0 -9999.0 -9999.0 -9999.0 -9999.0 -9999.0 -9999.0 -9999.0 -9999.0 nan nan nan nan nan nan nan nan nan nan nan nan nan nan nan nan nan nan nan nan nan nan
