data/output/RUN203/ECOSPACE/ECOSPACE_in_PAR3/PAR-VarZ-VarK/PAR-VarZ-VarK_1982_04.asc
ncols        93
nrows        151 
xllcorner    -123.80739
yllcorner    48.29471 
cellsize     0.013497347 
NODATA_value  0.0
[rows 80 to 119 of 151, columns 0 to 89 of 93]
nan nan nan nan nan nan nan nan nan nan nan nan nan nan nan nan nan nan nan nan nan nan nan 38.3 37.1 38.2 39.8 40.7 40.0 39.2 38.3 37.1 35.9 34.9 34.1 33.5 33.2 33.0 32.7 32.1 31.4 30.9 30.7 30.4 30.2 30.0 29.7 29.2 28.7 27.8 26.9 25.8 24.6 23.8 nan nan nan nan nan nan nan nan nan nan nan nan 18.1 18.6 18.8 19.0 nan 18.5 18.5 18.6 18.7 19.0 18.9 18.7 18.6 18.9 19.5 19.8 19.6 nan nan nan nan nan nan nan
nan nan nan nan nan nan nan nan nan nan nan nan nan nan nan nan nan nan nan nan nan nan nan nan nan nan 41.5 41.4 40.6 39.9 39.1 37.9 36.7 35.6 34.7 34.0 33.5 33.1 32.5 31.9 31.3 30.8 30.2 29.9 29.8 29.6 29.4 29.1 28.6 27.9 27.2 26.1 25.0 24.1 23.2 nan nan nan nan nan nan nan nan nan nan nan 18.6 18.8 nan nan nan nan nan 18.9 19.1 19.4 nan 19.0 19.2 19.7 20.2 20.7 nan nan nan nan nan nan nan nan
nan nan nan nan nan nan nan nan nan nan nan nan nan nan nan nan nan nan nan nan nan nan nan nan nan nan nan 41.3 40.5 40.6 39.8 38.6 37.2 36.1 35.2 34.5 33.8 33.2 32.6 31.9 31.2 30.7 30.0 29.5 29.2 29.1 28.9 28.5 28.2 27.9 27.2 26.3 25.3 24.5 23.5 22.7 nan nan nan nan nan nan nan nan nan 18.7 19.3 nan nan nan nan nan nan 18.9 19.2 19.5 nan 19.4 20.0 20.5 20.8 nan nan nan nan nan nan nan nan nan
nan nan nan nan nan nan nan nan nan nan nan nan nan nan nan nan nan nan nan nan nan nan nan nan nan nan nan nan 39.3 39.5 40.5 39.4 37.9 36.7 35.7 34.8 34.0 33.3 32.5 31.9 31.1 30.5 30.0 29.4 29.0 28.7 28.6 28.3 27.9 27.5 27.1 26.5 25.6 24.7 24.0 23.0 22.3 nan nan nan nan nan nan nan nan 18.8 19.4 nan nan nan nan nan nan 19.0 19.4 19.8 20.5 21.0 20.9 20.9 nan nan nan nan nan nan nan nan nan nan
nan nan nan nan nan nan nan nan nan nan nan nan nan nan nan nan nan nan nan nan nan nan nan nan nan nan nan nan nan 15.1 41.0 40.2 38.8 37.6 36.3 35.3 34.3 33.4 32.6 31.9 31.0 30.3 29.9 29.4 28.8 28.5 28.4 28.2 27.8 27.5 27.1 26.5 26.0 25.2 24.4 23.6 22.7 22.1 nan nan nan nan nan nan 18.9 19.3 19.7 nan 20.2 20.2 20.4 nan nan 19.2 19.8 20.4 21.1 21.9 nan nan nan nan nan nan nan nan nan nan nan nan
nan nan nan nan nan nan nan nan nan nan nan nan nan nan nan nan nan nan nan nan nan nan nan nan nan nan nan nan nan nan 16.2 40.3 39.9 38.6 37.1 36.0 34.8 33.8 32.7 31.8 31.0 30.2 29.9 29.4 29.0 28.6 28.4 28.3 27.9 27.5 27.3 26.9 26.4 25.6 24.9 24.1 23.3 22.6 nan nan nan nan nan 19.3 19.6 20.1 20.3 20.4 20.4 20.4 20.4 11.7 nan 19.5 20.2 20.9 21.5 21.9 nan nan nan nan nan nan nan nan nan nan nan nan
nan nan nan nan nan nan nan nan nan nan nan nan nan nan nan nan nan nan nan nan nan nan nan nan nan nan nan nan nan nan nan 37.9 38.7 39.2 37.9 36.7 35.2 34.1 33.0 32.0 31.1 30.4 29.9 29.5 29.2 28.9 28.5 28.4 28.1 27.7 27.5 27.2 26.7 26.2 25.4 24.7 23.9 23.1 22.4 nan nan 20.0 20.5 20.5 20.5 20.8 21.0 21.0 20.8 20.7 20.6 nan nan 20.0 20.8 21.4 21.9 22.1 nan nan nan nan nan nan nan nan nan nan nan nan
nan nan nan nan nan nan nan nan nan nan nan nan nan nan nan nan nan nan nan nan nan nan nan nan nan nan nan nan nan nan nan nan 40.1 39.1 38.1 37.1 35.9 34.6 33.4 32.4 31.5 30.6 30.1 29.6 29.5 29.1 28.7 28.4 28.1 28.0 27.7 27.5 27.1 26.7 26.0 25.4 24.6 23.9 23.3 22.3 21.9 21.7 21.8 nan 21.2 21.6 21.9 22.0 21.8 21.6 21.3 21.0 21.0 21.1 21.4 21.8 22.1 nan nan nan nan nan nan nan nan nan nan nan nan nan
nan nan nan nan nan nan nan nan nan nan nan nan nan nan nan nan nan nan nan nan nan nan nan nan nan nan nan nan nan nan 39.6 39.9 39.7 38.9 38.1 37.3 36.3 35.2 33.9 32.9 31.8 30.7 30.1 29.8 29.6 29.3 28.9 28.5 28.2 28.1 28.0 27.8 27.5 27.2 26.7 26.2 25.7 25.0 24.5 23.9 23.5 23.1 22.8 22.6 22.5 22.8 23.0 23.0 22.8 22.7 22.2 21.7 21.7 21.8 22.0 22.3 22.2 nan nan nan nan nan nan nan nan nan nan nan nan nan
nan nan nan nan nan nan nan nan nan nan nan nan nan nan nan nan nan nan nan nan nan nan nan nan nan nan nan nan nan nan nan nan 39.3 38.7 38.1 37.4 36.7 35.6 34.3 33.2 32.2 31.2 30.3 29.9 29.7 29.4 29.0 28.5 28.2 28.2 28.1 28.0 27.9 27.7 27.4 27.2 26.9 26.4 25.9 25.5 25.0 24.4 23.9 23.5 23.2 23.2 23.4 nan nan nan 22.5 22.3 22.2 22.2 22.3 22.4 nan nan nan nan nan nan nan nan nan nan nan nan nan nan
nan nan nan nan nan nan nan nan nan nan nan nan nan nan nan nan nan nan nan nan nan nan nan nan nan nan nan nan nan nan 15.9 14.6 38.9 38.7 38.1 37.9 36.9 36.0 34.6 33.6 32.5 31.5 30.6 30.0 29.6 29.4 29.1 28.7 28.4 28.4 28.3 28.2 28.2 28.1 28.0 27.9 27.8 27.6 27.1 26.6 25.9 25.1 24.4 23.9 nan nan nan nan nan nan nan 22.7 22.5 22.4 22.4 22.3 nan nan nan nan nan nan nan nan nan nan nan nan nan nan
nan nan nan nan nan nan nan nan nan nan nan nan nan nan nan nan nan nan nan nan nan nan nan nan nan nan nan nan nan nan 16.5 38.0 38.8 38.9 38.4 18.3 37.6 36.9 35.6 34.3 33.1 31.9 30.9 30.3 29.8 29.5 29.2 29.0 28.7 28.5 28.5 28.4 28.3 28.3 28.3 28.3 28.3 28.1 27.7 27.0 26.3 25.4 24.5 nan nan nan nan nan nan 22.1 22.4 22.7 22.5 22.4 22.4 nan nan nan nan nan nan nan nan nan nan nan nan nan nan nan
nan nan nan nan nan nan nan nan nan nan nan nan nan nan nan nan nan nan nan nan nan nan nan nan nan nan nan nan nan nan 15.9 35.9 38.7 39.1 nan nan nan 36.7 36.3 35.1 33.8 32.3 31.2 30.6 30.1 29.8 29.5 29.1 29.0 28.7 28.6 28.5 28.5 28.4 28.4 28.4 28.5 28.4 28.1 27.4 26.5 25.5 24.9 nan nan nan nan nan 22.4 22.4 22.5 22.6 22.4 22.1 nan nan nan nan nan nan nan nan nan nan nan nan nan nan nan nan
nan nan nan nan nan nan nan nan nan nan nan nan nan nan nan nan nan nan nan nan nan nan nan nan nan nan nan nan nan nan 15.7 15.3 38.0 38.6 nan nan nan 34.6 36.2 36.0 34.7 33.1 31.8 31.1 30.5 30.0 29.7 29.4 29.2 29.0 28.8 28.7 28.6 28.5 28.5 28.4 28.5 28.4 28.2 27.6 26.7 25.8 25.0 23.8 23.3 nan 22.5 22.6 22.8 22.6 22.5 22.4 nan nan nan nan nan nan nan nan nan nan nan nan nan nan nan nan nan nan
nan nan nan nan nan nan nan nan nan nan nan nan nan nan nan nan nan nan nan nan nan nan nan nan nan nan nan nan nan nan nan nan 38.0 30.2 nan nan nan nan 35.7 36.2 35.5 33.9 32.7 31.8 31.2 30.6 30.2 29.8 29.4 29.3 29.0 28.9 28.7 28.6 28.5 28.5 28.5 28.5 28.4 27.9 27.0 26.1 25.4 24.7 24.2 23.7 23.4 23.0 22.9 22.6 22.4 nan nan nan nan nan nan nan nan nan nan nan nan nan nan nan nan nan nan nan
nan nan nan nan nan nan nan nan nan nan nan nan nan nan nan nan nan nan nan nan nan nan nan nan nan nan nan nan nan nan nan nan nan 34.8 18.1 nan nan nan 15.0 37.8 36.6 34.8 33.4 32.5 31.9 31.3 30.7 30.2 29.7 29.4 29.3 29.1 29.0 28.8 28.7 28.7 28.7 28.8 28.7 28.4 27.8 27.0 26.3 25.6 25.0 24.4 23.8 23.4 23.1 22.7 22.3 nan nan nan nan nan nan nan nan nan nan nan nan nan nan nan nan nan nan nan
nan nan nan nan nan nan nan nan nan nan nan nan nan nan nan nan nan nan nan nan nan nan nan nan nan nan nan nan nan nan nan nan nan nan 18.7 35.4 nan nan nan nan 37.3 36.2 34.7 33.4 32.6 32.0 31.4 30.8 30.2 29.8 29.5 29.4 29.3 29.2 29.1 29.1 29.1 29.2 29.3 29.0 28.5 27.9 27.3 26.6 25.8 25.0 24.3 23.7 23.2 22.8 22.3 21.9 nan nan nan nan nan nan nan nan nan nan nan nan nan nan nan nan nan nan
nan nan nan nan nan nan nan nan nan nan nan nan nan nan nan nan nan nan nan nan nan nan nan nan nan nan nan nan nan nan nan nan nan nan nan 26.4 16.1 nan nan nan nan 34.7 35.6 34.3 33.3 32.6 31.9 31.3 30.8 30.3 29.9 29.7 29.6 29.6 29.6 29.7 29.7 29.7 29.9 29.7 29.3 28.7 28.1 27.3 26.4 25.4 24.5 23.8 23.3 22.7 22.3 22.2 22.0 11.6 nan nan nan nan nan nan nan nan nan nan nan nan nan nan nan nan
nan nan nan nan nan nan nan nan nan nan nan nan nan nan nan nan nan nan nan nan nan nan nan nan nan nan nan nan nan nan nan nan nan nan 18.4 21.8 35.9 36.0 nan 16.1 nan 33.4 35.6 34.8 33.7 32.8 32.2 31.6 31.1 30.6 30.3 30.1 30.0 30.0 30.1 30.3 30.3 30.4 30.4 30.4 30.0 29.5 28.8 27.9 26.9 25.6 24.6 23.9 23.3 22.7 22.4 22.2 22.1 22.0 nan nan nan nan nan nan nan nan nan nan nan nan nan nan nan nan
nan nan nan nan nan nan nan nan nan nan nan nan nan nan nan nan nan nan nan nan nan nan nan nan nan nan nan nan nan nan nan nan nan nan 37.2 35.7 36.3 32.5 17.6 33.1 34.9 28.7 34.0 35.3 34.3 33.2 32.5 32.0 31.5 31.0 30.7 30.5 30.5 30.6 30.8 30.9 31.0 31.0 31.0 31.0 30.7 30.1 29.3 28.1 26.9 25.5 23.9 23.7 23.0 22.9 22.4 22.3 22.2 22.2 22.5 nan nan nan nan nan nan nan nan nan nan nan nan nan nan nan
nan nan nan nan nan nan nan nan nan nan nan nan nan nan nan nan nan nan nan nan nan nan nan nan nan nan nan nan nan nan nan nan nan nan 37.1 36.9 36.5 36.2 33.3 nan 37.1 33.8 36.7 35.5 34.3 33.3 32.7 32.2 31.8 31.4 31.1 31.0 31.1 31.2 31.4 31.5 31.6 31.6 31.6 31.5 31.2 30.6 -9999.0 -9999.0 -9999.0 -9999.0 -9999.0 -9999.0 -9999.0 12.2 22.6 22.5 22.5 22.3 22.5 nan nan nan nan nan nan nan nan nan nan nan nan nan nan -9999.0
nan nan nan nan nan nan nan nan nan nan nan nan nan nan nan nan nan nan nan nan nan nan nan nan nan nan nan nan nan nan nan nan nan nan 37.2 36.9 36.8 36.5 36.2 nan nan 37.4 37.0 35.8 34.5 33.3 32.7 32.4 32.0 31.7 31.5 31.5 31.6 31.7 31.9 32.1 32.2 32.2 32.3 32.2 31.8 -9999.0 -9999.0 -9999.0 -9999.0 -9999.0 -9999.0 -9999.0 -9999.0 nan 14.0 22.3 22.5 21.7 nan nan nan nan nan nan nan nan nan nan nan nan nan nan nan -9999.0
nan nan nan nan nan nan nan nan nan nan nan nan nan nan nan nan nan nan nan nan nan nan nan nan nan nan nan nan nan nan nan nan nan nan 36.8 36.5 36.8 36.2 35.0 nan 30.9 32.0 36.6 35.8 34.6 33.5 32.8 32.4 32.1 31.8 31.7 31.7 31.9 32.1 32.4 32.6 32.7 32.8 32.8 32.7 32.2 -9999.0 -9999.0 -9999.0 -9999.0 -9999.0 -9999.0 -9999.0 -9999.0 -9999.0 -9999.0 nan 12.0 12.0 nan nan nan nan nan nan nan nan nan nan nan nan nan nan nan -9999.0
nan nan nan nan nan nan nan nan nan nan nan nan nan nan nan nan nan nan nan nan nan nan nan nan nan nan nan nan nan nan nan nan nan nan 36.2 36.3 36.7 32.0 31.4 20.6 33.8 28.0 35.6 35.7 34.6 33.5 32.7 32.3 32.1 31.9 31.8 31.9 32.1 32.4 32.8 33.0 33.2 33.4 33.4 33.1 -9999.0 -9999.0 -9999.0 -9999.0 -9999.0 -9999.0 -9999.0 -9999.0 -9999.0 -9999.0 -9999.0 nan nan nan nan nan nan nan nan nan nan nan nan nan nan nan nan nan nan -9999.0
nan nan nan nan nan nan nan nan nan nan nan nan nan nan nan nan nan nan nan nan nan nan nan nan nan nan nan nan nan nan nan nan 31.1 32.7 34.8 36.3 36.5 36.2 33.7 30.4 nan 36.9 36.2 35.3 34.2 33.4 32.6 32.2 32.0 31.9 31.8 32.0 32.2 32.6 33.1 33.5 33.7 33.9 33.9 -9999.0 -9999.0 -9999.0 -9999.0 -9999.0 -9999.0 -9999.0 -9999.0 -9999.0 -9999.0 -9999.0 -9999.0 -9999.0 nan nan nan nan nan nan nan nan nan nan nan nan nan nan nan nan nan -9999.0
nan nan nan nan nan nan nan nan nan nan nan nan nan nan nan nan nan nan nan nan nan nan nan nan nan nan nan nan nan 16.2 nan nan 36.3 36.6 36.8 35.5 36.8 37.0 36.2 nan nan 36.9 36.4 35.2 34.2 33.3 32.4 32.0 31.8 31.7 31.8 31.9 32.2 32.8 33.4 33.9 34.3 34.5 34.4 -9999.0 -9999.0 -9999.0 -9999.0 -9999.0 -9999.0 -9999.0 -9999.0 -9999.0 -9999.0 -9999.0 -9999.0 -9999.0 -9999.0 -9999.0 nan nan nan nan nan nan nan nan nan nan nan nan nan nan nan -9999.0
nan nan nan nan nan nan nan nan nan nan nan nan nan nan nan nan nan nan nan nan nan nan nan nan nan nan nan nan nan 14.7 14.7 nan 36.6 37.1 33.1 33.2 33.7 36.9 37.0 35.8 nan 36.9 36.5 35.3 34.2 33.5 32.7 31.8 31.5 31.4 31.6 31.9 32.3 33.0 33.8 34.4 34.9 35.2 -9999.0 -9999.0 -9999.0 -9999.0 -9999.0 -9999.0 -9999.0 -9999.0 -9999.0 -9999.0 -9999.0 -9999.0 -9999.0 -9999.0 -9999.0 -9999.0 -9999.0 nan nan nan nan nan nan nan nan nan nan nan nan nan nan -9999.0
nan nan nan nan nan nan nan nan nan nan nan nan nan nan nan nan nan nan nan nan nan nan nan nan nan nan nan nan nan 15.5 36.9 37.2 37.4 37.6 37.6 nan 14.8 35.6 37.0 37.0 nan 34.6 37.0 36.1 34.7 33.5 32.9 32.2 31.6 31.4 31.6 32.0 32.5 33.2 34.0 34.8 35.5 35.8 -9999.0 -9999.0 -9999.0 -9999.0 -9999.0 -9999.0 -9999.0 -9999.0 -9999.0 -9999.0 -9999.0 -9999.0 -9999.0 -9999.0 -9999.0 -9999.0 -9999.0 -9999.0 nan nan nan nan nan nan nan nan nan nan nan nan nan -9999.0
nan nan nan nan nan nan nan nan nan nan nan nan nan nan nan nan nan nan nan nan nan nan nan nan nan nan nan nan nan nan 35.8 37.3 37.7 38.1 32.9 nan nan 33.2 35.0 32.8 nan 29.7 32.3 35.9 35.1 33.9 32.9 32.3 31.9 31.6 31.8 32.1 32.6 33.4 34.2 35.2 35.9 36.2 -9999.0 -9999.0 -9999.0 -9999.0 -9999.0 -9999.0 -9999.0 -9999.0 -9999.0 -9999.0 -9999.0 -9999.0 -9999.0 -9999.0 -9999.0 -9999.0 -9999.0 -9999.0 -9999.0 nan nan nan nan nan nan nan nan nan nan nan nan -9999.0
nan nan nan nan nan nan nan nan nan nan nan nan nan nan nan nan nan nan nan nan nan nan nan nan nan nan nan nan nan nan 34.4 37.5 38.0 38.4 33.9 nan 16.2 27.0 30.8 17.0 27.5 23.9 26.7 34.1 34.8 33.8 32.8 32.2 32.0 31.8 32.0 32.3 32.9 33.7 34.8 35.7 36.2 36.2 -9999.0 -9999.0 -9999.0 -9999.0 -9999.0 -9999.0 -9999.0 -9999.0 -9999.0 -9999.0 -9999.0 -9999.0 -9999.0 -9999.0 -9999.0 -9999.0 -9999.0 -9999.0 -9999.0 -9999.0 nan nan nan nan nan nan nan nan nan nan nan -9999.0
nan nan nan nan nan nan nan nan nan nan nan nan nan nan nan nan nan nan nan nan nan nan nan nan nan nan nan nan nan nan 35.2 36.8 38.0 38.5 32.8 16.2 nan 33.6 22.2 14.8 23.6 nan 35.1 35.7 34.5 33.5 32.6 32.2 32.0 32.0 32.2 32.6 33.3 34.1 35.2 36.2 35.2 28.0 -9999.0 -9999.0 -9999.0 -9999.0 -9999.0 -9999.0 -9999.0 -9999.0 -9999.0 -9999.0 -9999.0 -9999.0 -9999.0 -9999.0 -9999.0 -9999.0 -9999.0 -9999.0 -9999.0 -9999.0 -9999.0 -9999.0 nan nan nan nan nan nan nan nan nan -9999.0
nan nan nan nan nan nan nan nan nan nan nan nan nan nan nan nan nan nan nan nan nan nan nan nan nan nan nan nan nan nan nan 37.0 37.8 38.1 36.7 nan nan 24.7 22.3 15.7 nan nan 36.5 35.8 34.8 33.7 32.6 32.1 32.0 32.1 32.3 32.9 33.7 34.7 35.8 36.9 36.3 32.0 -9999.0 -9999.0 -9999.0 -9999.0 -9999.0 -9999.0 -9999.0 -9999.0 -9999.0 -9999.0 -9999.0 nan nan nan -9999.0 -9999.0 -9999.0 -9999.0 -9999.0 -9999.0 -9999.0 -9999.0 -9999.0 -9999.0 -9999.0 -9999.0 -9999.0 nan nan nan -9999.0 -9999.0
nan nan nan nan nan nan nan nan nan nan nan nan nan nan nan nan nan nan nan nan nan nan nan nan nan nan nan nan nan nan nan 34.2 36.9 37.7 38.5 nan 15.9 19.9 31.5 16.0 nan nan 36.5 36.2 35.2 34.1 32.9 32.3 32.1 32.2 32.5 33.2 34.1 35.1 36.2 37.2 37.6 32.9 -9999.0 -9999.0 -9999.0 -9999.0 -9999.0 -9999.0 -9999.0 -9999.0 -9999.0 -9999.0 -9999.0 nan nan nan nan nan -9999.0 -9999.0 -9999.0 -9999.0 -9999.0 -9999.0 -9999.0 -9999.0 -9999.0 -9999.0 -9999.0 -9999.0 -9999.0 -9999.0 -9999.0 -9999.0
nan nan nan nan nan nan nan nan nan nan nan nan nan nan nan nan nan nan nan nan nan nan nan nan nan nan nan nan nan nan nan 15.9 36.5 37.6 37.1 35.0 31.5 23.8 19.1 14.9 16.6 nan 36.3 36.8 36.0 34.8 33.5 32.5 32.2 32.3 32.7 33.4 34.3 35.3 36.4 37.1 36.3 29.7 -9999.0 -9999.0 -9999.0 -9999.0 -9999.0 -9999.0 -9999.0 -9999.0 -9999.0 -9999.0 -9999.0 -9999.0 -9999.0 -9999.0 -9999.0 -9999.0 -9999.0 -9999.0 -9999.0 -9999.0 -9999.0 -9999.0 -9999.0 -9999.0 -9999.0 -9999.0 -9999.0 -9999.0 -9999.0 -9999.0 -9999.0 -9999.0
nan nan nan nan nan nan nan nan nan nan nan nan nan nan nan nan nan nan nan nan nan nan nan nan nan nan nan nan nan nan nan 15.8 32.9 37.4 38.3 38.3 37.5 nan 23.1 25.6 13.8 nan 37.0 37.0 36.9 35.5 34.2 33.1 32.5 32.5 32.9 33.6 34.5 35.5 36.5 37.3 37.0 29.5 -9999.0 -9999.0 -9999.0 -9999.0 -9999.0 -9999.0 -9999.0 -9999.0 -9999.0 -9999.0 -9999.0 -9999.0 -9999.0 -9999.0 -9999.0 -9999.0 -9999.0 -9999.0 -9999.0 -9999.0 -9999.0 -9999.0 -9999.0 -9999.0 -9999.0 -9999.0 -9999.0 -9999.0 -9999.0 -9999.0 -9999.0 -9999.0
nan nan nan nan nan nan nan nan nan nan nan nan nan nan nan nan nan nan nan nan nan nan nan nan nan nan nan nan nan nan nan 15.9 31.2 34.2 37.8 37.8 37.4 nan nan 22.4 15.1 nan nan 36.5 37.3 36.3 35.0 33.8 33.0 32.8 33.1 33.8 34.6 35.6 36.5 37.3 37.6 28.1 -9999.0 -9999.0 -9999.0 -9999.0 -9999.0 -9999.0 -9999.0 -9999.0 -9999.0 -9999.0 -9999.0 -9999.0 -9999.0 -9999.0 -9999.0 -9999.0 -9999.0 -9999.0 -9999.0 -9999.0 -9999.0 -9999.0 -9999.0 -9999.0 -9999.0 -9999.0 -9999.0 -9999.0 -9999.0 -9999.0 -9999.0 -9999.0
nan nan nan nan nan nan nan nan nan nan nan nan nan nan nan nan nan nan nan nan nan nan nan nan nan nan nan nan nan nan nan nan 15.5 36.5 37.1 37.3 nan nan nan 22.3 15.1 13.5 nan nan 35.7 36.8 35.6 34.3 33.5 33.2 33.3 33.9 34.6 35.5 36.4 37.2 38.4 30.3 -9999.0 -9999.0 -9999.0 -9999.0 -9999.0 -9999.0 -9999.0 -9999.0 -9999.0 -9999.0 -9999.0 -9999.0 -9999.0 -9999.0 -9999.0 -9999.0 -9999.0 -9999.0 -9999.0 -9999.0 -9999.0 -9999.0 -9999.0 -9999.0 nan nan nan -9999.0 -9999.0 -9999.0 -9999.0 -9999.0
nan nan nan nan nan nan nan nan nan nan nan nan nan nan nan nan nan nan nan nan nan nan nan nan nan nan nan nan nan nan nan nan 34.4 35.8 36.7 37.1 nan nan nan nan 17.3 13.5 25.3 nan 34.1 36.4 36.5 35.3 34.5 33.9 33.6 34.0 34.7 35.5 36.4 37.3 38.6 35.6 -9999.0 -9999.0 -9999.0 -9999.0 -9999.0 -9999.0 -9999.0 -9999.0 -9999.0 -9999.0 -9999.0 -9999.0 -9999.0 -9999.0 -9999.0 -9999.0 -9999.0 -9999.0 -9999.0 -9999.0 -9999.0 -9999.0 nan nan nan nan nan nan nan nan -9999.0 -9999.0
nan nan nan nan nan nan nan nan nan nan nan nan nan nan nan nan nan nan nan nan nan nan nan nan nan nan nan nan nan nan nan nan nan 36.3 36.9 37.2 nan nan nan nan 23.4 15.0 17.7 20.0 nan 36.4 37.1 36.2 35.2 34.3 34.0 34.1 34.7 35.6 36.4 37.4 38.6 36.4 -9999.0 -9999.0 -9999.0 -9999.0 -9999.0 -9999.0 -9999.0 -9999.0 -9999.0 -9999.0 -9999.0 nan nan nan nan nan nan nan nan nan nan nan nan nan nan nan nan nan nan nan nan nan
nan nan nan nan nan nan nan nan nan nan nan nan nan nan nan nan nan nan nan nan nan nan nan nan nan nan nan nan nan nan nan nan nan 36.5 37.1 37.2 37.0 nan nan nan 33.5 17.8 16.0 30.9 nan nan 36.2 36.7 36.0 35.3 34.7 34.6 35.0 35.7 36.5 37.2 38.4 38.8 -9999.0 -9999.0 -9999.0 -9999.0 -9999.0 -9999.0 -9999.0 -9999.0 -9999.0 -9999.0 nan nan nan nan nan nan nan nan nan nan nan nan nan nan nan nan nan nan nan nan nan nan
