data/output/RUN203/ECOSPACE/ECOSPACE_in_PAR3/PAR-VarZ-VarK/PAR-VarZ-VarK_2016_06.asc
ncols        93
nrows        151 
xllcorner    -123.80739
yllcorner    48.29471 
cellsize     0.013497347 
NODATA_value  0.0
[rows 80 to 119 of 151, columns 0 to 89 of 93]
nan nan nan nan nan nan nan nan nan nan nan nan nan nan nan nan nan nan nan nan nan nan nan 34.7 34.4 33.5 36.5 35.6 34.1 32.6 31.2 30.1 29.1 28.3 27.6 27.0 26.4 25.9 25.4 24.9 24.5 24.0 23.4 22.8 22.2 21.5 20.8 20.1 19.4 18.7 18.0 17.5 17.1 16.7 nan nan nan nan nan nan nan nan nan nan nan nan 14.0 14.0 14.0 14.0 nan 13.8 13.7 13.6 13.6 13.6 13.6 13.4 13.3 13.5 13.8 13.9 13.7 nan nan nan nan nan nan nan
nan nan nan nan nan nan nan nan nan nan nan nan nan nan nan nan nan nan nan nan nan nan nan nan nan nan 36.9 36.3 35.2 33.7 32.3 31.1 30.0 29.1 28.3 27.6 27.0 26.5 26.0 25.6 25.2 24.6 24.0 23.3 22.6 21.9 21.2 20.4 19.6 18.9 18.3 17.7 17.3 16.9 16.4 nan nan nan nan nan nan nan nan nan nan nan 14.3 14.2 nan nan nan nan nan 13.7 13.8 13.8 nan 13.4 13.5 13.7 13.9 14.0 nan nan nan nan nan nan nan nan
nan nan nan nan nan nan nan nan nan nan nan nan nan nan nan nan nan nan nan nan nan nan nan nan nan nan nan 36.7 35.9 34.9 33.5 32.1 30.9 29.9 29.1 28.4 27.7 27.2 26.8 26.4 25.9 25.3 24.5 23.8 23.1 22.3 21.5 20.7 19.9 19.2 18.5 18.0 17.5 17.1 16.7 16.3 nan nan nan nan nan nan nan nan nan 14.3 14.5 nan nan nan nan nan nan 13.8 13.8 13.8 nan 13.6 13.8 14.0 14.1 nan nan nan nan nan nan nan nan nan
nan nan nan nan nan nan nan nan nan nan nan nan nan nan nan nan nan nan nan nan nan nan nan nan nan nan nan nan 34.2 35.4 34.8 33.5 32.1 31.0 30.0 29.2 28.5 28.0 27.5 27.1 26.6 25.9 25.1 24.3 23.5 22.7 21.9 21.0 20.2 19.5 18.8 18.2 17.8 17.3 17.0 16.6 16.3 nan nan nan nan nan nan nan nan 14.4 14.5 nan nan nan nan nan nan 13.8 13.8 13.9 14.1 14.3 14.2 14.1 nan nan nan nan nan nan nan nan nan nan
nan nan nan nan nan nan nan nan nan nan nan nan nan nan nan nan nan nan nan nan nan nan nan nan nan nan nan nan nan 17.1 35.9 34.8 33.4 32.1 31.1 30.2 29.5 28.8 28.3 27.8 27.3 26.5 25.6 24.7 23.9 23.0 22.2 21.3 20.6 19.8 19.2 18.6 18.1 17.7 17.3 16.9 16.5 16.2 nan nan nan nan nan nan 14.6 14.6 14.6 nan 14.5 14.4 14.4 nan nan 13.9 13.9 14.1 14.4 14.7 nan nan nan nan nan nan nan nan nan nan nan nan
nan nan nan nan nan nan nan nan nan nan nan nan nan nan nan nan nan nan nan nan nan nan nan nan nan nan nan nan nan nan 17.7 35.6 34.6 33.4 32.2 31.3 30.4 29.7 29.1 28.5 27.9 27.1 26.0 25.1 24.2 23.3 22.4 21.5 20.8 20.1 19.5 18.9 18.5 18.0 17.7 17.3 16.9 16.6 nan nan nan nan nan 14.8 14.8 14.7 14.7 14.6 14.6 14.5 14.4 10.5 nan 14.0 14.1 14.3 14.5 14.6 nan nan nan nan nan nan nan nan nan nan nan nan
nan nan nan nan nan nan nan nan nan nan nan nan nan nan nan nan nan nan nan nan nan nan nan nan nan nan nan nan nan nan nan 32.7 35.2 34.6 33.5 32.4 31.5 30.6 30.0 29.2 28.5 27.6 26.5 25.4 24.4 23.4 22.5 21.7 21.1 20.5 19.8 19.3 18.8 18.4 18.1 17.7 17.3 16.9 16.4 nan nan 15.2 15.3 15.1 15.0 15.0 14.9 14.8 14.7 14.6 14.5 nan nan 14.2 14.3 14.4 14.6 14.6 nan nan nan nan nan nan nan nan nan nan nan nan
nan nan nan nan nan nan nan nan nan nan nan nan nan nan nan nan nan nan nan nan nan nan nan nan nan nan nan nan nan nan nan nan 36.2 35.5 34.5 33.5 32.5 31.6 30.8 30.0 29.0 28.0 26.8 25.6 24.5 23.5 22.6 21.9 21.2 20.7 20.1 19.6 19.1 18.8 18.4 18.1 17.6 17.2 16.7 16.1 15.8 15.6 15.6 nan 15.2 15.2 15.1 15.1 14.9 14.8 14.7 14.5 14.5 14.5 14.5 14.6 14.6 nan nan nan nan nan nan nan nan nan nan nan nan nan
nan nan nan nan nan nan nan nan nan nan nan nan nan nan nan nan nan nan nan nan nan nan nan nan nan nan nan nan nan nan 35.0 35.5 36.2 35.9 35.1 34.3 33.4 32.5 31.6 30.6 29.5 28.3 27.0 25.8 24.6 23.6 22.7 22.0 21.4 20.9 20.4 19.9 19.4 19.1 18.8 18.4 18.0 17.5 17.0 16.5 16.2 15.9 15.7 15.6 15.5 15.4 15.4 15.3 15.1 15.1 14.9 14.7 14.6 14.6 14.6 14.7 14.7 nan nan nan nan nan nan nan nan nan nan nan nan nan
nan nan nan nan nan nan nan nan nan nan nan nan nan nan nan nan nan nan nan nan nan nan nan nan nan nan nan nan nan nan nan nan 35.8 35.7 35.2 34.7 34.0 33.2 32.3 31.1 29.8 28.4 27.1 25.8 24.7 23.7 22.8 22.1 21.5 21.0 20.6 20.1 19.7 19.3 19.0 18.7 18.3 17.9 17.4 16.9 16.5 16.2 16.0 15.8 15.6 15.5 15.4 nan nan nan 14.9 14.8 14.8 14.7 14.7 14.8 nan nan nan nan nan nan nan nan nan nan nan nan nan nan
nan nan nan nan nan nan nan nan nan nan nan nan nan nan nan nan nan nan nan nan nan nan nan nan nan nan nan nan nan nan 19.5 17.6 35.7 35.4 35.0 34.7 34.3 33.7 32.7 31.4 30.0 28.6 27.2 25.9 24.8 23.8 22.9 22.2 21.6 21.1 20.7 20.3 19.9 19.5 19.2 18.9 18.5 18.1 17.7 17.1 16.7 16.3 16.1 15.9 nan nan nan nan nan nan nan 15.1 14.9 14.8 14.8 14.8 nan nan nan nan nan nan nan nan nan nan nan nan nan nan
nan nan nan nan nan nan nan nan nan nan nan nan nan nan nan nan nan nan nan nan nan nan nan nan nan nan nan nan nan nan 18.7 34.8 35.3 35.2 34.8 19.5 34.4 33.9 32.8 31.6 30.2 28.8 27.4 26.0 24.9 23.9 23.0 22.3 21.7 21.2 20.8 20.4 20.0 19.7 19.4 19.1 18.7 18.3 17.8 17.3 16.8 16.4 16.1 nan nan nan nan nan nan 15.0 15.1 15.2 15.0 14.9 14.9 nan nan nan nan nan nan nan nan nan nan nan nan nan nan nan
nan nan nan nan nan nan nan nan nan nan nan nan nan nan nan nan nan nan nan nan nan nan nan nan nan nan nan nan nan nan 19.5 33.2 35.3 34.9 nan nan nan 33.4 32.8 31.6 30.3 28.9 27.5 26.2 25.0 24.0 23.1 22.3 21.7 21.2 20.8 20.4 20.1 19.7 19.4 19.1 18.8 18.4 17.9 17.4 17.0 16.6 16.2 nan nan nan nan nan 15.2 15.2 15.2 15.3 15.1 15.0 nan nan nan nan nan nan nan nan nan nan nan nan nan nan nan nan
nan nan nan nan nan nan nan nan nan nan nan nan nan nan nan nan nan nan nan nan nan nan nan nan nan nan nan nan nan nan 19.4 17.6 35.9 35.1 nan nan nan 31.2 32.8 31.9 30.6 29.1 27.6 26.3 25.1 24.0 23.1 22.4 21.7 21.2 20.8 20.5 20.1 19.8 19.5 19.1 18.8 18.4 18.0 17.5 17.1 16.7 16.3 15.8 15.5 nan 15.3 15.3 15.3 15.3 15.4 15.4 nan nan nan nan nan nan nan nan nan nan nan nan nan nan nan nan nan nan
nan nan nan nan nan nan nan nan nan nan nan nan nan nan nan nan nan nan nan nan nan nan nan nan nan nan nan nan nan nan nan nan 36.2 29.5 nan nan nan nan 32.7 32.3 31.1 29.5 27.9 26.4 25.1 24.1 23.2 22.4 21.8 21.3 20.9 20.5 20.2 19.8 19.5 19.2 18.9 18.5 18.1 17.7 17.3 16.9 16.5 16.1 15.8 15.7 15.6 15.4 15.4 15.4 15.4 nan nan nan nan nan nan nan nan nan nan nan nan nan nan nan nan nan nan nan
nan nan nan nan nan nan nan nan nan nan nan nan nan nan nan nan nan nan nan nan nan nan nan nan nan nan nan nan nan nan nan nan nan 27.1 14.7 nan nan nan 17.5 33.0 31.9 30.1 28.1 26.5 25.2 24.1 23.2 22.5 21.9 21.4 21.0 20.6 20.3 20.0 19.6 19.3 19.0 18.6 18.2 17.8 17.4 17.1 16.7 16.3 16.0 15.9 15.7 15.6 15.6 15.5 15.4 nan nan nan nan nan nan nan nan nan nan nan nan nan nan nan nan nan nan nan
nan nan nan nan nan nan nan nan nan nan nan nan nan nan nan nan nan nan nan nan nan nan nan nan nan nan nan nan nan nan nan nan nan nan 17.4 27.1 nan nan nan nan 32.2 30.6 28.2 26.5 25.2 24.1 23.3 22.6 22.0 21.5 21.1 20.8 20.4 20.1 19.8 19.5 19.1 18.8 18.4 18.0 17.6 17.3 16.9 16.6 16.3 16.0 15.9 15.8 15.7 15.6 15.4 15.3 nan nan nan nan nan nan nan nan nan nan nan nan nan nan nan nan nan nan
nan nan nan nan nan nan nan nan nan nan nan nan nan nan nan nan nan nan nan nan nan nan nan nan nan nan nan nan nan nan nan nan nan nan nan 20.0 19.0 nan nan nan nan 29.2 28.1 26.4 25.1 24.1 23.3 22.7 22.2 21.7 21.3 20.9 20.6 20.3 20.0 19.7 19.3 19.0 18.6 18.2 17.9 17.5 17.2 16.8 16.5 16.2 16.1 15.9 15.8 15.6 15.5 15.4 15.2 10.9 nan nan nan nan nan nan nan nan nan nan nan nan nan nan nan nan
nan nan nan nan nan nan nan nan nan nan nan nan nan nan nan nan nan nan nan nan nan nan nan nan nan nan nan nan nan nan nan nan nan nan 17.9 21.7 28.1 27.8 nan 18.8 nan 25.8 27.7 26.2 25.0 24.1 23.4 22.8 22.3 21.9 21.5 21.2 20.9 20.6 20.3 20.0 19.6 19.2 18.9 18.5 18.1 17.8 17.4 17.0 16.7 16.4 16.2 16.0 15.8 15.6 15.4 15.4 15.3 15.2 nan nan nan nan nan nan nan nan nan nan nan nan nan nan nan nan
nan nan nan nan nan nan nan nan nan nan nan nan nan nan nan nan nan nan nan nan nan nan nan nan nan nan nan nan nan nan nan nan nan nan 28.4 28.5 28.8 27.6 19.8 25.4 26.9 23.0 27.4 25.9 24.9 24.0 23.4 22.9 22.5 22.1 21.7 21.4 21.1 20.8 20.5 20.2 19.9 19.5 19.1 18.7 18.3 17.9 17.5 17.1 16.8 16.4 15.9 15.5 15.1 15.7 15.5 15.4 15.3 15.3 15.3 nan nan nan nan nan nan nan nan nan nan nan nan nan nan nan
nan nan nan nan nan nan nan nan nan nan nan nan nan nan nan nan nan nan nan nan nan nan nan nan nan nan nan nan nan nan nan nan nan nan 28.6 28.6 28.6 28.4 28.4 nan 27.9 26.6 27.0 25.8 24.8 24.0 23.4 23.0 22.6 22.3 22.0 21.7 21.4 21.1 20.8 20.5 20.2 19.8 19.3 18.9 18.5 18.0 -9999.0 -9999.0 -9999.0 -9999.0 -9999.0 -9999.0 -9999.0 12.1 15.6 15.5 15.4 15.3 15.4 nan nan nan nan nan nan nan nan nan nan nan nan nan nan -9999.0
nan nan nan nan nan nan nan nan nan nan nan nan nan nan nan nan nan nan nan nan nan nan nan nan nan nan nan nan nan nan nan nan nan nan 28.5 28.5 28.2 27.8 27.6 nan nan 28.1 26.9 25.7 24.7 24.0 23.5 23.1 22.8 22.5 22.2 22.0 21.8 21.5 21.2 20.9 20.5 20.1 19.6 19.1 18.6 -9999.0 -9999.0 -9999.0 -9999.0 -9999.0 -9999.0 -9999.0 -9999.0 nan 14.6 15.6 15.6 15.1 nan nan nan nan nan nan nan nan nan nan nan nan nan nan nan -9999.0
nan nan nan nan nan nan nan nan nan nan nan nan nan nan nan nan nan nan nan nan nan nan nan nan nan nan nan nan nan nan nan nan nan nan 28.2 28.0 27.7 27.6 28.0 nan 22.1 26.0 26.9 25.7 24.7 24.0 23.6 23.2 22.9 22.7 22.5 22.3 22.1 21.9 21.6 21.3 20.9 20.5 19.9 19.3 18.8 -9999.0 -9999.0 -9999.0 -9999.0 -9999.0 -9999.0 -9999.0 -9999.0 -9999.0 -9999.0 nan 11.8 11.8 nan nan nan nan nan nan nan nan nan nan nan nan nan nan nan -9999.0
nan nan nan nan nan nan nan nan nan nan nan nan nan nan nan nan nan nan nan nan nan nan nan nan nan nan nan nan nan nan nan nan nan nan 27.7 27.5 27.8 28.2 25.2 17.0 25.8 22.7 26.4 25.6 24.7 24.1 23.7 23.4 23.1 22.9 22.8 22.7 22.5 22.4 22.2 21.9 21.4 20.9 20.3 19.7 -9999.0 -9999.0 -9999.0 -9999.0 -9999.0 -9999.0 -9999.0 -9999.0 -9999.0 -9999.0 -9999.0 nan nan nan nan nan nan nan nan nan nan nan nan nan nan nan nan nan nan -9999.0
nan nan nan nan nan nan nan nan nan nan nan nan nan nan nan nan nan nan nan nan nan nan nan nan nan nan nan nan nan nan nan nan 27.0 27.2 27.5 27.7 28.3 29.1 29.4 28.7 nan 27.7 26.5 25.5 24.7 24.1 23.8 23.5 23.2 23.1 23.0 23.0 23.0 22.9 22.8 22.5 22.1 21.5 20.9 -9999.0 -9999.0 -9999.0 -9999.0 -9999.0 -9999.0 -9999.0 -9999.0 -9999.0 -9999.0 -9999.0 -9999.0 -9999.0 nan nan nan nan nan nan nan nan nan nan nan nan nan nan nan nan nan -9999.0
nan nan nan nan nan nan nan nan nan nan nan nan nan nan nan nan nan nan nan nan nan nan nan nan nan nan nan nan nan 19.1 nan nan 27.9 27.9 27.6 27.9 28.7 29.6 30.2 nan nan 27.2 26.4 25.5 24.8 24.2 23.8 23.5 23.3 23.2 23.2 23.2 23.4 23.4 23.4 23.2 22.8 22.2 21.5 -9999.0 -9999.0 -9999.0 -9999.0 -9999.0 -9999.0 -9999.0 -9999.0 -9999.0 -9999.0 -9999.0 -9999.0 -9999.0 -9999.0 -9999.0 nan nan nan nan nan nan nan nan nan nan nan nan nan nan nan -9999.0
nan nan nan nan nan nan nan nan nan nan nan nan nan nan nan nan nan nan nan nan nan nan nan nan nan nan nan nan nan 15.9 15.9 nan 28.3 28.4 26.7 24.5 27.8 29.2 29.5 28.4 nan 27.1 26.4 25.7 24.9 24.3 23.9 23.5 23.3 23.2 23.3 23.4 23.6 23.9 24.0 23.9 23.6 23.1 -9999.0 -9999.0 -9999.0 -9999.0 -9999.0 -9999.0 -9999.0 -9999.0 -9999.0 -9999.0 -9999.0 -9999.0 -9999.0 -9999.0 -9999.0 -9999.0 -9999.0 nan nan nan nan nan nan nan nan nan nan nan nan nan nan -9999.0
nan nan nan nan nan nan nan nan nan nan nan nan nan nan nan nan nan nan nan nan nan nan nan nan nan nan nan nan nan 16.8 28.2 28.3 28.6 28.8 29.0 nan 17.1 28.9 28.9 28.9 nan 26.6 26.8 26.0 25.1 24.4 23.9 23.5 23.3 23.2 23.3 23.6 23.9 24.3 24.6 24.6 24.4 23.9 -9999.0 -9999.0 -9999.0 -9999.0 -9999.0 -9999.0 -9999.0 -9999.0 -9999.0 -9999.0 -9999.0 -9999.0 -9999.0 -9999.0 -9999.0 -9999.0 -9999.0 -9999.0 nan nan nan nan nan nan nan nan nan nan nan nan nan -9999.0
nan nan nan nan nan nan nan nan nan nan nan nan nan nan nan nan nan nan nan nan nan nan nan nan nan nan nan nan nan nan 27.7 28.0 28.4 28.9 27.9 nan nan 28.5 28.6 29.1 nan 24.0 25.0 25.9 25.1 24.5 24.0 23.6 23.3 23.2 23.4 23.7 24.1 24.6 25.0 25.1 25.0 24.5 -9999.0 -9999.0 -9999.0 -9999.0 -9999.0 -9999.0 -9999.0 -9999.0 -9999.0 -9999.0 -9999.0 -9999.0 -9999.0 -9999.0 -9999.0 -9999.0 -9999.0 -9999.0 -9999.0 nan nan nan nan nan nan nan nan nan nan nan nan -9999.0
nan nan nan nan nan nan nan nan nan nan nan nan nan nan nan nan nan nan nan nan nan nan nan nan nan nan nan nan nan nan 25.1 27.9 28.3 28.7 25.2 nan 19.2 22.7 25.1 15.8 24.1 18.9 21.6 24.9 25.1 24.6 24.1 23.6 23.4 23.3 23.4 23.8 24.3 25.0 25.5 25.7 25.5 23.8 -9999.0 -9999.0 -9999.0 -9999.0 -9999.0 -9999.0 -9999.0 -9999.0 -9999.0 -9999.0 -9999.0 -9999.0 -9999.0 -9999.0 -9999.0 -9999.0 -9999.0 -9999.0 -9999.0 -9999.0 nan nan nan nan nan nan nan nan nan nan nan -9999.0
nan nan nan nan nan nan nan nan nan nan nan nan nan nan nan nan nan nan nan nan nan nan nan nan nan nan nan nan nan nan 25.4 27.4 28.2 28.5 28.0 19.2 nan 25.7 20.9 16.6 21.0 nan 26.4 26.2 25.5 24.9 24.3 23.8 23.5 23.4 23.5 23.9 24.5 25.2 25.9 26.2 25.3 18.4 -9999.0 -9999.0 -9999.0 -9999.0 -9999.0 -9999.0 -9999.0 -9999.0 -9999.0 -9999.0 -9999.0 -9999.0 -9999.0 -9999.0 -9999.0 -9999.0 -9999.0 -9999.0 -9999.0 -9999.0 -9999.0 -9999.0 nan nan nan nan nan nan nan nan nan -9999.0
nan nan nan nan nan nan nan nan nan nan nan nan nan nan nan nan nan nan nan nan nan nan nan nan nan nan nan nan nan nan nan 27.9 28.1 28.4 28.8 nan nan 20.1 20.3 20.0 nan nan 27.2 26.8 26.0 25.3 24.6 24.1 23.7 23.6 23.7 24.0 24.6 25.3 26.1 26.5 25.2 20.7 -9999.0 -9999.0 -9999.0 -9999.0 -9999.0 -9999.0 -9999.0 -9999.0 -9999.0 -9999.0 -9999.0 nan nan nan -9999.0 -9999.0 -9999.0 -9999.0 -9999.0 -9999.0 -9999.0 -9999.0 -9999.0 -9999.0 -9999.0 -9999.0 -9999.0 nan nan nan -9999.0 -9999.0
nan nan nan nan nan nan nan nan nan nan nan nan nan nan nan nan nan nan nan nan nan nan nan nan nan nan nan nan nan nan nan 27.4 27.9 28.4 28.9 nan 17.0 19.5 26.7 17.5 nan nan 27.5 27.2 26.5 25.8 25.0 24.5 24.1 23.9 24.0 24.3 24.8 25.5 26.3 26.9 26.9 22.3 -9999.0 -9999.0 -9999.0 -9999.0 -9999.0 -9999.0 -9999.0 -9999.0 -9999.0 -9999.0 -9999.0 nan nan nan nan nan -9999.0 -9999.0 -9999.0 -9999.0 -9999.0 -9999.0 -9999.0 -9999.0 -9999.0 -9999.0 -9999.0 -9999.0 -9999.0 -9999.0 -9999.0 -9999.0
nan nan nan nan nan nan nan nan nan nan nan nan nan nan nan nan nan nan nan nan nan nan nan nan nan nan nan nan nan nan nan 19.1 27.8 28.4 29.1 28.6 25.9 22.5 16.9 14.1 17.9 nan 27.6 27.6 27.0 26.3 25.6 24.9 24.5 24.4 24.4 24.7 25.1 25.7 26.4 27.1 27.6 21.9 -9999.0 -9999.0 -9999.0 -9999.0 -9999.0 -9999.0 -9999.0 -9999.0 -9999.0 -9999.0 -9999.0 -9999.0 -9999.0 -9999.0 -9999.0 -9999.0 -9999.0 -9999.0 -9999.0 -9999.0 -9999.0 -9999.0 -9999.0 -9999.0 -9999.0 -9999.0 -9999.0 -9999.0 -9999.0 -9999.0 -9999.0 -9999.0
nan nan nan nan nan nan nan nan nan nan nan nan nan nan nan nan nan nan nan nan nan nan nan nan nan nan nan nan nan nan nan 19.0 27.7 28.4 29.2 29.6 29.8 nan 17.8 21.6 13.3 nan 27.8 28.0 27.5 27.0 26.2 25.6 25.1 24.9 24.9 25.1 25.5 26.0 26.7 27.3 27.4 21.3 -9999.0 -9999.0 -9999.0 -9999.0 -9999.0 -9999.0 -9999.0 -9999.0 -9999.0 -9999.0 -9999.0 -9999.0 -9999.0 -9999.0 -9999.0 -9999.0 -9999.0 -9999.0 -9999.0 -9999.0 -9999.0 -9999.0 -9999.0 -9999.0 -9999.0 -9999.0 -9999.0 -9999.0 -9999.0 -9999.0 -9999.0 -9999.0
nan nan nan nan nan nan nan nan nan nan nan nan nan nan nan nan nan nan nan nan nan nan nan nan nan nan nan nan nan nan nan 19.1 25.6 28.4 29.3 29.9 29.9 nan nan 20.0 16.8 nan nan 28.2 28.0 27.5 26.9 26.2 25.8 25.5 25.4 25.6 25.9 26.4 27.0 27.5 27.8 21.2 -9999.0 -9999.0 -9999.0 -9999.0 -9999.0 -9999.0 -9999.0 -9999.0 -9999.0 -9999.0 -9999.0 -9999.0 -9999.0 -9999.0 -9999.0 -9999.0 -9999.0 -9999.0 -9999.0 -9999.0 -9999.0 -9999.0 -9999.0 -9999.0 -9999.0 -9999.0 -9999.0 -9999.0 -9999.0 -9999.0 -9999.0 -9999.0
nan nan nan nan nan nan nan nan nan nan nan nan nan nan nan nan nan nan nan nan nan nan nan nan nan nan nan nan nan nan nan nan 18.1 28.8 29.5 30.1 nan nan nan 21.9 16.1 18.8 nan nan 27.7 27.7 27.2 26.7 26.3 26.0 26.0 26.1 26.4 26.7 27.2 27.8 28.2 27.9 -9999.0 -9999.0 -9999.0 -9999.0 -9999.0 -9999.0 -9999.0 -9999.0 -9999.0 -9999.0 -9999.0 -9999.0 -9999.0 -9999.0 -9999.0 -9999.0 -9999.0 -9999.0 -9999.0 -9999.0 -9999.0 -9999.0 -9999.0 -9999.0 nan nan nan -9999.0 -9999.0 -9999.0 -9999.0 -9999.0
nan nan nan nan nan nan nan nan nan nan nan nan nan nan nan nan nan nan nan nan nan nan nan nan nan nan nan nan nan nan nan nan 27.8 28.8 29.5 30.2 nan nan nan nan 18.9 18.8 29.7 nan 27.5 28.0 27.8 27.4 27.0 26.7 26.5 26.5 26.7 27.1 27.6 28.1 28.5 28.6 -9999.0 -9999.0 -9999.0 -9999.0 -9999.0 -9999.0 -9999.0 -9999.0 -9999.0 -9999.0 -9999.0 -9999.0 -9999.0 -9999.0 -9999.0 -9999.0 -9999.0 -9999.0 -9999.0 -9999.0 -9999.0 -9999.0 nan nan nan nan nan nan nan nan -9999.0 -9999.0
nan nan nan nan nan nan nan nan nan nan nan nan nan nan nan nan nan nan nan nan nan nan nan nan nan nan nan nan nan nan nan nan nan 28.8 29.8 30.6 nan nan nan nan 23.9 22.0 27.0 21.7 nan 28.8 28.9 28.3 27.7 27.2 26.9 26.9 27.1 27.4 27.8 28.4 28.8 29.1 -9999.0 -9999.0 -9999.0 -9999.0 -9999.0 -9999.0 -9999.0 -9999.0 -9999.0 -9999.0 -9999.0 nan nan nan nan nan nan nan nan nan nan nan nan nan nan nan nan nan nan nan nan nan
nan nan nan nan nan nan nan nan nan nan nan nan nan nan nan nan nan nan nan nan nan nan nan nan nan nan nan nan nan nan nan nan nan 28.7 29.5 31.3 31.0 nan nan nan 29.7 23.1 24.0 30.9 nan nan 28.8 28.5 27.9 27.4 27.2 27.3 27.5 27.7 28.1 28.6 29.0 29.5 -9999.0 -9999.0 -9999.0 -9999.0 -9999.0 -9999.0 -9999.0 -9999.0 -9999.0 -9999.0 nan nan nan nan nan nan nan nan nan nan nan nan nan nan nan nan nan nan nan nan nan nan
