data/output/RUN203/ECOSPACE/ECOSPACE_in_PAR3/PAR-VarZ-VarK/PAR-VarZ-VarK_1994_06.asc
ncols        93
nrows        151 
xllcorner    -123.80739
yllcorner    48.29471 
cellsize     0.013497347 
NODATA_value  0.0
[rows 80 to 119 of 151, columns 0 to 89 of 93]
nan nan nan nan nan nan nan nan nan nan nan nan nan nan nan nan nan nan nan nan nan nan nan 27.2 27.2 26.8 27.9 26.6 24.7 22.8 21.1 19.6 18.3 17.3 16.5 15.8 15.3 14.9 14.6 14.4 14.4 14.3 14.3 14.3 14.4 14.5 14.6 14.6 14.7 14.7 14.7 14.6 14.4 14.3 nan nan nan nan nan nan nan nan nan nan nan nan 13.2 13.4 13.4 13.5 nan 13.3 13.3 13.3 13.4 13.5 13.6 13.4 13.4 13.6 13.9 14.0 13.9 nan nan nan nan nan nan nan
nan nan nan nan nan nan nan nan nan nan nan nan nan nan nan nan nan nan nan nan nan nan nan nan nan nan 28.5 27.6 26.0 24.0 22.2 20.5 19.0 17.9 16.9 16.1 15.5 15.1 14.7 14.5 14.4 14.3 14.3 14.2 14.3 14.4 14.4 14.5 14.6 14.6 14.6 14.5 14.4 14.3 14.1 nan nan nan nan nan nan nan nan nan nan nan 13.4 13.5 nan nan nan nan nan 13.4 13.6 13.7 nan 13.5 13.7 14.0 14.3 14.4 nan nan nan nan nan nan nan nan
nan nan nan nan nan nan nan nan nan nan nan nan nan nan nan nan nan nan nan nan nan nan nan nan nan nan nan 28.2 27.0 25.4 23.5 21.6 20.0 18.6 17.5 16.6 15.9 15.4 14.9 14.6 14.4 14.3 14.3 14.2 14.3 14.3 14.3 14.4 14.5 14.6 14.5 14.5 14.4 14.3 14.2 14.0 nan nan nan nan nan nan nan nan nan 13.4 13.6 nan nan nan nan nan nan 13.4 13.6 13.7 nan 13.7 14.0 14.3 14.5 nan nan nan nan nan nan nan nan nan
nan nan nan nan nan nan nan nan nan nan nan nan nan nan nan nan nan nan nan nan nan nan nan nan nan nan nan nan 25.8 26.2 24.9 23.0 21.1 19.5 18.2 17.2 16.3 15.7 15.2 14.9 14.6 14.4 14.3 14.2 14.2 14.2 14.3 14.4 14.4 14.5 14.5 14.5 14.4 14.3 14.2 14.1 14.0 nan nan nan nan nan nan nan nan 13.5 13.6 nan nan nan nan nan nan 13.5 13.7 13.8 14.2 14.5 14.5 14.5 nan nan nan nan nan nan nan nan nan nan
nan nan nan nan nan nan nan nan nan nan nan nan nan nan nan nan nan nan nan nan nan nan nan nan nan nan nan nan nan 14.3 26.4 24.5 22.4 20.6 19.1 17.9 16.9 16.2 15.6 15.1 14.8 14.6 14.4 14.4 14.3 14.3 14.3 14.4 14.5 14.5 14.5 14.5 14.4 14.3 14.2 14.1 14.0 14.0 nan nan nan nan nan nan 13.5 13.6 13.6 nan 13.8 13.8 13.9 nan nan 13.5 13.8 14.1 14.5 15.0 nan nan nan nan nan nan nan nan nan nan nan nan
nan nan nan nan nan nan nan nan nan nan nan nan nan nan nan nan nan nan nan nan nan nan nan nan nan nan nan nan nan nan 14.6 25.7 23.8 21.8 20.1 18.8 17.6 16.7 16.0 15.5 15.1 14.8 14.6 14.5 14.4 14.4 14.4 14.4 14.5 14.5 14.5 14.4 14.4 14.3 14.2 14.1 14.1 14.1 nan nan nan nan nan 13.6 13.6 13.7 13.8 13.8 13.8 13.8 13.8 9.9 nan 13.6 13.9 14.3 14.6 14.8 nan nan nan nan nan nan nan nan nan nan nan nan
nan nan nan nan nan nan nan nan nan nan nan nan nan nan nan nan nan nan nan nan nan nan nan nan nan nan nan nan nan nan nan 23.6 24.8 23.0 21.2 19.7 18.4 17.4 16.6 16.0 15.5 15.1 14.9 14.7 14.6 14.6 14.5 14.5 14.5 14.5 14.5 14.4 14.4 14.3 14.2 14.2 14.1 14.2 14.1 nan nan 13.8 13.9 13.9 13.8 13.9 13.9 13.9 13.9 13.9 13.9 nan nan 13.9 14.2 14.4 14.7 14.8 nan nan nan nan nan nan nan nan nan nan nan nan
nan nan nan nan nan nan nan nan nan nan nan nan nan nan nan nan nan nan nan nan nan nan nan nan nan nan nan nan nan nan nan nan 25.6 24.0 22.4 20.8 19.4 18.2 17.2 16.5 15.9 15.5 15.2 15.0 14.8 14.8 14.7 14.6 14.6 14.6 14.5 14.4 14.4 14.4 14.3 14.3 14.2 14.2 14.2 14.1 14.1 14.1 14.1 nan 14.0 14.1 14.2 14.2 14.2 14.1 14.1 14.0 14.1 14.3 14.4 14.6 14.7 nan nan nan nan nan nan nan nan nan nan nan nan nan
nan nan nan nan nan nan nan nan nan nan nan nan nan nan nan nan nan nan nan nan nan nan nan nan nan nan nan nan nan nan 25.2 25.7 26.0 24.9 23.5 22.0 20.5 19.1 18.0 17.1 16.5 15.9 15.6 15.3 15.1 15.0 14.9 14.8 14.7 14.6 14.6 14.5 14.5 14.4 14.4 14.4 14.4 14.4 14.4 14.4 14.3 14.3 14.3 14.4 14.4 14.4 14.6 14.6 14.6 14.5 14.3 14.2 14.3 14.4 14.5 14.7 14.8 nan nan nan nan nan nan nan nan nan nan nan nan nan
nan nan nan nan nan nan nan nan nan nan nan nan nan nan nan nan nan nan nan nan nan nan nan nan nan nan nan nan nan nan nan nan 26.0 25.4 24.5 23.3 21.8 20.3 18.9 17.9 17.1 16.5 16.0 15.6 15.4 15.2 15.1 14.9 14.8 14.7 14.6 14.6 14.6 14.6 14.5 14.5 14.5 14.5 14.6 14.6 14.6 14.6 14.6 14.7 14.7 14.7 14.7 nan nan nan 14.4 14.4 14.4 14.5 14.6 14.7 nan nan nan nan nan nan nan nan nan nan nan nan nan nan
nan nan nan nan nan nan nan nan nan nan nan nan nan nan nan nan nan nan nan nan nan nan nan nan nan nan nan nan nan nan 16.6 14.9 26.4 26.2 25.5 24.5 23.4 21.7 20.0 18.8 17.8 17.0 16.5 16.0 15.7 15.4 15.3 15.1 15.0 14.9 14.8 14.7 14.7 14.7 14.7 14.7 14.7 14.7 14.7 14.7 14.7 14.8 14.8 14.8 nan nan nan nan nan nan nan 14.6 14.6 14.6 14.7 14.7 nan nan nan nan nan nan nan nan nan nan nan nan nan nan
nan nan nan nan nan nan nan nan nan nan nan nan nan nan nan nan nan nan nan nan nan nan nan nan nan nan nan nan nan nan 15.2 26.3 26.8 27.0 26.3 15.6 25.0 23.2 21.1 19.6 18.5 17.7 17.0 16.4 16.0 15.7 15.5 15.3 15.2 15.1 15.0 14.9 14.8 14.8 14.8 14.8 14.9 14.9 14.9 14.9 14.9 14.9 14.9 nan nan nan nan nan nan 14.4 14.6 14.7 14.7 14.7 14.7 nan nan nan nan nan nan nan nan nan nan nan nan nan nan nan
nan nan nan nan nan nan nan nan nan nan nan nan nan nan nan nan nan nan nan nan nan nan nan nan nan nan nan nan nan nan 16.7 25.5 27.1 27.0 nan nan nan 23.2 22.0 20.6 19.3 18.4 17.6 16.9 16.4 16.1 15.8 15.6 15.4 15.3 15.2 15.1 15.0 15.0 15.0 15.0 15.0 15.1 15.1 15.1 15.1 15.1 15.0 nan nan nan nan nan 14.5 14.6 14.7 14.8 14.7 14.7 nan nan nan nan nan nan nan nan nan nan nan nan nan nan nan nan
nan nan nan nan nan nan nan nan nan nan nan nan nan nan nan nan nan nan nan nan nan nan nan nan nan nan nan nan nan nan 16.7 14.6 27.6 27.2 nan nan nan 21.3 22.6 21.5 20.3 19.1 18.2 17.5 16.9 16.5 16.1 15.9 15.7 15.5 15.4 15.3 15.2 15.2 15.2 15.2 15.2 15.3 15.3 15.3 15.3 15.2 15.2 14.9 14.8 nan 14.6 14.6 14.7 14.7 14.8 14.7 nan nan nan nan nan nan nan nan nan nan nan nan nan nan nan nan nan nan
nan nan nan nan nan nan nan nan nan nan nan nan nan nan nan nan nan nan nan nan nan nan nan nan nan nan nan nan nan nan nan nan 27.8 22.5 nan nan nan nan 22.6 22.4 21.4 20.1 19.0 18.1 17.4 16.9 16.5 16.2 15.9 15.8 15.6 15.5 15.4 15.4 15.4 15.4 15.4 15.5 15.5 15.6 15.5 15.5 15.4 15.2 15.1 15.0 14.9 14.8 14.8 14.7 14.7 nan nan nan nan nan nan nan nan nan nan nan nan nan nan nan nan nan nan nan
nan nan nan nan nan nan nan nan nan nan nan nan nan nan nan nan nan nan nan nan nan nan nan nan nan nan nan nan nan nan nan nan nan 21.2 12.4 nan nan nan 14.5 23.5 22.5 21.2 19.9 18.8 18.0 17.3 16.9 16.5 16.3 16.1 15.9 15.8 15.7 15.7 15.7 15.7 15.7 15.7 15.8 15.8 15.8 15.8 15.7 15.5 15.3 15.1 15.0 14.9 14.8 14.7 14.5 nan nan nan nan nan nan nan nan nan nan nan nan nan nan nan nan nan nan nan
nan nan nan nan nan nan nan nan nan nan nan nan nan nan nan nan nan nan nan nan nan nan nan nan nan nan nan nan nan nan nan nan nan nan 15.2 22.7 nan nan nan nan 23.1 22.2 20.8 19.6 18.6 17.9 17.3 16.9 16.6 16.4 16.2 16.1 16.0 15.9 15.9 15.9 15.9 16.0 16.0 16.0 16.0 16.0 15.9 15.7 15.5 15.2 15.1 14.9 14.8 14.7 14.6 14.4 nan nan nan nan nan nan nan nan nan nan nan nan nan nan nan nan nan nan
nan nan nan nan nan nan nan nan nan nan nan nan nan nan nan nan nan nan nan nan nan nan nan nan nan nan nan nan nan nan nan nan nan nan nan 16.5 16.6 nan nan nan nan 20.8 21.4 20.2 19.2 18.4 17.8 17.3 17.0 16.7 16.5 16.4 16.3 16.2 16.2 16.2 16.2 16.2 16.3 16.3 16.3 16.2 16.0 15.8 15.6 15.3 15.1 15.0 14.8 14.7 14.6 14.6 14.5 10.2 nan nan nan nan nan nan nan nan nan nan nan nan nan nan nan nan
nan nan nan nan nan nan nan nan nan nan nan nan nan nan nan nan nan nan nan nan nan nan nan nan nan nan nan nan nan nan nan nan nan nan 15.0 17.7 23.0 22.8 nan 16.5 nan 19.4 21.5 20.8 19.9 19.0 18.3 17.8 17.4 17.1 16.9 16.7 16.6 16.5 16.5 16.5 16.5 16.5 16.5 16.5 16.5 16.3 16.1 15.9 15.5 15.2 15.1 15.0 14.8 14.7 14.6 14.5 14.5 14.4 nan nan nan nan nan nan nan nan nan nan nan nan nan nan nan nan
nan nan nan nan nan nan nan nan nan nan nan nan nan nan nan nan nan nan nan nan nan nan nan nan nan nan nan nan nan nan nan nan nan nan 22.9 23.3 23.8 23.4 16.6 20.7 21.7 18.4 22.6 21.5 20.5 19.6 18.9 18.3 17.9 17.5 17.3 17.1 16.9 16.8 16.8 16.8 16.8 16.8 16.8 16.8 16.7 16.5 16.2 15.9 15.5 15.1 14.7 14.3 13.9 14.6 14.5 14.5 14.5 14.5 14.5 nan nan nan nan nan nan nan nan nan nan nan nan nan nan nan
nan nan nan nan nan nan nan nan nan nan nan nan nan nan nan nan nan nan nan nan nan nan nan nan nan nan nan nan nan nan nan nan nan nan 23.3 23.7 23.9 24.0 24.1 nan 22.2 22.0 23.0 22.1 21.1 20.2 19.4 18.8 18.4 18.0 17.6 17.4 17.2 17.1 17.1 17.1 17.1 17.1 17.1 17.1 16.9 16.6 -9999.0 -9999.0 -9999.0 -9999.0 -9999.0 -9999.0 -9999.0 11.2 14.6 14.5 14.5 14.5 14.5 nan nan nan nan nan nan nan nan nan nan nan nan nan nan -9999.0
nan nan nan nan nan nan nan nan nan nan nan nan nan nan nan nan nan nan nan nan nan nan nan nan nan nan nan nan nan nan nan nan nan nan 23.5 23.9 24.0 23.9 23.8 nan nan 23.6 23.3 22.6 21.6 20.7 19.9 19.3 18.8 18.4 18.0 17.7 17.5 17.5 17.5 17.5 17.5 17.5 17.5 17.4 17.2 -9999.0 -9999.0 -9999.0 -9999.0 -9999.0 -9999.0 -9999.0 -9999.0 nan 13.6 14.5 14.6 14.2 nan nan nan nan nan nan nan nan nan nan nan nan nan nan nan -9999.0
nan nan nan nan nan nan nan nan nan nan nan nan nan nan nan nan nan nan nan nan nan nan nan nan nan nan nan nan nan nan nan nan nan nan 23.5 23.7 23.7 23.8 24.2 nan 19.0 22.0 23.8 23.0 22.0 21.1 20.4 19.7 19.2 18.8 18.4 18.1 17.9 17.8 17.8 17.9 17.9 17.9 17.9 17.7 17.4 -9999.0 -9999.0 -9999.0 -9999.0 -9999.0 -9999.0 -9999.0 -9999.0 -9999.0 -9999.0 nan 10.9 10.9 nan nan nan nan nan nan nan nan nan nan nan nan nan nan nan -9999.0
nan nan nan nan nan nan nan nan nan nan nan nan nan nan nan nan nan nan nan nan nan nan nan nan nan nan nan nan nan nan nan nan nan nan 23.4 23.5 23.9 24.5 22.2 15.1 22.5 20.0 24.0 23.2 22.4 21.5 20.8 20.2 19.6 19.2 18.8 18.5 18.3 18.2 18.2 18.2 18.3 18.3 18.3 18.1 -9999.0 -9999.0 -9999.0 -9999.0 -9999.0 -9999.0 -9999.0 -9999.0 -9999.0 -9999.0 -9999.0 nan nan nan nan nan nan nan nan nan nan nan nan nan nan nan nan nan nan -9999.0
nan nan nan nan nan nan nan nan nan nan nan nan nan nan nan nan nan nan nan nan nan nan nan nan nan nan nan nan nan nan nan nan 22.5 23.0 23.5 23.8 24.4 25.3 25.7 25.4 nan 24.8 24.2 23.5 22.7 22.0 21.2 20.6 20.1 19.6 19.2 18.9 18.7 18.6 18.6 18.7 18.8 18.8 18.8 -9999.0 -9999.0 -9999.0 -9999.0 -9999.0 -9999.0 -9999.0 -9999.0 -9999.0 -9999.0 -9999.0 -9999.0 -9999.0 nan nan nan nan nan nan nan nan nan nan nan nan nan nan nan nan nan -9999.0
nan nan nan nan nan nan nan nan nan nan nan nan nan nan nan nan nan nan nan nan nan nan nan nan nan nan nan nan nan 17.0 nan nan 23.6 23.8 23.8 24.1 25.0 26.0 26.8 nan nan 24.5 24.3 23.8 23.2 22.4 21.7 21.1 20.6 20.1 19.7 19.4 19.2 19.1 19.1 19.2 19.3 19.4 19.3 -9999.0 -9999.0 -9999.0 -9999.0 -9999.0 -9999.0 -9999.0 -9999.0 -9999.0 -9999.0 -9999.0 -9999.0 -9999.0 -9999.0 -9999.0 nan nan nan nan nan nan nan nan nan nan nan nan nan nan nan -9999.0
nan nan nan nan nan nan nan nan nan nan nan nan nan nan nan nan nan nan nan nan nan nan nan nan nan nan nan nan nan 14.0 14.0 nan 24.0 24.4 23.2 21.4 24.5 25.9 26.4 25.7 nan 24.6 24.6 24.3 23.7 22.9 22.2 21.6 21.1 20.6 20.2 19.9 19.6 19.6 19.6 19.7 19.9 20.1 -9999.0 -9999.0 -9999.0 -9999.0 -9999.0 -9999.0 -9999.0 -9999.0 -9999.0 -9999.0 -9999.0 -9999.0 -9999.0 -9999.0 -9999.0 -9999.0 -9999.0 nan nan nan nan nan nan nan nan nan nan nan nan nan nan -9999.0
nan nan nan nan nan nan nan nan nan nan nan nan nan nan nan nan nan nan nan nan nan nan nan nan nan nan nan nan nan 14.8 24.0 24.2 24.5 24.9 25.4 nan 15.3 25.7 26.0 26.3 nan 24.8 25.3 24.9 24.2 23.5 22.8 22.1 21.5 21.0 20.6 20.3 20.1 20.0 20.1 20.3 20.5 20.7 -9999.0 -9999.0 -9999.0 -9999.0 -9999.0 -9999.0 -9999.0 -9999.0 -9999.0 -9999.0 -9999.0 -9999.0 -9999.0 -9999.0 -9999.0 -9999.0 -9999.0 -9999.0 nan nan nan nan nan nan nan nan nan nan nan nan nan -9999.0
nan nan nan nan nan nan nan nan nan nan nan nan nan nan nan nan nan nan nan nan nan nan nan nan nan nan nan nan nan nan 23.7 24.1 24.6 25.2 25.0 nan nan 25.7 26.1 26.3 nan 22.2 24.6 25.4 24.7 23.9 23.2 22.5 22.0 21.5 21.0 20.7 20.5 20.5 20.6 20.8 21.1 21.3 -9999.0 -9999.0 -9999.0 -9999.0 -9999.0 -9999.0 -9999.0 -9999.0 -9999.0 -9999.0 -9999.0 -9999.0 -9999.0 -9999.0 -9999.0 -9999.0 -9999.0 -9999.0 -9999.0 nan nan nan nan nan nan nan nan nan nan nan nan -9999.0
nan nan nan nan nan nan nan nan nan nan nan nan nan nan nan nan nan nan nan nan nan nan nan nan nan nan nan nan nan nan 21.7 24.2 24.7 25.3 22.5 nan 17.3 19.8 23.1 14.3 22.6 18.3 21.4 25.2 25.0 24.2 23.6 23.0 22.4 21.9 21.4 21.1 20.9 20.9 21.1 21.3 21.6 21.3 -9999.0 -9999.0 -9999.0 -9999.0 -9999.0 -9999.0 -9999.0 -9999.0 -9999.0 -9999.0 -9999.0 -9999.0 -9999.0 -9999.0 -9999.0 -9999.0 -9999.0 -9999.0 -9999.0 -9999.0 nan nan nan nan nan nan nan nan nan nan nan -9999.0
nan nan nan nan nan nan nan nan nan nan nan nan nan nan nan nan nan nan nan nan nan nan nan nan nan nan nan nan nan nan 22.1 23.9 24.8 25.3 25.3 17.4 nan 23.7 19.6 15.6 19.4 nan 26.2 26.2 25.4 24.7 24.0 23.3 22.7 22.2 21.7 21.5 21.3 21.4 21.6 21.8 20.9 15.8 -9999.0 -9999.0 -9999.0 -9999.0 -9999.0 -9999.0 -9999.0 -9999.0 -9999.0 -9999.0 -9999.0 -9999.0 -9999.0 -9999.0 -9999.0 -9999.0 -9999.0 -9999.0 -9999.0 -9999.0 -9999.0 -9999.0 nan nan nan nan nan nan nan nan nan -9999.0
nan nan nan nan nan nan nan nan nan nan nan nan nan nan nan nan nan nan nan nan nan nan nan nan nan nan nan nan nan nan nan 24.4 24.8 25.3 25.9 nan nan 19.1 19.3 18.5 nan nan 26.6 26.5 25.8 25.1 24.3 23.7 23.1 22.6 22.1 21.9 21.7 21.8 22.1 22.2 20.7 17.2 -9999.0 -9999.0 -9999.0 -9999.0 -9999.0 -9999.0 -9999.0 -9999.0 -9999.0 -9999.0 -9999.0 nan nan nan -9999.0 -9999.0 -9999.0 -9999.0 -9999.0 -9999.0 -9999.0 -9999.0 -9999.0 -9999.0 -9999.0 -9999.0 -9999.0 nan nan nan -9999.0 -9999.0
nan nan nan nan nan nan nan nan nan nan nan nan nan nan nan nan nan nan nan nan nan nan nan nan nan nan nan nan nan nan nan 24.0 24.8 25.4 26.0 nan 15.5 18.2 25.2 16.7 nan nan 26.9 26.8 26.2 25.5 24.7 24.1 23.5 23.0 22.5 22.2 22.1 22.2 22.5 22.9 22.7 19.2 -9999.0 -9999.0 -9999.0 -9999.0 -9999.0 -9999.0 -9999.0 -9999.0 -9999.0 -9999.0 -9999.0 nan nan nan nan nan -9999.0 -9999.0 -9999.0 -9999.0 -9999.0 -9999.0 -9999.0 -9999.0 -9999.0 -9999.0 -9999.0 -9999.0 -9999.0 -9999.0 -9999.0 -9999.0
nan nan nan nan nan nan nan nan nan nan nan nan nan nan nan nan nan nan nan nan nan nan nan nan nan nan nan nan nan nan nan 17.1 24.7 25.4 26.1 25.6 22.7 20.9 15.9 13.2 16.6 nan 27.0 27.1 26.6 25.9 25.2 24.5 23.9 23.4 22.9 22.6 22.5 22.6 22.9 23.3 23.6 18.9 -9999.0 -9999.0 -9999.0 -9999.0 -9999.0 -9999.0 -9999.0 -9999.0 -9999.0 -9999.0 -9999.0 -9999.0 -9999.0 -9999.0 -9999.0 -9999.0 -9999.0 -9999.0 -9999.0 -9999.0 -9999.0 -9999.0 -9999.0 -9999.0 -9999.0 -9999.0 -9999.0 -9999.0 -9999.0 -9999.0 -9999.0 -9999.0
nan nan nan nan nan nan nan nan nan nan nan nan nan nan nan nan nan nan nan nan nan nan nan nan nan nan nan nan nan nan nan 17.1 24.7 25.5 26.4 26.9 27.0 nan 17.0 20.5 13.1 nan 27.2 27.5 27.1 26.4 25.7 24.9 24.3 23.8 23.3 23.0 22.8 22.9 23.3 23.5 23.8 19.1 -9999.0 -9999.0 -9999.0 -9999.0 -9999.0 -9999.0 -9999.0 -9999.0 -9999.0 -9999.0 -9999.0 -9999.0 -9999.0 -9999.0 -9999.0 -9999.0 -9999.0 -9999.0 -9999.0 -9999.0 -9999.0 -9999.0 -9999.0 -9999.0 -9999.0 -9999.0 -9999.0 -9999.0 -9999.0 -9999.0 -9999.0 -9999.0
nan nan nan nan nan nan nan nan nan nan nan nan nan nan nan nan nan nan nan nan nan nan nan nan nan nan nan nan nan nan nan 17.2 22.8 25.3 26.4 27.1 27.1 nan nan 19.0 16.5 nan nan 27.6 27.5 26.8 26.1 25.4 24.8 24.2 23.6 23.3 23.2 23.3 23.7 23.9 24.1 18.8 -9999.0 -9999.0 -9999.0 -9999.0 -9999.0 -9999.0 -9999.0 -9999.0 -9999.0 -9999.0 -9999.0 -9999.0 -9999.0 -9999.0 -9999.0 -9999.0 -9999.0 -9999.0 -9999.0 -9999.0 -9999.0 -9999.0 -9999.0 -9999.0 -9999.0 -9999.0 -9999.0 -9999.0 -9999.0 -9999.0 -9999.0 -9999.0
nan nan nan nan nan nan nan nan nan nan nan nan nan nan nan nan nan nan nan nan nan nan nan nan nan nan nan nan nan nan nan nan 16.3 25.7 26.6 27.3 nan nan nan 20.6 15.7 18.5 nan nan 27.3 27.0 26.4 25.7 25.1 24.5 24.1 23.7 23.6 23.7 24.0 24.2 24.6 24.4 -9999.0 -9999.0 -9999.0 -9999.0 -9999.0 -9999.0 -9999.0 -9999.0 -9999.0 -9999.0 -9999.0 -9999.0 -9999.0 -9999.0 -9999.0 -9999.0 -9999.0 -9999.0 -9999.0 -9999.0 -9999.0 -9999.0 -9999.0 -9999.0 nan nan nan -9999.0 -9999.0 -9999.0 -9999.0 -9999.0
nan nan nan nan nan nan nan nan nan nan nan nan nan nan nan nan nan nan nan nan nan nan nan nan nan nan nan nan nan nan nan nan 24.8 25.7 26.5 27.3 nan nan nan nan 17.4 18.5 29.0 nan 26.7 27.3 26.9 26.2 25.6 25.1 24.6 24.2 24.0 24.1 24.3 24.6 25.0 25.2 -9999.0 -9999.0 -9999.0 -9999.0 -9999.0 -9999.0 -9999.0 -9999.0 -9999.0 -9999.0 -9999.0 -9999.0 -9999.0 -9999.0 -9999.0 -9999.0 -9999.0 -9999.0 -9999.0 -9999.0 -9999.0 -9999.0 nan nan nan nan nan nan nan nan -9999.0 -9999.0
nan nan nan nan nan nan nan nan nan nan nan nan nan nan nan nan nan nan nan nan nan nan nan nan nan nan nan nan nan nan nan nan nan 25.8 26.8 27.6 nan nan nan nan 22.8 21.2 26.2 20.4 nan 28.0 28.0 27.0 26.3 25.6 25.2 24.8 24.5 24.5 24.7 25.0 25.4 25.9 -9999.0 -9999.0 -9999.0 -9999.0 -9999.0 -9999.0 -9999.0 -9999.0 -9999.0 -9999.0 -9999.0 nan nan nan nan nan nan nan nan nan nan nan nan nan nan nan nan nan nan nan nan nan
nan nan nan nan nan nan nan nan nan nan nan nan nan nan nan nan nan nan nan nan nan nan nan nan nan nan nan nan nan nan nan nan nan 25.7 26.8 28.2 28.0 nan nan nan 27.9 21.7 23.6 29.6 nan nan 27.9 27.4 26.8 26.3 25.7 25.3 25.0 24.9 25.2 25.5 25.7 26.5 -9999.0 -9999.0 -9999.0 -9999.0 -9999.0 -9999.0 -9999.0 -9999.0 -9999.0 -9999.0 nan nan nan nan nan nan nan nan nan nan nan nan nan nan nan nan nan nan nan nan nan nan
