data/output/RUN203/ECOSPACE/ECOSPACE_in_PAR3/PAR-VarZ-VarK/PAR-VarZ-VarK_1987_05.asc
ncols        93
nrows        151 
xllcorner    -123.80739
yllcorner    48.29471 
cellsize     0.013497347 
NODATA_value  0.0
[rows 80 to 119 of 151, columns 0 to 89 of 93]
nan nan nan nan nan nan nan nan nan nan nan nan nan nan nan nan nan nan nan nan nan nan nan 34.5 33.3 34.7 37.5 38.4 38.0 37.3 36.6 35.8 35.3 34.9 34.6 34.4 34.2 33.9 33.6 32.7 32.3 31.8 31.0 30.0 29.0 28.0 26.9 25.9 24.9 23.7 22.3 20.9 19.8 19.0 nan nan nan nan nan nan nan nan nan nan nan nan 15.9 16.1 16.2 16.3 nan 16.1 16.1 16.2 16.3 16.5 16.5 16.3 16.3 16.6 17.2 17.3 17.1 nan nan nan nan nan nan nan
nan nan nan nan nan nan nan nan nan nan nan nan nan nan nan nan nan nan nan nan nan nan nan nan nan nan 38.4 38.3 38.1 37.7 37.1 36.3 35.9 35.4 35.0 34.8 34.4 34.0 33.5 32.9 32.2 32.0 31.3 30.5 29.5 28.5 27.5 26.6 25.5 24.4 23.1 21.9 20.6 19.5 18.6 nan nan nan nan nan nan nan nan nan nan nan 16.1 16.2 nan nan nan nan nan 16.3 16.5 16.7 nan 16.4 16.6 17.1 17.6 17.8 nan nan nan nan nan nan nan nan
nan nan nan nan nan nan nan nan nan nan nan nan nan nan nan nan nan nan nan nan nan nan nan nan nan nan nan 38.1 37.7 37.8 37.3 36.7 36.2 35.7 35.1 34.7 34.5 34.1 33.6 33.0 32.4 32.1 31.5 30.8 29.8 28.8 27.9 27.0 26.1 25.2 24.0 22.8 21.4 20.1 19.1 18.4 nan nan nan nan nan nan nan nan nan 16.1 16.4 nan nan nan nan nan nan 16.3 16.5 16.6 nan 16.6 17.1 17.6 17.8 nan nan nan nan nan nan nan nan nan
nan nan nan nan nan nan nan nan nan nan nan nan nan nan nan nan nan nan nan nan nan nan nan nan nan nan nan nan 35.5 37.0 37.6 37.0 36.6 36.2 35.6 35.0 34.6 34.2 33.6 32.9 32.2 31.8 31.4 30.7 29.9 29.0 28.1 27.3 26.6 25.8 24.7 23.6 22.2 20.9 19.8 18.9 18.3 nan nan nan nan nan nan nan nan 16.2 16.5 nan nan nan nan nan nan 16.3 16.6 16.8 17.3 17.8 17.7 17.7 nan nan nan nan nan nan nan nan nan nan
nan nan nan nan nan nan nan nan nan nan nan nan nan nan nan nan nan nan nan nan nan nan nan nan nan nan nan nan nan 16.1 37.6 37.3 36.8 36.3 35.7 35.1 34.5 34.0 33.3 32.7 32.0 31.6 31.4 30.7 30.0 29.2 28.4 27.7 27.1 26.4 25.4 24.3 23.2 21.9 20.6 19.6 18.8 18.3 nan nan nan nan nan nan 16.2 16.4 16.5 nan 16.8 16.8 16.9 nan nan 16.4 16.8 17.1 17.7 18.4 nan nan nan nan nan nan nan nan nan nan nan nan
nan nan nan nan nan nan nan nan nan nan nan nan nan nan nan nan nan nan nan nan nan nan nan nan nan nan nan nan nan nan 16.8 37.0 36.8 36.3 35.7 35.1 34.6 34.1 33.4 32.8 32.0 31.3 30.9 30.5 29.9 29.3 28.6 28.0 27.4 26.7 25.9 24.9 23.9 22.8 21.6 20.5 19.6 18.9 nan nan nan nan nan 16.4 16.4 16.6 16.7 16.9 16.9 16.9 16.9 11.2 nan 16.5 17.0 17.4 17.8 18.1 nan nan nan nan nan nan nan nan nan nan nan nan
nan nan nan nan nan nan nan nan nan nan nan nan nan nan nan nan nan nan nan nan nan nan nan nan nan nan nan nan nan nan nan 33.8 35.8 36.1 35.7 35.2 34.5 34.0 33.4 32.8 32.1 31.4 30.8 30.3 29.9 29.4 28.7 28.2 27.6 27.1 26.5 25.7 24.8 23.8 22.6 21.4 20.4 19.4 18.5 nan nan 16.7 16.9 16.8 16.8 16.9 17.0 17.1 17.1 17.0 17.0 nan nan 16.9 17.3 17.6 18.0 18.1 nan nan nan nan nan nan nan nan nan nan nan nan
nan nan nan nan nan nan nan nan nan nan nan nan nan nan nan nan nan nan nan nan nan nan nan nan nan nan nan nan nan nan nan nan 36.4 35.8 35.5 35.1 34.4 33.9 33.2 32.7 32.1 31.5 30.8 30.4 29.8 29.1 28.7 28.2 27.9 27.4 26.9 26.3 25.6 24.7 23.6 22.3 21.1 20.0 19.1 18.1 17.5 17.4 17.3 nan 17.1 17.4 17.5 17.6 17.6 17.5 17.4 17.2 17.3 17.5 17.5 17.8 18.0 nan nan nan nan nan nan nan nan nan nan nan nan nan
nan nan nan nan nan nan nan nan nan nan nan nan nan nan nan nan nan nan nan nan nan nan nan nan nan nan nan nan nan nan 35.0 35.2 35.6 35.3 35.1 34.9 34.4 33.9 33.3 32.7 32.1 31.5 30.9 30.3 29.7 29.2 28.8 28.4 28.1 27.8 27.3 26.9 26.3 25.5 24.5 23.4 22.1 20.9 19.9 19.0 18.4 18.0 17.8 17.8 17.9 18.0 18.2 18.3 18.3 18.2 17.9 17.6 17.6 17.6 17.7 18.0 17.9 nan nan nan nan nan nan nan nan nan nan nan nan nan
nan nan nan nan nan nan nan nan nan nan nan nan nan nan nan nan nan nan nan nan nan nan nan nan nan nan nan nan nan nan nan nan 34.8 34.7 34.7 34.6 34.3 33.9 33.3 32.8 32.3 31.7 31.1 30.6 29.9 29.3 28.8 28.5 28.2 28.0 27.7 27.3 26.8 26.2 25.3 24.4 23.3 22.1 20.9 20.0 19.2 18.7 18.5 18.5 18.4 18.4 18.5 nan nan nan 18.0 17.9 17.8 17.8 17.8 17.9 nan nan nan nan nan nan nan nan nan nan nan nan nan nan
nan nan nan nan nan nan nan nan nan nan nan nan nan nan nan nan nan nan nan nan nan nan nan nan nan nan nan nan nan nan 17.6 16.0 34.2 34.3 34.4 34.3 34.1 34.0 33.6 33.2 32.6 32.0 31.4 30.8 30.1 29.5 29.0 28.6 28.4 28.3 28.0 27.7 27.4 26.9 26.1 25.3 24.4 23.3 22.1 20.9 20.0 19.3 19.0 18.9 nan nan nan nan nan nan nan 18.1 17.9 17.8 17.8 17.8 nan nan nan nan nan nan nan nan nan nan nan nan nan nan
nan nan nan nan nan nan nan nan nan nan nan nan nan nan nan nan nan nan nan nan nan nan nan nan nan nan nan nan nan nan 17.1 33.3 34.0 34.5 34.4 18.5 34.1 34.3 33.8 33.4 32.9 32.3 31.8 31.1 30.4 29.8 29.3 28.8 28.6 28.5 28.4 28.2 27.9 27.5 26.9 26.2 25.4 24.3 23.0 21.8 20.7 19.9 19.3 nan nan nan nan nan nan 17.6 17.8 18.0 17.9 17.8 17.8 nan nan nan nan nan nan nan nan nan nan nan nan nan nan nan
nan nan nan nan nan nan nan nan nan nan nan nan nan nan nan nan nan nan nan nan nan nan nan nan nan nan nan nan nan nan 17.6 31.6 34.3 34.8 nan nan nan 34.1 34.0 33.7 33.2 32.7 32.1 31.5 30.7 30.1 29.5 29.0 28.8 28.7 28.7 28.6 28.4 28.1 27.6 27.0 26.3 25.3 23.9 22.6 21.3 20.4 19.8 nan nan nan nan nan 17.7 17.7 17.8 17.8 17.7 17.7 nan nan nan nan nan nan nan nan nan nan nan nan nan nan nan nan
nan nan nan nan nan nan nan nan nan nan nan nan nan nan nan nan nan nan nan nan nan nan nan nan nan nan nan nan nan nan 17.5 16.1 34.4 34.8 nan nan nan 31.4 33.7 33.7 33.4 33.0 32.5 31.9 31.2 30.6 30.0 29.4 29.1 29.0 29.0 29.0 28.9 28.6 28.2 27.7 27.0 26.1 24.8 23.3 21.9 20.8 19.8 18.5 18.0 nan 17.6 17.7 17.8 17.7 17.8 17.7 nan nan nan nan nan nan nan nan nan nan nan nan nan nan nan nan nan nan
nan nan nan nan nan nan nan nan nan nan nan nan nan nan nan nan nan nan nan nan nan nan nan nan nan nan nan nan nan nan nan nan 34.4 29.0 nan nan nan nan 32.6 33.6 33.7 33.3 32.8 32.3 31.6 31.0 30.4 29.9 29.6 29.5 29.5 29.5 29.5 29.2 28.9 28.4 27.8 26.8 25.5 24.1 22.7 21.3 20.1 19.2 18.6 18.2 17.9 17.7 17.6 17.6 17.6 nan nan nan nan nan nan nan nan nan nan nan nan nan nan nan nan nan nan nan
nan nan nan nan nan nan nan nan nan nan nan nan nan nan nan nan nan nan nan nan nan nan nan nan nan nan nan nan nan nan nan nan nan 28.6 15.8 nan nan nan 16.3 34.0 33.9 33.7 33.2 32.7 32.0 31.4 30.9 30.4 30.1 30.0 30.0 30.1 30.1 29.9 29.5 29.1 28.4 27.4 26.2 24.8 23.4 22.0 20.8 19.8 19.0 18.4 18.0 17.7 17.6 17.5 17.4 nan nan nan nan nan nan nan nan nan nan nan nan nan nan nan nan nan nan nan
nan nan nan nan nan nan nan nan nan nan nan nan nan nan nan nan nan nan nan nan nan nan nan nan nan nan nan nan nan nan nan nan nan nan 17.3 29.1 nan nan nan nan 34.2 34.3 33.8 33.1 32.4 31.8 31.4 31.0 30.6 30.6 30.5 30.6 30.5 30.4 30.2 29.7 29.0 28.0 26.8 25.4 24.0 22.7 21.4 20.3 19.4 18.6 18.1 17.9 17.6 17.6 17.5 17.3 nan nan nan nan nan nan nan nan nan nan nan nan nan nan nan nan nan nan
nan nan nan nan nan nan nan nan nan nan nan nan nan nan nan nan nan nan nan nan nan nan nan nan nan nan nan nan nan nan nan nan nan nan nan 22.5 17.8 nan nan nan nan 32.8 33.8 33.2 32.5 32.0 31.6 31.3 31.1 31.0 31.0 31.1 31.1 31.0 30.7 30.3 29.5 28.4 27.2 25.9 24.4 23.0 21.8 20.6 19.6 18.9 18.3 18.0 17.8 17.6 17.5 17.5 17.4 11.2 nan nan nan nan nan nan nan nan nan nan nan nan nan nan nan nan
nan nan nan nan nan nan nan nan nan nan nan nan nan nan nan nan nan nan nan nan nan nan nan nan nan nan nan nan nan nan nan nan nan nan 18.1 23.3 31.5 31.5 nan 17.9 nan 30.2 33.5 33.0 32.5 32.0 31.8 31.6 31.4 31.4 31.4 31.5 31.5 31.5 31.2 30.8 29.9 28.8 27.6 26.3 24.8 23.5 22.1 20.9 19.8 19.0 18.5 18.2 17.9 17.6 17.5 17.4 17.4 17.3 nan nan nan nan nan nan nan nan nan nan nan nan nan nan nan nan
nan nan nan nan nan nan nan nan nan nan nan nan nan nan nan nan nan nan nan nan nan nan nan nan nan nan nan nan nan nan nan nan nan nan 31.4 31.5 31.6 31.0 20.1 28.5 30.0 26.8 32.2 32.8 32.5 32.1 31.8 31.7 31.6 31.6 31.7 31.9 31.9 31.9 31.6 31.0 30.1 29.0 27.7 26.4 24.9 23.4 22.0 20.8 19.7 18.9 18.0 17.9 16.9 17.7 17.5 17.4 17.4 17.5 17.6 nan nan nan nan nan nan nan nan nan nan nan nan nan nan nan
nan nan nan nan nan nan nan nan nan nan nan nan nan nan nan nan nan nan nan nan nan nan nan nan nan nan nan nan nan nan nan nan nan nan 31.2 31.2 31.4 31.6 31.5 nan 30.9 30.9 33.1 32.8 32.6 32.2 32.0 31.8 31.8 31.8 31.9 32.1 32.2 32.2 31.7 31.0 30.1 29.2 27.8 26.3 24.7 23.2 -9999.0 -9999.0 -9999.0 -9999.0 -9999.0 -9999.0 -9999.0 12.1 17.6 17.3 17.5 17.3 17.5 nan nan nan nan nan nan nan nan nan nan nan nan nan nan -9999.0
nan nan nan nan nan nan nan nan nan nan nan nan nan nan nan nan nan nan nan nan nan nan nan nan nan nan nan nan nan nan nan nan nan nan 31.0 31.0 31.1 31.2 31.4 nan nan 33.0 33.0 32.8 32.6 32.3 32.1 32.0 31.9 31.9 32.0 32.2 32.2 32.1 31.5 30.6 30.0 29.0 27.5 25.9 24.2 -9999.0 -9999.0 -9999.0 -9999.0 -9999.0 -9999.0 -9999.0 -9999.0 nan 14.3 17.2 17.5 16.8 nan nan nan nan nan nan nan nan nan nan nan nan nan nan nan -9999.0
nan nan nan nan nan nan nan nan nan nan nan nan nan nan nan nan nan nan nan nan nan nan nan nan nan nan nan nan nan nan nan nan nan nan 30.7 30.6 30.6 30.9 31.3 nan 26.5 29.8 32.7 32.7 32.5 32.4 32.1 32.0 31.9 31.9 31.9 32.0 32.0 31.8 31.1 30.2 29.5 28.3 27.1 25.4 23.7 -9999.0 -9999.0 -9999.0 -9999.0 -9999.0 -9999.0 -9999.0 -9999.0 -9999.0 -9999.0 nan 11.8 11.8 nan nan nan nan nan nan nan nan nan nan nan nan nan nan nan -9999.0
nan nan nan nan nan nan nan nan nan nan nan nan nan nan nan nan nan nan nan nan nan nan nan nan nan nan nan nan nan nan nan nan nan nan 30.3 30.3 30.6 31.0 29.0 20.1 28.6 26.9 31.8 32.5 32.5 32.3 32.0 31.8 31.8 31.8 31.9 31.8 31.8 31.6 30.6 29.5 29.3 27.8 26.6 24.9 -9999.0 -9999.0 -9999.0 -9999.0 -9999.0 -9999.0 -9999.0 -9999.0 -9999.0 -9999.0 -9999.0 nan nan nan nan nan nan nan nan nan nan nan nan nan nan nan nan nan nan -9999.0
nan nan nan nan nan nan nan nan nan nan nan nan nan nan nan nan nan nan nan nan nan nan nan nan nan nan nan nan nan nan nan nan 27.9 28.2 30.0 30.6 31.1 31.6 31.6 30.7 nan 31.8 32.2 32.4 32.4 32.1 31.8 31.7 31.6 31.8 31.9 32.0 31.9 31.5 30.4 29.5 28.7 27.7 26.4 -9999.0 -9999.0 -9999.0 -9999.0 -9999.0 -9999.0 -9999.0 -9999.0 -9999.0 -9999.0 -9999.0 -9999.0 -9999.0 nan nan nan nan nan nan nan nan nan nan nan nan nan nan nan nan nan -9999.0
nan nan nan nan nan nan nan nan nan nan nan nan nan nan nan nan nan nan nan nan nan nan nan nan nan nan nan nan nan 17.7 nan nan 30.2 30.4 30.4 30.7 31.5 32.0 32.8 nan nan 31.9 32.3 32.4 32.3 32.1 31.7 31.5 31.6 31.6 31.7 31.8 31.7 31.3 30.8 30.0 29.0 27.8 26.5 -9999.0 -9999.0 -9999.0 -9999.0 -9999.0 -9999.0 -9999.0 -9999.0 -9999.0 -9999.0 -9999.0 -9999.0 -9999.0 -9999.0 -9999.0 nan nan nan nan nan nan nan nan nan nan nan nan nan nan nan -9999.0
nan nan nan nan nan nan nan nan nan nan nan nan nan nan nan nan nan nan nan nan nan nan nan nan nan nan nan nan nan 15.2 15.2 nan 30.4 30.9 29.3 27.9 30.5 32.0 32.4 31.9 nan 32.1 32.4 32.6 32.4 32.0 31.7 31.5 31.5 31.5 31.5 31.5 31.4 31.1 30.6 30.0 29.1 28.0 -9999.0 -9999.0 -9999.0 -9999.0 -9999.0 -9999.0 -9999.0 -9999.0 -9999.0 -9999.0 -9999.0 -9999.0 -9999.0 -9999.0 -9999.0 -9999.0 -9999.0 nan nan nan nan nan nan nan nan nan nan nan nan nan nan -9999.0
nan nan nan nan nan nan nan nan nan nan nan nan nan nan nan nan nan nan nan nan nan nan nan nan nan nan nan nan nan 16.0 29.9 30.2 30.7 31.2 31.7 nan 16.1 31.6 32.0 32.2 nan 30.7 32.8 32.7 32.4 32.0 31.6 31.4 31.4 31.4 31.3 31.2 31.0 30.8 30.3 29.9 29.1 28.3 -9999.0 -9999.0 -9999.0 -9999.0 -9999.0 -9999.0 -9999.0 -9999.0 -9999.0 -9999.0 -9999.0 -9999.0 -9999.0 -9999.0 -9999.0 -9999.0 -9999.0 -9999.0 nan nan nan nan nan nan nan nan nan nan nan nan nan -9999.0
nan nan nan nan nan nan nan nan nan nan nan nan nan nan nan nan nan nan nan nan nan nan nan nan nan nan nan nan nan nan 29.2 30.1 30.8 31.5 30.9 nan nan 31.2 31.8 32.2 nan 28.1 30.0 32.5 32.3 31.8 31.5 31.3 31.3 31.2 31.1 31.0 30.8 30.4 30.0 29.5 29.0 28.3 -9999.0 -9999.0 -9999.0 -9999.0 -9999.0 -9999.0 -9999.0 -9999.0 -9999.0 -9999.0 -9999.0 -9999.0 -9999.0 -9999.0 -9999.0 -9999.0 -9999.0 -9999.0 -9999.0 nan nan nan nan nan nan nan nan nan nan nan nan -9999.0
nan nan nan nan nan nan nan nan nan nan nan nan nan nan nan nan nan nan nan nan nan nan nan nan nan nan nan nan nan nan 27.4 30.2 30.8 31.5 28.6 nan 17.9 24.5 28.7 17.3 26.1 22.2 25.3 31.2 32.0 31.7 31.4 31.1 31.1 31.1 31.0 30.9 30.6 30.2 29.9 29.3 28.7 26.7 -9999.0 -9999.0 -9999.0 -9999.0 -9999.0 -9999.0 -9999.0 -9999.0 -9999.0 -9999.0 -9999.0 -9999.0 -9999.0 -9999.0 -9999.0 -9999.0 -9999.0 -9999.0 -9999.0 -9999.0 nan nan nan nan nan nan nan nan nan nan nan -9999.0
nan nan nan nan nan nan nan nan nan nan nan nan nan nan nan nan nan nan nan nan nan nan nan nan nan nan nan nan nan nan 27.6 29.8 30.7 31.3 30.7 17.9 nan 28.3 24.3 17.8 22.4 nan 31.6 32.1 31.8 31.5 31.3 31.0 31.0 31.0 30.9 30.6 30.3 30.1 29.8 29.1 26.9 19.8 -9999.0 -9999.0 -9999.0 -9999.0 -9999.0 -9999.0 -9999.0 -9999.0 -9999.0 -9999.0 -9999.0 -9999.0 -9999.0 -9999.0 -9999.0 -9999.0 -9999.0 -9999.0 -9999.0 -9999.0 -9999.0 -9999.0 nan nan nan nan nan nan nan nan nan -9999.0
nan nan nan nan nan nan nan nan nan nan nan nan nan nan nan nan nan nan nan nan nan nan nan nan nan nan nan nan nan nan nan 30.0 30.4 30.9 31.5 nan nan 22.5 22.3 20.4 nan nan 32.2 32.1 31.8 31.5 31.2 31.1 30.9 30.9 30.7 30.5 30.3 30.2 30.0 29.4 27.5 22.3 -9999.0 -9999.0 -9999.0 -9999.0 -9999.0 -9999.0 -9999.0 -9999.0 -9999.0 -9999.0 -9999.0 nan nan nan -9999.0 -9999.0 -9999.0 -9999.0 -9999.0 -9999.0 -9999.0 -9999.0 -9999.0 -9999.0 -9999.0 -9999.0 -9999.0 nan nan nan -9999.0 -9999.0
nan nan nan nan nan nan nan nan nan nan nan nan nan nan nan nan nan nan nan nan nan nan nan nan nan nan nan nan nan nan nan 28.8 30.0 30.8 31.6 nan 16.6 20.0 29.0 18.7 nan nan 32.0 32.0 31.7 31.4 31.2 31.0 30.9 30.8 30.6 30.5 30.4 30.4 30.4 30.1 29.5 23.7 -9999.0 -9999.0 -9999.0 -9999.0 -9999.0 -9999.0 -9999.0 -9999.0 -9999.0 -9999.0 -9999.0 nan nan nan nan nan -9999.0 -9999.0 -9999.0 -9999.0 -9999.0 -9999.0 -9999.0 -9999.0 -9999.0 -9999.0 -9999.0 -9999.0 -9999.0 -9999.0 -9999.0 -9999.0
nan nan nan nan nan nan nan nan nan nan nan nan nan nan nan nan nan nan nan nan nan nan nan nan nan nan nan nan nan nan nan 17.6 29.8 30.7 31.5 31.0 27.4 23.0 18.4 15.0 18.7 nan 31.7 31.8 31.7 31.4 31.2 31.0 30.9 30.8 30.6 30.6 30.6 30.7 30.6 30.4 30.2 22.4 -9999.0 -9999.0 -9999.0 -9999.0 -9999.0 -9999.0 -9999.0 -9999.0 -9999.0 -9999.0 -9999.0 -9999.0 -9999.0 -9999.0 -9999.0 -9999.0 -9999.0 -9999.0 -9999.0 -9999.0 -9999.0 -9999.0 -9999.0 -9999.0 -9999.0 -9999.0 -9999.0 -9999.0 -9999.0 -9999.0 -9999.0 -9999.0
nan nan nan nan nan nan nan nan nan nan nan nan nan nan nan nan nan nan nan nan nan nan nan nan nan nan nan nan nan nan nan 17.5 29.4 30.7 31.8 32.4 32.5 nan 20.2 23.2 14.8 nan 31.5 31.8 31.7 31.5 31.2 31.0 30.9 30.8 30.7 30.7 30.8 31.0 31.0 30.6 30.3 23.6 -9999.0 -9999.0 -9999.0 -9999.0 -9999.0 -9999.0 -9999.0 -9999.0 -9999.0 -9999.0 -9999.0 -9999.0 -9999.0 -9999.0 -9999.0 -9999.0 -9999.0 -9999.0 -9999.0 -9999.0 -9999.0 -9999.0 -9999.0 -9999.0 -9999.0 -9999.0 -9999.0 -9999.0 -9999.0 -9999.0 -9999.0 -9999.0
nan nan nan nan nan nan nan nan nan nan nan nan nan nan nan nan nan nan nan nan nan nan nan nan nan nan nan nan nan nan nan 17.6 27.2 30.2 31.6 32.3 32.4 nan nan 20.8 17.7 nan nan 31.8 31.8 31.5 31.3 31.1 31.0 30.8 30.7 30.8 31.0 31.2 31.4 31.2 30.5 22.2 -9999.0 -9999.0 -9999.0 -9999.0 -9999.0 -9999.0 -9999.0 -9999.0 -9999.0 -9999.0 -9999.0 -9999.0 -9999.0 -9999.0 -9999.0 -9999.0 -9999.0 -9999.0 -9999.0 -9999.0 -9999.0 -9999.0 -9999.0 -9999.0 -9999.0 -9999.0 -9999.0 -9999.0 -9999.0 -9999.0 -9999.0 -9999.0
nan nan nan nan nan nan nan nan nan nan nan nan nan nan nan nan nan nan nan nan nan nan nan nan nan nan nan nan nan nan nan nan 16.9 30.7 31.5 32.3 nan nan nan 22.1 16.7 17.8 nan nan 31.3 31.4 31.3 31.1 31.0 30.9 30.9 31.0 31.2 31.5 31.7 31.8 31.9 28.8 -9999.0 -9999.0 -9999.0 -9999.0 -9999.0 -9999.0 -9999.0 -9999.0 -9999.0 -9999.0 -9999.0 -9999.0 -9999.0 -9999.0 -9999.0 -9999.0 -9999.0 -9999.0 -9999.0 -9999.0 -9999.0 -9999.0 -9999.0 -9999.0 nan nan nan -9999.0 -9999.0 -9999.0 -9999.0 -9999.0
nan nan nan nan nan nan nan nan nan nan nan nan nan nan nan nan nan nan nan nan nan nan nan nan nan nan nan nan nan nan nan nan 29.5 30.4 31.5 32.5 nan nan nan nan 18.4 17.8 29.4 nan 29.9 31.2 31.2 31.1 31.0 31.0 31.0 31.1 31.3 31.6 32.1 32.5 32.5 32.3 -9999.0 -9999.0 -9999.0 -9999.0 -9999.0 -9999.0 -9999.0 -9999.0 -9999.0 -9999.0 -9999.0 -9999.0 -9999.0 -9999.0 -9999.0 -9999.0 -9999.0 -9999.0 -9999.0 -9999.0 -9999.0 -9999.0 nan nan nan nan nan nan nan nan -9999.0 -9999.0
nan nan nan nan nan nan nan nan nan nan nan nan nan nan nan nan nan nan nan nan nan nan nan nan nan nan nan nan nan nan nan nan nan 30.5 31.8 32.8 nan nan nan nan 23.6 19.7 25.0 20.9 nan 31.3 31.5 31.2 31.2 31.2 31.2 31.2 31.5 31.8 32.5 33.1 33.2 33.0 -9999.0 -9999.0 -9999.0 -9999.0 -9999.0 -9999.0 -9999.0 -9999.0 -9999.0 -9999.0 -9999.0 nan nan nan nan nan nan nan nan nan nan nan nan nan nan nan nan nan nan nan nan nan
nan nan nan nan nan nan nan nan nan nan nan nan nan nan nan nan nan nan nan nan nan nan nan nan nan nan nan nan nan nan nan nan nan 30.4 31.7 33.3 33.4 nan nan nan 31.1 21.5 22.8 31.1 nan nan 31.2 31.2 31.1 31.2 31.4 31.5 31.7 32.1 33.0 33.6 34.1 34.1 -9999.0 -9999.0 -9999.0 -9999.0 -9999.0 -9999.0 -9999.0 -9999.0 -9999.0 -9999.0 nan nan nan nan nan nan nan nan nan nan nan nan nan nan nan nan nan nan nan nan nan nan
