data/output/RUN203/ECOSPACE/ECOSPACE_in_PAR3/PAR-VarZ-VarK/PAR-VarZ-VarK_2005_07.asc
ncols        93
nrows        151 
xllcorner    -123.80739
yllcorner    48.29471 
cellsize     0.013497347 
NODATA_value  0.0
[rows 80 to 119 of 151, columns 0 to 89 of 93]
nan nan nan nan nan nan nan nan nan nan nan nan nan nan nan nan nan nan nan nan nan nan nan 23.9 23.7 24.4 25.5 25.3 24.8 24.4 24.1 23.8 23.6 23.4 23.3 23.2 23.2 23.2 23.1 23.0 22.6 22.2 21.7 21.3 20.9 20.5 20.2 19.9 19.7 19.5 19.2 19.0 18.7 18.6 nan nan nan nan nan nan nan nan nan nan nan nan 15.9 16.0 16.0 16.0 nan 15.8 15.7 15.7 15.7 15.7 15.7 15.5 15.4 15.7 16.0 16.2 15.9 nan nan nan nan nan nan nan
nan nan nan nan nan nan nan nan nan nan nan nan nan nan nan nan nan nan nan nan nan nan nan nan nan nan 25.8 25.6 25.3 24.9 24.5 24.3 24.0 23.8 23.7 23.5 23.5 23.5 23.4 23.2 22.9 22.4 21.9 21.4 21.0 20.5 20.2 20.0 19.7 19.5 19.2 19.0 18.8 18.7 18.2 nan nan nan nan nan nan nan nan nan nan nan 16.2 16.2 nan nan nan nan nan 15.8 15.8 15.9 nan 15.5 15.6 16.0 16.3 16.4 nan nan nan nan nan nan nan nan
nan nan nan nan nan nan nan nan nan nan nan nan nan nan nan nan nan nan nan nan nan nan nan nan nan nan nan 25.8 25.4 25.3 25.0 24.7 24.4 24.2 24.0 23.9 23.8 23.8 23.7 23.5 23.0 22.5 22.0 21.4 21.0 20.6 20.2 20.0 19.8 19.5 19.3 19.0 18.8 18.6 18.4 18.0 nan nan nan nan nan nan nan nan nan 16.2 16.4 nan nan nan nan nan nan 15.8 15.9 15.9 nan 15.8 16.0 16.3 16.5 nan nan nan nan nan nan nan nan nan
nan nan nan nan nan nan nan nan nan nan nan nan nan nan nan nan nan nan nan nan nan nan nan nan nan nan nan nan 24.1 25.2 25.4 25.1 24.9 24.6 24.4 24.3 24.2 24.1 24.0 23.7 23.2 22.6 22.0 21.5 21.0 20.6 20.3 20.0 19.8 19.6 19.3 19.0 18.8 18.6 18.3 18.1 17.9 nan nan nan nan nan nan nan nan 16.2 16.3 nan nan nan nan nan nan 15.8 15.9 16.0 16.4 16.7 16.5 16.5 nan nan nan nan nan nan nan nan nan nan
nan nan nan nan nan nan nan nan nan nan nan nan nan nan nan nan nan nan nan nan nan nan nan nan nan nan nan nan nan 15.1 25.9 25.7 25.4 25.1 24.9 24.7 24.6 24.5 24.3 23.9 23.3 22.7 22.1 21.5 21.0 20.6 20.3 20.0 19.8 19.6 19.4 19.1 18.8 18.6 18.3 18.1 17.8 17.7 nan nan nan nan nan nan 16.3 16.4 16.4 nan 16.4 16.4 16.4 nan nan 15.9 16.1 16.3 16.8 17.3 nan nan nan nan nan nan nan nan nan nan nan nan
nan nan nan nan nan nan nan nan nan nan nan nan nan nan nan nan nan nan nan nan nan nan nan nan nan nan nan nan nan nan 15.2 25.9 25.9 25.6 25.4 25.2 25.0 24.8 24.5 24.0 23.4 22.8 22.1 21.5 21.0 20.6 20.3 20.0 19.8 19.6 19.3 19.1 18.9 18.6 18.4 18.1 17.9 17.9 nan nan nan nan nan 16.4 16.4 16.5 16.5 16.5 16.5 16.4 16.4 11.4 nan 16.0 16.3 16.6 16.9 17.1 nan nan nan nan nan nan nan nan nan nan nan nan
nan nan nan nan nan nan nan nan nan nan nan nan nan nan nan nan nan nan nan nan nan nan nan nan nan nan nan nan nan nan nan 24.0 25.9 26.1 25.9 25.7 25.4 25.1 24.6 24.0 23.5 22.8 22.1 21.5 21.0 20.6 20.3 20.0 19.8 19.6 19.4 19.1 18.9 18.7 18.4 18.2 18.0 18.0 17.8 nan nan 16.8 16.9 16.8 16.6 16.6 16.6 16.6 16.5 16.5 16.5 nan nan 16.3 16.5 16.8 17.1 17.1 nan nan nan nan nan nan nan nan nan nan nan nan
nan nan nan nan nan nan nan nan nan nan nan nan nan nan nan nan nan nan nan nan nan nan nan nan nan nan nan nan nan nan nan nan 26.4 26.3 26.2 26.0 25.6 25.2 24.8 24.1 23.5 22.8 22.1 21.6 21.1 20.7 20.3 20.1 19.8 19.6 19.5 19.3 19.1 18.8 18.6 18.4 18.1 18.0 17.9 17.6 17.3 17.3 17.2 nan 16.9 16.9 16.9 16.9 16.8 16.8 16.7 16.6 16.6 16.7 16.8 17.0 17.1 nan nan nan nan nan nan nan nan nan nan nan nan nan
nan nan nan nan nan nan nan nan nan nan nan nan nan nan nan nan nan nan nan nan nan nan nan nan nan nan nan nan nan nan 25.7 26.1 26.2 26.2 26.2 26.0 25.8 25.4 24.8 24.2 23.5 22.8 22.2 21.7 21.2 20.8 20.4 20.2 19.9 19.7 19.6 19.4 19.2 19.0 18.8 18.6 18.4 18.1 18.0 17.8 17.6 17.5 17.5 17.4 17.3 17.2 17.3 17.2 17.2 17.1 17.0 16.8 16.8 16.8 16.9 17.1 17.1 nan nan nan nan nan nan nan nan nan nan nan nan nan
nan nan nan nan nan nan nan nan nan nan nan nan nan nan nan nan nan nan nan nan nan nan nan nan nan nan nan nan nan nan nan nan 25.9 26.1 26.0 25.9 25.8 25.5 24.9 24.3 23.5 22.8 22.2 21.7 21.2 20.8 20.5 20.3 20.0 19.9 19.7 19.6 19.5 19.3 19.1 18.8 18.6 18.4 18.2 18.0 17.9 17.8 17.8 17.8 17.5 17.4 17.4 nan nan nan 17.0 17.0 16.9 17.0 17.1 17.1 nan nan nan nan nan nan nan nan nan nan nan nan nan nan
nan nan nan nan nan nan nan nan nan nan nan nan nan nan nan nan nan nan nan nan nan nan nan nan nan nan nan nan nan nan 18.1 16.2 25.9 26.0 25.9 25.8 25.7 25.5 24.9 24.3 23.5 22.9 22.2 21.7 21.2 20.8 20.5 20.3 20.2 20.0 19.9 19.8 19.7 19.6 19.4 19.1 18.9 18.7 18.5 18.3 18.1 18.0 18.0 17.9 nan nan nan nan nan nan nan 17.2 17.1 17.1 17.1 17.1 nan nan nan nan nan nan nan nan nan nan nan nan nan nan
nan nan nan nan nan nan nan nan nan nan nan nan nan nan nan nan nan nan nan nan nan nan nan nan nan nan nan nan nan nan 16.3 25.4 25.9 26.2 26.0 16.6 25.7 25.4 24.7 24.1 23.5 22.8 22.2 21.6 21.2 20.8 20.6 20.4 20.3 20.2 20.1 20.1 20.0 19.8 19.7 19.5 19.2 19.0 18.8 18.6 18.4 18.2 18.0 nan nan nan nan nan nan 17.1 17.2 17.3 17.2 17.1 17.1 nan nan nan nan nan nan nan nan nan nan nan nan nan nan nan
nan nan nan nan nan nan nan nan nan nan nan nan nan nan nan nan nan nan nan nan nan nan nan nan nan nan nan nan nan nan 18.2 24.5 26.1 26.3 nan nan nan 25.0 24.6 24.1 23.5 22.8 22.1 21.6 21.1 20.8 20.6 20.5 20.4 20.3 20.3 20.3 20.3 20.1 20.0 19.8 19.5 19.3 19.1 18.8 18.6 18.4 18.2 nan nan nan nan nan 17.2 17.2 17.2 17.3 17.2 17.1 nan nan nan nan nan nan nan nan nan nan nan nan nan nan nan nan
nan nan nan nan nan nan nan nan nan nan nan nan nan nan nan nan nan nan nan nan nan nan nan nan nan nan nan nan nan nan 18.1 15.4 26.4 26.4 nan nan nan 23.5 24.6 24.1 23.6 22.8 22.1 21.6 21.1 20.8 20.6 20.6 20.5 20.5 20.6 20.6 20.5 20.4 20.3 20.1 19.9 19.6 19.4 19.1 18.9 18.6 18.3 17.9 17.6 nan 17.3 17.3 17.4 17.3 17.4 17.3 nan nan nan nan nan nan nan nan nan nan nan nan nan nan nan nan nan nan
nan nan nan nan nan nan nan nan nan nan nan nan nan nan nan nan nan nan nan nan nan nan nan nan nan nan nan nan nan nan nan nan 26.5 22.8 nan nan nan nan 24.3 24.3 23.7 23.0 22.2 21.5 21.1 20.8 20.7 20.7 20.7 20.8 20.9 20.9 20.8 20.7 20.6 20.4 20.2 20.0 19.7 19.4 19.1 18.8 18.4 18.1 17.9 17.7 17.6 17.5 17.5 17.4 17.3 nan nan nan nan nan nan nan nan nan nan nan nan nan nan nan nan nan nan nan
nan nan nan nan nan nan nan nan nan nan nan nan nan nan nan nan nan nan nan nan nan nan nan nan nan nan nan nan nan nan nan nan nan 20.8 12.3 nan nan nan 16.0 24.7 24.1 23.1 22.2 21.6 21.1 20.9 20.8 20.8 20.9 21.0 21.1 21.2 21.1 21.1 21.0 20.8 20.6 20.3 20.0 19.7 19.4 19.0 18.6 18.3 18.0 17.8 17.7 17.6 17.6 17.5 17.3 nan nan nan nan nan nan nan nan nan nan nan nan nan nan nan nan nan nan nan
nan nan nan nan nan nan nan nan nan nan nan nan nan nan nan nan nan nan nan nan nan nan nan nan nan nan nan nan nan nan nan nan nan nan 14.0 21.7 nan nan nan nan 24.2 23.4 22.3 21.6 21.1 20.9 20.8 20.9 21.0 21.2 21.4 21.4 21.4 21.4 21.3 21.1 20.9 20.6 20.3 20.0 19.7 19.3 18.9 18.5 18.2 18.0 17.8 17.8 17.7 17.6 17.4 17.1 nan nan nan nan nan nan nan nan nan nan nan nan nan nan nan nan nan nan
nan nan nan nan nan nan nan nan nan nan nan nan nan nan nan nan nan nan nan nan nan nan nan nan nan nan nan nan nan nan nan nan nan nan nan 16.9 17.9 nan nan nan nan 22.4 22.4 21.7 21.2 21.0 20.9 21.0 21.2 21.4 21.6 21.7 21.7 21.7 21.6 21.5 21.2 21.0 20.7 20.3 20.0 19.5 19.1 18.7 18.4 18.1 18.0 17.9 17.7 17.6 17.5 17.3 17.1 11.6 nan nan nan nan nan nan nan nan nan nan nan nan nan nan nan nan
nan nan nan nan nan nan nan nan nan nan nan nan nan nan nan nan nan nan nan nan nan nan nan nan nan nan nan nan nan nan nan nan nan nan 15.8 19.2 23.1 23.0 nan 17.8 nan 20.4 22.4 21.8 21.3 21.1 21.1 21.2 21.4 21.7 21.8 21.9 22.0 22.0 21.9 21.8 21.6 21.4 21.0 20.7 20.2 19.8 19.3 18.9 18.5 18.3 18.1 18.0 17.8 17.5 17.4 17.3 17.1 17.0 nan nan nan nan nan nan nan nan nan nan nan nan nan nan nan nan
nan nan nan nan nan nan nan nan nan nan nan nan nan nan nan nan nan nan nan nan nan nan nan nan nan nan nan nan nan nan nan nan nan nan 23.2 23.4 23.6 23.5 18.0 20.5 21.5 19.3 22.1 21.7 21.4 21.2 21.3 21.5 21.7 21.9 22.1 22.2 22.3 22.3 22.3 22.2 22.0 21.7 21.4 21.0 20.5 20.0 19.4 19.0 18.6 18.2 17.5 17.5 17.1 17.6 17.2 17.1 17.1 17.1 17.1 nan nan nan nan nan nan nan nan nan nan nan nan nan nan nan
nan nan nan nan nan nan nan nan nan nan nan nan nan nan nan nan nan nan nan nan nan nan nan nan nan nan nan nan nan nan nan nan nan nan 23.5 23.6 23.6 23.7 24.0 nan 22.2 21.9 22.4 21.8 21.5 21.4 21.5 21.7 22.0 22.2 22.4 22.5 22.6 22.7 22.7 22.5 22.4 22.1 21.8 21.3 20.7 20.1 -9999.0 -9999.0 -9999.0 -9999.0 -9999.0 -9999.0 -9999.0 12.7 17.4 17.0 17.1 17.0 17.0 nan nan nan nan nan nan nan nan nan nan nan nan nan nan -9999.0
nan nan nan nan nan nan nan nan nan nan nan nan nan nan nan nan nan nan nan nan nan nan nan nan nan nan nan nan nan nan nan nan nan nan 23.4 23.5 23.5 23.4 23.4 nan nan 22.9 22.5 22.0 21.6 21.6 21.7 21.9 22.2 22.4 22.6 22.8 22.9 23.0 23.0 23.0 22.8 22.5 22.1 21.5 20.9 -9999.0 -9999.0 -9999.0 -9999.0 -9999.0 -9999.0 -9999.0 -9999.0 nan 15.1 16.9 17.0 16.4 nan nan nan nan nan nan nan nan nan nan nan nan nan nan nan -9999.0
nan nan nan nan nan nan nan nan nan nan nan nan nan nan nan nan nan nan nan nan nan nan nan nan nan nan nan nan nan nan nan nan nan nan 23.2 23.1 23.1 23.3 23.7 nan 19.4 22.0 22.6 22.1 21.8 21.8 21.9 22.0 22.3 22.5 22.7 22.9 23.0 23.2 23.3 23.3 23.2 22.9 22.3 21.7 21.0 -9999.0 -9999.0 -9999.0 -9999.0 -9999.0 -9999.0 -9999.0 -9999.0 -9999.0 -9999.0 nan 12.3 12.3 nan nan nan nan nan nan nan nan nan nan nan nan nan nan nan -9999.0
nan nan nan nan nan nan nan nan nan nan nan nan nan nan nan nan nan nan nan nan nan nan nan nan nan nan nan nan nan nan nan nan nan nan 23.0 23.0 23.3 23.8 22.3 16.0 21.6 19.6 22.6 22.2 22.0 21.9 22.0 22.1 22.3 22.5 22.7 22.9 23.1 23.4 23.6 23.6 23.5 23.1 22.5 21.8 -9999.0 -9999.0 -9999.0 -9999.0 -9999.0 -9999.0 -9999.0 -9999.0 -9999.0 -9999.0 -9999.0 nan nan nan nan nan nan nan nan nan nan nan nan nan nan nan nan nan nan -9999.0
nan nan nan nan nan nan nan nan nan nan nan nan nan nan nan nan nan nan nan nan nan nan nan nan nan nan nan nan nan nan nan nan 22.5 22.9 23.1 23.4 23.9 24.6 25.0 25.0 nan 23.2 22.6 22.2 22.0 22.0 22.0 22.1 22.3 22.4 22.6 22.9 23.2 23.6 23.8 23.8 23.6 23.2 22.6 -9999.0 -9999.0 -9999.0 -9999.0 -9999.0 -9999.0 -9999.0 -9999.0 -9999.0 -9999.0 -9999.0 -9999.0 -9999.0 nan nan nan nan nan nan nan nan nan nan nan nan nan nan nan nan nan -9999.0
nan nan nan nan nan nan nan nan nan nan nan nan nan nan nan nan nan nan nan nan nan nan nan nan nan nan nan nan nan 18.0 nan nan 23.1 23.3 23.4 23.8 24.5 25.4 26.2 nan nan 23.0 22.7 22.4 22.1 22.0 22.0 22.0 22.1 22.3 22.5 22.8 23.2 23.6 23.9 23.9 23.8 23.4 22.8 -9999.0 -9999.0 -9999.0 -9999.0 -9999.0 -9999.0 -9999.0 -9999.0 -9999.0 -9999.0 -9999.0 -9999.0 -9999.0 -9999.0 -9999.0 nan nan nan nan nan nan nan nan nan nan nan nan nan nan nan -9999.0
nan nan nan nan nan nan nan nan nan nan nan nan nan nan nan nan nan nan nan nan nan nan nan nan nan nan nan nan nan 14.6 14.6 nan 23.4 23.8 22.8 21.5 24.2 25.4 25.6 24.9 nan 23.2 23.0 22.6 22.3 22.0 21.9 21.9 22.0 22.1 22.4 22.8 23.1 23.6 23.9 24.0 24.0 23.6 -9999.0 -9999.0 -9999.0 -9999.0 -9999.0 -9999.0 -9999.0 -9999.0 -9999.0 -9999.0 -9999.0 -9999.0 -9999.0 -9999.0 -9999.0 -9999.0 -9999.0 nan nan nan nan nan nan nan nan nan nan nan nan nan nan -9999.0
nan nan nan nan nan nan nan nan nan nan nan nan nan nan nan nan nan nan nan nan nan nan nan nan nan nan nan nan nan 15.4 23.3 23.4 23.7 24.2 24.8 nan 16.2 25.0 25.1 25.2 nan 23.1 23.3 23.0 22.5 22.2 21.9 21.8 21.8 22.0 22.3 22.7 23.1 23.6 24.0 24.3 24.3 24.1 -9999.0 -9999.0 -9999.0 -9999.0 -9999.0 -9999.0 -9999.0 -9999.0 -9999.0 -9999.0 -9999.0 -9999.0 -9999.0 -9999.0 -9999.0 -9999.0 -9999.0 -9999.0 nan nan nan nan nan nan nan nan nan nan nan nan nan -9999.0
nan nan nan nan nan nan nan nan nan nan nan nan nan nan nan nan nan nan nan nan nan nan nan nan nan nan nan nan nan nan 22.9 23.3 23.7 24.4 24.4 nan nan 24.7 24.9 25.3 nan 21.4 22.4 23.1 22.8 22.3 22.0 21.8 21.8 21.9 22.2 22.6 23.1 23.6 24.1 24.6 24.7 24.5 -9999.0 -9999.0 -9999.0 -9999.0 -9999.0 -9999.0 -9999.0 -9999.0 -9999.0 -9999.0 -9999.0 -9999.0 -9999.0 -9999.0 -9999.0 -9999.0 -9999.0 -9999.0 -9999.0 nan nan nan nan nan nan nan nan nan nan nan nan -9999.0
nan nan nan nan nan nan nan nan nan nan nan nan nan nan nan nan nan nan nan nan nan nan nan nan nan nan nan nan nan nan 21.1 23.3 23.8 24.4 22.5 nan 18.3 20.7 22.6 13.7 20.8 17.1 19.0 22.5 22.7 22.4 22.1 21.9 21.8 22.0 22.2 22.6 23.1 23.7 24.3 24.9 24.9 24.5 -9999.0 -9999.0 -9999.0 -9999.0 -9999.0 -9999.0 -9999.0 -9999.0 -9999.0 -9999.0 -9999.0 -9999.0 -9999.0 -9999.0 -9999.0 -9999.0 -9999.0 -9999.0 -9999.0 -9999.0 nan nan nan nan nan nan nan nan nan nan nan -9999.0
nan nan nan nan nan nan nan nan nan nan nan nan nan nan nan nan nan nan nan nan nan nan nan nan nan nan nan nan nan nan 21.3 23.1 23.9 24.4 24.4 18.3 nan 22.4 19.4 15.1 18.6 nan 23.3 23.4 23.0 22.7 22.3 22.1 22.0 22.1 22.4 22.7 23.2 23.8 24.5 24.9 24.7 19.2 -9999.0 -9999.0 -9999.0 -9999.0 -9999.0 -9999.0 -9999.0 -9999.0 -9999.0 -9999.0 -9999.0 -9999.0 -9999.0 -9999.0 -9999.0 -9999.0 -9999.0 -9999.0 -9999.0 -9999.0 -9999.0 -9999.0 nan nan nan nan nan nan nan nan nan -9999.0
nan nan nan nan nan nan nan nan nan nan nan nan nan nan nan nan nan nan nan nan nan nan nan nan nan nan nan nan nan nan nan 23.5 23.9 24.3 24.7 nan nan 18.6 19.0 17.9 nan nan 23.9 23.8 23.5 23.1 22.7 22.4 22.3 22.4 22.6 22.9 23.4 23.9 24.5 25.0 24.8 21.4 -9999.0 -9999.0 -9999.0 -9999.0 -9999.0 -9999.0 -9999.0 -9999.0 -9999.0 -9999.0 -9999.0 nan nan nan -9999.0 -9999.0 -9999.0 -9999.0 -9999.0 -9999.0 -9999.0 -9999.0 -9999.0 -9999.0 -9999.0 -9999.0 -9999.0 nan nan nan -9999.0 -9999.0
nan nan nan nan nan nan nan nan nan nan nan nan nan nan nan nan nan nan nan nan nan nan nan nan nan nan nan nan nan nan nan 23.2 23.8 24.3 24.8 nan 15.8 17.0 23.6 15.9 nan nan 24.1 24.2 24.0 23.6 23.2 22.9 22.7 22.7 22.8 23.1 23.6 24.1 24.7 25.3 25.7 21.4 -9999.0 -9999.0 -9999.0 -9999.0 -9999.0 -9999.0 -9999.0 -9999.0 -9999.0 -9999.0 -9999.0 nan nan nan nan nan -9999.0 -9999.0 -9999.0 -9999.0 -9999.0 -9999.0 -9999.0 -9999.0 -9999.0 -9999.0 -9999.0 -9999.0 -9999.0 -9999.0 -9999.0 -9999.0
nan nan nan nan nan nan nan nan nan nan nan nan nan nan nan nan nan nan nan nan nan nan nan nan nan nan nan nan nan nan nan 18.1 23.7 24.2 24.8 24.2 22.0 19.8 15.7 12.9 16.5 nan 24.2 24.5 24.4 24.1 23.7 23.3 23.1 23.1 23.2 23.5 23.9 24.4 24.9 25.5 26.2 20.2 -9999.0 -9999.0 -9999.0 -9999.0 -9999.0 -9999.0 -9999.0 -9999.0 -9999.0 -9999.0 -9999.0 -9999.0 -9999.0 -9999.0 -9999.0 -9999.0 -9999.0 -9999.0 -9999.0 -9999.0 -9999.0 -9999.0 -9999.0 -9999.0 -9999.0 -9999.0 -9999.0 -9999.0 -9999.0 -9999.0 -9999.0 -9999.0
nan nan nan nan nan nan nan nan nan nan nan nan nan nan nan nan nan nan nan nan nan nan nan nan nan nan nan nan nan nan nan 18.0 23.5 24.1 24.9 25.2 25.2 nan 16.5 19.2 13.1 nan 24.4 24.7 24.9 24.7 24.4 23.9 23.6 23.5 23.5 23.8 24.2 24.7 25.2 25.8 26.4 21.9 -9999.0 -9999.0 -9999.0 -9999.0 -9999.0 -9999.0 -9999.0 -9999.0 -9999.0 -9999.0 -9999.0 -9999.0 -9999.0 -9999.0 -9999.0 -9999.0 -9999.0 -9999.0 -9999.0 -9999.0 -9999.0 -9999.0 -9999.0 -9999.0 -9999.0 -9999.0 -9999.0 -9999.0 -9999.0 -9999.0 -9999.0 -9999.0
nan nan nan nan nan nan nan nan nan nan nan nan nan nan nan nan nan nan nan nan nan nan nan nan nan nan nan nan nan nan nan 18.1 22.2 24.0 24.7 25.2 25.2 nan nan 18.1 16.2 nan nan 25.0 25.3 25.1 24.8 24.4 24.1 24.0 24.0 24.1 24.5 25.0 25.5 26.1 26.7 21.2 -9999.0 -9999.0 -9999.0 -9999.0 -9999.0 -9999.0 -9999.0 -9999.0 -9999.0 -9999.0 -9999.0 -9999.0 -9999.0 -9999.0 -9999.0 -9999.0 -9999.0 -9999.0 -9999.0 -9999.0 -9999.0 -9999.0 -9999.0 -9999.0 -9999.0 -9999.0 -9999.0 -9999.0 -9999.0 -9999.0 -9999.0 -9999.0
nan nan nan nan nan nan nan nan nan nan nan nan nan nan nan nan nan nan nan nan nan nan nan nan nan nan nan nan nan nan nan nan 17.0 24.1 24.7 25.3 nan nan nan 19.9 15.3 17.9 nan nan 24.6 25.2 25.1 24.8 24.6 24.5 24.4 24.5 24.8 25.2 25.8 26.4 27.0 26.5 -9999.0 -9999.0 -9999.0 -9999.0 -9999.0 -9999.0 -9999.0 -9999.0 -9999.0 -9999.0 -9999.0 -9999.0 -9999.0 -9999.0 -9999.0 -9999.0 -9999.0 -9999.0 -9999.0 -9999.0 -9999.0 -9999.0 -9999.0 -9999.0 nan nan nan -9999.0 -9999.0 -9999.0 -9999.0 -9999.0
nan nan nan nan nan nan nan nan nan nan nan nan nan nan nan nan nan nan nan nan nan nan nan nan nan nan nan nan nan nan nan nan 23.5 24.1 24.6 25.3 nan nan nan nan 17.1 17.7 27.1 nan 24.5 25.3 25.3 25.2 25.1 24.9 24.9 24.9 25.1 25.5 26.1 26.8 27.5 27.8 -9999.0 -9999.0 -9999.0 -9999.0 -9999.0 -9999.0 -9999.0 -9999.0 -9999.0 -9999.0 -9999.0 -9999.0 -9999.0 -9999.0 -9999.0 -9999.0 -9999.0 -9999.0 -9999.0 -9999.0 -9999.0 -9999.0 nan nan nan nan nan nan nan nan -9999.0 -9999.0
nan nan nan nan nan nan nan nan nan nan nan nan nan nan nan nan nan nan nan nan nan nan nan nan nan nan nan nan nan nan nan nan nan 24.1 24.8 25.4 nan nan nan nan 21.1 20.3 25.6 19.8 nan 25.6 26.0 25.8 25.5 25.4 25.3 25.4 25.5 25.8 26.3 27.0 27.7 28.1 -9999.0 -9999.0 -9999.0 -9999.0 -9999.0 -9999.0 -9999.0 -9999.0 -9999.0 -9999.0 -9999.0 nan nan nan nan nan nan nan nan nan nan nan nan nan nan nan nan nan nan nan nan nan
nan nan nan nan nan nan nan nan nan nan nan nan nan nan nan nan nan nan nan nan nan nan nan nan nan nan nan nan nan nan nan nan nan 24.0 24.6 25.5 25.6 nan nan nan 25.3 21.3 22.0 27.1 nan nan 25.8 25.8 25.7 25.7 25.7 25.7 25.8 26.0 26.5 27.2 27.9 28.6 -9999.0 -9999.0 -9999.0 -9999.0 -9999.0 -9999.0 -9999.0 -9999.0 -9999.0 -9999.0 nan nan nan nan nan nan nan nan nan nan nan nan nan nan nan nan nan nan nan nan nan nan
