data/output/RUN203/ECOSPACE/ECOSPACE_in_PAR3/PAR-VarZ-VarK/PAR-VarZ-VarK_2006_08.asc
ncols        93
nrows        151 
xllcorner    -123.80739
yllcorner    48.29471 
cellsize     0.013497347 
NODATA_value  0.0
[rows 80 to 119 of 151, columns 0 to 89 of 93]
nan nan nan nan nan nan nan nan nan nan nan nan nan nan nan nan nan nan nan nan nan nan nan 36.7 36.2 36.3 37.7 38.0 38.1 38.2 38.3 38.2 37.9 37.5 37.1 36.8 36.7 36.5 36.4 36.4 36.4 36.5 36.5 36.4 36.2 35.8 35.2 34.5 33.6 32.2 30.5 28.9 27.4 26.3 nan nan nan nan nan nan nan nan nan nan nan nan 20.9 21.2 21.4 21.5 nan 21.0 21.0 21.0 21.0 21.2 21.1 20.8 20.7 21.1 21.8 22.1 21.9 nan nan nan nan nan nan nan
nan nan nan nan nan nan nan nan nan nan nan nan nan nan nan nan nan nan nan nan nan nan nan nan nan nan 37.6 37.7 37.8 38.0 38.1 38.1 37.9 37.6 37.2 37.0 36.7 36.5 36.4 36.4 36.4 36.4 36.4 36.3 36.1 35.8 35.5 35.0 34.3 33.2 31.6 29.9 28.2 26.8 25.5 nan nan nan nan nan nan nan nan nan nan nan 21.4 21.5 nan nan nan nan nan 21.2 21.4 21.6 nan 20.9 21.2 21.9 22.6 23.0 nan nan nan nan nan nan nan nan
nan nan nan nan nan nan nan nan nan nan nan nan nan nan nan nan nan nan nan nan nan nan nan nan nan nan nan 37.4 37.5 37.7 37.8 37.9 37.8 37.6 37.3 37.1 36.8 36.6 36.5 36.3 36.3 36.2 36.2 36.2 36.0 35.8 35.5 35.2 34.7 33.9 32.7 31.1 29.2 27.5 26.0 24.9 nan nan nan nan nan nan nan nan nan 21.4 21.9 nan nan nan nan nan nan 21.2 21.4 21.5 nan 21.3 22.0 22.6 23.1 nan nan nan nan nan nan nan nan nan
nan nan nan nan nan nan nan nan nan nan nan nan nan nan nan nan nan nan nan nan nan nan nan nan nan nan nan nan 35.5 37.2 37.7 37.8 37.7 37.6 37.3 37.1 36.9 36.7 36.5 36.3 36.2 36.0 36.0 35.9 35.7 35.6 35.4 35.2 35.0 34.4 33.5 32.1 30.3 28.5 26.8 25.5 24.6 nan nan nan nan nan nan nan nan 21.5 21.9 nan nan nan nan nan nan 21.2 21.5 21.8 22.4 23.0 23.0 23.0 nan nan nan nan nan nan nan nan nan nan
nan nan nan nan nan nan nan nan nan nan nan nan nan nan nan nan nan nan nan nan nan nan nan nan nan nan nan nan nan 16.8 37.5 37.6 37.6 37.5 37.3 37.1 37.0 36.7 36.5 36.2 36.0 35.8 35.8 35.6 35.5 35.5 35.4 35.2 35.1 34.7 34.0 32.9 31.5 29.6 27.9 26.4 25.2 24.4 nan nan nan nan nan nan 21.4 21.7 21.9 nan 22.2 22.1 22.2 nan nan 21.3 21.7 22.2 23.0 24.0 nan nan nan nan nan nan nan nan nan nan nan nan
nan nan nan nan nan nan nan nan nan nan nan nan nan nan nan nan nan nan nan nan nan nan nan nan nan nan nan nan nan nan 17.5 37.3 37.4 37.3 37.2 37.1 36.9 36.7 36.4 36.1 35.8 35.6 35.5 35.4 35.3 35.3 35.2 35.1 35.0 34.8 34.4 33.6 32.4 30.7 29.0 27.5 26.2 25.1 nan nan nan nan nan 21.6 21.8 22.0 22.1 22.2 22.2 22.1 22.2 13.2 nan 21.5 22.0 22.6 23.3 23.8 nan nan nan nan nan nan nan nan nan nan nan nan
nan nan nan nan nan nan nan nan nan nan nan nan nan nan nan nan nan nan nan nan nan nan nan nan nan nan nan nan nan nan nan 35.7 37.2 37.2 37.1 36.9 36.7 36.5 36.2 35.9 35.6 35.4 35.2 35.1 35.1 35.0 35.0 35.0 34.9 34.9 34.6 34.1 33.2 31.7 30.0 28.4 27.0 25.7 24.4 nan nan 22.2 22.5 22.5 22.3 22.5 22.5 22.5 22.4 22.3 22.3 nan nan 21.9 22.5 23.0 23.6 23.8 nan nan nan nan nan nan nan nan nan nan nan nan
nan nan nan nan nan nan nan nan nan nan nan nan nan nan nan nan nan nan nan nan nan nan nan nan nan nan nan nan nan nan nan nan 37.1 37.0 36.9 36.7 36.5 36.3 36.0 35.7 35.4 35.2 35.0 34.9 34.8 34.7 34.7 34.8 34.8 34.8 34.7 34.5 33.8 32.5 30.9 29.3 27.8 26.5 25.3 24.1 23.5 23.4 23.4 nan 22.9 23.1 23.3 23.4 23.3 23.1 22.8 22.5 22.6 22.8 22.9 23.4 23.8 nan nan nan nan nan nan nan nan nan nan nan nan nan
nan nan nan nan nan nan nan nan nan nan nan nan nan nan nan nan nan nan nan nan nan nan nan nan nan nan nan nan nan nan 36.7 36.7 36.7 36.8 36.7 36.6 36.5 36.2 35.9 35.5 35.2 35.0 34.8 34.7 34.6 34.4 34.4 34.5 34.6 34.8 34.8 34.6 34.1 33.2 31.9 30.4 28.9 27.5 26.2 25.3 24.7 24.3 24.1 24.1 24.0 24.2 24.5 24.5 24.3 24.2 23.6 23.0 23.0 23.1 23.4 23.8 23.8 nan nan nan nan nan nan nan nan nan nan nan nan nan
nan nan nan nan nan nan nan nan nan nan nan nan nan nan nan nan nan nan nan nan nan nan nan nan nan nan nan nan nan nan nan nan 36.6 36.6 36.5 36.5 36.5 36.3 35.9 35.5 35.1 34.8 34.6 34.5 34.3 34.2 34.1 34.2 34.4 34.6 34.7 34.6 34.3 33.6 32.6 31.4 30.1 28.8 27.6 26.6 25.8 25.3 25.1 25.1 24.8 24.8 25.0 nan nan nan 23.6 23.4 23.4 23.4 23.7 24.0 nan nan nan nan nan nan nan nan nan nan nan nan nan nan
nan nan nan nan nan nan nan nan nan nan nan nan nan nan nan nan nan nan nan nan nan nan nan nan nan nan nan nan nan nan 18.7 17.0 36.6 36.6 36.6 36.6 36.6 36.5 36.1 35.6 35.1 34.7 34.5 34.2 34.0 33.8 33.8 33.9 34.1 34.3 34.5 34.5 34.2 33.7 33.0 32.1 31.0 29.8 28.6 27.5 26.7 26.1 25.9 25.6 nan nan nan nan nan nan nan 23.7 23.6 23.7 23.8 23.9 nan nan nan nan nan nan nan nan nan nan nan nan nan nan
nan nan nan nan nan nan nan nan nan nan nan nan nan nan nan nan nan nan nan nan nan nan nan nan nan nan nan nan nan nan 18.4 36.2 36.6 37.1 37.1 19.8 36.8 36.7 36.2 35.6 35.2 34.7 34.3 34.0 33.7 33.5 33.5 33.6 33.7 34.0 34.2 34.2 34.0 33.7 33.2 32.5 31.6 30.5 29.4 28.3 27.4 26.8 26.3 nan nan nan nan nan nan 23.5 23.7 23.9 23.8 23.8 23.8 nan nan nan nan nan nan nan nan nan nan nan nan nan nan nan
nan nan nan nan nan nan nan nan nan nan nan nan nan nan nan nan nan nan nan nan nan nan nan nan nan nan nan nan nan nan 18.8 35.7 37.0 37.6 nan nan nan 36.4 36.1 35.7 35.2 34.8 34.3 33.9 33.5 33.3 33.2 33.2 33.3 33.5 33.7 33.8 33.7 33.5 33.2 32.8 32.0 31.1 30.0 29.0 28.0 27.3 26.7 nan nan nan nan nan 23.7 23.7 23.8 23.8 23.7 23.6 nan nan nan nan nan nan nan nan nan nan nan nan nan nan nan nan
nan nan nan nan nan nan nan nan nan nan nan nan nan nan nan nan nan nan nan nan nan nan nan nan nan nan nan nan nan nan 18.7 17.4 37.2 37.8 nan nan nan 34.9 36.0 35.6 35.2 34.7 34.2 33.8 33.4 33.1 32.9 32.9 32.9 33.1 33.3 33.4 33.4 33.4 33.2 32.9 32.3 31.5 30.6 29.5 28.5 27.6 26.8 25.6 24.9 nan 23.9 23.9 24.0 23.8 23.7 23.6 nan nan nan nan nan nan nan nan nan nan nan nan nan nan nan nan nan nan
nan nan nan nan nan nan nan nan nan nan nan nan nan nan nan nan nan nan nan nan nan nan nan nan nan nan nan nan nan nan nan nan 37.1 33.2 nan nan nan nan 35.7 35.6 35.3 34.8 34.3 33.7 33.3 32.9 32.7 32.6 32.6 32.7 32.9 33.1 33.2 33.2 33.2 33.0 32.6 32.0 31.1 30.1 29.1 28.1 27.2 26.3 25.7 25.0 24.6 24.2 24.0 23.7 23.5 nan nan nan nan nan nan nan nan nan nan nan nan nan nan nan nan nan nan nan
nan nan nan nan nan nan nan nan nan nan nan nan nan nan nan nan nan nan nan nan nan nan nan nan nan nan nan nan nan nan nan nan nan 32.1 16.9 nan nan nan 17.3 35.7 35.5 34.9 34.3 33.7 33.2 32.8 32.5 32.3 32.3 32.3 32.5 32.7 32.9 33.0 33.1 33.0 32.8 32.3 31.6 30.7 29.8 28.9 28.0 27.1 26.2 25.5 24.9 24.4 24.1 23.7 23.3 nan nan nan nan nan nan nan nan nan nan nan nan nan nan nan nan nan nan nan
nan nan nan nan nan nan nan nan nan nan nan nan nan nan nan nan nan nan nan nan nan nan nan nan nan nan nan nan nan nan nan nan nan nan 17.4 32.0 nan nan nan nan 35.5 35.4 34.5 33.8 33.2 32.8 32.4 32.1 32.0 32.1 32.2 32.4 32.6 32.8 33.0 33.0 32.8 32.5 32.0 31.3 30.6 29.7 28.8 27.8 26.8 26.0 25.3 24.7 24.2 23.8 23.3 22.9 nan nan nan nan nan nan nan nan nan nan nan nan nan nan nan nan nan nan
nan nan nan nan nan nan nan nan nan nan nan nan nan nan nan nan nan nan nan nan nan nan nan nan nan nan nan nan nan nan nan nan nan nan nan 24.5 18.9 nan nan nan nan 34.9 34.7 33.8 33.2 32.6 32.2 31.9 31.8 31.8 31.9 32.1 32.2 32.5 32.7 32.8 32.7 32.5 32.2 31.9 31.2 30.4 29.4 28.5 27.3 26.3 25.5 24.9 24.4 23.8 23.3 23.0 22.7 13.0 nan nan nan nan nan nan nan nan nan nan nan nan nan nan nan nan
nan nan nan nan nan nan nan nan nan nan nan nan nan nan nan nan nan nan nan nan nan nan nan nan nan nan nan nan nan nan nan nan nan nan 19.6 27.2 35.0 34.9 nan 18.9 nan 31.9 34.4 33.6 33.0 32.5 32.1 31.7 31.6 31.6 31.6 31.7 31.9 32.2 32.4 32.5 32.6 32.6 32.5 32.2 31.7 30.9 29.9 28.8 27.5 26.4 25.6 25.1 24.5 23.8 23.3 23.0 22.8 22.5 nan nan nan nan nan nan nan nan nan nan nan nan nan nan nan nan
nan nan nan nan nan nan nan nan nan nan nan nan nan nan nan nan nan nan nan nan nan nan nan nan nan nan nan nan nan nan nan nan nan nan 35.4 35.3 35.3 33.2 23.8 30.4 32.2 29.6 34.0 33.4 32.9 32.4 32.0 31.6 31.4 31.3 31.3 31.5 31.7 31.9 32.1 32.2 32.4 32.5 32.6 32.4 32.0 31.2 30.0 28.8 27.4 26.1 25.0 24.7 24.1 24.0 23.3 23.0 22.8 22.7 22.7 nan nan nan nan nan nan nan nan nan nan nan nan nan nan nan
nan nan nan nan nan nan nan nan nan nan nan nan nan nan nan nan nan nan nan nan nan nan nan nan nan nan nan nan nan nan nan nan nan nan 35.2 35.3 35.3 35.3 34.5 nan 33.2 32.8 34.0 33.4 32.8 32.3 31.9 31.6 31.3 31.2 31.1 31.2 31.4 31.6 31.8 32.0 32.3 32.4 32.5 32.4 32.0 31.1 -9999.0 -9999.0 -9999.0 -9999.0 -9999.0 -9999.0 -9999.0 13.9 23.3 23.0 22.9 22.6 22.6 nan nan nan nan nan nan nan nan nan nan nan nan nan nan -9999.0
nan nan nan nan nan nan nan nan nan nan nan nan nan nan nan nan nan nan nan nan nan nan nan nan nan nan nan nan nan nan nan nan nan nan 35.0 35.1 35.0 34.9 35.0 nan nan 34.1 33.9 33.3 32.8 32.3 31.9 31.6 31.3 31.1 31.0 31.0 31.2 31.4 31.6 31.8 32.1 32.3 32.4 32.3 31.9 -9999.0 -9999.0 -9999.0 -9999.0 -9999.0 -9999.0 -9999.0 -9999.0 nan 15.9 22.8 22.7 21.6 nan nan nan nan nan nan nan nan nan nan nan nan nan nan nan -9999.0
nan nan nan nan nan nan nan nan nan nan nan nan nan nan nan nan nan nan nan nan nan nan nan nan nan nan nan nan nan nan nan nan nan nan 34.7 34.6 34.5 34.5 35.0 nan 28.6 32.4 33.8 33.3 32.8 32.3 31.9 31.5 31.2 31.0 30.9 30.9 31.0 31.2 31.4 31.6 31.9 32.1 32.3 32.1 31.5 -9999.0 -9999.0 -9999.0 -9999.0 -9999.0 -9999.0 -9999.0 -9999.0 -9999.0 -9999.0 nan 13.4 13.3 nan nan nan nan nan nan nan nan nan nan nan nan nan nan nan -9999.0
nan nan nan nan nan nan nan nan nan nan nan nan nan nan nan nan nan nan nan nan nan nan nan nan nan nan nan nan nan nan nan nan nan nan 34.2 34.2 34.4 34.4 31.0 21.0 31.5 27.9 33.7 33.1 32.6 32.2 31.8 31.5 31.2 31.0 30.8 30.8 30.8 31.0 31.2 31.5 31.8 32.1 32.2 31.8 -9999.0 -9999.0 -9999.0 -9999.0 -9999.0 -9999.0 -9999.0 -9999.0 -9999.0 -9999.0 -9999.0 nan nan nan nan nan nan nan nan nan nan nan nan nan nan nan nan nan nan -9999.0
nan nan nan nan nan nan nan nan nan nan nan nan nan nan nan nan nan nan nan nan nan nan nan nan nan nan nan nan nan nan nan nan 33.1 33.9 34.2 34.4 34.8 35.4 35.9 32.8 nan 34.2 33.3 32.9 32.4 32.0 31.6 31.3 31.1 30.9 30.7 30.7 30.7 30.9 31.2 31.5 31.8 32.1 32.1 -9999.0 -9999.0 -9999.0 -9999.0 -9999.0 -9999.0 -9999.0 -9999.0 -9999.0 -9999.0 -9999.0 -9999.0 -9999.0 nan nan nan nan nan nan nan nan nan nan nan nan nan nan nan nan nan -9999.0
nan nan nan nan nan nan nan nan nan nan nan nan nan nan nan nan nan nan nan nan nan nan nan nan nan nan nan nan nan 18.7 nan nan 34.1 34.3 34.5 34.8 35.3 35.7 36.3 nan nan 33.2 33.0 32.7 32.3 31.9 31.5 31.2 30.9 30.8 30.6 30.6 30.7 30.9 31.2 31.6 32.0 32.2 32.1 -9999.0 -9999.0 -9999.0 -9999.0 -9999.0 -9999.0 -9999.0 -9999.0 -9999.0 -9999.0 -9999.0 -9999.0 -9999.0 -9999.0 -9999.0 nan nan nan nan nan nan nan nan nan nan nan nan nan nan nan -9999.0
nan nan nan nan nan nan nan nan nan nan nan nan nan nan nan nan nan nan nan nan nan nan nan nan nan nan nan nan nan 16.3 16.3 nan 34.3 34.6 32.4 30.8 34.1 35.6 35.6 34.3 nan 32.8 33.0 32.9 32.5 32.0 31.5 31.2 30.9 30.7 30.5 30.5 30.6 31.0 31.4 31.8 32.2 32.5 -9999.0 -9999.0 -9999.0 -9999.0 -9999.0 -9999.0 -9999.0 -9999.0 -9999.0 -9999.0 -9999.0 -9999.0 -9999.0 -9999.0 -9999.0 -9999.0 -9999.0 nan nan nan nan nan nan nan nan nan nan nan nan nan nan -9999.0
nan nan nan nan nan nan nan nan nan nan nan nan nan nan nan nan nan nan nan nan nan nan nan nan nan nan nan nan nan 17.2 34.1 34.1 34.5 34.9 35.5 nan 17.1 35.2 35.2 35.2 nan 32.5 33.6 33.3 32.8 32.1 31.6 31.2 30.9 30.7 30.5 30.5 30.8 31.2 31.6 32.2 32.7 32.9 -9999.0 -9999.0 -9999.0 -9999.0 -9999.0 -9999.0 -9999.0 -9999.0 -9999.0 -9999.0 -9999.0 -9999.0 -9999.0 -9999.0 -9999.0 -9999.0 -9999.0 -9999.0 nan nan nan nan nan nan nan nan nan nan nan nan nan -9999.0
nan nan nan nan nan nan nan nan nan nan nan nan nan nan nan nan nan nan nan nan nan nan nan nan nan nan nan nan nan nan 33.5 34.1 34.6 35.2 34.2 nan nan 34.7 34.9 35.6 nan 29.5 31.8 33.4 32.9 32.3 31.7 31.2 30.9 30.7 30.6 30.7 31.0 31.4 31.9 32.4 33.0 33.2 -9999.0 -9999.0 -9999.0 -9999.0 -9999.0 -9999.0 -9999.0 -9999.0 -9999.0 -9999.0 -9999.0 -9999.0 -9999.0 -9999.0 -9999.0 -9999.0 -9999.0 -9999.0 -9999.0 nan nan nan nan nan nan nan nan nan nan nan nan -9999.0
nan nan nan nan nan nan nan nan nan nan nan nan nan nan nan nan nan nan nan nan nan nan nan nan nan nan nan nan nan nan 30.9 34.2 34.7 35.3 31.7 nan 18.9 27.4 31.2 18.2 28.5 23.8 27.1 32.9 32.8 32.3 31.8 31.3 30.9 30.8 30.8 30.9 31.2 31.7 32.4 32.9 33.2 33.2 -9999.0 -9999.0 -9999.0 -9999.0 -9999.0 -9999.0 -9999.0 -9999.0 -9999.0 -9999.0 -9999.0 -9999.0 -9999.0 -9999.0 -9999.0 -9999.0 -9999.0 -9999.0 -9999.0 -9999.0 nan nan nan nan nan nan nan nan nan nan nan -9999.0
nan nan nan nan nan nan nan nan nan nan nan nan nan nan nan nan nan nan nan nan nan nan nan nan nan nan nan nan nan nan 31.4 33.6 34.7 35.1 34.3 18.9 nan 31.0 25.3 17.5 24.5 nan 33.0 33.3 32.8 32.3 31.8 31.3 31.0 30.9 30.9 31.1 31.4 32.0 32.7 33.2 33.0 26.2 -9999.0 -9999.0 -9999.0 -9999.0 -9999.0 -9999.0 -9999.0 -9999.0 -9999.0 -9999.0 -9999.0 -9999.0 -9999.0 -9999.0 -9999.0 -9999.0 -9999.0 -9999.0 -9999.0 -9999.0 -9999.0 -9999.0 nan nan nan nan nan nan nan nan nan -9999.0
nan nan nan nan nan nan nan nan nan nan nan nan nan nan nan nan nan nan nan nan nan nan nan nan nan nan nan nan nan nan nan 34.1 34.4 34.8 35.4 nan nan 24.1 23.8 21.1 nan nan 33.1 33.1 32.7 32.3 31.8 31.4 31.1 31.0 31.1 31.3 31.8 32.3 33.1 33.7 33.3 28.7 -9999.0 -9999.0 -9999.0 -9999.0 -9999.0 -9999.0 -9999.0 -9999.0 -9999.0 -9999.0 -9999.0 nan nan nan -9999.0 -9999.0 -9999.0 -9999.0 -9999.0 -9999.0 -9999.0 -9999.0 -9999.0 -9999.0 -9999.0 -9999.0 -9999.0 nan nan nan -9999.0 -9999.0
nan nan nan nan nan nan nan nan nan nan nan nan nan nan nan nan nan nan nan nan nan nan nan nan nan nan nan nan nan nan nan 33.2 34.2 34.7 35.4 nan 17.7 21.2 31.3 19.3 nan nan 32.9 32.9 32.6 32.3 31.9 31.5 31.3 31.2 31.3 31.6 32.0 32.7 33.6 34.4 35.0 30.1 -9999.0 -9999.0 -9999.0 -9999.0 -9999.0 -9999.0 -9999.0 -9999.0 -9999.0 -9999.0 -9999.0 nan nan nan nan nan -9999.0 -9999.0 -9999.0 -9999.0 -9999.0 -9999.0 -9999.0 -9999.0 -9999.0 -9999.0 -9999.0 -9999.0 -9999.0 -9999.0 -9999.0 -9999.0
nan nan nan nan nan nan nan nan nan nan nan nan nan nan nan nan nan nan nan nan nan nan nan nan nan nan nan nan nan nan nan 18.7 34.0 34.5 35.0 35.2 32.9 25.1 20.0 16.4 19.3 nan 32.6 32.7 32.5 32.3 32.0 31.6 31.4 31.4 31.5 31.9 32.3 33.1 34.0 34.9 35.7 31.6 -9999.0 -9999.0 -9999.0 -9999.0 -9999.0 -9999.0 -9999.0 -9999.0 -9999.0 -9999.0 -9999.0 -9999.0 -9999.0 -9999.0 -9999.0 -9999.0 -9999.0 -9999.0 -9999.0 -9999.0 -9999.0 -9999.0 -9999.0 -9999.0 -9999.0 -9999.0 -9999.0 -9999.0 -9999.0 -9999.0 -9999.0 -9999.0
nan nan nan nan nan nan nan nan nan nan nan nan nan nan nan nan nan nan nan nan nan nan nan nan nan nan nan nan nan nan nan 18.6 33.8 34.4 35.1 35.7 35.9 nan 22.5 25.5 16.1 nan 32.3 32.7 32.5 32.3 32.1 31.8 31.6 31.5 31.7 32.0 32.6 33.3 34.2 35.2 35.7 31.6 -9999.0 -9999.0 -9999.0 -9999.0 -9999.0 -9999.0 -9999.0 -9999.0 -9999.0 -9999.0 -9999.0 -9999.0 -9999.0 -9999.0 -9999.0 -9999.0 -9999.0 -9999.0 -9999.0 -9999.0 -9999.0 -9999.0 -9999.0 -9999.0 -9999.0 -9999.0 -9999.0 -9999.0 -9999.0 -9999.0 -9999.0 -9999.0
nan nan nan nan nan nan nan nan nan nan nan nan nan nan nan nan nan nan nan nan nan nan nan nan nan nan nan nan nan nan nan 18.7 31.0 34.2 35.0 35.6 35.8 nan nan 23.2 19.0 nan nan 32.7 32.6 32.3 32.2 32.0 31.8 31.7 31.9 32.2 32.7 33.4 34.3 35.4 36.3 30.8 -9999.0 -9999.0 -9999.0 -9999.0 -9999.0 -9999.0 -9999.0 -9999.0 -9999.0 -9999.0 -9999.0 -9999.0 -9999.0 -9999.0 -9999.0 -9999.0 -9999.0 -9999.0 -9999.0 -9999.0 -9999.0 -9999.0 -9999.0 -9999.0 -9999.0 -9999.0 -9999.0 -9999.0 -9999.0 -9999.0 -9999.0 -9999.0
nan nan nan nan nan nan nan nan nan nan nan nan nan nan nan nan nan nan nan nan nan nan nan nan nan nan nan nan nan nan nan nan 17.9 34.5 35.0 35.7 nan nan nan 24.5 18.2 20.6 nan nan 32.1 32.1 32.0 32.0 31.9 31.9 32.1 32.4 32.8 33.5 34.4 35.5 36.3 36.3 -9999.0 -9999.0 -9999.0 -9999.0 -9999.0 -9999.0 -9999.0 -9999.0 -9999.0 -9999.0 -9999.0 -9999.0 -9999.0 -9999.0 -9999.0 -9999.0 -9999.0 -9999.0 -9999.0 -9999.0 -9999.0 -9999.0 -9999.0 -9999.0 nan nan nan -9999.0 -9999.0 -9999.0 -9999.0 -9999.0
nan nan nan nan nan nan nan nan nan nan nan nan nan nan nan nan nan nan nan nan nan nan nan nan nan nan nan nan nan nan nan nan 34.0 34.5 35.0 35.7 nan nan nan nan 20.9 20.1 32.3 nan 31.4 32.1 32.2 32.1 32.1 32.2 32.3 32.6 33.0 33.6 34.6 35.7 36.5 37.2 -9999.0 -9999.0 -9999.0 -9999.0 -9999.0 -9999.0 -9999.0 -9999.0 -9999.0 -9999.0 -9999.0 -9999.0 -9999.0 -9999.0 -9999.0 -9999.0 -9999.0 -9999.0 -9999.0 -9999.0 -9999.0 -9999.0 nan nan nan nan nan nan nan nan -9999.0 -9999.0
nan nan nan nan nan nan nan nan nan nan nan nan nan nan nan nan nan nan nan nan nan nan nan nan nan nan nan nan nan nan nan nan nan 34.5 35.2 35.9 nan nan nan nan 26.2 22.9 28.5 21.9 nan 32.4 32.4 32.2 32.2 32.3 32.5 32.8 33.2 33.7 34.7 35.7 36.4 37.5 -9999.0 -9999.0 -9999.0 -9999.0 -9999.0 -9999.0 -9999.0 -9999.0 -9999.0 -9999.0 -9999.0 nan nan nan nan nan nan nan nan nan nan nan nan nan nan nan nan nan nan nan nan nan
nan nan nan nan nan nan nan nan nan nan nan nan nan nan nan nan nan nan nan nan nan nan nan nan nan nan nan nan nan nan nan nan nan 34.7 35.1 36.1 36.2 nan nan nan 33.8 23.4 26.8 33.1 nan nan 31.8 32.0 32.1 32.2 32.4 32.7 33.1 33.6 34.6 35.7 36.6 37.8 -9999.0 -9999.0 -9999.0 -9999.0 -9999.0 -9999.0 -9999.0 -9999.0 -9999.0 -9999.0 nan nan nan nan nan nan nan nan nan nan nan nan nan nan nan nan nan nan nan nan nan nan
