data/output/RUN203/ECOSPACE/ECOSPACE_in_PAR3/PAR-VarZ-VarK/PAR-VarZ-VarK_1998_05.asc
ncols        93
nrows        151 
xllcorner    -123.80739
yllcorner    48.29471 
cellsize     0.013497347 
NODATA_value  0.0
[rows 80 to 119 of 151, columns 0 to 89 of 93]
nan nan nan nan nan nan nan nan nan nan nan nan nan nan nan nan nan nan nan nan nan nan nan 34.5 33.8 34.5 37.3 36.9 35.2 33.4 31.6 30.0 28.5 27.2 25.9 24.7 23.6 22.6 21.7 21.1 20.5 20.0 19.7 19.4 19.2 19.0 18.8 18.5 18.1 17.5 16.8 16.0 15.4 14.9 nan nan nan nan nan nan nan nan nan nan nan nan 12.8 13.0 13.0 13.0 nan 12.8 12.7 12.8 12.8 12.8 12.7 12.5 12.5 12.6 12.9 13.0 12.9 nan nan nan nan nan nan nan
nan nan nan nan nan nan nan nan nan nan nan nan nan nan nan nan nan nan nan nan nan nan nan nan nan nan 38.5 38.0 36.6 34.9 33.0 31.2 29.5 28.0 26.5 25.1 23.9 22.8 21.9 21.1 20.5 20.0 19.7 19.4 19.2 19.0 18.8 18.5 18.2 17.7 17.1 16.4 15.7 15.1 14.6 nan nan nan nan nan nan nan nan nan nan nan 13.1 13.1 nan nan nan nan nan 12.9 12.9 12.9 nan 12.6 12.7 12.9 13.0 13.2 nan nan nan nan nan nan nan nan
nan nan nan nan nan nan nan nan nan nan nan nan nan nan nan nan nan nan nan nan nan nan nan nan nan nan nan 38.6 37.6 36.3 34.5 32.5 30.5 28.8 27.1 25.7 24.3 23.1 22.2 21.3 20.6 20.1 19.7 19.5 19.2 18.9 18.7 18.5 18.3 17.9 17.3 16.5 15.9 15.3 14.8 14.4 nan nan nan nan nan nan nan nan nan 13.1 13.4 nan nan nan nan nan nan 12.9 13.0 12.9 nan 12.8 12.9 13.1 13.2 nan nan nan nan nan nan nan nan nan
nan nan nan nan nan nan nan nan nan nan nan nan nan nan nan nan nan nan nan nan nan nan nan nan nan nan nan nan 36.1 36.6 35.8 33.7 31.6 29.6 27.8 26.2 24.8 23.5 22.4 21.5 20.8 20.2 19.8 19.5 19.2 18.9 18.7 18.5 18.2 17.8 17.3 16.6 16.0 15.4 14.9 14.5 14.3 nan nan nan nan nan nan nan nan 13.2 13.4 nan nan nan nan nan nan 12.9 13.0 13.1 13.2 13.4 13.3 13.2 nan nan nan nan nan nan nan nan nan nan
nan nan nan nan nan nan nan nan nan nan nan nan nan nan nan nan nan nan nan nan nan nan nan nan nan nan nan nan nan 15.3 36.7 34.7 32.5 30.4 28.5 26.7 25.2 23.8 22.7 21.7 20.9 20.4 19.9 19.5 19.2 18.9 18.7 18.5 18.2 17.8 17.3 16.7 16.1 15.5 15.1 14.7 14.4 14.2 nan nan nan nan nan nan 13.3 13.3 13.4 nan 13.6 13.5 13.5 nan nan 13.0 13.1 13.2 13.4 13.7 nan nan nan nan nan nan nan nan nan nan nan nan
nan nan nan nan nan nan nan nan nan nan nan nan nan nan nan nan nan nan nan nan nan nan nan nan nan nan nan nan nan nan 16.0 35.6 33.5 31.2 29.1 27.2 25.6 24.2 22.9 21.9 21.1 20.5 20.0 19.6 19.2 18.9 18.7 18.4 18.1 17.8 17.3 16.7 16.2 15.7 15.2 14.9 14.6 14.4 nan nan nan nan nan 13.4 13.4 13.5 13.5 13.6 13.6 13.5 13.4 9.4 nan 13.1 13.2 13.4 13.5 13.5 nan nan nan nan nan nan nan nan nan nan nan nan
nan nan nan nan nan nan nan nan nan nan nan nan nan nan nan nan nan nan nan nan nan nan nan nan nan nan nan nan nan nan nan 33.2 33.8 31.7 29.6 27.7 26.1 24.6 23.3 22.2 21.4 20.7 20.2 19.7 19.3 18.9 18.6 18.4 18.0 17.7 17.3 16.8 16.3 15.9 15.5 15.2 14.9 14.6 14.4 nan nan 13.7 13.8 13.7 13.6 13.6 13.7 13.6 13.6 13.5 13.4 nan nan 13.3 13.4 13.4 13.5 13.4 nan nan nan nan nan nan nan nan nan nan nan nan
nan nan nan nan nan nan nan nan nan nan nan nan nan nan nan nan nan nan nan nan nan nan nan nan nan nan nan nan nan nan nan nan 34.1 31.7 29.9 28.1 26.5 25.1 23.7 22.6 21.7 21.0 20.4 19.8 19.4 19.0 18.7 18.4 18.0 17.7 17.3 16.9 16.5 16.1 15.8 15.4 15.1 14.9 14.6 14.3 14.2 14.1 14.0 nan 13.8 13.8 13.8 13.8 13.7 13.6 13.6 13.5 13.5 13.5 13.5 13.5 13.4 nan nan nan nan nan nan nan nan nan nan nan nan nan
nan nan nan nan nan nan nan nan nan nan nan nan nan nan nan nan nan nan nan nan nan nan nan nan nan nan nan nan nan nan 32.4 33.1 33.1 31.5 29.9 28.5 27.0 25.6 24.2 23.0 22.0 21.2 20.5 20.0 19.5 19.0 18.7 18.4 18.0 17.7 17.4 17.1 16.7 16.4 16.0 15.7 15.4 15.1 14.9 14.6 14.4 14.3 14.2 14.1 14.1 14.0 14.1 14.0 13.9 13.9 13.8 13.6 13.6 13.6 13.6 13.6 13.4 nan nan nan nan nan nan nan nan nan nan nan nan nan
nan nan nan nan nan nan nan nan nan nan nan nan nan nan nan nan nan nan nan nan nan nan nan nan nan nan nan nan nan nan nan nan 32.5 31.2 30.0 29.0 27.8 26.3 24.8 23.5 22.5 21.6 20.8 20.2 19.6 19.2 18.8 18.5 18.2 17.9 17.6 17.4 17.1 16.7 16.4 16.1 15.8 15.4 15.2 14.9 14.7 14.5 14.4 14.4 14.2 14.1 14.1 nan nan nan 13.8 13.7 13.7 13.6 13.6 13.5 nan nan nan nan nan nan nan nan nan nan nan nan nan nan
nan nan nan nan nan nan nan nan nan nan nan nan nan nan nan nan nan nan nan nan nan nan nan nan nan nan nan nan nan nan 16.1 14.6 31.9 31.3 30.5 29.8 28.8 27.3 25.5 24.1 22.9 22.0 21.2 20.5 19.9 19.5 19.1 18.8 18.5 18.2 18.0 17.7 17.4 17.2 16.9 16.5 16.2 15.8 15.5 15.2 15.0 14.7 14.5 14.4 nan nan nan nan nan nan nan 13.9 13.7 13.6 13.5 13.4 nan nan nan nan nan nan nan nan nan nan nan nan nan nan
nan nan nan nan nan nan nan nan nan nan nan nan nan nan nan nan nan nan nan nan nan nan nan nan nan nan nan nan nan nan 15.7 31.1 31.9 31.9 31.1 16.7 30.2 28.4 26.1 24.7 23.5 22.5 21.7 20.9 20.3 19.8 19.5 19.1 18.9 18.6 18.4 18.1 17.9 17.6 17.3 16.9 16.6 16.2 15.8 15.5 15.2 14.9 14.6 nan nan nan nan nan nan 13.6 13.7 13.8 13.7 13.5 13.4 nan nan nan nan nan nan nan nan nan nan nan nan nan nan nan
nan nan nan nan nan nan nan nan nan nan nan nan nan nan nan nan nan nan nan nan nan nan nan nan nan nan nan nan nan nan 16.2 29.8 32.3 32.2 nan nan nan 28.2 26.6 25.3 24.2 23.2 22.2 21.4 20.8 20.2 19.9 19.6 19.3 19.1 18.8 18.6 18.3 18.0 17.7 17.4 17.0 16.6 16.2 15.8 15.4 15.1 14.8 nan nan nan nan nan 13.8 13.8 13.7 13.7 13.5 13.4 nan nan nan nan nan nan nan nan nan nan nan nan nan nan nan nan
nan nan nan nan nan nan nan nan nan nan nan nan nan nan nan nan nan nan nan nan nan nan nan nan nan nan nan nan nan nan 16.1 14.9 32.5 32.5 nan nan nan 25.7 27.2 26.2 25.1 24.0 22.9 22.0 21.3 20.7 20.3 20.0 19.8 19.5 19.3 19.0 18.8 18.5 18.2 17.8 17.4 16.9 16.5 16.1 15.7 15.3 15.0 14.4 14.2 nan 13.9 13.9 13.9 13.8 13.7 13.6 nan nan nan nan nan nan nan nan nan nan nan nan nan nan nan nan nan nan
nan nan nan nan nan nan nan nan nan nan nan nan nan nan nan nan nan nan nan nan nan nan nan nan nan nan nan nan nan nan nan nan 32.4 25.8 nan nan nan nan 27.0 27.1 26.3 25.0 23.7 22.6 21.8 21.2 20.8 20.5 20.2 20.0 19.8 19.5 19.3 19.0 18.6 18.2 17.8 17.3 16.8 16.4 16.0 15.6 15.2 14.9 14.5 14.3 14.1 13.9 13.9 13.7 13.6 nan nan nan nan nan nan nan nan nan nan nan nan nan nan nan nan nan nan nan
nan nan nan nan nan nan nan nan nan nan nan nan nan nan nan nan nan nan nan nan nan nan nan nan nan nan nan nan nan nan nan nan nan 26.0 14.0 nan nan nan 14.5 28.5 27.5 26.0 24.5 23.3 22.4 21.7 21.3 20.9 20.6 20.4 20.2 20.0 19.8 19.5 19.1 18.7 18.2 17.7 17.2 16.7 16.3 15.9 15.5 15.1 14.7 14.4 14.1 13.9 13.8 13.6 13.4 nan nan nan nan nan nan nan nan nan nan nan nan nan nan nan nan nan nan nan
nan nan nan nan nan nan nan nan nan nan nan nan nan nan nan nan nan nan nan nan nan nan nan nan nan nan nan nan nan nan nan nan nan nan 16.4 25.8 nan nan nan nan 28.2 27.0 25.2 23.9 23.0 22.3 21.8 21.3 21.0 20.8 20.6 20.4 20.2 19.9 19.5 19.1 18.6 18.0 17.5 17.0 16.6 16.1 15.7 15.2 14.7 14.4 14.1 13.9 13.7 13.6 13.5 13.3 nan nan nan nan nan nan nan nan nan nan nan nan nan nan nan nan nan nan
nan nan nan nan nan nan nan nan nan nan nan nan nan nan nan nan nan nan nan nan nan nan nan nan nan nan nan nan nan nan nan nan nan nan nan 18.9 16.0 nan nan nan nan 25.7 25.8 24.5 23.5 22.8 22.2 21.7 21.4 21.2 21.0 20.8 20.6 20.3 20.0 19.5 19.0 18.4 17.9 17.3 16.8 16.3 15.8 15.3 14.8 14.4 14.1 13.9 13.7 13.6 13.5 13.5 13.4 9.4 nan nan nan nan nan nan nan nan nan nan nan nan nan nan nan nan
nan nan nan nan nan nan nan nan nan nan nan nan nan nan nan nan nan nan nan nan nan nan nan nan nan nan nan nan nan nan nan nan nan nan 15.9 19.7 26.3 26.2 nan 16.1 nan 23.7 26.0 24.9 24.0 23.2 22.6 22.1 21.8 21.6 21.4 21.1 20.9 20.6 20.3 19.9 19.4 18.8 18.1 17.5 17.0 16.4 15.9 15.3 14.8 14.4 14.1 13.9 13.8 13.6 13.4 13.4 13.4 13.3 nan nan nan nan nan nan nan nan nan nan nan nan nan nan nan nan
nan nan nan nan nan nan nan nan nan nan nan nan nan nan nan nan nan nan nan nan nan nan nan nan nan nan nan nan nan nan nan nan nan nan 26.7 26.6 26.8 25.5 16.9 24.0 25.3 21.3 25.8 25.1 24.3 23.5 23.0 22.5 22.1 21.9 21.6 21.4 21.2 21.0 20.6 20.2 19.7 19.1 18.4 17.8 17.1 16.5 15.9 15.3 14.8 14.4 13.7 13.4 12.9 13.5 13.5 13.4 13.4 13.4 13.4 nan nan nan nan nan nan nan nan nan nan nan nan nan nan nan
nan nan nan nan nan nan nan nan nan nan nan nan nan nan nan nan nan nan nan nan nan nan nan nan nan nan nan nan nan nan nan nan nan nan 27.0 27.0 26.9 26.8 26.5 nan 25.9 24.7 26.2 25.2 24.4 23.7 23.2 22.7 22.3 22.0 21.8 21.6 21.4 21.2 20.9 20.5 19.9 19.3 18.7 18.0 17.2 16.5 -9999.0 -9999.0 -9999.0 -9999.0 -9999.0 -9999.0 -9999.0 10.3 13.6 13.4 13.4 13.3 13.4 nan nan nan nan nan nan nan nan nan nan nan nan nan nan -9999.0
nan nan nan nan nan nan nan nan nan nan nan nan nan nan nan nan nan nan nan nan nan nan nan nan nan nan nan nan nan nan nan nan nan nan 27.0 27.0 26.9 26.6 26.8 nan nan 27.2 26.5 25.4 24.5 23.8 23.2 22.8 22.4 22.2 21.9 21.7 21.6 21.4 21.1 20.7 20.1 19.5 18.8 18.1 17.3 -9999.0 -9999.0 -9999.0 -9999.0 -9999.0 -9999.0 -9999.0 -9999.0 nan 12.4 13.3 13.5 13.0 nan nan nan nan nan nan nan nan nan nan nan nan nan nan nan -9999.0
nan nan nan nan nan nan nan nan nan nan nan nan nan nan nan nan nan nan nan nan nan nan nan nan nan nan nan nan nan nan nan nan nan nan 26.8 26.7 26.6 26.6 27.1 nan 21.3 24.2 26.6 25.5 24.5 23.8 23.2 22.8 22.4 22.2 22.0 21.8 21.6 21.5 21.2 20.9 20.3 19.7 19.0 18.1 17.3 -9999.0 -9999.0 -9999.0 -9999.0 -9999.0 -9999.0 -9999.0 -9999.0 -9999.0 -9999.0 nan 9.9 9.9 nan nan nan nan nan nan nan nan nan nan nan nan nan nan nan -9999.0
nan nan nan nan nan nan nan nan nan nan nan nan nan nan nan nan nan nan nan nan nan nan nan nan nan nan nan nan nan nan nan nan nan nan 26.4 26.3 26.6 26.8 24.2 16.2 24.7 21.8 26.1 25.4 24.5 23.7 23.2 22.7 22.4 22.2 21.9 21.8 21.6 21.5 21.3 21.0 20.6 20.0 19.2 18.3 -9999.0 -9999.0 -9999.0 -9999.0 -9999.0 -9999.0 -9999.0 -9999.0 -9999.0 -9999.0 -9999.0 nan nan nan nan nan nan nan nan nan nan nan nan nan nan nan nan nan nan -9999.0
nan nan nan nan nan nan nan nan nan nan nan nan nan nan nan nan nan nan nan nan nan nan nan nan nan nan nan nan nan nan nan nan 24.8 25.4 26.4 26.7 27.0 27.6 26.6 26.8 nan 27.5 26.3 25.2 24.4 23.6 23.1 22.6 22.3 22.1 21.9 21.7 21.6 21.6 21.4 21.2 20.9 20.2 19.4 -9999.0 -9999.0 -9999.0 -9999.0 -9999.0 -9999.0 -9999.0 -9999.0 -9999.0 -9999.0 -9999.0 -9999.0 -9999.0 nan nan nan nan nan nan nan nan nan nan nan nan nan nan nan nan nan -9999.0
nan nan nan nan nan nan nan nan nan nan nan nan nan nan nan nan nan nan nan nan nan nan nan nan nan nan nan nan nan 16.3 nan nan 26.7 26.8 27.0 27.1 27.6 28.2 29.0 nan nan 27.2 26.4 25.3 24.4 23.6 23.0 22.6 22.3 22.0 21.8 21.7 21.7 21.6 21.6 21.5 21.1 20.6 19.7 -9999.0 -9999.0 -9999.0 -9999.0 -9999.0 -9999.0 -9999.0 -9999.0 -9999.0 -9999.0 -9999.0 -9999.0 -9999.0 -9999.0 -9999.0 nan nan nan nan nan nan nan nan nan nan nan nan nan nan nan -9999.0
nan nan nan nan nan nan nan nan nan nan nan nan nan nan nan nan nan nan nan nan nan nan nan nan nan nan nan nan nan 14.0 14.0 nan 27.2 27.6 26.0 24.2 26.9 28.4 28.8 27.7 nan 27.5 26.8 25.7 24.6 23.7 23.1 22.6 22.2 22.0 21.8 21.7 21.7 21.8 21.8 21.8 21.5 21.0 -9999.0 -9999.0 -9999.0 -9999.0 -9999.0 -9999.0 -9999.0 -9999.0 -9999.0 -9999.0 -9999.0 -9999.0 -9999.0 -9999.0 -9999.0 -9999.0 -9999.0 nan nan nan nan nan nan nan nan nan nan nan nan nan nan -9999.0
nan nan nan nan nan nan nan nan nan nan nan nan nan nan nan nan nan nan nan nan nan nan nan nan nan nan nan nan nan 14.8 27.4 27.5 27.7 28.1 28.7 nan 14.8 28.3 28.6 28.9 nan 26.9 27.4 26.2 25.0 24.0 23.3 22.7 22.3 22.0 21.9 21.8 21.9 22.0 22.1 22.2 22.0 21.5 -9999.0 -9999.0 -9999.0 -9999.0 -9999.0 -9999.0 -9999.0 -9999.0 -9999.0 -9999.0 -9999.0 -9999.0 -9999.0 -9999.0 -9999.0 -9999.0 -9999.0 -9999.0 nan nan nan nan nan nan nan nan nan nan nan nan nan -9999.0
nan nan nan nan nan nan nan nan nan nan nan nan nan nan nan nan nan nan nan nan nan nan nan nan nan nan nan nan nan nan 26.9 27.5 28.0 28.6 27.6 nan nan 28.1 28.5 29.2 nan 24.1 25.3 26.3 25.3 24.2 23.5 22.9 22.5 22.2 22.1 22.0 22.0 22.2 22.4 22.5 22.4 21.9 -9999.0 -9999.0 -9999.0 -9999.0 -9999.0 -9999.0 -9999.0 -9999.0 -9999.0 -9999.0 -9999.0 -9999.0 -9999.0 -9999.0 -9999.0 -9999.0 -9999.0 -9999.0 -9999.0 nan nan nan nan nan nan nan nan nan nan nan nan -9999.0
nan nan nan nan nan nan nan nan nan nan nan nan nan nan nan nan nan nan nan nan nan nan nan nan nan nan nan nan nan nan 24.5 27.6 28.2 28.9 25.5 nan 16.5 22.0 25.1 15.4 23.6 19.2 21.8 25.6 25.5 24.6 23.8 23.3 22.8 22.5 22.3 22.2 22.3 22.4 22.6 22.6 22.5 21.8 -9999.0 -9999.0 -9999.0 -9999.0 -9999.0 -9999.0 -9999.0 -9999.0 -9999.0 -9999.0 -9999.0 -9999.0 -9999.0 -9999.0 -9999.0 -9999.0 -9999.0 -9999.0 -9999.0 -9999.0 nan nan nan nan nan nan nan nan nan nan nan -9999.0
nan nan nan nan nan nan nan nan nan nan nan nan nan nan nan nan nan nan nan nan nan nan nan nan nan nan nan nan nan nan 25.1 27.2 28.4 29.0 27.7 16.5 nan 25.5 20.9 16.1 20.6 nan 27.9 27.2 26.0 25.1 24.3 23.6 23.2 22.8 22.6 22.5 22.5 22.7 22.9 22.8 22.1 16.7 -9999.0 -9999.0 -9999.0 -9999.0 -9999.0 -9999.0 -9999.0 -9999.0 -9999.0 -9999.0 -9999.0 -9999.0 -9999.0 -9999.0 -9999.0 -9999.0 -9999.0 -9999.0 -9999.0 -9999.0 -9999.0 -9999.0 nan nan nan nan nan nan nan nan nan -9999.0
nan nan nan nan nan nan nan nan nan nan nan nan nan nan nan nan nan nan nan nan nan nan nan nan nan nan nan nan nan nan nan 27.8 28.2 28.8 29.4 nan nan 19.4 19.9 19.1 nan nan 28.4 27.7 26.7 25.7 24.8 24.1 23.6 23.3 23.0 22.9 22.9 23.1 23.3 23.3 22.5 18.2 -9999.0 -9999.0 -9999.0 -9999.0 -9999.0 -9999.0 -9999.0 -9999.0 -9999.0 -9999.0 -9999.0 nan nan nan -9999.0 -9999.0 -9999.0 -9999.0 -9999.0 -9999.0 -9999.0 -9999.0 -9999.0 -9999.0 -9999.0 -9999.0 -9999.0 nan nan nan -9999.0 -9999.0
nan nan nan nan nan nan nan nan nan nan nan nan nan nan nan nan nan nan nan nan nan nan nan nan nan nan nan nan nan nan nan 26.9 28.0 28.7 29.5 nan 15.3 17.6 26.0 16.7 nan nan 28.9 28.3 27.5 26.5 25.5 24.7 24.2 23.8 23.5 23.4 23.4 23.6 23.7 23.8 23.4 19.2 -9999.0 -9999.0 -9999.0 -9999.0 -9999.0 -9999.0 -9999.0 -9999.0 -9999.0 -9999.0 -9999.0 nan nan nan nan nan -9999.0 -9999.0 -9999.0 -9999.0 -9999.0 -9999.0 -9999.0 -9999.0 -9999.0 -9999.0 -9999.0 -9999.0 -9999.0 -9999.0 -9999.0 -9999.0
nan nan nan nan nan nan nan nan nan nan nan nan nan nan nan nan nan nan nan nan nan nan nan nan nan nan nan nan nan nan nan 16.3 27.9 28.7 28.7 28.2 25.0 20.5 16.3 13.5 16.2 nan 29.1 28.9 28.2 27.2 26.3 25.4 24.8 24.3 24.0 23.8 23.8 24.0 24.1 24.2 24.2 18.7 -9999.0 -9999.0 -9999.0 -9999.0 -9999.0 -9999.0 -9999.0 -9999.0 -9999.0 -9999.0 -9999.0 -9999.0 -9999.0 -9999.0 -9999.0 -9999.0 -9999.0 -9999.0 -9999.0 -9999.0 -9999.0 -9999.0 -9999.0 -9999.0 -9999.0 -9999.0 -9999.0 -9999.0 -9999.0 -9999.0 -9999.0 -9999.0
nan nan nan nan nan nan nan nan nan nan nan nan nan nan nan nan nan nan nan nan nan nan nan nan nan nan nan nan nan nan nan 16.3 27.8 28.9 29.9 30.4 30.7 nan 17.9 21.3 12.7 nan 29.4 29.5 28.9 28.0 27.1 26.2 25.5 24.9 24.5 24.3 24.2 24.4 24.5 24.6 24.5 19.3 -9999.0 -9999.0 -9999.0 -9999.0 -9999.0 -9999.0 -9999.0 -9999.0 -9999.0 -9999.0 -9999.0 -9999.0 -9999.0 -9999.0 -9999.0 -9999.0 -9999.0 -9999.0 -9999.0 -9999.0 -9999.0 -9999.0 -9999.0 -9999.0 -9999.0 -9999.0 -9999.0 -9999.0 -9999.0 -9999.0 -9999.0 -9999.0
nan nan nan nan nan nan nan nan nan nan nan nan nan nan nan nan nan nan nan nan nan nan nan nan nan nan nan nan nan nan nan 16.3 25.2 28.5 30.0 30.5 30.7 nan nan 19.1 15.2 nan nan 29.9 29.5 28.6 27.8 26.9 26.1 25.5 25.0 24.8 24.7 24.9 25.0 25.0 25.0 17.8 -9999.0 -9999.0 -9999.0 -9999.0 -9999.0 -9999.0 -9999.0 -9999.0 -9999.0 -9999.0 -9999.0 -9999.0 -9999.0 -9999.0 -9999.0 -9999.0 -9999.0 -9999.0 -9999.0 -9999.0 -9999.0 -9999.0 -9999.0 -9999.0 -9999.0 -9999.0 -9999.0 -9999.0 -9999.0 -9999.0 -9999.0 -9999.0
nan nan nan nan nan nan nan nan nan nan nan nan nan nan nan nan nan nan nan nan nan nan nan nan nan nan nan nan nan nan nan nan 15.7 29.3 30.1 30.8 nan nan nan 20.4 14.8 16.9 nan nan 29.3 28.9 28.3 27.5 26.8 26.1 25.6 25.3 25.2 25.4 25.5 25.5 25.6 24.8 -9999.0 -9999.0 -9999.0 -9999.0 -9999.0 -9999.0 -9999.0 -9999.0 -9999.0 -9999.0 -9999.0 -9999.0 -9999.0 -9999.0 -9999.0 -9999.0 -9999.0 -9999.0 -9999.0 -9999.0 -9999.0 -9999.0 -9999.0 -9999.0 nan nan nan -9999.0 -9999.0 -9999.0 -9999.0 -9999.0
nan nan nan nan nan nan nan nan nan nan nan nan nan nan nan nan nan nan nan nan nan nan nan nan nan nan nan nan nan nan nan nan 27.9 29.0 30.0 30.8 nan nan nan nan 16.9 16.6 27.5 nan 28.7 29.5 29.0 28.1 27.4 26.8 26.2 25.9 25.8 25.9 25.9 26.0 26.1 25.9 -9999.0 -9999.0 -9999.0 -9999.0 -9999.0 -9999.0 -9999.0 -9999.0 -9999.0 -9999.0 -9999.0 -9999.0 -9999.0 -9999.0 -9999.0 -9999.0 -9999.0 -9999.0 -9999.0 -9999.0 -9999.0 -9999.0 nan nan nan nan nan nan nan nan -9999.0 -9999.0
nan nan nan nan nan nan nan nan nan nan nan nan nan nan nan nan nan nan nan nan nan nan nan nan nan nan nan nan nan nan nan nan nan 29.3 30.3 31.0 nan nan nan nan 22.2 18.8 23.5 19.9 nan 30.1 29.8 28.9 28.2 27.5 27.0 26.7 26.5 26.4 26.5 26.7 26.9 26.9 -9999.0 -9999.0 -9999.0 -9999.0 -9999.0 -9999.0 -9999.0 -9999.0 -9999.0 -9999.0 -9999.0 nan nan nan nan nan nan nan nan nan nan nan nan nan nan nan nan nan nan nan nan nan
nan nan nan nan nan nan nan nan nan nan nan nan nan nan nan nan nan nan nan nan nan nan nan nan nan nan nan nan nan nan nan nan nan 29.4 30.6 31.6 31.5 nan nan nan 29.5 19.7 21.0 29.6 nan nan 29.9 29.5 29.0 28.3 27.8 27.4 27.1 27.1 27.1 27.4 27.6 27.6 -9999.0 -9999.0 -9999.0 -9999.0 -9999.0 -9999.0 -9999.0 -9999.0 -9999.0 -9999.0 nan nan nan nan nan nan nan nan nan nan nan nan nan nan nan nan nan nan nan nan nan nan
