data/output/RUN203/ECOSPACE/ECOSPACE_in_PAR3/PAR-VarZ-VarK/PAR-VarZ-VarK_2002_04.asc
ncols        93
nrows        151 
xllcorner    -123.80739
yllcorner    48.29471 
cellsize     0.013497347 
NODATA_value  0.0
[rows 80 to 119 of 151, columns 0 to 89 of 93]
nan nan nan nan nan nan nan nan nan nan nan nan nan nan nan nan nan nan nan nan nan nan nan 37.6 36.3 37.7 40.0 41.2 41.2 41.1 40.6 39.9 39.4 38.7 37.7 36.6 35.6 34.6 33.8 33.3 32.9 32.6 32.2 31.9 31.3 30.6 29.8 28.8 27.9 26.6 25.1 23.7 22.4 21.5 nan nan nan nan nan nan nan nan nan nan nan nan 17.1 17.5 17.7 17.8 nan 17.4 17.4 17.5 17.5 17.7 17.7 17.4 17.4 17.6 18.0 18.3 18.4 nan nan nan nan nan nan nan
nan nan nan nan nan nan nan nan nan nan nan nan nan nan nan nan nan nan nan nan nan nan nan nan nan nan 40.9 41.1 41.2 41.2 40.9 40.4 39.8 39.0 38.0 36.9 35.8 34.7 33.8 33.2 32.8 32.4 32.0 31.6 31.0 30.3 29.5 28.7 27.8 26.7 25.5 24.2 22.9 21.9 21.2 nan nan nan nan nan nan nan nan nan nan nan 17.5 17.7 nan nan nan nan nan 17.6 17.7 17.9 nan 17.7 17.8 18.2 18.7 19.1 nan nan nan nan nan nan nan nan
nan nan nan nan nan nan nan nan nan nan nan nan nan nan nan nan nan nan nan nan nan nan nan nan nan nan nan 40.9 40.7 41.4 41.2 40.8 40.1 39.2 38.2 37.2 36.0 34.9 33.9 33.1 32.6 32.1 31.7 31.3 30.7 29.9 29.2 28.5 27.8 26.9 25.8 24.6 23.5 22.4 21.6 21.0 nan nan nan nan nan nan nan nan nan 17.5 18.0 nan nan nan nan nan nan 17.6 17.8 17.9 nan 17.9 18.4 18.9 19.2 nan nan nan nan nan nan nan nan nan
nan nan nan nan nan nan nan nan nan nan nan nan nan nan nan nan nan nan nan nan nan nan nan nan nan nan nan nan 39.6 40.3 41.5 41.0 40.3 39.4 38.5 37.5 36.2 35.0 33.9 33.0 32.3 31.9 31.4 30.9 30.2 29.5 28.9 28.3 27.7 27.0 26.1 25.0 24.0 22.9 22.1 21.4 20.8 nan nan nan nan nan nan nan nan 17.6 18.0 nan nan nan nan nan nan 17.6 17.8 18.1 18.6 19.0 19.1 19.1 nan nan nan nan nan nan nan nan nan nan
nan nan nan nan nan nan nan nan nan nan nan nan nan nan nan nan nan nan nan nan nan nan nan nan nan nan nan nan nan 14.1 41.2 41.0 40.3 39.6 38.8 37.7 36.5 35.2 34.0 33.0 32.2 31.5 31.1 30.5 29.9 29.2 28.7 28.2 27.7 27.1 26.5 25.6 24.5 23.5 22.6 21.8 21.2 20.7 nan nan nan nan nan nan 17.6 17.9 18.2 nan 18.7 18.6 18.7 nan nan 17.7 18.0 18.4 19.0 19.8 nan nan nan nan nan nan nan nan nan nan nan nan
nan nan nan nan nan nan nan nan nan nan nan nan nan nan nan nan nan nan nan nan nan nan nan nan nan nan nan nan nan nan 15.1 40.8 40.6 39.8 38.8 37.9 36.8 35.4 34.1 32.9 32.0 31.3 30.7 30.1 29.5 29.0 28.5 28.1 27.8 27.3 26.7 26.0 25.0 24.0 23.1 22.3 21.6 21.1 nan nan nan nan nan 17.9 18.0 18.4 18.5 18.7 18.7 18.6 18.6 10.6 nan 17.8 18.2 18.7 19.2 19.7 nan nan nan nan nan nan nan nan nan nan nan nan
nan nan nan nan nan nan nan nan nan nan nan nan nan nan nan nan nan nan nan nan nan nan nan nan nan nan nan nan nan nan nan 38.5 39.7 40.0 39.0 38.1 37.1 35.8 34.4 33.0 31.9 31.1 30.4 29.7 29.2 28.7 28.3 28.0 27.7 27.5 27.0 26.3 25.5 24.6 23.7 22.9 22.2 21.5 20.8 nan nan 18.6 18.9 18.8 18.7 19.0 19.1 19.1 19.0 18.9 18.8 nan nan 18.1 18.5 19.0 19.5 19.8 nan nan nan nan nan nan nan nan nan nan nan nan
nan nan nan nan nan nan nan nan nan nan nan nan nan nan nan nan nan nan nan nan nan nan nan nan nan nan nan nan nan nan nan nan 40.3 39.8 39.1 38.3 37.4 36.2 34.8 33.3 32.0 31.0 30.1 29.4 28.9 28.3 28.0 27.7 27.5 27.3 27.0 26.5 25.9 25.1 24.3 23.5 22.7 22.1 21.5 20.5 20.1 19.9 19.9 nan 19.3 19.7 19.9 19.9 19.8 19.6 19.3 18.9 18.8 18.8 18.9 19.4 19.7 nan nan nan nan nan nan nan nan nan nan nan nan nan
nan nan nan nan nan nan nan nan nan nan nan nan nan nan nan nan nan nan nan nan nan nan nan nan nan nan nan nan nan nan 40.5 40.4 39.9 39.3 38.8 38.4 37.6 36.6 35.1 33.7 32.3 31.1 30.0 29.2 28.5 28.0 27.6 27.3 27.2 27.1 26.9 26.5 26.1 25.5 24.8 24.1 23.4 22.8 22.2 21.7 21.2 20.8 20.6 20.5 20.4 20.6 20.9 20.9 20.7 20.5 20.0 19.4 19.3 19.2 19.4 19.8 19.9 nan nan nan nan nan nan nan nan nan nan nan nan nan
nan nan nan nan nan nan nan nan nan nan nan nan nan nan nan nan nan nan nan nan nan nan nan nan nan nan nan nan nan nan nan nan 39.4 39.1 38.6 38.4 38.0 37.0 35.6 34.2 32.6 31.2 30.0 29.1 28.3 27.6 27.2 26.9 26.8 26.7 26.6 26.4 26.0 25.7 25.3 24.7 24.2 23.6 23.2 22.7 22.2 21.6 21.2 21.1 21.0 21.0 21.2 nan nan nan 20.2 19.8 19.6 19.6 19.8 20.0 nan nan nan nan nan nan nan nan nan nan nan nan nan nan
nan nan nan nan nan nan nan nan nan nan nan nan nan nan nan nan nan nan nan nan nan nan nan nan nan nan nan nan nan nan 14.5 13.4 38.3 38.5 38.5 38.5 38.4 37.5 36.2 34.6 32.9 31.5 30.1 29.0 28.1 27.4 26.9 26.5 26.4 26.4 26.4 26.3 26.1 25.9 25.6 25.2 24.7 24.2 23.7 23.3 22.7 22.1 21.5 21.3 nan nan nan nan nan nan nan 20.0 19.8 19.8 20.0 20.0 nan nan nan nan nan nan nan nan nan nan nan nan nan nan
nan nan nan nan nan nan nan nan nan nan nan nan nan nan nan nan nan nan nan nan nan nan nan nan nan nan nan nan nan nan 15.2 37.6 38.2 38.4 38.2 17.5 38.2 37.6 36.7 35.2 33.5 31.8 30.4 29.1 28.1 27.3 26.8 26.4 26.2 26.2 26.3 26.3 26.2 26.0 25.8 25.6 25.1 24.7 24.2 23.5 22.9 22.3 21.7 nan nan nan nan nan nan 19.7 19.9 20.0 19.9 19.9 20.0 nan nan nan nan nan nan nan nan nan nan nan nan nan nan nan
nan nan nan nan nan nan nan nan nan nan nan nan nan nan nan nan nan nan nan nan nan nan nan nan nan nan nan nan nan nan 14.4 36.1 37.5 38.4 nan nan nan 37.4 36.9 35.8 34.1 32.2 30.7 29.4 28.2 27.5 26.9 26.4 26.2 26.3 26.3 26.4 26.4 26.3 26.2 26.0 25.6 25.2 24.7 24.0 23.3 22.6 22.0 nan nan nan nan nan 19.8 19.8 19.8 19.9 19.9 19.9 nan nan nan nan nan nan nan nan nan nan nan nan nan nan nan nan
nan nan nan nan nan nan nan nan nan nan nan nan nan nan nan nan nan nan nan nan nan nan nan nan nan nan nan nan nan nan 14.2 14.1 36.9 38.0 nan nan nan 35.3 36.7 36.4 35.0 33.0 31.2 29.8 28.5 27.7 27.0 26.6 26.4 26.5 26.5 26.6 26.7 26.7 26.6 26.4 26.1 25.7 25.2 24.6 23.8 23.0 22.3 21.2 20.7 nan 19.9 19.9 19.9 19.8 19.8 19.8 nan nan nan nan nan nan nan nan nan nan nan nan nan nan nan nan nan nan
nan nan nan nan nan nan nan nan nan nan nan nan nan nan nan nan nan nan nan nan nan nan nan nan nan nan nan nan nan nan nan nan 37.2 30.1 nan nan nan nan 35.3 36.5 35.5 33.7 31.8 30.3 29.0 28.1 27.4 26.9 26.7 26.7 26.9 27.0 27.1 27.1 27.0 26.9 26.6 26.3 25.8 25.1 24.4 23.5 22.8 22.0 21.4 20.8 20.4 20.1 19.9 19.8 19.6 nan nan nan nan nan nan nan nan nan nan nan nan nan nan nan nan nan nan nan
nan nan nan nan nan nan nan nan nan nan nan nan nan nan nan nan nan nan nan nan nan nan nan nan nan nan nan nan nan nan nan nan nan 34.7 18.0 nan nan nan 13.8 37.6 36.1 34.3 32.3 30.7 29.5 28.6 27.8 27.3 27.1 27.1 27.3 27.5 27.5 27.5 27.5 27.4 27.2 26.9 26.5 25.9 25.1 24.3 23.5 22.8 22.0 21.2 20.7 20.2 20.0 19.8 19.5 nan nan nan nan nan nan nan nan nan nan nan nan nan nan nan nan nan nan nan
nan nan nan nan nan nan nan nan nan nan nan nan nan nan nan nan nan nan nan nan nan nan nan nan nan nan nan nan nan nan nan nan nan nan 18.2 33.9 nan nan nan nan 36.3 35.1 33.1 31.4 30.0 29.0 28.2 27.6 27.5 27.5 27.7 27.9 28.0 28.1 28.1 28.1 27.9 27.6 27.1 26.6 25.9 25.2 24.4 23.5 22.6 21.7 21.0 20.4 20.0 19.7 19.5 19.4 nan nan nan nan nan nan nan nan nan nan nan nan nan nan nan nan nan nan
nan nan nan nan nan nan nan nan nan nan nan nan nan nan nan nan nan nan nan nan nan nan nan nan nan nan nan nan nan nan nan nan nan nan nan 25.6 14.5 nan nan nan nan 33.2 33.6 32.0 30.5 29.4 28.6 28.1 27.9 27.9 28.2 28.4 28.5 28.6 28.6 28.6 28.5 28.1 27.7 27.2 26.6 25.9 25.1 24.1 23.1 22.1 21.2 20.5 20.0 19.6 19.5 19.5 19.4 10.2 nan nan nan nan nan nan nan nan nan nan nan nan nan nan nan nan
nan nan nan nan nan nan nan nan nan nan nan nan nan nan nan nan nan nan nan nan nan nan nan nan nan nan nan nan nan nan nan nan nan nan 16.7 21.0 34.5 34.4 nan 14.5 nan 31.7 33.4 32.4 30.9 29.7 29.0 28.5 28.4 28.4 28.6 28.9 29.0 29.1 29.2 29.1 28.9 28.6 28.2 27.7 27.1 26.4 25.6 24.5 23.4 22.1 21.2 20.6 20.1 19.6 19.3 19.3 19.4 19.3 nan nan nan nan nan nan nan nan nan nan nan nan nan nan nan nan
nan nan nan nan nan nan nan nan nan nan nan nan nan nan nan nan nan nan nan nan nan nan nan nan nan nan nan nan nan nan nan nan nan nan 34.6 34.6 34.7 30.3 17.4 31.0 32.6 26.8 32.0 32.6 31.1 30.0 29.3 28.9 28.8 28.8 29.0 29.3 29.5 29.6 29.6 29.5 29.2 28.9 28.5 28.1 27.5 26.7 25.7 24.6 23.3 22.0 20.7 20.6 20.0 19.8 19.3 19.2 19.3 19.4 19.5 nan nan nan nan nan nan nan nan nan nan nan nan nan nan nan
nan nan nan nan nan nan nan nan nan nan nan nan nan nan nan nan nan nan nan nan nan nan nan nan nan nan nan nan nan nan nan nan nan nan 34.8 35.1 34.7 34.1 30.8 nan 34.5 31.5 33.6 32.8 31.5 30.4 29.6 29.2 29.0 29.0 29.3 29.6 29.9 30.0 30.0 29.8 29.6 29.3 28.9 28.4 27.7 26.8 -9999.0 -9999.0 -9999.0 -9999.0 -9999.0 -9999.0 -9999.0 10.7 19.5 19.3 19.4 19.3 19.4 nan nan nan nan nan nan nan nan nan nan nan nan nan nan -9999.0
nan nan nan nan nan nan nan nan nan nan nan nan nan nan nan nan nan nan nan nan nan nan nan nan nan nan nan nan nan nan nan nan nan nan 34.8 34.9 34.7 34.7 34.5 nan nan 35.1 34.4 32.9 31.7 30.7 29.9 29.4 29.2 29.2 29.5 29.9 30.1 30.3 30.2 30.1 29.9 29.6 29.1 28.6 27.8 -9999.0 -9999.0 -9999.0 -9999.0 -9999.0 -9999.0 -9999.0 -9999.0 nan 12.3 19.2 19.4 18.8 nan nan nan nan nan nan nan nan nan nan nan nan nan nan nan -9999.0
nan nan nan nan nan nan nan nan nan nan nan nan nan nan nan nan nan nan nan nan nan nan nan nan nan nan nan nan nan nan nan nan nan nan 34.6 34.5 34.7 34.7 34.1 nan 28.5 30.6 34.3 33.2 31.9 31.0 30.1 29.6 29.4 29.4 29.7 30.0 30.3 30.4 30.4 30.3 30.1 29.9 29.4 28.8 27.8 -9999.0 -9999.0 -9999.0 -9999.0 -9999.0 -9999.0 -9999.0 -9999.0 -9999.0 -9999.0 nan 10.4 10.4 nan nan nan nan nan nan nan nan nan nan nan nan nan nan nan -9999.0
nan nan nan nan nan nan nan nan nan nan nan nan nan nan nan nan nan nan nan nan nan nan nan nan nan nan nan nan nan nan nan nan nan nan 34.4 34.5 34.7 30.7 29.1 19.5 31.4 26.5 33.7 33.3 32.1 31.1 30.3 29.9 29.6 29.6 29.9 30.2 30.5 30.7 30.7 30.6 30.5 30.2 29.7 29.0 -9999.0 -9999.0 -9999.0 -9999.0 -9999.0 -9999.0 -9999.0 -9999.0 -9999.0 -9999.0 -9999.0 nan nan nan nan nan nan nan nan nan nan nan nan nan nan nan nan nan nan -9999.0
nan nan nan nan nan nan nan nan nan nan nan nan nan nan nan nan nan nan nan nan nan nan nan nan nan nan nan nan nan nan nan nan 28.2 30.2 32.2 34.6 34.9 35.0 32.1 29.4 nan 35.0 34.3 33.3 32.2 31.3 30.6 30.1 29.8 29.9 30.1 30.4 30.7 30.9 31.0 31.0 30.9 30.6 30.0 -9999.0 -9999.0 -9999.0 -9999.0 -9999.0 -9999.0 -9999.0 -9999.0 -9999.0 -9999.0 -9999.0 -9999.0 -9999.0 nan nan nan nan nan nan nan nan nan nan nan nan nan nan nan nan nan -9999.0
nan nan nan nan nan nan nan nan nan nan nan nan nan nan nan nan nan nan nan nan nan nan nan nan nan nan nan nan nan 14.4 nan nan 33.7 33.8 34.6 33.9 35.2 35.5 36.0 nan nan 35.0 34.4 33.5 32.4 31.5 30.9 30.4 30.1 30.2 30.4 30.8 31.0 31.2 31.3 31.4 31.3 31.0 30.3 -9999.0 -9999.0 -9999.0 -9999.0 -9999.0 -9999.0 -9999.0 -9999.0 -9999.0 -9999.0 -9999.0 -9999.0 -9999.0 -9999.0 -9999.0 nan nan nan nan nan nan nan nan nan nan nan nan nan nan nan -9999.0
nan nan nan nan nan nan nan nan nan nan nan nan nan nan nan nan nan nan nan nan nan nan nan nan nan nan nan nan nan 13.0 13.1 nan 34.3 34.6 30.7 31.5 32.2 35.5 35.8 34.2 nan 35.0 34.7 33.8 32.8 31.8 31.2 30.8 30.5 30.6 30.9 31.2 31.5 31.6 31.6 31.7 31.5 31.3 -9999.0 -9999.0 -9999.0 -9999.0 -9999.0 -9999.0 -9999.0 -9999.0 -9999.0 -9999.0 -9999.0 -9999.0 -9999.0 -9999.0 -9999.0 -9999.0 -9999.0 nan nan nan nan nan nan nan nan nan nan nan nan nan nan -9999.0
nan nan nan nan nan nan nan nan nan nan nan nan nan nan nan nan nan nan nan nan nan nan nan nan nan nan nan nan nan 13.7 34.0 34.4 34.6 35.0 35.2 nan 13.2 34.8 35.8 35.9 nan 33.2 35.1 34.2 33.3 32.3 31.6 31.2 31.0 31.1 31.4 31.7 31.9 32.0 32.1 32.0 31.7 31.4 -9999.0 -9999.0 -9999.0 -9999.0 -9999.0 -9999.0 -9999.0 -9999.0 -9999.0 -9999.0 -9999.0 -9999.0 -9999.0 -9999.0 -9999.0 -9999.0 -9999.0 -9999.0 nan nan nan nan nan nan nan nan nan nan nan nan nan -9999.0
nan nan nan nan nan nan nan nan nan nan nan nan nan nan nan nan nan nan nan nan nan nan nan nan nan nan nan nan nan nan 32.8 34.4 34.8 35.4 29.3 nan nan 31.2 33.2 31.5 nan 28.1 31.1 34.5 33.8 32.9 32.3 31.8 31.6 31.6 31.9 32.1 32.3 32.4 32.4 32.0 31.7 31.4 -9999.0 -9999.0 -9999.0 -9999.0 -9999.0 -9999.0 -9999.0 -9999.0 -9999.0 -9999.0 -9999.0 -9999.0 -9999.0 -9999.0 -9999.0 -9999.0 -9999.0 -9999.0 -9999.0 nan nan nan nan nan nan nan nan nan nan nan nan -9999.0
nan nan nan nan nan nan nan nan nan nan nan nan nan nan nan nan nan nan nan nan nan nan nan nan nan nan nan nan nan nan 31.5 34.3 35.0 35.5 31.4 nan 14.4 26.0 29.4 16.5 26.5 23.1 26.1 33.6 34.4 33.6 32.8 32.3 32.1 32.1 32.3 32.6 32.8 32.8 32.7 31.9 31.5 31.2 -9999.0 -9999.0 -9999.0 -9999.0 -9999.0 -9999.0 -9999.0 -9999.0 -9999.0 -9999.0 -9999.0 -9999.0 -9999.0 -9999.0 -9999.0 -9999.0 -9999.0 -9999.0 -9999.0 -9999.0 nan nan nan nan nan nan nan nan nan nan nan -9999.0
nan nan nan nan nan nan nan nan nan nan nan nan nan nan nan nan nan nan nan nan nan nan nan nan nan nan nan nan nan nan 32.2 33.7 34.8 35.3 30.6 14.4 nan 31.3 21.0 14.4 22.8 nan 34.4 35.2 34.6 33.9 33.2 32.9 32.6 32.5 32.8 33.0 33.1 33.1 32.8 31.8 30.9 25.6 -9999.0 -9999.0 -9999.0 -9999.0 -9999.0 -9999.0 -9999.0 -9999.0 -9999.0 -9999.0 -9999.0 -9999.0 -9999.0 -9999.0 -9999.0 -9999.0 -9999.0 -9999.0 -9999.0 -9999.0 -9999.0 -9999.0 nan nan nan nan nan nan nan nan nan -9999.0
nan nan nan nan nan nan nan nan nan nan nan nan nan nan nan nan nan nan nan nan nan nan nan nan nan nan nan nan nan nan nan 33.9 34.4 34.8 35.0 nan nan 23.0 21.1 16.0 nan nan 35.5 35.3 34.8 34.2 33.5 33.2 32.9 32.9 33.1 33.3 33.4 33.4 33.1 32.5 31.3 28.7 -9999.0 -9999.0 -9999.0 -9999.0 -9999.0 -9999.0 -9999.0 -9999.0 -9999.0 -9999.0 -9999.0 nan nan nan -9999.0 -9999.0 -9999.0 -9999.0 -9999.0 -9999.0 -9999.0 -9999.0 -9999.0 -9999.0 -9999.0 -9999.0 -9999.0 nan nan nan -9999.0 -9999.0
nan nan nan nan nan nan nan nan nan nan nan nan nan nan nan nan nan nan nan nan nan nan nan nan nan nan nan nan nan nan nan 30.0 33.3 34.3 35.0 nan 14.2 18.3 29.7 15.4 nan nan 35.4 35.6 35.2 34.7 34.1 33.7 33.5 33.5 33.5 33.6 33.8 33.7 33.5 33.0 32.1 29.2 -9999.0 -9999.0 -9999.0 -9999.0 -9999.0 -9999.0 -9999.0 -9999.0 -9999.0 -9999.0 -9999.0 nan nan nan nan nan -9999.0 -9999.0 -9999.0 -9999.0 -9999.0 -9999.0 -9999.0 -9999.0 -9999.0 -9999.0 -9999.0 -9999.0 -9999.0 -9999.0 -9999.0 -9999.0
nan nan nan nan nan nan nan nan nan nan nan nan nan nan nan nan nan nan nan nan nan nan nan nan nan nan nan nan nan nan nan 14.0 33.2 34.2 32.9 30.4 28.2 22.3 18.0 14.5 15.8 nan 35.4 35.8 35.4 35.1 34.6 34.2 33.9 33.8 33.8 33.8 34.0 33.8 33.5 32.7 32.0 26.9 -9999.0 -9999.0 -9999.0 -9999.0 -9999.0 -9999.0 -9999.0 -9999.0 -9999.0 -9999.0 -9999.0 -9999.0 -9999.0 -9999.0 -9999.0 -9999.0 -9999.0 -9999.0 -9999.0 -9999.0 -9999.0 -9999.0 -9999.0 -9999.0 -9999.0 -9999.0 -9999.0 -9999.0 -9999.0 -9999.0 -9999.0 -9999.0
nan nan nan nan nan nan nan nan nan nan nan nan nan nan nan nan nan nan nan nan nan nan nan nan nan nan nan nan nan nan nan 14.0 27.9 34.1 34.8 35.0 34.8 nan 21.6 24.3 13.4 nan 35.2 35.7 35.6 35.3 34.9 34.5 34.2 34.0 34.0 34.0 34.2 34.0 33.5 33.0 32.5 28.4 -9999.0 -9999.0 -9999.0 -9999.0 -9999.0 -9999.0 -9999.0 -9999.0 -9999.0 -9999.0 -9999.0 -9999.0 -9999.0 -9999.0 -9999.0 -9999.0 -9999.0 -9999.0 -9999.0 -9999.0 -9999.0 -9999.0 -9999.0 -9999.0 -9999.0 -9999.0 -9999.0 -9999.0 -9999.0 -9999.0 -9999.0 -9999.0
nan nan nan nan nan nan nan nan nan nan nan nan nan nan nan nan nan nan nan nan nan nan nan nan nan nan nan nan nan nan nan 14.1 28.3 31.3 34.2 34.4 34.4 nan nan 21.4 14.5 nan nan 35.4 35.9 35.6 35.3 34.9 34.5 34.3 34.2 34.3 34.4 34.2 33.9 33.5 32.2 26.0 -9999.0 -9999.0 -9999.0 -9999.0 -9999.0 -9999.0 -9999.0 -9999.0 -9999.0 -9999.0 -9999.0 -9999.0 -9999.0 -9999.0 -9999.0 -9999.0 -9999.0 -9999.0 -9999.0 -9999.0 -9999.0 -9999.0 -9999.0 -9999.0 -9999.0 -9999.0 -9999.0 -9999.0 -9999.0 -9999.0 -9999.0 -9999.0
nan nan nan nan nan nan nan nan nan nan nan nan nan nan nan nan nan nan nan nan nan nan nan nan nan nan nan nan nan nan nan nan 13.6 33.1 33.7 34.1 nan nan nan 21.3 14.5 12.9 nan nan 35.3 35.9 35.6 35.2 34.9 34.6 34.5 34.4 34.5 34.4 34.2 33.7 33.5 28.4 -9999.0 -9999.0 -9999.0 -9999.0 -9999.0 -9999.0 -9999.0 -9999.0 -9999.0 -9999.0 -9999.0 -9999.0 -9999.0 -9999.0 -9999.0 -9999.0 -9999.0 -9999.0 -9999.0 -9999.0 -9999.0 -9999.0 -9999.0 -9999.0 nan nan nan -9999.0 -9999.0 -9999.0 -9999.0 -9999.0
nan nan nan nan nan nan nan nan nan nan nan nan nan nan nan nan nan nan nan nan nan nan nan nan nan nan nan nan nan nan nan nan 30.9 32.4 33.2 33.9 nan nan nan nan 16.7 12.8 24.1 nan 32.6 35.3 35.5 35.3 35.0 34.8 34.7 34.8 34.7 34.6 34.6 34.2 34.2 31.7 -9999.0 -9999.0 -9999.0 -9999.0 -9999.0 -9999.0 -9999.0 -9999.0 -9999.0 -9999.0 -9999.0 -9999.0 -9999.0 -9999.0 -9999.0 -9999.0 -9999.0 -9999.0 -9999.0 -9999.0 -9999.0 -9999.0 nan nan nan nan nan nan nan nan -9999.0 -9999.0
nan nan nan nan nan nan nan nan nan nan nan nan nan nan nan nan nan nan nan nan nan nan nan nan nan nan nan nan nan nan nan nan nan 32.7 33.5 34.0 nan nan nan nan 22.3 14.2 17.3 18.2 nan 35.3 35.6 35.5 35.3 35.0 34.8 34.8 34.7 34.7 34.7 34.7 34.7 33.3 -9999.0 -9999.0 -9999.0 -9999.0 -9999.0 -9999.0 -9999.0 -9999.0 -9999.0 -9999.0 -9999.0 nan nan nan nan nan nan nan nan nan nan nan nan nan nan nan nan nan nan nan nan nan
nan nan nan nan nan nan nan nan nan nan nan nan nan nan nan nan nan nan nan nan nan nan nan nan nan nan nan nan nan nan nan nan nan 33.0 33.8 34.2 34.2 nan nan nan 31.8 16.9 15.7 29.7 nan nan 35.8 36.0 35.7 35.4 35.3 35.2 35.1 35.1 35.1 35.2 35.5 34.4 -9999.0 -9999.0 -9999.0 -9999.0 -9999.0 -9999.0 -9999.0 -9999.0 -9999.0 -9999.0 nan nan nan nan nan nan nan nan nan nan nan nan nan nan nan nan nan nan nan nan nan nan
