data/output/RUN203/ECOSPACE/ECOSPACE_in_PAR3/PAR-VarZ-VarK/PAR-VarZ-VarK_2009_08.asc
ncols        93
nrows        151 
xllcorner    -123.80739
yllcorner    48.29471 
cellsize     0.013497347 
NODATA_value  0.0
[rows 80 to 119 of 151, columns 0 to 89 of 93]
nan nan nan nan nan nan nan nan nan nan nan nan nan nan nan nan nan nan nan nan nan nan nan 32.3 31.1 32.1 34.3 33.8 33.0 32.2 31.5 30.7 30.1 29.5 29.0 28.5 28.0 27.7 27.4 27.1 26.9 26.5 25.9 25.0 24.0 23.0 22.1 21.2 20.4 19.7 19.1 18.5 18.1 17.8 nan nan nan nan nan nan nan nan nan nan nan nan 15.4 15.5 15.5 15.5 nan 15.2 15.1 15.1 15.0 15.0 14.9 14.7 14.6 14.9 15.2 15.4 15.2 nan nan nan nan nan nan nan
nan nan nan nan nan nan nan nan nan nan nan nan nan nan nan nan nan nan nan nan nan nan nan nan nan nan 34.5 34.3 33.8 33.0 32.2 31.5 30.8 30.2 29.6 29.1 28.7 28.4 28.1 27.8 27.5 27.1 26.3 25.4 24.4 23.4 22.4 21.5 20.8 20.1 19.4 18.8 18.3 18.0 17.5 nan nan nan nan nan nan nan nan nan nan nan 15.6 15.6 nan nan nan nan nan 15.1 15.2 15.2 nan 14.8 14.8 15.1 15.4 15.6 nan nan nan nan nan nan nan nan
nan nan nan nan nan nan nan nan nan nan nan nan nan nan nan nan nan nan nan nan nan nan nan nan nan nan nan 34.7 34.3 33.8 33.1 32.4 31.6 30.9 30.2 29.8 29.4 29.0 28.8 28.5 28.1 27.5 26.7 25.7 24.7 23.6 22.7 21.8 21.0 20.3 19.6 19.1 18.5 18.1 17.7 17.4 nan nan nan nan nan nan nan nan nan 15.7 15.8 nan nan nan nan nan nan 15.1 15.2 15.1 nan 14.9 15.1 15.4 15.6 nan nan nan nan nan nan nan nan nan
nan nan nan nan nan nan nan nan nan nan nan nan nan nan nan nan nan nan nan nan nan nan nan nan nan nan nan nan 32.6 34.1 34.1 33.3 32.5 31.7 31.0 30.4 30.0 29.6 29.4 29.0 28.6 27.9 26.9 25.9 24.8 23.7 22.8 21.9 21.1 20.4 19.8 19.2 18.7 18.2 17.9 17.6 17.3 nan nan nan nan nan nan nan nan 15.7 15.8 nan nan nan nan nan nan 15.1 15.2 15.2 15.4 15.7 15.6 15.5 nan nan nan nan nan nan nan nan nan nan
nan nan nan nan nan nan nan nan nan nan nan nan nan nan nan nan nan nan nan nan nan nan nan nan nan nan nan nan nan 15.4 34.8 34.2 33.3 32.5 31.8 31.2 30.6 30.2 29.9 29.5 29.0 28.1 27.1 25.9 24.8 23.8 22.8 21.9 21.1 20.5 19.8 19.3 18.8 18.4 18.0 17.7 17.5 17.3 nan nan nan nan nan nan 15.8 15.9 15.9 nan 15.8 15.7 15.7 nan nan 15.2 15.3 15.4 15.7 16.1 nan nan nan nan nan nan nan nan nan nan nan nan
nan nan nan nan nan nan nan nan nan nan nan nan nan nan nan nan nan nan nan nan nan nan nan nan nan nan nan nan nan nan 16.1 34.8 34.2 33.4 32.6 32.0 31.4 30.9 30.4 29.9 29.2 28.3 27.2 26.0 24.8 23.7 22.8 21.8 21.0 20.4 19.8 19.3 18.9 18.5 18.1 17.8 17.6 17.6 nan nan nan nan nan 16.0 16.0 16.0 16.0 16.0 15.9 15.8 15.7 10.4 nan 15.3 15.4 15.6 15.9 16.0 nan nan nan nan nan nan nan nan nan nan nan nan
nan nan nan nan nan nan nan nan nan nan nan nan nan nan nan nan nan nan nan nan nan nan nan nan nan nan nan nan nan nan nan 32.2 34.7 34.2 33.5 32.8 32.1 31.5 30.9 30.2 29.5 28.5 27.3 26.0 24.7 23.6 22.6 21.7 20.9 20.3 19.8 19.3 18.9 18.5 18.2 18.0 17.8 17.8 17.5 nan nan 16.3 16.4 16.4 16.3 16.3 16.3 16.2 16.1 15.9 15.8 nan nan 15.4 15.6 15.8 16.0 16.0 nan nan nan nan nan nan nan nan nan nan nan nan
nan nan nan nan nan nan nan nan nan nan nan nan nan nan nan nan nan nan nan nan nan nan nan nan nan nan nan nan nan nan nan nan 35.3 34.9 34.2 33.5 32.8 32.0 31.3 30.5 29.6 28.5 27.3 26.0 24.7 23.5 22.5 21.5 20.8 20.2 19.7 19.3 18.9 18.6 18.3 18.1 17.9 17.7 17.6 17.3 16.9 16.8 16.9 nan 16.5 16.5 16.5 16.5 16.4 16.2 15.9 15.7 15.7 15.8 15.8 16.0 16.0 nan nan nan nan nan nan nan nan nan nan nan nan nan
nan nan nan nan nan nan nan nan nan nan nan nan nan nan nan nan nan nan nan nan nan nan nan nan nan nan nan nan nan nan 34.9 35.3 35.6 35.2 34.7 34.0 33.3 32.5 31.6 30.8 29.8 28.6 27.3 26.0 24.7 23.4 22.3 21.4 20.7 20.1 19.7 19.3 18.9 18.7 18.5 18.2 18.1 17.9 17.7 17.6 17.4 17.2 17.1 17.0 16.9 16.8 16.8 16.7 16.6 16.5 16.2 15.9 15.9 15.9 16.0 16.1 16.1 nan nan nan nan nan nan nan nan nan nan nan nan nan
nan nan nan nan nan nan nan nan nan nan nan nan nan nan nan nan nan nan nan nan nan nan nan nan nan nan nan nan nan nan nan nan 35.5 35.3 34.9 34.4 33.8 33.0 32.2 31.2 30.0 28.7 27.4 26.0 24.6 23.3 22.2 21.3 20.6 20.1 19.6 19.3 19.0 18.8 18.6 18.4 18.3 18.1 17.9 17.7 17.6 17.5 17.4 17.3 17.0 16.9 16.8 nan nan nan 16.2 16.1 16.1 16.1 16.1 16.2 nan nan nan nan nan nan nan nan nan nan nan nan nan nan
nan nan nan nan nan nan nan nan nan nan nan nan nan nan nan nan nan nan nan nan nan nan nan nan nan nan nan nan nan nan 17.3 15.8 35.4 35.3 35.0 34.7 34.4 33.8 32.9 31.8 30.5 29.0 27.5 26.0 24.6 23.3 22.2 21.3 20.6 20.1 19.6 19.3 19.1 18.9 18.7 18.6 18.4 18.2 18.0 17.8 17.6 17.5 17.4 17.2 nan nan nan nan nan nan nan 16.3 16.3 16.2 16.3 16.2 nan nan nan nan nan nan nan nan nan nan nan nan nan nan
nan nan nan nan nan nan nan nan nan nan nan nan nan nan nan nan nan nan nan nan nan nan nan nan nan nan nan nan nan nan 17.1 34.9 35.4 35.4 35.2 18.3 34.8 34.5 33.4 32.2 30.8 29.3 27.6 26.0 24.5 23.3 22.2 21.3 20.6 20.1 19.7 19.4 19.2 19.0 18.8 18.7 18.5 18.3 18.1 17.8 17.6 17.5 17.3 nan nan nan nan nan nan 16.3 16.3 16.4 16.4 16.4 16.4 nan nan nan nan nan nan nan nan nan nan nan nan nan nan nan
nan nan nan nan nan nan nan nan nan nan nan nan nan nan nan nan nan nan nan nan nan nan nan nan nan nan nan nan nan nan 17.4 33.5 35.5 35.3 nan nan nan 34.3 33.8 32.7 31.2 29.6 27.7 26.1 24.5 23.3 22.2 21.4 20.7 20.2 19.8 19.5 19.2 19.0 18.9 18.7 18.5 18.4 18.1 17.9 17.7 17.6 17.5 nan nan nan nan nan 16.4 16.5 16.5 16.6 16.5 16.4 nan nan nan nan nan nan nan nan nan nan nan nan nan nan nan nan
nan nan nan nan nan nan nan nan nan nan nan nan nan nan nan nan nan nan nan nan nan nan nan nan nan nan nan nan nan nan 17.3 16.3 36.0 35.6 nan nan nan 32.3 34.0 33.0 31.7 30.0 28.0 26.2 24.6 23.3 22.3 21.4 20.8 20.3 19.9 19.5 19.3 19.1 18.9 18.7 18.6 18.4 18.2 18.0 17.8 17.6 17.6 17.2 16.9 nan 16.6 16.6 16.6 16.6 16.7 16.7 nan nan nan nan nan nan nan nan nan nan nan nan nan nan nan nan nan nan
nan nan nan nan nan nan nan nan nan nan nan nan nan nan nan nan nan nan nan nan nan nan nan nan nan nan nan nan nan nan nan nan 36.3 30.4 nan nan nan nan 33.7 33.5 32.5 30.6 28.3 26.3 24.6 23.4 22.3 21.5 20.9 20.4 20.0 19.6 19.4 19.1 18.9 18.7 18.6 18.4 18.2 18.1 17.9 17.7 17.5 17.3 17.1 17.0 16.9 16.8 16.8 16.7 16.7 nan nan nan nan nan nan nan nan nan nan nan nan nan nan nan nan nan nan nan
nan nan nan nan nan nan nan nan nan nan nan nan nan nan nan nan nan nan nan nan nan nan nan nan nan nan nan nan nan nan nan nan nan 28.7 15.7 nan nan nan 15.9 34.3 33.3 31.3 28.6 26.4 24.7 23.4 22.3 21.5 20.9 20.5 20.0 19.7 19.4 19.2 19.0 18.8 18.6 18.5 18.3 18.1 18.0 17.8 17.6 17.5 17.3 17.2 17.1 17.0 16.9 16.8 16.7 nan nan nan nan nan nan nan nan nan nan nan nan nan nan nan nan nan nan nan
nan nan nan nan nan nan nan nan nan nan nan nan nan nan nan nan nan nan nan nan nan nan nan nan nan nan nan nan nan nan nan nan nan nan 17.9 28.4 nan nan nan nan 33.6 31.8 28.6 26.4 24.6 23.3 22.3 21.6 21.0 20.5 20.2 19.8 19.5 19.3 19.1 18.9 18.7 18.6 18.4 18.2 18.1 18.0 17.8 17.6 17.5 17.4 17.2 17.1 17.0 16.9 16.7 16.5 nan nan nan nan nan nan nan nan nan nan nan nan nan nan nan nan nan nan
nan nan nan nan nan nan nan nan nan nan nan nan nan nan nan nan nan nan nan nan nan nan nan nan nan nan nan nan nan nan nan nan nan nan nan 21.5 16.9 nan nan nan nan 29.9 28.4 26.3 24.6 23.3 22.4 21.7 21.1 20.7 20.3 20.0 19.7 19.5 19.2 19.1 18.9 18.7 18.6 18.4 18.3 18.2 18.0 17.8 17.7 17.5 17.3 17.2 17.0 16.9 16.7 16.6 16.4 10.6 nan nan nan nan nan nan nan nan nan nan nan nan nan nan nan nan
nan nan nan nan nan nan nan nan nan nan nan nan nan nan nan nan nan nan nan nan nan nan nan nan nan nan nan nan nan nan nan nan nan nan 17.1 22.4 29.3 29.1 nan 16.9 nan 26.7 28.1 26.2 24.5 23.3 22.5 21.9 21.3 20.9 20.5 20.2 19.9 19.6 19.4 19.2 19.1 18.9 18.8 18.6 18.5 18.4 18.2 18.0 17.8 17.6 17.4 17.3 17.1 16.8 16.6 16.5 16.4 16.2 nan nan nan nan nan nan nan nan nan nan nan nan nan nan nan nan
nan nan nan nan nan nan nan nan nan nan nan nan nan nan nan nan nan nan nan nan nan nan nan nan nan nan nan nan nan nan nan nan nan nan 29.9 30.0 30.2 29.0 20.4 27.1 29.1 24.7 28.2 26.1 24.6 23.5 22.7 22.0 21.5 21.1 20.7 20.4 20.1 19.9 19.7 19.5 19.3 19.1 19.0 18.8 18.7 18.5 18.3 18.0 17.8 17.6 17.1 17.1 16.7 17.0 16.6 16.5 16.5 16.4 16.4 nan nan nan nan nan nan nan nan nan nan nan nan nan nan nan
nan nan nan nan nan nan nan nan nan nan nan nan nan nan nan nan nan nan nan nan nan nan nan nan nan nan nan nan nan nan nan nan nan nan 30.2 30.4 30.2 29.9 29.2 nan 30.6 28.5 28.0 26.2 24.7 23.6 22.9 22.2 21.8 21.4 21.0 20.6 20.4 20.1 19.9 19.7 19.5 19.4 19.2 19.0 18.8 18.5 -9999.0 -9999.0 -9999.0 -9999.0 -9999.0 -9999.0 -9999.0 11.5 16.7 16.6 16.6 16.5 16.4 nan nan nan nan nan nan nan nan nan nan nan nan nan nan -9999.0
nan nan nan nan nan nan nan nan nan nan nan nan nan nan nan nan nan nan nan nan nan nan nan nan nan nan nan nan nan nan nan nan nan nan 30.2 30.2 30.0 29.5 29.4 nan nan 29.8 28.0 26.3 24.9 23.9 23.1 22.5 22.1 21.7 21.3 21.0 20.7 20.5 20.2 20.0 19.8 19.6 19.4 19.2 18.9 -9999.0 -9999.0 -9999.0 -9999.0 -9999.0 -9999.0 -9999.0 -9999.0 nan 13.6 16.6 16.6 16.0 nan nan nan nan nan nan nan nan nan nan nan nan nan nan nan -9999.0
nan nan nan nan nan nan nan nan nan nan nan nan nan nan nan nan nan nan nan nan nan nan nan nan nan nan nan nan nan nan nan nan nan nan 30.0 29.8 29.6 29.5 30.0 nan 24.4 26.8 28.1 26.4 25.1 24.1 23.4 22.8 22.4 22.0 21.7 21.4 21.1 20.8 20.6 20.4 20.1 19.9 19.6 19.3 19.0 -9999.0 -9999.0 -9999.0 -9999.0 -9999.0 -9999.0 -9999.0 -9999.0 -9999.0 -9999.0 nan 11.1 11.1 nan nan nan nan nan nan nan nan nan nan nan nan nan nan nan -9999.0
nan nan nan nan nan nan nan nan nan nan nan nan nan nan nan nan nan nan nan nan nan nan nan nan nan nan nan nan nan nan nan nan nan nan 29.7 29.7 30.0 30.4 26.7 18.6 29.4 25.1 28.3 26.6 25.3 24.4 23.8 23.2 22.9 22.5 22.2 21.9 21.6 21.3 21.1 20.8 20.5 20.2 19.9 19.6 -9999.0 -9999.0 -9999.0 -9999.0 -9999.0 -9999.0 -9999.0 -9999.0 -9999.0 -9999.0 -9999.0 nan nan nan nan nan nan nan nan nan nan nan nan nan nan nan nan nan nan -9999.0
nan nan nan nan nan nan nan nan nan nan nan nan nan nan nan nan nan nan nan nan nan nan nan nan nan nan nan nan nan nan nan nan 29.0 29.6 29.8 30.1 30.6 31.3 31.4 30.4 nan 30.4 28.4 26.8 25.6 24.8 24.2 23.7 23.4 23.1 22.8 22.5 22.3 22.0 21.8 21.5 21.1 20.8 20.4 -9999.0 -9999.0 -9999.0 -9999.0 -9999.0 -9999.0 -9999.0 -9999.0 -9999.0 -9999.0 -9999.0 -9999.0 -9999.0 nan nan nan nan nan nan nan nan nan nan nan nan nan nan nan nan nan -9999.0
nan nan nan nan nan nan nan nan nan nan nan nan nan nan nan nan nan nan nan nan nan nan nan nan nan nan nan nan nan 17.2 nan nan 30.2 30.4 30.3 30.5 31.2 31.8 32.4 nan nan 29.6 28.4 27.1 26.1 25.3 24.8 24.3 24.0 23.7 23.5 23.2 23.0 22.8 22.6 22.3 22.0 21.5 21.0 -9999.0 -9999.0 -9999.0 -9999.0 -9999.0 -9999.0 -9999.0 -9999.0 -9999.0 -9999.0 -9999.0 -9999.0 -9999.0 -9999.0 -9999.0 nan nan nan nan nan nan nan nan nan nan nan nan nan nan nan -9999.0
nan nan nan nan nan nan nan nan nan nan nan nan nan nan nan nan nan nan nan nan nan nan nan nan nan nan nan nan nan 14.9 14.9 nan 30.7 30.9 28.8 27.3 30.8 31.7 31.9 31.2 nan 29.6 28.7 27.7 26.7 25.9 25.4 25.0 24.7 24.3 24.1 23.8 23.7 23.6 23.4 23.2 22.9 22.4 -9999.0 -9999.0 -9999.0 -9999.0 -9999.0 -9999.0 -9999.0 -9999.0 -9999.0 -9999.0 -9999.0 -9999.0 -9999.0 -9999.0 -9999.0 -9999.0 -9999.0 nan nan nan nan nan nan nan nan nan nan nan nan nan nan -9999.0
nan nan nan nan nan nan nan nan nan nan nan nan nan nan nan nan nan nan nan nan nan nan nan nan nan nan nan nan nan 15.7 31.0 30.9 31.1 31.4 31.6 nan 15.5 31.5 31.5 31.8 nan 29.5 29.4 28.4 27.5 26.6 26.1 25.6 25.3 24.9 24.6 24.4 24.3 24.3 24.3 24.2 23.9 23.5 -9999.0 -9999.0 -9999.0 -9999.0 -9999.0 -9999.0 -9999.0 -9999.0 -9999.0 -9999.0 -9999.0 -9999.0 -9999.0 -9999.0 -9999.0 -9999.0 -9999.0 -9999.0 nan nan nan nan nan nan nan nan nan nan nan nan nan -9999.0
nan nan nan nan nan nan nan nan nan nan nan nan nan nan nan nan nan nan nan nan nan nan nan nan nan nan nan nan nan nan 30.5 30.9 31.2 31.7 31.2 nan nan 31.4 31.9 32.5 nan 26.2 27.9 28.9 28.0 27.2 26.7 26.2 25.8 25.4 25.1 24.9 24.9 25.0 25.2 25.2 25.0 24.7 -9999.0 -9999.0 -9999.0 -9999.0 -9999.0 -9999.0 -9999.0 -9999.0 -9999.0 -9999.0 -9999.0 -9999.0 -9999.0 -9999.0 -9999.0 -9999.0 -9999.0 -9999.0 -9999.0 nan nan nan nan nan nan nan nan nan nan nan nan -9999.0
nan nan nan nan nan nan nan nan nan nan nan nan nan nan nan nan nan nan nan nan nan nan nan nan nan nan nan nan nan nan 28.1 30.9 31.2 31.7 28.4 nan 17.3 24.4 28.0 17.6 27.8 22.2 24.3 28.5 28.6 27.8 27.2 26.7 26.3 25.9 25.6 25.4 25.5 25.7 26.0 26.1 26.0 25.4 -9999.0 -9999.0 -9999.0 -9999.0 -9999.0 -9999.0 -9999.0 -9999.0 -9999.0 -9999.0 -9999.0 -9999.0 -9999.0 -9999.0 -9999.0 -9999.0 -9999.0 -9999.0 -9999.0 -9999.0 nan nan nan nan nan nan nan nan nan nan nan -9999.0
nan nan nan nan nan nan nan nan nan nan nan nan nan nan nan nan nan nan nan nan nan nan nan nan nan nan nan nan nan nan 28.4 30.5 31.2 31.6 30.9 17.3 nan 28.5 24.0 18.3 24.5 nan 30.1 29.9 29.1 28.4 27.7 27.2 26.7 26.3 26.0 25.9 26.0 26.3 26.7 26.8 26.4 20.9 -9999.0 -9999.0 -9999.0 -9999.0 -9999.0 -9999.0 -9999.0 -9999.0 -9999.0 -9999.0 -9999.0 -9999.0 -9999.0 -9999.0 -9999.0 -9999.0 -9999.0 -9999.0 -9999.0 -9999.0 -9999.0 -9999.0 nan nan nan nan nan nan nan nan nan -9999.0
nan nan nan nan nan nan nan nan nan nan nan nan nan nan nan nan nan nan nan nan nan nan nan nan nan nan nan nan nan nan nan 31.0 31.2 31.5 31.9 nan nan 23.0 23.5 21.9 nan nan 30.7 30.5 29.8 29.0 28.2 27.6 27.2 26.7 26.5 26.4 26.6 27.0 27.4 27.6 27.1 22.6 -9999.0 -9999.0 -9999.0 -9999.0 -9999.0 -9999.0 -9999.0 -9999.0 -9999.0 -9999.0 -9999.0 nan nan nan -9999.0 -9999.0 -9999.0 -9999.0 -9999.0 -9999.0 -9999.0 -9999.0 -9999.0 -9999.0 -9999.0 -9999.0 -9999.0 nan nan nan -9999.0 -9999.0
nan nan nan nan nan nan nan nan nan nan nan nan nan nan nan nan nan nan nan nan nan nan nan nan nan nan nan nan nan nan nan 30.4 31.1 31.6 32.2 nan 16.1 20.6 30.4 19.7 nan nan 31.1 31.0 30.4 29.6 28.8 28.1 27.6 27.2 27.0 26.9 27.2 27.5 27.9 28.2 28.0 23.0 -9999.0 -9999.0 -9999.0 -9999.0 -9999.0 -9999.0 -9999.0 -9999.0 -9999.0 -9999.0 -9999.0 nan nan nan nan nan -9999.0 -9999.0 -9999.0 -9999.0 -9999.0 -9999.0 -9999.0 -9999.0 -9999.0 -9999.0 -9999.0 -9999.0 -9999.0 -9999.0 -9999.0 -9999.0
nan nan nan nan nan nan nan nan nan nan nan nan nan nan nan nan nan nan nan nan nan nan nan nan nan nan nan nan nan nan nan 17.2 31.0 31.5 31.9 31.7 29.8 25.1 19.2 16.1 19.5 nan 31.3 31.4 30.9 30.2 29.4 28.8 28.3 27.8 27.6 27.5 27.7 28.1 28.5 28.7 29.0 24.8 -9999.0 -9999.0 -9999.0 -9999.0 -9999.0 -9999.0 -9999.0 -9999.0 -9999.0 -9999.0 -9999.0 -9999.0 -9999.0 -9999.0 -9999.0 -9999.0 -9999.0 -9999.0 -9999.0 -9999.0 -9999.0 -9999.0 -9999.0 -9999.0 -9999.0 -9999.0 -9999.0 -9999.0 -9999.0 -9999.0 -9999.0 -9999.0
nan nan nan nan nan nan nan nan nan nan nan nan nan nan nan nan nan nan nan nan nan nan nan nan nan nan nan nan nan nan nan 17.2 31.0 31.6 32.2 32.7 32.7 nan 20.9 24.8 15.6 nan 31.5 31.8 31.5 30.9 30.2 29.5 29.0 28.5 28.2 28.1 28.3 28.6 29.0 29.2 29.5 23.7 -9999.0 -9999.0 -9999.0 -9999.0 -9999.0 -9999.0 -9999.0 -9999.0 -9999.0 -9999.0 -9999.0 -9999.0 -9999.0 -9999.0 -9999.0 -9999.0 -9999.0 -9999.0 -9999.0 -9999.0 -9999.0 -9999.0 -9999.0 -9999.0 -9999.0 -9999.0 -9999.0 -9999.0 -9999.0 -9999.0 -9999.0 -9999.0
nan nan nan nan nan nan nan nan nan nan nan nan nan nan nan nan nan nan nan nan nan nan nan nan nan nan nan nan nan nan nan 17.2 28.5 31.4 32.3 32.8 32.8 nan nan 22.5 18.6 nan nan 32.3 32.3 31.7 31.0 30.3 29.7 29.3 29.0 28.8 28.9 29.2 29.5 29.6 29.9 24.7 -9999.0 -9999.0 -9999.0 -9999.0 -9999.0 -9999.0 -9999.0 -9999.0 -9999.0 -9999.0 -9999.0 -9999.0 -9999.0 -9999.0 -9999.0 -9999.0 -9999.0 -9999.0 -9999.0 -9999.0 -9999.0 -9999.0 -9999.0 -9999.0 -9999.0 -9999.0 -9999.0 -9999.0 -9999.0 -9999.0 -9999.0 -9999.0
nan nan nan nan nan nan nan nan nan nan nan nan nan nan nan nan nan nan nan nan nan nan nan nan nan nan nan nan nan nan nan nan 16.5 31.9 32.4 32.9 nan nan nan 24.1 18.0 21.1 nan nan 32.1 32.1 31.5 30.9 30.4 30.0 29.7 29.5 29.6 29.8 29.9 30.1 30.3 30.1 -9999.0 -9999.0 -9999.0 -9999.0 -9999.0 -9999.0 -9999.0 -9999.0 -9999.0 -9999.0 -9999.0 -9999.0 -9999.0 -9999.0 -9999.0 -9999.0 -9999.0 -9999.0 -9999.0 -9999.0 -9999.0 -9999.0 -9999.0 -9999.0 nan nan nan -9999.0 -9999.0 -9999.0 -9999.0 -9999.0
nan nan nan nan nan nan nan nan nan nan nan nan nan nan nan nan nan nan nan nan nan nan nan nan nan nan nan nan nan nan nan nan 31.1 31.9 32.4 32.9 nan nan nan nan 20.3 20.5 32.6 nan 31.8 32.5 32.3 31.7 31.1 30.7 30.4 30.2 30.2 30.3 30.5 30.8 30.9 31.1 -9999.0 -9999.0 -9999.0 -9999.0 -9999.0 -9999.0 -9999.0 -9999.0 -9999.0 -9999.0 -9999.0 -9999.0 -9999.0 -9999.0 -9999.0 -9999.0 -9999.0 -9999.0 -9999.0 -9999.0 -9999.0 -9999.0 nan nan nan nan nan nan nan nan -9999.0 -9999.0
nan nan nan nan nan nan nan nan nan nan nan nan nan nan nan nan nan nan nan nan nan nan nan nan nan nan nan nan nan nan nan nan nan 32.0 32.7 33.2 nan nan nan nan 26.1 23.8 28.9 20.6 nan 33.5 33.6 32.8 32.0 31.4 31.1 30.9 30.7 30.7 31.0 31.3 31.4 31.6 -9999.0 -9999.0 -9999.0 -9999.0 -9999.0 -9999.0 -9999.0 -9999.0 -9999.0 -9999.0 -9999.0 nan nan nan nan nan nan nan nan nan nan nan nan nan nan nan nan nan nan nan nan nan
nan nan nan nan nan nan nan nan nan nan nan nan nan nan nan nan nan nan nan nan nan nan nan nan nan nan nan nan nan nan nan nan nan 32.2 32.7 33.9 33.8 nan nan nan 32.9 24.4 26.7 32.7 nan nan 33.6 33.1 32.5 31.9 31.6 31.4 31.3 31.2 31.5 31.9 32.0 32.2 -9999.0 -9999.0 -9999.0 -9999.0 -9999.0 -9999.0 -9999.0 -9999.0 -9999.0 -9999.0 nan nan nan nan nan nan nan nan nan nan nan nan nan nan nan nan nan nan nan nan nan nan
