data/output/RUN203/ECOSPACE/ECOSPACE_in_PAR3/PAR-VarZ-VarK/PAR-VarZ-VarK_2000_10.asc
ncols        93
nrows        151 
xllcorner    -123.80739
yllcorner    48.29471 
cellsize     0.013497347 
NODATA_value  0.0
[rows 80 to 119 of 151, columns 0 to 90 of 93]
nan nan nan nan nan nan nan nan nan nan nan nan nan nan nan nan nan nan nan nan nan nan nan 14.9 14.4 15.0 15.6 15.9 15.4 14.9 14.5 14.2 13.9 13.8 13.6 13.6 13.5 13.5 13.6 13.7 13.8 13.9 14.0 13.9 13.7 13.5 13.3 13.0 12.7 12.2 11.6 11.1 10.6 10.3 nan nan nan nan nan nan nan nan nan nan nan nan 8.2 8.4 8.5 8.6 nan 8.3 8.4 8.4 8.4 8.5 8.6 8.4 8.4 8.5 8.8 8.8 8.8 nan nan nan nan nan nan nan nan
nan nan nan nan nan nan nan nan nan nan nan nan nan nan nan nan nan nan nan nan nan nan nan nan nan nan 16.2 16.1 15.7 15.2 14.8 14.4 14.1 13.9 13.7 13.6 13.6 13.6 13.6 13.7 13.8 13.9 13.9 13.9 13.8 13.6 13.4 13.1 12.8 12.4 11.9 11.4 10.9 10.4 10.0 nan nan nan nan nan nan nan nan nan nan nan 8.4 8.5 nan nan nan nan nan 8.5 8.6 8.7 nan 8.5 8.6 8.8 9.1 9.2 nan nan nan nan nan nan nan nan nan
nan nan nan nan nan nan nan nan nan nan nan nan nan nan nan nan nan nan nan nan nan nan nan nan nan nan nan 16.1 15.8 15.6 15.1 14.8 14.4 14.2 13.9 13.8 13.8 13.7 13.7 13.8 13.8 13.9 13.9 13.8 13.7 13.5 13.3 13.1 12.9 12.6 12.1 11.7 11.2 10.6 10.2 9.9 nan nan nan nan nan nan nan nan nan 8.4 8.7 nan nan nan nan nan nan 8.5 8.6 8.7 nan 8.7 8.9 9.1 9.3 nan nan nan nan nan nan nan nan nan nan
nan nan nan nan nan nan nan nan nan nan nan nan nan nan nan nan nan nan nan nan nan nan nan nan nan nan nan nan 15.3 15.7 15.6 15.1 14.8 14.5 14.2 13.9 13.9 13.8 13.8 13.8 13.9 13.9 13.9 13.8 13.7 13.5 13.4 13.2 13.1 12.8 12.5 12.0 11.5 10.9 10.4 10.1 9.9 nan nan nan nan nan nan nan nan 8.4 8.7 nan nan nan nan nan nan 8.5 8.7 8.8 9.1 9.4 9.3 9.3 nan nan nan nan nan nan nan nan nan nan nan
nan nan nan nan nan nan nan nan nan nan nan nan nan nan nan nan nan nan nan nan nan nan nan nan nan nan nan nan nan 6.5 15.8 15.5 15.1 14.8 14.4 14.1 14.0 13.9 13.9 13.9 13.9 13.9 13.8 13.8 13.7 13.6 13.5 13.4 13.2 13.0 12.8 12.4 11.9 11.4 10.8 10.4 10.1 9.9 nan nan nan nan nan nan 8.4 8.6 8.8 nan 9.0 9.1 9.1 nan nan 8.6 8.8 9.0 9.3 9.7 nan nan nan nan nan nan nan nan nan nan nan nan nan
nan nan nan nan nan nan nan nan nan nan nan nan nan nan nan nan nan nan nan nan nan nan nan nan nan nan nan nan nan nan 6.8 15.6 15.3 15.1 14.7 14.4 14.2 14.1 13.9 13.9 13.9 13.9 13.8 13.7 13.7 13.6 13.6 13.4 13.4 13.3 13.1 12.7 12.3 11.8 11.4 10.9 10.5 10.2 nan nan nan nan nan 8.5 8.6 8.8 9.0 9.1 9.1 9.1 9.1 5.2 nan 8.7 8.9 9.2 9.5 9.7 nan nan nan nan nan nan nan nan nan nan nan nan nan
nan nan nan nan nan nan nan nan nan nan nan nan nan nan nan nan nan nan nan nan nan nan nan nan nan nan nan nan nan nan nan 14.7 15.2 15.2 14.9 14.6 14.4 14.2 14.0 13.9 13.8 13.8 13.8 13.7 13.7 13.7 13.7 13.6 13.5 13.5 13.4 13.1 12.8 12.3 11.9 11.4 10.9 10.5 10.0 nan nan 8.9 9.1 9.1 9.1 9.2 9.3 9.4 9.4 9.3 9.3 nan nan 8.9 9.1 9.4 9.7 9.8 nan nan nan nan nan nan nan nan nan nan nan nan nan
nan nan nan nan nan nan nan nan nan nan nan nan nan nan nan nan nan nan nan nan nan nan nan nan nan nan nan nan nan nan nan nan 15.4 15.3 15.1 14.8 14.5 14.3 14.1 14.0 13.9 13.9 13.8 13.8 13.8 13.8 13.8 13.7 13.7 13.7 13.6 13.5 13.2 12.8 12.4 11.9 11.5 10.9 10.5 9.9 9.6 9.6 9.7 nan 9.5 9.7 9.9 10.0 9.9 9.8 9.6 9.4 9.4 9.4 9.4 9.6 9.8 nan nan nan nan nan nan nan nan nan nan nan nan nan nan
nan nan nan nan nan nan nan nan nan nan nan nan nan nan nan nan nan nan nan nan nan nan nan nan nan nan nan nan nan nan 15.2 15.4 15.4 15.2 15.1 14.9 14.6 14.3 14.1 14.1 14.0 13.9 13.8 13.7 13.8 13.8 13.8 13.8 13.8 13.8 13.8 13.7 13.5 13.3 13.0 12.6 12.1 11.6 11.1 10.7 10.4 10.2 10.2 10.3 10.3 10.4 10.7 10.8 10.6 10.6 10.1 9.8 9.7 9.7 9.7 9.9 9.8 nan nan nan nan nan nan nan nan nan nan nan nan nan nan
nan nan nan nan nan nan nan nan nan nan nan nan nan nan nan nan nan nan nan nan nan nan nan nan nan nan nan nan nan nan nan nan 15.2 15.2 15.1 14.9 14.8 14.6 14.3 14.1 14.0 14.0 13.9 13.8 13.8 13.8 13.8 13.9 13.9 13.9 13.9 13.9 13.9 13.7 13.5 13.2 12.8 12.4 11.9 11.5 11.2 10.9 10.8 10.9 10.8 10.8 11.0 nan nan nan 10.3 10.1 10.0 9.9 9.9 9.9 nan nan nan nan nan nan nan nan nan nan nan nan nan nan nan
nan nan nan nan nan nan nan nan nan nan nan nan nan nan nan nan nan nan nan nan nan nan nan nan nan nan nan nan nan nan 7.0 6.4 15.0 15.1 15.2 15.2 15.1 14.8 14.5 14.3 14.2 14.0 13.9 13.9 13.9 13.8 13.8 13.9 13.9 13.9 14.0 14.0 14.0 13.9 13.8 13.7 13.5 13.1 12.7 12.2 11.8 11.4 11.3 11.2 nan nan nan nan nan nan nan 10.3 10.1 10.0 10.0 9.9 nan nan nan nan nan nan nan nan nan nan nan nan nan nan nan
nan nan nan nan nan nan nan nan nan nan nan nan nan nan nan nan nan nan nan nan nan nan nan nan nan nan nan nan nan nan 7.0 14.6 15.0 15.2 15.2 7.7 15.1 15.2 14.8 14.6 14.4 14.2 14.1 14.0 13.9 13.8 13.8 13.8 13.9 14.0 14.0 14.1 14.1 14.1 14.0 14.0 13.9 13.6 13.3 12.8 12.3 11.8 11.5 nan nan nan nan nan nan 10.0 10.1 10.2 10.1 10.0 10.0 nan nan nan nan nan nan nan nan nan nan nan nan nan nan nan nan
nan nan nan nan nan nan nan nan nan nan nan nan nan nan nan nan nan nan nan nan nan nan nan nan nan nan nan nan nan nan 7.1 14.1 15.0 15.3 nan nan nan 14.8 15.0 14.8 14.6 14.4 14.2 14.1 14.0 13.9 13.8 13.8 13.9 13.9 14.1 14.1 14.2 14.2 14.2 14.2 14.1 14.0 13.7 13.2 12.7 12.1 11.7 nan nan nan nan nan 10.1 10.1 10.1 10.1 10.0 9.9 nan nan nan nan nan nan nan nan nan nan nan nan nan nan nan nan nan
nan nan nan nan nan nan nan nan nan nan nan nan nan nan nan nan nan nan nan nan nan nan nan nan nan nan nan nan nan nan 7.0 6.6 15.0 15.3 nan nan nan 14.0 14.8 15.0 14.8 14.6 14.4 14.2 14.1 14.0 13.9 13.8 13.9 13.9 14.1 14.2 14.2 14.3 14.3 14.4 14.3 14.2 13.9 13.6 13.1 12.5 11.9 11.0 10.7 nan 10.1 10.1 10.1 10.0 10.0 9.9 nan nan nan nan nan nan nan nan nan nan nan nan nan nan nan nan nan nan nan
nan nan nan nan nan nan nan nan nan nan nan nan nan nan nan nan nan nan nan nan nan nan nan nan nan nan nan nan nan nan nan nan 15.1 12.5 nan nan nan nan 14.3 14.8 14.9 14.7 14.5 14.4 14.2 14.0 13.9 13.8 13.9 13.9 14.0 14.2 14.3 14.3 14.4 14.5 14.4 14.4 14.1 13.8 13.4 12.8 12.2 11.6 11.2 10.7 10.5 10.3 10.1 9.9 9.8 nan nan nan nan nan nan nan nan nan nan nan nan nan nan nan nan nan nan nan nan
nan nan nan nan nan nan nan nan nan nan nan nan nan nan nan nan nan nan nan nan nan nan nan nan nan nan nan nan nan nan nan nan nan 13.0 6.9 nan nan nan 6.6 14.9 15.0 14.9 14.7 14.4 14.2 14.0 13.9 13.9 13.9 13.9 14.0 14.1 14.2 14.3 14.4 14.5 14.5 14.4 14.2 14.0 13.7 13.2 12.6 12.1 11.6 11.1 10.7 10.4 10.1 9.9 9.7 nan nan nan nan nan nan nan nan nan nan nan nan nan nan nan nan nan nan nan nan
nan nan nan nan nan nan nan nan nan nan nan nan nan nan nan nan nan nan nan nan nan nan nan nan nan nan nan nan nan nan nan nan nan nan 7.2 13.3 nan nan nan nan 15.0 15.0 14.8 14.5 14.3 14.1 13.9 13.8 13.9 13.9 13.9 14.0 14.2 14.3 14.4 14.4 14.4 14.4 14.2 14.1 13.9 13.5 13.0 12.4 11.9 11.3 10.8 10.5 10.1 9.9 9.7 9.6 nan nan nan nan nan nan nan nan nan nan nan nan nan nan nan nan nan nan nan
nan nan nan nan nan nan nan nan nan nan nan nan nan nan nan nan nan nan nan nan nan nan nan nan nan nan nan nan nan nan nan nan nan nan nan 10.1 7.2 nan nan nan nan 14.4 14.8 14.6 14.4 14.1 13.9 13.8 13.8 13.8 13.9 13.9 14.1 14.2 14.3 14.4 14.4 14.3 14.2 14.1 14.0 13.6 13.1 12.6 12.1 11.4 10.9 10.5 10.2 9.9 9.7 9.7 9.6 5.1 nan nan nan nan nan nan nan nan nan nan nan nan nan nan nan nan -9999.0
nan nan nan nan nan nan nan nan nan nan nan nan nan nan nan nan nan nan nan nan nan nan nan nan nan nan nan nan nan nan nan nan nan nan 7.6 8.8 14.1 14.0 nan 7.2 nan 13.6 14.8 14.6 14.4 14.1 13.9 13.8 13.8 13.8 13.8 13.9 14.0 14.2 14.3 14.3 14.4 14.3 14.2 14.1 13.9 13.7 13.2 12.6 12.0 11.4 10.9 10.5 10.2 9.9 9.7 9.7 9.6 9.7 nan nan nan nan nan nan nan nan nan nan nan nan nan nan nan nan -9999.0
nan nan nan nan nan nan nan nan nan nan nan nan nan nan nan nan nan nan nan nan nan nan nan nan nan nan nan nan nan nan nan nan nan nan 14.2 14.1 14.3 13.1 7.4 12.9 13.7 12.1 14.3 14.6 14.4 14.2 14.0 13.8 13.7 13.7 13.8 13.8 13.9 14.1 14.2 14.3 14.3 14.2 14.2 14.1 13.9 13.6 13.1 12.5 11.9 11.2 10.6 10.6 10.3 10.0 9.7 9.7 9.7 9.7 9.8 nan nan nan nan nan nan nan nan nan nan nan nan nan nan nan -9999.0
nan nan nan nan nan nan nan nan nan nan nan nan nan nan nan nan nan nan nan nan nan nan nan nan nan nan nan nan nan nan nan nan nan nan 14.3 14.3 14.3 14.2 13.1 nan 14.2 13.8 14.8 14.6 14.4 14.1 14.0 13.9 13.8 13.7 13.8 13.8 13.9 14.0 14.1 14.2 14.3 14.3 14.2 14.1 13.9 13.5 -9999.0 -9999.0 -9999.0 -9999.0 -9999.0 -9999.0 -9999.0 5.4 9.8 9.8 9.8 9.8 9.9 nan nan nan nan nan nan nan nan nan nan nan nan nan nan -9999.0 -9999.0
nan nan nan nan nan nan nan nan nan nan nan nan nan nan nan nan nan nan nan nan nan nan nan nan nan nan nan nan nan nan nan nan nan nan 14.2 14.2 14.3 14.3 14.3 nan nan 14.7 14.7 14.6 14.4 14.2 14.0 13.9 13.8 13.7 13.8 13.8 13.9 14.0 14.1 14.2 14.2 14.2 14.1 14.0 13.8 -9999.0 -9999.0 -9999.0 -9999.0 -9999.0 -9999.0 -9999.0 -9999.0 nan 6.2 9.7 9.8 9.4 nan nan nan nan nan nan nan nan nan nan nan nan nan nan nan -9999.0 -9999.0
nan nan nan nan nan nan nan nan nan nan nan nan nan nan nan nan nan nan nan nan nan nan nan nan nan nan nan nan nan nan nan nan nan nan 14.1 14.1 14.1 14.2 13.9 nan 12.2 13.5 14.6 14.5 14.4 14.2 14.1 13.9 13.8 13.8 13.8 13.9 13.9 14.0 14.1 14.2 14.2 14.2 14.1 14.0 13.7 -9999.0 -9999.0 -9999.0 -9999.0 -9999.0 -9999.0 -9999.0 -9999.0 -9999.0 -9999.0 nan 5.3 5.3 nan nan nan nan nan nan nan nan nan nan nan nan nan nan nan -9999.0 -9999.0
nan nan nan nan nan nan nan nan nan nan nan nan nan nan nan nan nan nan nan nan nan nan nan nan nan nan nan nan nan nan nan nan nan nan 13.9 13.9 14.0 12.6 12.6 8.4 13.2 11.8 14.5 14.5 14.4 14.2 14.0 13.9 13.8 13.7 13.8 13.8 13.9 14.0 14.1 14.1 14.2 14.2 14.1 13.9 -9999.0 -9999.0 -9999.0 -9999.0 -9999.0 -9999.0 -9999.0 -9999.0 -9999.0 -9999.0 -9999.0 nan nan nan nan nan nan nan nan nan nan nan nan nan nan nan nan nan nan -9999.0 -9999.0
nan nan nan nan nan nan nan nan nan nan nan nan nan nan nan nan nan nan nan nan nan nan nan nan nan nan nan nan nan nan nan nan 11.8 12.4 13.4 14.0 14.2 14.3 13.4 12.7 nan 14.6 14.5 14.5 14.4 14.2 14.1 13.9 13.7 13.7 13.7 13.8 13.9 13.9 14.0 14.1 14.1 14.2 14.1 -9999.0 -9999.0 -9999.0 -9999.0 -9999.0 -9999.0 -9999.0 -9999.0 -9999.0 -9999.0 -9999.0 -9999.0 -9999.0 nan nan nan nan nan nan nan nan nan nan nan nan nan nan nan nan nan -9999.0 -9999.0
nan nan nan nan nan nan nan nan nan nan nan nan nan nan nan nan nan nan nan nan nan nan nan nan nan nan nan nan nan 7.1 nan nan 13.9 13.9 14.0 13.8 14.4 14.5 14.5 nan nan 14.4 14.6 14.6 14.4 14.2 14.0 13.9 13.7 13.6 13.7 13.7 13.8 13.9 14.0 14.1 14.2 14.2 14.0 -9999.0 -9999.0 -9999.0 -9999.0 -9999.0 -9999.0 -9999.0 -9999.0 -9999.0 -9999.0 -9999.0 -9999.0 -9999.0 -9999.0 -9999.0 nan nan nan nan nan nan nan nan nan nan nan nan nan nan nan -9999.0 -9999.0
nan nan nan nan nan nan nan nan nan nan nan nan nan nan nan nan nan nan nan nan nan nan nan nan nan nan nan nan nan 6.2 6.2 nan 13.9 14.1 12.7 12.8 13.3 14.6 14.7 14.3 nan 14.6 14.7 14.7 14.5 14.2 14.1 13.9 13.8 13.7 13.7 13.7 13.8 14.0 14.1 14.2 14.2 14.2 -9999.0 -9999.0 -9999.0 -9999.0 -9999.0 -9999.0 -9999.0 -9999.0 -9999.0 -9999.0 -9999.0 -9999.0 -9999.0 -9999.0 -9999.0 -9999.0 -9999.0 nan nan nan nan nan nan nan nan nan nan nan nan nan nan -9999.0 -9999.0
nan nan nan nan nan nan nan nan nan nan nan nan nan nan nan nan nan nan nan nan nan nan nan nan nan nan nan nan nan 6.6 13.7 13.9 14.0 14.2 14.4 nan 6.5 14.1 14.5 14.6 nan 14.0 14.9 14.8 14.5 14.2 14.0 13.9 13.8 13.7 13.7 13.8 13.9 14.0 14.2 14.3 14.4 14.3 -9999.0 -9999.0 -9999.0 -9999.0 -9999.0 -9999.0 -9999.0 -9999.0 -9999.0 -9999.0 -9999.0 -9999.0 -9999.0 -9999.0 -9999.0 -9999.0 -9999.0 -9999.0 nan nan nan nan nan nan nan nan nan nan nan nan nan -9999.0 -9999.0
nan nan nan nan nan nan nan nan nan nan nan nan nan nan nan nan nan nan nan nan nan nan nan nan nan nan nan nan nan nan 13.3 13.9 14.1 14.4 12.7 nan nan 13.2 13.8 13.9 nan 12.5 13.4 14.7 14.5 14.2 14.0 13.9 13.8 13.7 13.8 13.8 14.0 14.2 14.3 14.4 14.5 14.5 -9999.0 -9999.0 -9999.0 -9999.0 -9999.0 -9999.0 -9999.0 -9999.0 -9999.0 -9999.0 -9999.0 -9999.0 -9999.0 -9999.0 -9999.0 -9999.0 -9999.0 -9999.0 -9999.0 nan nan nan nan nan nan nan nan nan nan nan nan -9999.0 -9999.0
nan nan nan nan nan nan nan nan nan nan nan nan nan nan nan nan nan nan nan nan nan nan nan nan nan nan nan nan nan nan 12.7 14.0 14.2 14.4 12.9 nan 7.2 10.7 12.4 7.3 11.6 10.0 11.1 14.3 14.5 14.2 14.0 13.9 13.8 13.8 13.8 13.9 14.1 14.3 14.5 14.6 14.6 14.4 -9999.0 -9999.0 -9999.0 -9999.0 -9999.0 -9999.0 -9999.0 -9999.0 -9999.0 -9999.0 -9999.0 -9999.0 -9999.0 -9999.0 -9999.0 -9999.0 -9999.0 -9999.0 -9999.0 -9999.0 nan nan nan nan nan nan nan nan nan nan nan -9999.0 -9999.0
nan nan nan nan nan nan nan nan nan nan nan nan nan nan nan nan nan nan nan nan nan nan nan nan nan nan nan nan nan nan 12.9 13.7 14.1 14.3 12.4 7.2 nan 12.7 9.5 6.9 9.9 nan 14.3 14.6 14.3 14.2 14.0 13.9 13.8 13.8 13.9 14.0 14.1 14.4 14.5 14.6 14.5 12.0 -9999.0 -9999.0 -9999.0 -9999.0 -9999.0 -9999.0 -9999.0 -9999.0 -9999.0 -9999.0 -9999.0 -9999.0 -9999.0 -9999.0 -9999.0 -9999.0 -9999.0 -9999.0 -9999.0 -9999.0 -9999.0 -9999.0 nan nan nan nan nan nan nan nan nan -9999.0 -9999.0
nan nan nan nan nan nan nan nan nan nan nan nan nan nan nan nan nan nan nan nan nan nan nan nan nan nan nan nan nan nan nan 13.9 14.1 14.3 14.3 nan nan 9.7 9.5 7.4 nan nan 14.5 14.4 14.4 14.2 14.1 13.9 13.9 13.9 13.9 14.0 14.2 14.4 14.6 14.8 14.6 13.0 -9999.0 -9999.0 -9999.0 -9999.0 -9999.0 -9999.0 -9999.0 -9999.0 -9999.0 -9999.0 -9999.0 nan nan nan -9999.0 -9999.0 -9999.0 -9999.0 -9999.0 -9999.0 -9999.0 -9999.0 -9999.0 -9999.0 -9999.0 -9999.0 -9999.0 nan nan nan -9999.0 -9999.0 -9999.0
nan nan nan nan nan nan nan nan nan nan nan nan nan nan nan nan nan nan nan nan nan nan nan nan nan nan nan nan nan nan nan 12.6 13.8 14.2 14.6 nan 6.8 8.2 12.6 7.3 nan nan 14.4 14.5 14.4 14.3 14.1 14.0 14.0 14.0 14.0 14.1 14.2 14.5 14.7 15.0 14.9 12.8 -9999.0 -9999.0 -9999.0 -9999.0 -9999.0 -9999.0 -9999.0 -9999.0 -9999.0 -9999.0 -9999.0 nan nan nan nan nan -9999.0 -9999.0 -9999.0 -9999.0 -9999.0 -9999.0 -9999.0 -9999.0 -9999.0 -9999.0 -9999.0 -9999.0 -9999.0 -9999.0 -9999.0 -9999.0 -9999.0
nan nan nan nan nan nan nan nan nan nan nan nan nan nan nan nan nan nan nan nan nan nan nan nan nan nan nan nan nan nan nan 7.1 13.8 14.2 13.9 13.4 12.6 9.5 7.9 6.4 7.3 nan 14.4 14.5 14.5 14.4 14.2 14.1 14.0 14.0 14.1 14.1 14.3 14.5 14.8 15.1 15.2 13.2 -9999.0 -9999.0 -9999.0 -9999.0 -9999.0 -9999.0 -9999.0 -9999.0 -9999.0 -9999.0 -9999.0 -9999.0 -9999.0 -9999.0 -9999.0 -9999.0 -9999.0 -9999.0 -9999.0 -9999.0 -9999.0 -9999.0 -9999.0 -9999.0 -9999.0 -9999.0 -9999.0 -9999.0 -9999.0 -9999.0 -9999.0 -9999.0 -9999.0
nan nan nan nan nan nan nan nan nan nan nan nan nan nan nan nan nan nan nan nan nan nan nan nan nan nan nan nan nan nan nan 7.0 12.4 14.2 14.5 14.6 14.6 nan 9.0 10.3 6.1 nan 14.3 14.6 14.6 14.4 14.3 14.2 14.1 14.1 14.1 14.3 14.4 14.7 15.0 15.3 15.5 13.1 -9999.0 -9999.0 -9999.0 -9999.0 -9999.0 -9999.0 -9999.0 -9999.0 -9999.0 -9999.0 -9999.0 -9999.0 -9999.0 -9999.0 -9999.0 -9999.0 -9999.0 -9999.0 -9999.0 -9999.0 -9999.0 -9999.0 -9999.0 -9999.0 -9999.0 -9999.0 -9999.0 -9999.0 -9999.0 -9999.0 -9999.0 -9999.0 -9999.0
nan nan nan nan nan nan nan nan nan nan nan nan nan nan nan nan nan nan nan nan nan nan nan nan nan nan nan nan nan nan nan 7.1 12.1 13.2 14.5 14.7 14.7 nan nan 9.1 7.0 nan nan 14.5 14.6 14.5 14.4 14.3 14.2 14.2 14.2 14.4 14.5 14.8 15.1 15.6 15.7 12.5 -9999.0 -9999.0 -9999.0 -9999.0 -9999.0 -9999.0 -9999.0 -9999.0 -9999.0 -9999.0 -9999.0 -9999.0 -9999.0 -9999.0 -9999.0 -9999.0 -9999.0 -9999.0 -9999.0 -9999.0 -9999.0 -9999.0 -9999.0 -9999.0 -9999.0 -9999.0 -9999.0 -9999.0 -9999.0 -9999.0 -9999.0 -9999.0 -9999.0
nan nan nan nan nan nan nan nan nan nan nan nan nan nan nan nan nan nan nan nan nan nan nan nan nan nan nan nan nan nan nan nan 6.8 14.0 14.4 14.6 nan nan nan 9.5 6.9 7.1 nan nan 14.3 14.5 14.4 14.3 14.2 14.3 14.3 14.4 14.6 14.9 15.2 15.7 15.8 15.1 -9999.0 -9999.0 -9999.0 -9999.0 -9999.0 -9999.0 -9999.0 -9999.0 -9999.0 -9999.0 -9999.0 -9999.0 -9999.0 -9999.0 -9999.0 -9999.0 -9999.0 -9999.0 -9999.0 -9999.0 -9999.0 -9999.0 -9999.0 -9999.0 nan nan nan -9999.0 -9999.0 -9999.0 -9999.0 -9999.0 -9999.0
nan nan nan nan nan nan nan nan nan nan nan nan nan nan nan nan nan nan nan nan nan nan nan nan nan nan nan nan nan nan nan nan 13.3 13.8 14.2 14.5 nan nan nan nan 7.9 7.0 12.2 nan 13.7 14.5 14.5 14.4 14.4 14.4 14.5 14.6 14.8 15.0 15.4 15.8 16.1 15.7 -9999.0 -9999.0 -9999.0 -9999.0 -9999.0 -9999.0 -9999.0 -9999.0 -9999.0 -9999.0 -9999.0 -9999.0 -9999.0 -9999.0 -9999.0 -9999.0 -9999.0 -9999.0 -9999.0 -9999.0 -9999.0 -9999.0 nan nan nan nan nan nan nan nan -9999.0 -9999.0 -9999.0
nan nan nan nan nan nan nan nan nan nan nan nan nan nan nan nan nan nan nan nan nan nan nan nan nan nan nan nan nan nan nan nan nan 14.0 14.4 14.6 nan nan nan nan 10.1 7.9 9.9 8.7 nan 14.6 14.7 14.6 14.6 14.6 14.7 14.8 14.9 15.2 15.6 16.0 16.2 16.1 -9999.0 -9999.0 -9999.0 -9999.0 -9999.0 -9999.0 -9999.0 -9999.0 -9999.0 -9999.0 -9999.0 nan nan nan nan nan nan nan nan nan nan nan nan nan nan nan nan nan nan nan nan nan nan
nan nan nan nan nan nan nan nan nan nan nan nan nan nan nan nan nan nan nan nan nan nan nan nan nan nan nan nan nan nan nan nan nan 14.2 14.5 14.6 14.7 nan nan nan 13.8 8.6 9.1 13.6 nan nan 14.4 14.6 14.7 14.7 14.8 14.9 15.1 15.2 15.6 16.1 16.5 16.9 -9999.0 -9999.0 -9999.0 -9999.0 -9999.0 -9999.0 -9999.0 -9999.0 -9999.0 -9999.0 nan nan nan nan nan nan nan nan nan nan nan nan nan nan nan nan nan nan nan nan nan nan nan
