data/output/RUN203/ECOSPACE/ECOSPACE_in_PAR3/PAR-VarZ-VarK/PAR-VarZ-VarK_2011_04.asc
ncols        93
nrows        151 
xllcorner    -123.80739
yllcorner    48.29471 
cellsize     0.013497347 
NODATA_value  0.0
[rows 80 to 119 of 151, columns 0 to 89 of 93]
nan nan nan nan nan nan nan nan nan nan nan nan nan nan nan nan nan nan nan nan nan nan nan 33.4 32.5 33.0 34.3 35.0 34.5 33.8 33.0 32.3 31.8 31.3 30.8 30.2 29.6 29.0 28.4 28.0 27.5 27.1 26.5 25.9 25.2 24.5 24.0 23.4 22.8 22.0 21.2 20.4 19.6 18.9 nan nan nan nan nan nan nan nan nan nan nan nan 15.2 15.5 15.6 15.7 nan 15.4 15.4 15.4 15.4 15.5 15.4 15.2 15.1 15.3 15.6 15.8 15.8 nan nan nan nan nan nan nan
nan nan nan nan nan nan nan nan nan nan nan nan nan nan nan nan nan nan nan nan nan nan nan nan nan nan 35.4 35.2 34.8 34.3 33.6 32.9 32.1 31.5 31.0 30.4 29.8 29.2 28.5 27.9 27.4 26.9 26.4 25.8 25.2 24.5 24.0 23.5 23.0 22.2 21.5 20.7 20.0 19.3 18.6 nan nan nan nan nan nan nan nan nan nan nan 15.6 15.7 nan nan nan nan nan 15.6 15.6 15.7 nan 15.4 15.5 15.7 16.0 16.3 nan nan nan nan nan nan nan nan
nan nan nan nan nan nan nan nan nan nan nan nan nan nan nan nan nan nan nan nan nan nan nan nan nan nan nan 35.4 34.9 34.8 34.2 33.5 32.7 32.0 31.1 30.5 29.9 29.3 28.6 28.0 27.4 26.9 26.3 25.6 25.0 24.5 24.0 23.6 23.1 22.5 21.9 21.1 20.4 19.7 19.0 18.5 nan nan nan nan nan nan nan nan nan 15.6 16.1 nan nan nan nan nan nan 15.6 15.7 15.8 nan 15.7 16.0 16.2 16.4 nan nan nan nan nan nan nan nan nan
nan nan nan nan nan nan nan nan nan nan nan nan nan nan nan nan nan nan nan nan nan nan nan nan nan nan nan nan 33.6 34.5 34.8 34.3 33.5 32.6 31.5 30.7 30.2 29.4 28.7 28.0 27.4 26.8 26.1 25.5 24.9 24.4 24.0 23.7 23.4 22.8 22.2 21.5 20.8 20.1 19.5 18.9 18.4 nan nan nan nan nan nan nan nan 15.8 16.1 nan nan nan nan nan nan 15.7 15.8 16.0 16.3 16.7 16.5 16.4 nan nan nan nan nan nan nan nan nan nan
nan nan nan nan nan nan nan nan nan nan nan nan nan nan nan nan nan nan nan nan nan nan nan nan nan nan nan nan nan 13.3 35.5 34.9 34.0 33.1 32.0 31.2 30.5 29.7 28.9 28.1 27.5 26.8 26.1 25.5 24.9 24.5 24.1 23.8 23.4 23.0 22.6 22.0 21.3 20.6 19.9 19.3 18.7 18.3 nan nan nan nan nan nan 15.8 16.0 16.3 nan 16.8 16.7 16.7 nan nan 15.8 16.0 16.3 16.7 17.2 nan nan nan nan nan nan nan nan nan nan nan nan
nan nan nan nan nan nan nan nan nan nan nan nan nan nan nan nan nan nan nan nan nan nan nan nan nan nan nan nan nan nan 14.2 35.0 34.5 33.5 32.6 31.6 30.8 30.0 29.0 28.2 27.6 26.9 26.1 25.5 24.9 24.5 24.2 23.9 23.6 23.3 22.9 22.4 21.8 21.1 20.5 19.8 19.3 18.8 nan nan nan nan nan 16.1 16.2 16.5 16.7 16.9 16.8 16.8 16.7 9.9 nan 16.0 16.3 16.6 17.0 17.1 nan nan nan nan nan nan nan nan nan nan nan nan
nan nan nan nan nan nan nan nan nan nan nan nan nan nan nan nan nan nan nan nan nan nan nan nan nan nan nan nan nan nan nan 33.1 34.0 33.9 32.9 32.0 31.1 30.2 29.3 28.4 27.6 27.0 26.3 25.7 25.1 24.7 24.3 24.0 23.8 23.7 23.4 22.9 22.4 21.8 21.1 20.4 19.8 19.3 18.7 nan nan 16.8 17.1 17.0 16.9 17.1 17.3 17.3 17.2 17.1 17.0 nan nan 16.3 16.6 17.0 17.2 17.2 nan nan nan nan nan nan nan nan nan nan nan nan
nan nan nan nan nan nan nan nan nan nan nan nan nan nan nan nan nan nan nan nan nan nan nan nan nan nan nan nan nan nan nan nan 34.8 34.0 33.2 32.3 31.4 30.4 29.5 28.6 27.8 27.1 26.4 25.8 25.3 24.8 24.5 24.2 24.1 24.0 23.8 23.5 23.1 22.5 21.8 21.1 20.5 20.0 19.5 18.6 18.3 18.1 18.1 nan 17.5 17.8 18.1 18.1 18.0 17.8 17.5 17.1 17.0 17.0 17.0 17.2 17.3 nan nan nan nan nan nan nan nan nan nan nan nan nan
nan nan nan nan nan nan nan nan nan nan nan nan nan nan nan nan nan nan nan nan nan nan nan nan nan nan nan nan nan nan 35.0 34.9 34.4 33.8 33.2 32.4 31.6 30.7 29.6 28.7 28.0 27.2 26.6 26.0 25.5 25.0 24.7 24.5 24.4 24.4 24.3 24.1 23.8 23.4 22.8 22.2 21.6 21.0 20.5 20.0 19.5 19.0 18.8 18.8 18.6 18.8 19.0 19.0 18.9 18.7 18.2 17.6 17.5 17.4 17.4 17.5 17.4 nan nan nan nan nan nan nan nan nan nan nan nan nan
nan nan nan nan nan nan nan nan nan nan nan nan nan nan nan nan nan nan nan nan nan nan nan nan nan nan nan nan nan nan nan nan 34.2 33.8 33.2 32.6 31.7 30.7 29.8 29.0 28.2 27.5 26.8 26.2 25.7 25.3 25.0 24.8 24.8 24.7 24.7 24.6 24.5 24.1 23.7 23.2 22.8 22.3 21.8 21.2 20.6 20.0 19.7 19.6 19.3 19.2 19.3 nan nan nan 18.5 18.1 17.9 17.7 17.6 17.6 nan nan nan nan nan nan nan nan nan nan nan nan nan nan
nan nan nan nan nan nan nan nan nan nan nan nan nan nan nan nan nan nan nan nan nan nan nan nan nan nan nan nan nan nan 14.0 12.9 33.7 33.5 33.2 32.6 31.8 31.0 30.1 29.4 28.6 27.9 27.1 26.5 26.0 25.6 25.3 25.1 25.1 25.1 25.1 25.2 25.1 24.9 24.6 24.2 23.8 23.3 22.8 22.2 21.6 20.9 20.4 20.0 nan nan nan nan nan nan nan 18.5 18.1 17.9 17.8 17.6 nan nan nan nan nan nan nan nan nan nan nan nan nan nan
nan nan nan nan nan nan nan nan nan nan nan nan nan nan nan nan nan nan nan nan nan nan nan nan nan nan nan nan nan nan 14.5 33.0 33.5 33.7 33.4 15.9 32.0 31.5 30.7 29.9 29.1 28.3 27.5 26.9 26.3 25.9 25.6 25.4 25.4 25.5 25.5 25.5 25.5 25.5 25.3 25.1 24.7 24.2 23.6 23.0 22.3 21.6 20.9 nan nan nan nan nan nan 18.2 18.3 18.4 18.1 17.8 17.7 nan nan nan nan nan nan nan nan nan nan nan nan nan nan nan
nan nan nan nan nan nan nan nan nan nan nan nan nan nan nan nan nan nan nan nan nan nan nan nan nan nan nan nan nan nan 14.0 31.6 33.3 33.9 nan nan nan 31.5 31.2 30.4 29.6 28.8 27.9 27.2 26.6 26.1 25.8 25.7 25.6 25.7 25.8 25.9 26.0 26.0 26.0 25.8 25.5 25.0 24.4 23.7 22.9 22.1 21.5 nan nan nan nan nan 18.5 18.4 18.2 18.1 17.9 17.6 nan nan nan nan nan nan nan nan nan nan nan nan nan nan nan nan
nan nan nan nan nan nan nan nan nan nan nan nan nan nan nan nan nan nan nan nan nan nan nan nan nan nan nan nan nan nan 13.8 13.4 33.0 33.6 nan nan nan 29.6 31.1 30.9 30.1 29.2 28.3 27.4 26.8 26.3 26.0 25.8 25.8 25.9 26.0 26.1 26.3 26.4 26.4 26.3 26.1 25.6 25.1 24.4 23.6 22.7 21.8 20.5 19.9 nan 18.7 18.7 18.6 18.3 18.0 17.9 nan nan nan nan nan nan nan nan nan nan nan nan nan nan nan nan nan nan
nan nan nan nan nan nan nan nan nan nan nan nan nan nan nan nan nan nan nan nan nan nan nan nan nan nan nan nan nan nan nan nan 33.1 26.8 nan nan nan nan 30.0 30.9 30.5 29.6 28.6 27.7 27.0 26.5 26.1 26.0 25.9 26.0 26.2 26.4 26.6 26.7 26.8 26.7 26.6 26.2 25.7 25.1 24.3 23.5 22.6 21.6 20.7 19.9 19.4 18.9 18.5 18.1 17.7 nan nan nan nan nan nan nan nan nan nan nan nan nan nan nan nan nan nan nan
nan nan nan nan nan nan nan nan nan nan nan nan nan nan nan nan nan nan nan nan nan nan nan nan nan nan nan nan nan nan nan nan nan 29.5 15.1 nan nan nan 13.1 31.8 30.9 30.0 29.0 28.1 27.3 26.7 26.3 26.1 26.1 26.2 26.4 26.6 26.8 27.0 27.1 27.1 27.0 26.7 26.3 25.8 25.1 24.3 23.5 22.6 21.6 20.7 19.8 19.1 18.6 18.1 17.7 nan nan nan nan nan nan nan nan nan nan nan nan nan nan nan nan nan nan nan
nan nan nan nan nan nan nan nan nan nan nan nan nan nan nan nan nan nan nan nan nan nan nan nan nan nan nan nan nan nan nan nan nan nan 15.1 28.3 nan nan nan nan 31.3 30.6 29.5 28.5 27.6 27.0 26.5 26.3 26.3 26.4 26.6 26.8 27.1 27.3 27.4 27.5 27.4 27.2 26.9 26.4 25.9 25.2 24.4 23.4 22.3 21.1 20.0 19.1 18.5 18.1 17.8 17.5 nan nan nan nan nan nan nan nan nan nan nan nan nan nan nan nan nan nan
nan nan nan nan nan nan nan nan nan nan nan nan nan nan nan nan nan nan nan nan nan nan nan nan nan nan nan nan nan nan nan nan nan nan nan 21.1 14.0 nan nan nan nan 29.8 29.9 29.0 28.0 27.3 26.8 26.5 26.5 26.6 26.8 27.1 27.3 27.5 27.7 27.8 27.7 27.5 27.2 26.9 26.4 25.8 25.0 24.0 22.7 21.3 20.0 19.1 18.4 18.0 17.7 17.6 17.6 9.7 nan nan nan nan nan nan nan nan nan nan nan nan nan nan nan nan
nan nan nan nan nan nan nan nan nan nan nan nan nan nan nan nan nan nan nan nan nan nan nan nan nan nan nan nan nan nan nan nan nan nan 15.4 20.4 30.0 29.8 nan 14.0 nan 27.4 29.9 29.3 28.4 27.6 27.1 26.8 26.7 26.8 27.0 27.3 27.5 27.7 27.8 27.9 27.9 27.7 27.5 27.2 26.8 26.2 25.5 24.3 22.8 21.2 19.9 19.0 18.4 17.9 17.6 17.5 17.5 17.4 nan nan nan nan nan nan nan nan nan nan nan nan nan nan nan nan
nan nan nan nan nan nan nan nan nan nan nan nan nan nan nan nan nan nan nan nan nan nan nan nan nan nan nan nan nan nan nan nan nan nan 30.4 30.0 30.0 27.8 17.2 26.5 28.0 24.3 29.3 29.4 28.7 28.0 27.5 27.1 27.0 27.0 27.2 27.4 27.6 27.8 27.9 28.0 28.0 28.0 27.8 27.6 27.1 26.5 25.6 24.2 22.6 20.9 19.4 19.0 18.4 18.2 17.6 17.5 17.5 17.5 17.6 nan nan nan nan nan nan nan nan nan nan nan nan nan nan nan
nan nan nan nan nan nan nan nan nan nan nan nan nan nan nan nan nan nan nan nan nan nan nan nan nan nan nan nan nan nan nan nan nan nan 30.2 30.1 30.0 29.9 28.6 nan 29.6 28.4 30.0 29.6 29.0 28.3 27.8 27.4 27.3 27.2 27.3 27.5 27.7 27.8 28.0 28.0 28.1 28.2 28.1 27.9 27.5 26.7 -9999.0 -9999.0 -9999.0 -9999.0 -9999.0 -9999.0 -9999.0 10.3 17.8 17.6 17.6 17.5 17.6 nan nan nan nan nan nan nan nan nan nan nan nan nan nan -9999.0
nan nan nan nan nan nan nan nan nan nan nan nan nan nan nan nan nan nan nan nan nan nan nan nan nan nan nan nan nan nan nan nan nan nan 30.2 30.0 29.8 29.8 29.9 nan nan 30.8 30.5 29.9 29.2 28.6 28.1 27.7 27.5 27.4 27.4 27.5 27.6 27.8 27.9 28.0 28.2 28.3 28.3 28.2 27.6 -9999.0 -9999.0 -9999.0 -9999.0 -9999.0 -9999.0 -9999.0 -9999.0 nan 11.8 17.5 17.7 17.0 nan nan nan nan nan nan nan nan nan nan nan nan nan nan nan -9999.0
nan nan nan nan nan nan nan nan nan nan nan nan nan nan nan nan nan nan nan nan nan nan nan nan nan nan nan nan nan nan nan nan nan nan 30.0 29.8 29.7 29.8 30.0 nan 25.1 28.0 30.7 30.2 29.6 29.0 28.5 28.1 27.8 27.7 27.6 27.6 27.7 27.8 27.9 28.0 28.2 28.4 28.6 28.3 27.6 -9999.0 -9999.0 -9999.0 -9999.0 -9999.0 -9999.0 -9999.0 -9999.0 -9999.0 -9999.0 nan 10.0 10.0 nan nan nan nan nan nan nan nan nan nan nan nan nan nan nan -9999.0
nan nan nan nan nan nan nan nan nan nan nan nan nan nan nan nan nan nan nan nan nan nan nan nan nan nan nan nan nan nan nan nan nan nan 29.5 29.5 29.8 28.6 25.7 17.3 27.4 23.9 30.1 30.2 29.8 29.3 28.8 28.4 28.1 28.0 27.8 27.8 27.8 27.8 28.0 28.2 28.5 28.7 28.9 28.4 -9999.0 -9999.0 -9999.0 -9999.0 -9999.0 -9999.0 -9999.0 -9999.0 -9999.0 -9999.0 -9999.0 nan nan nan nan nan nan nan nan nan nan nan nan nan nan nan nan nan nan -9999.0
nan nan nan nan nan nan nan nan nan nan nan nan nan nan nan nan nan nan nan nan nan nan nan nan nan nan nan nan nan nan nan nan 27.1 28.0 29.2 29.8 30.1 30.4 29.1 26.3 nan 30.9 30.6 30.2 29.9 29.5 29.2 28.8 28.5 28.3 28.1 28.0 28.0 28.0 28.1 28.4 28.8 29.1 29.1 -9999.0 -9999.0 -9999.0 -9999.0 -9999.0 -9999.0 -9999.0 -9999.0 -9999.0 -9999.0 -9999.0 -9999.0 -9999.0 nan nan nan nan nan nan nan nan nan nan nan nan nan nan nan nan nan -9999.0
nan nan nan nan nan nan nan nan nan nan nan nan nan nan nan nan nan nan nan nan nan nan nan nan nan nan nan nan nan 13.8 nan nan 30.0 29.9 30.1 29.9 30.3 30.7 31.1 nan nan 30.9 30.6 30.4 30.1 29.7 29.4 29.0 28.8 28.6 28.4 28.2 28.1 28.1 28.2 28.5 28.9 29.3 29.2 -9999.0 -9999.0 -9999.0 -9999.0 -9999.0 -9999.0 -9999.0 -9999.0 -9999.0 -9999.0 -9999.0 -9999.0 -9999.0 -9999.0 -9999.0 nan nan nan nan nan nan nan nan nan nan nan nan nan nan nan -9999.0
nan nan nan nan nan nan nan nan nan nan nan nan nan nan nan nan nan nan nan nan nan nan nan nan nan nan nan nan nan 12.4 12.4 nan 30.0 30.4 28.0 27.2 28.9 30.8 31.1 30.0 nan 31.0 30.9 30.7 30.3 29.9 29.5 29.2 29.0 28.8 28.5 28.3 28.2 28.1 28.2 28.5 29.0 29.3 -9999.0 -9999.0 -9999.0 -9999.0 -9999.0 -9999.0 -9999.0 -9999.0 -9999.0 -9999.0 -9999.0 -9999.0 -9999.0 -9999.0 -9999.0 -9999.0 -9999.0 nan nan nan nan nan nan nan nan nan nan nan nan nan nan -9999.0
nan nan nan nan nan nan nan nan nan nan nan nan nan nan nan nan nan nan nan nan nan nan nan nan nan nan nan nan nan 13.1 29.9 30.0 30.5 30.8 31.2 nan 12.6 30.7 31.1 31.2 nan 30.3 31.5 31.1 30.6 30.1 29.7 29.4 29.2 29.0 28.7 28.4 28.2 28.1 28.2 28.6 29.0 29.3 -9999.0 -9999.0 -9999.0 -9999.0 -9999.0 -9999.0 -9999.0 -9999.0 -9999.0 -9999.0 -9999.0 -9999.0 -9999.0 -9999.0 -9999.0 -9999.0 -9999.0 -9999.0 nan nan nan nan nan nan nan nan nan nan nan nan nan -9999.0
nan nan nan nan nan nan nan nan nan nan nan nan nan nan nan nan nan nan nan nan nan nan nan nan nan nan nan nan nan nan 29.3 30.3 30.8 31.3 28.8 nan nan 29.6 29.8 28.7 nan 26.2 28.5 31.3 31.0 30.4 29.9 29.6 29.3 29.0 28.6 28.4 28.2 28.2 28.4 28.7 29.2 29.5 -9999.0 -9999.0 -9999.0 -9999.0 -9999.0 -9999.0 -9999.0 -9999.0 -9999.0 -9999.0 -9999.0 -9999.0 -9999.0 -9999.0 -9999.0 -9999.0 -9999.0 -9999.0 -9999.0 nan nan nan nan nan nan nan nan nan nan nan nan -9999.0
nan nan nan nan nan nan nan nan nan nan nan nan nan nan nan nan nan nan nan nan nan nan nan nan nan nan nan nan nan nan 27.9 30.5 31.0 31.6 27.9 nan 13.9 23.0 25.7 14.6 23.2 20.4 23.5 30.3 31.0 30.6 30.1 29.7 29.4 29.0 28.6 28.4 28.2 28.3 28.7 29.1 29.4 29.7 -9999.0 -9999.0 -9999.0 -9999.0 -9999.0 -9999.0 -9999.0 -9999.0 -9999.0 -9999.0 -9999.0 -9999.0 -9999.0 -9999.0 -9999.0 -9999.0 -9999.0 -9999.0 -9999.0 -9999.0 nan nan nan nan nan nan nan nan nan nan nan -9999.0
nan nan nan nan nan nan nan nan nan nan nan nan nan nan nan nan nan nan nan nan nan nan nan nan nan nan nan nan nan nan 28.5 30.0 31.0 31.5 28.8 13.9 nan 27.4 19.0 13.1 19.9 nan 30.7 31.2 31.0 30.6 30.1 29.8 29.5 29.1 28.8 28.5 28.4 28.5 29.0 29.5 29.5 23.8 -9999.0 -9999.0 -9999.0 -9999.0 -9999.0 -9999.0 -9999.0 -9999.0 -9999.0 -9999.0 -9999.0 -9999.0 -9999.0 -9999.0 -9999.0 -9999.0 -9999.0 -9999.0 -9999.0 -9999.0 -9999.0 -9999.0 nan nan nan nan nan nan nan nan nan -9999.0
nan nan nan nan nan nan nan nan nan nan nan nan nan nan nan nan nan nan nan nan nan nan nan nan nan nan nan nan nan nan nan 30.3 30.7 31.1 31.6 nan nan 20.3 18.5 14.8 nan nan 31.3 31.3 31.0 30.6 30.1 29.8 29.6 29.2 28.9 28.7 28.6 28.8 29.3 30.1 29.5 26.6 -9999.0 -9999.0 -9999.0 -9999.0 -9999.0 -9999.0 -9999.0 -9999.0 -9999.0 -9999.0 -9999.0 nan nan nan -9999.0 -9999.0 -9999.0 -9999.0 -9999.0 -9999.0 -9999.0 -9999.0 -9999.0 -9999.0 -9999.0 -9999.0 -9999.0 nan nan nan -9999.0 -9999.0
nan nan nan nan nan nan nan nan nan nan nan nan nan nan nan nan nan nan nan nan nan nan nan nan nan nan nan nan nan nan nan 28.6 30.2 30.8 31.7 nan 13.5 17.1 26.0 13.3 nan nan 31.0 31.2 31.0 30.7 30.3 29.9 29.7 29.4 29.1 28.9 28.9 29.1 29.6 30.4 30.6 26.7 -9999.0 -9999.0 -9999.0 -9999.0 -9999.0 -9999.0 -9999.0 -9999.0 -9999.0 -9999.0 -9999.0 nan nan nan nan nan -9999.0 -9999.0 -9999.0 -9999.0 -9999.0 -9999.0 -9999.0 -9999.0 -9999.0 -9999.0 -9999.0 -9999.0 -9999.0 -9999.0 -9999.0 -9999.0
nan nan nan nan nan nan nan nan nan nan nan nan nan nan nan nan nan nan nan nan nan nan nan nan nan nan nan nan nan nan nan 13.5 29.6 30.5 30.7 30.0 26.6 19.7 15.9 12.4 13.7 nan 30.3 30.9 30.8 30.6 30.4 30.0 29.7 29.5 29.2 29.1 29.1 29.2 29.8 30.4 30.5 24.1 -9999.0 -9999.0 -9999.0 -9999.0 -9999.0 -9999.0 -9999.0 -9999.0 -9999.0 -9999.0 -9999.0 -9999.0 -9999.0 -9999.0 -9999.0 -9999.0 -9999.0 -9999.0 -9999.0 -9999.0 -9999.0 -9999.0 -9999.0 -9999.0 -9999.0 -9999.0 -9999.0 -9999.0 -9999.0 -9999.0 -9999.0 -9999.0
nan nan nan nan nan nan nan nan nan nan nan nan nan nan nan nan nan nan nan nan nan nan nan nan nan nan nan nan nan nan nan 13.4 28.4 30.6 31.5 31.9 31.5 nan 19.1 21.2 11.9 nan 30.8 31.1 31.0 30.7 30.5 30.1 29.8 29.6 29.3 29.2 29.2 29.4 30.0 30.4 30.4 27.2 -9999.0 -9999.0 -9999.0 -9999.0 -9999.0 -9999.0 -9999.0 -9999.0 -9999.0 -9999.0 -9999.0 -9999.0 -9999.0 -9999.0 -9999.0 -9999.0 -9999.0 -9999.0 -9999.0 -9999.0 -9999.0 -9999.0 -9999.0 -9999.0 -9999.0 -9999.0 -9999.0 -9999.0 -9999.0 -9999.0 -9999.0 -9999.0
nan nan nan nan nan nan nan nan nan nan nan nan nan nan nan nan nan nan nan nan nan nan nan nan nan nan nan nan nan nan nan 13.5 25.9 28.6 31.1 31.3 31.1 nan nan 18.6 13.1 nan nan 31.1 31.2 30.9 30.7 30.4 30.0 29.8 29.5 29.3 29.3 29.5 30.1 30.5 30.8 25.5 -9999.0 -9999.0 -9999.0 -9999.0 -9999.0 -9999.0 -9999.0 -9999.0 -9999.0 -9999.0 -9999.0 -9999.0 -9999.0 -9999.0 -9999.0 -9999.0 -9999.0 -9999.0 -9999.0 -9999.0 -9999.0 -9999.0 -9999.0 -9999.0 -9999.0 -9999.0 -9999.0 -9999.0 -9999.0 -9999.0 -9999.0 -9999.0
nan nan nan nan nan nan nan nan nan nan nan nan nan nan nan nan nan nan nan nan nan nan nan nan nan nan nan nan nan nan nan nan 13.1 30.1 30.6 30.8 nan nan nan 18.6 12.8 12.1 nan nan 30.3 30.7 30.8 30.6 30.3 30.0 29.8 29.6 29.5 29.7 30.2 30.8 31.5 27.8 -9999.0 -9999.0 -9999.0 -9999.0 -9999.0 -9999.0 -9999.0 -9999.0 -9999.0 -9999.0 -9999.0 -9999.0 -9999.0 -9999.0 -9999.0 -9999.0 -9999.0 -9999.0 -9999.0 -9999.0 -9999.0 -9999.0 -9999.0 -9999.0 nan nan nan -9999.0 -9999.0 -9999.0 -9999.0 -9999.0
nan nan nan nan nan nan nan nan nan nan nan nan nan nan nan nan nan nan nan nan nan nan nan nan nan nan nan nan nan nan nan nan 28.6 29.4 30.2 30.6 nan nan nan nan 14.6 11.9 22.0 nan 29.7 30.6 31.0 30.7 30.3 30.0 29.9 29.8 29.8 29.9 30.3 31.0 31.8 30.4 -9999.0 -9999.0 -9999.0 -9999.0 -9999.0 -9999.0 -9999.0 -9999.0 -9999.0 -9999.0 -9999.0 -9999.0 -9999.0 -9999.0 -9999.0 -9999.0 -9999.0 -9999.0 -9999.0 -9999.0 -9999.0 -9999.0 nan nan nan nan nan nan nan nan -9999.0 -9999.0
nan nan nan nan nan nan nan nan nan nan nan nan nan nan nan nan nan nan nan nan nan nan nan nan nan nan nan nan nan nan nan nan nan 29.7 30.4 30.6 nan nan nan nan 19.8 13.2 16.0 17.1 nan 30.8 31.4 31.1 30.8 30.4 30.2 30.0 30.0 30.1 30.5 31.2 32.0 30.3 -9999.0 -9999.0 -9999.0 -9999.0 -9999.0 -9999.0 -9999.0 -9999.0 -9999.0 -9999.0 -9999.0 nan nan nan nan nan nan nan nan nan nan nan nan nan nan nan nan nan nan nan nan nan
nan nan nan nan nan nan nan nan nan nan nan nan nan nan nan nan nan nan nan nan nan nan nan nan nan nan nan nan nan nan nan nan nan 30.0 30.6 30.8 30.7 nan nan nan 28.2 15.3 14.5 26.5 nan nan 31.0 31.4 31.2 30.8 30.5 30.3 30.2 30.3 30.7 31.5 32.3 32.8 -9999.0 -9999.0 -9999.0 -9999.0 -9999.0 -9999.0 -9999.0 -9999.0 -9999.0 -9999.0 nan nan nan nan nan nan nan nan nan nan nan nan nan nan nan nan nan nan nan nan nan nan
