data/output/RUN203/ECOSPACE/ECOSPACE_in_PAR3/PAR-VarZ-VarK/PAR-VarZ-VarK_1980_04.asc
ncols        93
nrows        151 
xllcorner    -123.80739
yllcorner    48.29471 
cellsize     0.013497347 
NODATA_value  0.0
[rows 80 to 119 of 151, columns 0 to 89 of 93]
nan nan nan nan nan nan nan nan nan nan nan nan nan nan nan nan nan nan nan nan nan nan nan 38.7 38.3 38.3 39.8 40.5 39.9 38.8 37.7 36.5 35.2 34.1 33.3 32.8 32.3 31.9 31.4 31.0 30.4 29.9 29.3 28.7 27.9 27.2 26.6 25.7 24.6 23.7 22.8 22.0 21.2 20.7 nan nan nan nan nan nan nan nan nan nan nan nan 17.5 18.0 18.2 18.4 nan 18.0 18.0 18.2 18.3 18.6 18.7 18.5 18.4 18.8 19.4 19.6 19.7 nan nan nan nan nan nan nan
nan nan nan nan nan nan nan nan nan nan nan nan nan nan nan nan nan nan nan nan nan nan nan nan nan nan 41.0 41.1 40.6 39.7 38.6 37.3 35.9 34.7 33.7 33.0 32.3 31.8 31.2 30.8 30.2 29.7 29.0 28.5 27.8 27.0 26.7 25.7 24.8 23.9 23.1 22.4 21.7 21.0 20.4 nan nan nan nan nan nan nan nan nan nan nan 17.8 18.2 nan nan nan nan nan 18.3 18.6 19.0 nan 18.8 19.0 19.5 20.1 20.6 nan nan nan nan nan nan nan nan
nan nan nan nan nan nan nan nan nan nan nan nan nan nan nan nan nan nan nan nan nan nan nan nan nan nan nan 41.2 40.7 40.6 39.6 38.2 36.7 35.4 34.1 33.3 32.5 31.8 31.1 30.5 29.9 29.3 28.7 28.2 27.5 26.8 26.6 25.8 24.9 24.1 23.3 22.7 22.1 21.5 20.9 20.4 nan nan nan nan nan nan nan nan nan 17.8 18.2 nan nan nan nan nan nan 18.3 18.6 18.9 nan 19.1 19.8 20.2 20.7 nan nan nan nan nan nan nan nan nan
nan nan nan nan nan nan nan nan nan nan nan nan nan nan nan nan nan nan nan nan nan nan nan nan nan nan nan nan 39.7 40.2 40.5 39.1 37.6 36.1 34.8 33.7 32.7 31.9 31.0 30.4 29.8 29.1 28.6 28.0 27.4 26.8 26.5 25.9 25.0 24.2 23.6 23.1 22.6 22.0 21.4 20.7 20.2 nan nan nan nan nan nan nan nan 17.9 18.3 nan nan nan nan nan nan 18.3 18.8 19.2 19.9 20.5 20.6 20.6 nan nan nan nan nan nan nan nan nan nan
nan nan nan nan nan nan nan nan nan nan nan nan nan nan nan nan nan nan nan nan nan nan nan nan nan nan nan nan nan 14.0 40.8 39.8 38.4 36.9 35.4 34.2 33.1 32.1 31.2 30.6 29.8 29.0 28.4 27.9 27.4 26.9 26.6 26.0 25.3 24.6 24.0 23.6 23.1 22.6 22.0 21.3 20.6 20.2 nan nan nan nan nan nan 17.9 18.1 18.5 nan 19.2 19.3 19.5 nan nan 18.4 19.0 19.7 20.4 21.4 nan nan nan nan nan nan nan nan nan nan nan nan
nan nan nan nan nan nan nan nan nan nan nan nan nan nan nan nan nan nan nan nan nan nan nan nan nan nan nan nan nan nan 15.1 39.8 39.1 37.6 35.9 34.5 33.3 32.2 31.4 30.6 29.9 29.1 28.5 27.9 27.4 27.0 26.7 26.1 25.5 24.9 24.5 24.1 23.7 23.2 22.7 21.9 21.2 20.6 nan nan nan nan nan 18.0 18.3 18.6 18.9 19.2 19.2 19.3 19.4 10.9 nan 18.6 19.4 20.1 20.8 21.3 nan nan nan nan nan nan nan nan nan nan nan nan
nan nan nan nan nan nan nan nan nan nan nan nan nan nan nan nan nan nan nan nan nan nan nan nan nan nan nan nan nan nan nan 38.0 38.6 38.0 36.5 35.0 33.7 32.5 31.6 30.8 30.0 29.3 28.6 28.0 27.5 27.1 26.9 26.4 25.8 25.3 24.9 24.6 24.3 23.9 23.4 22.6 21.9 21.3 20.6 nan nan 18.5 19.0 19.0 19.0 19.3 19.5 19.6 19.6 19.5 19.5 nan nan 19.0 19.9 20.6 21.2 21.4 nan nan nan nan nan nan nan nan nan nan nan nan
nan nan nan nan nan nan nan nan nan nan nan nan nan nan nan nan nan nan nan nan nan nan nan nan nan nan nan nan nan nan nan nan 39.3 38.0 36.8 35.5 34.2 32.9 32.0 31.1 30.3 29.5 28.8 28.1 27.6 27.3 27.0 26.6 26.1 25.6 25.3 25.1 24.8 24.5 24.0 23.4 22.7 21.9 21.3 20.3 19.8 19.7 19.9 nan 19.7 20.2 20.5 20.6 20.5 20.4 20.1 19.7 19.8 20.0 20.4 20.9 21.3 nan nan nan nan nan nan nan nan nan nan nan nan nan
nan nan nan nan nan nan nan nan nan nan nan nan nan nan nan nan nan nan nan nan nan nan nan nan nan nan nan nan nan nan 39.2 39.3 39.0 38.1 37.1 36.0 34.9 33.6 32.5 31.5 30.6 29.7 28.8 28.2 27.7 27.4 27.2 26.8 26.4 26.0 25.8 25.5 25.4 25.1 24.8 24.2 23.8 23.1 22.4 21.7 21.2 20.8 20.7 20.8 21.0 21.4 21.8 21.9 21.6 21.6 21.0 20.5 20.5 20.6 20.9 21.3 21.4 nan nan nan nan nan nan nan nan nan nan nan nan nan
nan nan nan nan nan nan nan nan nan nan nan nan nan nan nan nan nan nan nan nan nan nan nan nan nan nan nan nan nan nan nan nan 38.6 38.1 37.5 36.7 35.7 34.5 33.2 32.0 30.9 30.0 29.1 28.4 27.9 27.6 27.4 27.0 26.6 26.3 26.1 26.0 25.8 25.6 25.4 25.1 24.6 24.2 23.7 23.0 22.4 21.8 21.5 21.7 21.8 22.1 22.5 nan nan nan 21.2 21.0 21.0 21.0 21.2 21.4 nan nan nan nan nan nan nan nan nan nan nan nan nan nan
nan nan nan nan nan nan nan nan nan nan nan nan nan nan nan nan nan nan nan nan nan nan nan nan nan nan nan nan nan nan 14.5 13.4 38.3 38.2 38.0 37.6 36.6 35.4 34.0 32.8 31.5 30.4 29.4 28.6 28.1 27.8 27.5 27.2 26.9 26.6 26.5 26.4 26.2 26.1 26.0 25.7 25.4 25.0 24.5 23.9 23.2 22.5 22.1 22.2 nan nan nan nan nan nan nan 21.4 21.2 21.2 21.4 21.3 nan nan nan nan nan nan nan nan nan nan nan nan nan nan
nan nan nan nan nan nan nan nan nan nan nan nan nan nan nan nan nan nan nan nan nan nan nan nan nan nan nan nan nan nan 15.3 37.6 38.3 38.6 38.5 17.3 37.3 36.5 35.2 33.8 32.3 30.9 29.8 28.9 28.4 28.0 27.8 27.4 27.1 26.8 26.7 26.6 26.6 26.5 26.4 26.2 26.0 25.7 25.1 24.5 23.7 23.0 22.4 nan nan nan nan nan nan 20.5 20.9 21.3 21.2 21.2 21.3 nan nan nan nan nan nan nan nan nan nan nan nan nan nan nan
nan nan nan nan nan nan nan nan nan nan nan nan nan nan nan nan nan nan nan nan nan nan nan nan nan nan nan nan nan nan 14.5 36.1 38.3 38.8 nan nan nan 36.6 36.2 34.6 33.0 31.5 30.2 29.3 28.7 28.3 28.0 27.6 27.2 27.0 26.8 26.8 26.9 27.0 26.9 26.8 26.6 26.4 25.9 25.2 24.3 23.5 22.8 nan nan nan nan nan 20.5 20.7 20.9 21.1 21.0 20.9 nan nan nan nan nan nan nan nan nan nan nan nan nan nan nan nan
nan nan nan nan nan nan nan nan nan nan nan nan nan nan nan nan nan nan nan nan nan nan nan nan nan nan nan nan nan nan 14.4 14.3 37.8 38.5 nan nan nan 34.5 36.3 35.5 33.9 32.2 30.8 29.8 29.0 28.6 28.2 27.7 27.3 27.0 26.9 27.0 27.1 27.3 27.4 27.4 27.3 27.0 26.6 25.9 25.0 24.1 23.1 21.8 21.3 nan 20.4 20.5 20.7 20.7 20.8 20.9 nan nan nan nan nan nan nan nan nan nan nan nan nan nan nan nan nan nan
nan nan nan nan nan nan nan nan nan nan nan nan nan nan nan nan nan nan nan nan nan nan nan nan nan nan nan nan nan nan nan nan 37.8 30.5 nan nan nan nan 34.9 35.9 34.7 32.9 31.4 30.2 29.4 28.9 28.4 27.9 27.5 27.1 27.0 27.1 27.3 27.5 27.8 27.9 27.9 27.6 27.2 26.6 25.9 25.0 24.0 23.0 22.2 21.5 21.1 20.8 20.7 20.5 20.5 nan nan nan nan nan nan nan nan nan nan nan nan nan nan nan nan nan nan nan
nan nan nan nan nan nan nan nan nan nan nan nan nan nan nan nan nan nan nan nan nan nan nan nan nan nan nan nan nan nan nan nan nan 35.3 18.5 nan nan nan 13.8 36.8 35.6 33.9 32.2 30.8 29.8 29.2 28.7 28.2 27.7 27.4 27.2 27.3 27.5 27.8 28.0 28.2 28.2 28.2 27.8 27.3 26.6 25.8 24.9 24.0 23.1 22.1 21.5 21.0 20.7 20.5 20.4 nan nan nan nan nan nan nan nan nan nan nan nan nan nan nan nan nan nan nan
nan nan nan nan nan nan nan nan nan nan nan nan nan nan nan nan nan nan nan nan nan nan nan nan nan nan nan nan nan nan nan nan nan nan 18.9 34.3 nan nan nan nan 36.2 34.9 33.1 31.6 30.5 29.7 29.1 28.5 28.0 27.6 27.5 27.5 27.6 27.9 28.1 28.4 28.5 28.5 28.3 28.0 27.4 26.7 25.7 24.7 23.6 22.5 21.7 21.1 20.8 20.5 20.4 20.5 nan nan nan nan nan nan nan nan nan nan nan nan nan nan nan nan nan nan
nan nan nan nan nan nan nan nan nan nan nan nan nan nan nan nan nan nan nan nan nan nan nan nan nan nan nan nan nan nan nan nan nan nan nan 25.8 14.7 nan nan nan nan 33.5 33.8 32.2 31.0 30.3 29.6 29.0 28.4 28.0 27.8 27.7 27.7 27.8 28.1 28.4 28.6 28.7 28.6 28.4 28.0 27.2 26.3 25.2 23.9 22.8 21.9 21.2 20.8 20.5 20.4 20.5 20.6 10.7 nan nan nan nan nan nan nan nan nan nan nan nan nan nan nan nan
nan nan nan nan nan nan nan nan nan nan nan nan nan nan nan nan nan nan nan nan nan nan nan nan nan nan nan nan nan nan nan nan nan nan 17.0 20.7 34.9 34.9 nan 14.8 nan 31.9 33.5 32.8 31.7 30.9 30.2 29.5 28.9 28.4 28.0 27.8 27.8 27.9 28.2 28.4 28.5 28.9 28.9 28.7 28.4 27.7 26.7 25.5 24.1 22.9 22.0 21.4 20.9 20.6 20.4 20.5 20.5 20.6 nan nan nan nan nan nan nan nan nan nan nan nan nan nan nan nan
nan nan nan nan nan nan nan nan nan nan nan nan nan nan nan nan nan nan nan nan nan nan nan nan nan nan nan nan nan nan nan nan nan nan 35.2 35.0 35.1 30.2 17.2 31.3 33.0 27.4 33.5 33.6 32.5 31.5 30.7 30.0 29.3 28.7 28.3 28.0 27.9 28.0 28.1 28.5 28.9 29.0 29.1 29.0 28.6 27.9 26.8 25.5 24.0 22.8 21.6 21.6 21.3 21.0 20.6 20.6 20.6 20.8 21.2 nan nan nan nan nan nan nan nan nan nan nan nan nan nan nan
nan nan nan nan nan nan nan nan nan nan nan nan nan nan nan nan nan nan nan nan nan nan nan nan nan nan nan nan nan nan nan nan nan nan 35.6 35.6 35.2 34.4 30.4 nan 34.8 32.5 35.0 34.2 33.2 32.1 31.2 30.4 29.6 28.9 28.4 28.1 27.9 27.9 28.0 28.4 28.8 28.9 29.3 29.2 28.8 28.0 -9999.0 -9999.0 -9999.0 -9999.0 -9999.0 -9999.0 -9999.0 11.1 20.9 20.9 20.9 20.9 21.1 nan nan nan nan nan nan nan nan nan nan nan nan nan nan -9999.0
nan nan nan nan nan nan nan nan nan nan nan nan nan nan nan nan nan nan nan nan nan nan nan nan nan nan nan nan nan nan nan nan nan nan 35.5 35.4 35.3 35.0 35.1 nan nan 35.8 35.5 34.7 33.7 32.6 31.8 30.8 30.0 29.3 28.8 28.5 28.2 28.2 28.3 28.7 29.0 29.3 29.6 29.4 28.8 -9999.0 -9999.0 -9999.0 -9999.0 -9999.0 -9999.0 -9999.0 -9999.0 nan 12.8 21.0 21.2 20.7 nan nan nan nan nan nan nan nan nan nan nan nan nan nan nan -9999.0
nan nan nan nan nan nan nan nan nan nan nan nan nan nan nan nan nan nan nan nan nan nan nan nan nan nan nan nan nan nan nan nan nan nan 35.3 35.2 35.2 35.1 34.4 nan 29.5 31.7 35.7 35.1 34.0 33.0 32.1 31.1 30.4 29.7 29.2 28.9 28.6 28.5 28.6 29.0 29.2 29.8 29.8 29.5 28.8 -9999.0 -9999.0 -9999.0 -9999.0 -9999.0 -9999.0 -9999.0 -9999.0 -9999.0 -9999.0 nan 10.9 11.0 nan nan nan nan nan nan nan nan nan nan nan nan nan nan nan -9999.0
nan nan nan nan nan nan nan nan nan nan nan nan nan nan nan nan nan nan nan nan nan nan nan nan nan nan nan nan nan nan nan nan nan nan 34.9 35.1 35.4 30.2 29.6 19.9 32.1 27.8 34.6 35.0 34.3 33.3 32.4 31.5 30.6 30.1 29.6 29.2 29.0 29.0 29.1 29.3 29.9 30.2 30.2 29.8 -9999.0 -9999.0 -9999.0 -9999.0 -9999.0 -9999.0 -9999.0 -9999.0 -9999.0 -9999.0 -9999.0 nan nan nan nan nan nan nan nan nan nan nan nan nan nan nan nan nan nan -9999.0
nan nan nan nan nan nan nan nan nan nan nan nan nan nan nan nan nan nan nan nan nan nan nan nan nan nan nan nan nan nan nan nan 27.8 29.8 31.7 35.2 35.6 35.7 29.0 29.1 nan 35.9 35.4 35.0 34.2 33.4 32.5 31.8 31.0 30.5 30.0 29.7 29.4 29.5 29.6 29.7 30.4 30.7 30.5 -9999.0 -9999.0 -9999.0 -9999.0 -9999.0 -9999.0 -9999.0 -9999.0 -9999.0 -9999.0 -9999.0 -9999.0 -9999.0 nan nan nan nan nan nan nan nan nan nan nan nan nan nan nan nan nan -9999.0
nan nan nan nan nan nan nan nan nan nan nan nan nan nan nan nan nan nan nan nan nan nan nan nan nan nan nan nan nan 14.6 nan nan 34.5 34.5 35.5 34.5 35.8 36.0 36.0 nan nan 35.8 35.5 35.0 34.2 33.3 32.6 31.9 31.3 30.8 30.4 30.1 29.9 29.8 29.8 30.2 30.7 30.9 30.7 -9999.0 -9999.0 -9999.0 -9999.0 -9999.0 -9999.0 -9999.0 -9999.0 -9999.0 -9999.0 -9999.0 -9999.0 -9999.0 -9999.0 -9999.0 nan nan nan nan nan nan nan nan nan nan nan nan nan nan nan -9999.0
nan nan nan nan nan nan nan nan nan nan nan nan nan nan nan nan nan nan nan nan nan nan nan nan nan nan nan nan nan 13.3 13.4 nan 35.1 35.6 31.4 32.4 32.5 36.0 36.0 34.7 nan 36.0 35.9 35.1 34.2 33.4 32.7 32.1 31.6 31.1 30.7 30.3 30.1 29.9 30.1 30.5 31.1 31.1 -9999.0 -9999.0 -9999.0 -9999.0 -9999.0 -9999.0 -9999.0 -9999.0 -9999.0 -9999.0 -9999.0 -9999.0 -9999.0 -9999.0 -9999.0 -9999.0 -9999.0 nan nan nan nan nan nan nan nan nan nan nan nan nan nan -9999.0
nan nan nan nan nan nan nan nan nan nan nan nan nan nan nan nan nan nan nan nan nan nan nan nan nan nan nan nan nan 14.1 35.6 35.6 35.9 36.2 36.1 nan 13.5 35.4 36.1 35.9 nan 34.2 36.1 35.3 34.3 33.5 32.8 32.2 31.8 31.3 31.0 30.7 30.4 30.2 30.4 30.9 31.2 31.3 -9999.0 -9999.0 -9999.0 -9999.0 -9999.0 -9999.0 -9999.0 -9999.0 -9999.0 -9999.0 -9999.0 -9999.0 -9999.0 -9999.0 -9999.0 -9999.0 -9999.0 -9999.0 nan nan nan nan nan nan nan nan nan nan nan nan nan -9999.0
nan nan nan nan nan nan nan nan nan nan nan nan nan nan nan nan nan nan nan nan nan nan nan nan nan nan nan nan nan nan 33.8 35.8 36.0 36.5 31.5 nan nan 32.3 33.6 31.8 nan 28.4 31.6 35.0 34.4 33.5 32.8 32.2 31.8 31.4 31.1 30.8 30.5 30.5 30.6 31.2 31.5 31.6 -9999.0 -9999.0 -9999.0 -9999.0 -9999.0 -9999.0 -9999.0 -9999.0 -9999.0 -9999.0 -9999.0 -9999.0 -9999.0 -9999.0 -9999.0 -9999.0 -9999.0 -9999.0 -9999.0 nan nan nan nan nan nan nan nan nan nan nan nan -9999.0
nan nan nan nan nan nan nan nan nan nan nan nan nan nan nan nan nan nan nan nan nan nan nan nan nan nan nan nan nan nan 33.0 35.8 36.1 36.6 32.3 nan 14.8 27.0 30.1 16.9 27.0 23.8 26.7 34.0 34.3 33.5 32.7 32.1 31.7 31.4 31.1 30.9 30.7 30.7 31.3 31.7 31.9 31.9 -9999.0 -9999.0 -9999.0 -9999.0 -9999.0 -9999.0 -9999.0 -9999.0 -9999.0 -9999.0 -9999.0 -9999.0 -9999.0 -9999.0 -9999.0 -9999.0 -9999.0 -9999.0 -9999.0 -9999.0 nan nan nan nan nan nan nan nan nan nan nan -9999.0
nan nan nan nan nan nan nan nan nan nan nan nan nan nan nan nan nan nan nan nan nan nan nan nan nan nan nan nan nan nan 33.8 35.0 36.1 36.5 31.0 14.7 nan 32.6 21.6 14.4 23.0 nan 35.1 35.4 34.4 33.4 32.6 32.0 31.6 31.3 31.0 30.9 30.6 30.9 31.5 32.1 32.0 26.1 -9999.0 -9999.0 -9999.0 -9999.0 -9999.0 -9999.0 -9999.0 -9999.0 -9999.0 -9999.0 -9999.0 -9999.0 -9999.0 -9999.0 -9999.0 -9999.0 -9999.0 -9999.0 -9999.0 -9999.0 -9999.0 -9999.0 nan nan nan nan nan nan nan nan nan -9999.0
nan nan nan nan nan nan nan nan nan nan nan nan nan nan nan nan nan nan nan nan nan nan nan nan nan nan nan nan nan nan nan 34.9 35.7 36.0 34.8 nan nan 23.9 21.6 15.3 nan nan 35.8 35.5 34.5 33.4 32.5 31.9 31.5 31.1 30.9 30.8 30.7 31.1 31.9 32.6 32.8 29.2 -9999.0 -9999.0 -9999.0 -9999.0 -9999.0 -9999.0 -9999.0 -9999.0 -9999.0 -9999.0 -9999.0 nan nan nan -9999.0 -9999.0 -9999.0 -9999.0 -9999.0 -9999.0 -9999.0 -9999.0 -9999.0 -9999.0 -9999.0 -9999.0 -9999.0 nan nan nan -9999.0 -9999.0
nan nan nan nan nan nan nan nan nan nan nan nan nan nan nan nan nan nan nan nan nan nan nan nan nan nan nan nan nan nan nan 31.2 33.9 35.7 36.1 nan 14.7 19.3 30.7 15.4 nan nan 36.1 35.7 34.7 33.6 32.6 31.9 31.4 31.0 30.8 30.8 30.9 31.4 32.2 33.0 33.0 29.7 -9999.0 -9999.0 -9999.0 -9999.0 -9999.0 -9999.0 -9999.0 -9999.0 -9999.0 -9999.0 -9999.0 nan nan nan nan nan -9999.0 -9999.0 -9999.0 -9999.0 -9999.0 -9999.0 -9999.0 -9999.0 -9999.0 -9999.0 -9999.0 -9999.0 -9999.0 -9999.0 -9999.0 -9999.0
nan nan nan nan nan nan nan nan nan nan nan nan nan nan nan nan nan nan nan nan nan nan nan nan nan nan nan nan nan nan nan 14.4 34.7 35.7 33.4 31.7 30.2 23.1 18.9 14.8 16.3 nan 35.7 36.0 35.0 33.8 32.8 32.0 31.4 31.0 30.9 30.8 31.0 31.6 32.4 33.0 32.7 26.7 -9999.0 -9999.0 -9999.0 -9999.0 -9999.0 -9999.0 -9999.0 -9999.0 -9999.0 -9999.0 -9999.0 -9999.0 -9999.0 -9999.0 -9999.0 -9999.0 -9999.0 -9999.0 -9999.0 -9999.0 -9999.0 -9999.0 -9999.0 -9999.0 -9999.0 -9999.0 -9999.0 -9999.0 -9999.0 -9999.0 -9999.0 -9999.0
nan nan nan nan nan nan nan nan nan nan nan nan nan nan nan nan nan nan nan nan nan nan nan nan nan nan nan nan nan nan nan 14.3 28.4 35.6 36.3 36.3 36.1 nan 22.6 25.3 13.9 nan 36.0 36.1 35.3 34.1 33.1 32.2 31.6 31.2 31.0 31.0 31.3 31.9 32.7 33.2 32.8 29.2 -9999.0 -9999.0 -9999.0 -9999.0 -9999.0 -9999.0 -9999.0 -9999.0 -9999.0 -9999.0 -9999.0 -9999.0 -9999.0 -9999.0 -9999.0 -9999.0 -9999.0 -9999.0 -9999.0 -9999.0 -9999.0 -9999.0 -9999.0 -9999.0 -9999.0 -9999.0 -9999.0 -9999.0 -9999.0 -9999.0 -9999.0 -9999.0
nan nan nan nan nan nan nan nan nan nan nan nan nan nan nan nan nan nan nan nan nan nan nan nan nan nan nan nan nan nan nan 14.4 29.8 31.6 35.7 36.0 35.8 nan nan 22.3 15.2 nan nan 35.8 35.8 34.5 33.5 32.7 31.9 31.5 31.3 31.3 31.6 32.1 33.0 33.6 33.4 27.1 -9999.0 -9999.0 -9999.0 -9999.0 -9999.0 -9999.0 -9999.0 -9999.0 -9999.0 -9999.0 -9999.0 -9999.0 -9999.0 -9999.0 -9999.0 -9999.0 -9999.0 -9999.0 -9999.0 -9999.0 -9999.0 -9999.0 -9999.0 -9999.0 -9999.0 -9999.0 -9999.0 -9999.0 -9999.0 -9999.0 -9999.0 -9999.0
nan nan nan nan nan nan nan nan nan nan nan nan nan nan nan nan nan nan nan nan nan nan nan nan nan nan nan nan nan nan nan nan 14.0 34.6 35.2 35.5 nan nan nan 22.4 15.2 13.5 nan nan 34.5 35.0 34.0 33.1 32.3 31.8 31.7 31.6 31.9 32.4 33.3 34.0 33.9 26.9 -9999.0 -9999.0 -9999.0 -9999.0 -9999.0 -9999.0 -9999.0 -9999.0 -9999.0 -9999.0 -9999.0 -9999.0 -9999.0 -9999.0 -9999.0 -9999.0 -9999.0 -9999.0 -9999.0 -9999.0 -9999.0 -9999.0 -9999.0 -9999.0 nan nan nan -9999.0 -9999.0 -9999.0 -9999.0 -9999.0
nan nan nan nan nan nan nan nan nan nan nan nan nan nan nan nan nan nan nan nan nan nan nan nan nan nan nan nan nan nan nan nan 32.4 33.9 34.7 35.3 nan nan nan nan 17.5 13.4 25.1 nan 33.0 35.1 34.6 33.5 32.8 32.2 31.9 31.9 32.2 32.7 33.6 34.3 34.9 31.7 -9999.0 -9999.0 -9999.0 -9999.0 -9999.0 -9999.0 -9999.0 -9999.0 -9999.0 -9999.0 -9999.0 -9999.0 -9999.0 -9999.0 -9999.0 -9999.0 -9999.0 -9999.0 -9999.0 -9999.0 -9999.0 -9999.0 nan nan nan nan nan nan nan nan -9999.0 -9999.0
nan nan nan nan nan nan nan nan nan nan nan nan nan nan nan nan nan nan nan nan nan nan nan nan nan nan nan nan nan nan nan nan nan 34.2 35.0 35.5 nan nan nan nan 23.4 14.8 17.7 18.7 nan 35.4 35.3 34.2 33.5 32.8 32.5 32.3 32.5 33.0 33.9 34.7 35.4 32.6 -9999.0 -9999.0 -9999.0 -9999.0 -9999.0 -9999.0 -9999.0 -9999.0 -9999.0 -9999.0 -9999.0 nan nan nan nan nan nan nan nan nan nan nan nan nan nan nan nan nan nan nan nan nan
nan nan nan nan nan nan nan nan nan nan nan nan nan nan nan nan nan nan nan nan nan nan nan nan nan nan nan nan nan nan nan nan nan 34.4 35.1 35.7 35.7 nan nan nan 33.0 17.5 15.9 30.7 nan nan 34.7 34.8 34.1 33.3 32.9 32.8 32.9 33.4 34.3 35.2 36.0 36.6 -9999.0 -9999.0 -9999.0 -9999.0 -9999.0 -9999.0 -9999.0 -9999.0 -9999.0 -9999.0 nan nan nan nan nan nan nan nan nan nan nan nan nan nan nan nan nan nan nan nan nan nan
