data/output/RUN203/ECOSPACE/ECOSPACE_in_PAR3/PAR-VarZ-VarK/PAR-VarZ-VarK_2010_08.asc
ncols        93
nrows        151 
xllcorner    -123.80739
yllcorner    48.29471 
cellsize     0.013497347 
NODATA_value  0.0
[rows 80 to 119 of 151, columns 0 to 89 of 93]
nan nan nan nan nan nan nan nan nan nan nan nan nan nan nan nan nan nan nan nan nan nan nan 34.6 33.6 34.7 36.5 36.0 35.3 34.5 33.7 32.9 32.2 31.5 31.1 30.7 30.3 29.9 29.5 29.2 28.9 28.5 28.0 27.5 26.9 26.1 25.3 24.5 23.6 22.7 21.7 20.6 19.6 18.8 nan nan nan nan nan nan nan nan nan nan nan nan 14.9 15.0 15.1 15.1 nan 14.8 14.7 14.7 14.7 14.7 14.6 14.4 14.2 14.4 14.8 14.9 14.7 nan nan nan nan nan nan nan
nan nan nan nan nan nan nan nan nan nan nan nan nan nan nan nan nan nan nan nan nan nan nan nan nan nan 36.5 36.2 35.7 34.9 34.2 33.4 32.6 32.0 31.5 31.0 30.5 30.1 29.7 29.4 29.0 28.6 28.2 27.6 27.1 26.4 25.7 24.9 24.1 23.2 22.2 21.2 20.2 19.2 18.2 nan nan nan nan nan nan nan nan nan nan nan 15.1 15.2 nan nan nan nan nan 14.8 14.8 14.8 nan 14.4 14.4 14.7 14.9 15.1 nan nan nan nan nan nan nan nan
nan nan nan nan nan nan nan nan nan nan nan nan nan nan nan nan nan nan nan nan nan nan nan nan nan nan nan 36.2 35.9 35.3 34.7 34.0 33.2 32.5 31.9 31.3 30.8 30.2 29.8 29.4 29.0 28.6 28.2 27.8 27.2 26.6 25.9 25.2 24.4 23.5 22.6 21.6 20.6 19.6 18.6 17.7 nan nan nan nan nan nan nan nan nan 15.2 15.3 nan nan nan nan nan nan 14.8 14.8 14.7 nan 14.6 14.8 15.0 15.1 nan nan nan nan nan nan nan nan nan
nan nan nan nan nan nan nan nan nan nan nan nan nan nan nan nan nan nan nan nan nan nan nan nan nan nan nan nan 34.2 35.4 35.2 34.5 33.8 33.0 32.3 31.6 31.0 30.4 29.9 29.5 29.0 28.6 28.2 27.8 27.3 26.6 26.0 25.3 24.5 23.7 22.8 21.9 20.9 20.0 19.0 18.1 17.4 nan nan nan nan nan nan nan nan 15.2 15.4 nan nan nan nan nan nan 14.7 14.8 14.8 15.0 15.3 15.2 15.1 nan nan nan nan nan nan nan nan nan nan
nan nan nan nan nan nan nan nan nan nan nan nan nan nan nan nan nan nan nan nan nan nan nan nan nan nan nan nan nan 15.6 35.7 35.1 34.3 33.5 32.7 31.9 31.1 30.5 29.9 29.5 29.0 28.6 28.1 27.7 27.1 26.5 25.9 25.2 24.5 23.7 22.9 22.0 21.1 20.3 19.5 18.5 17.7 17.2 nan nan nan nan nan nan 15.3 15.4 15.4 nan 15.5 15.4 15.4 nan nan 14.8 14.9 15.0 15.3 15.6 nan nan nan nan nan nan nan nan nan nan nan nan
nan nan nan nan nan nan nan nan nan nan nan nan nan nan nan nan nan nan nan nan nan nan nan nan nan nan nan nan nan nan 16.3 35.5 34.8 34.0 33.1 32.2 31.3 30.6 30.0 29.4 28.9 28.5 28.0 27.4 26.8 26.2 25.6 24.9 24.3 23.6 22.9 22.0 21.2 20.4 19.7 18.9 18.1 17.5 nan nan nan nan nan 15.4 15.5 15.5 15.6 15.6 15.5 15.4 15.3 10.2 nan 14.8 15.0 15.2 15.4 15.5 nan nan nan nan nan nan nan nan nan nan nan nan
nan nan nan nan nan nan nan nan nan nan nan nan nan nan nan nan nan nan nan nan nan nan nan nan nan nan nan nan nan nan nan 33.1 35.0 34.4 33.4 32.4 31.5 30.7 30.0 29.4 28.9 28.3 27.8 27.1 26.4 25.8 25.2 24.6 24.0 23.4 22.7 22.0 21.2 20.5 19.8 19.1 18.4 17.6 17.0 nan nan 15.8 15.9 15.8 15.7 15.7 15.8 15.7 15.6 15.5 15.4 nan nan 15.0 15.2 15.4 15.5 15.5 nan nan nan nan nan nan nan nan nan nan nan nan
nan nan nan nan nan nan nan nan nan nan nan nan nan nan nan nan nan nan nan nan nan nan nan nan nan nan nan nan nan nan nan nan 35.3 34.6 33.6 32.5 31.6 30.7 30.0 29.3 28.7 28.2 27.5 26.8 26.1 25.4 24.8 24.1 23.6 23.1 22.5 21.8 21.1 20.5 19.8 19.2 18.6 17.9 17.3 16.7 16.4 16.3 16.3 nan 15.9 16.0 16.0 16.0 15.9 15.7 15.6 15.4 15.3 15.3 15.4 15.5 15.6 nan nan nan nan nan nan nan nan nan nan nan nan nan
nan nan nan nan nan nan nan nan nan nan nan nan nan nan nan nan nan nan nan nan nan nan nan nan nan nan nan nan nan nan 34.7 34.9 35.1 34.5 33.6 32.7 31.8 30.9 30.1 29.4 28.7 28.0 27.3 26.5 25.8 25.1 24.4 23.8 23.2 22.8 22.2 21.7 21.0 20.4 19.9 19.4 18.8 18.3 17.7 17.2 17.0 16.7 16.6 16.4 16.3 16.3 16.3 16.2 16.2 16.1 15.8 15.6 15.5 15.5 15.6 15.7 15.6 nan nan nan nan nan nan nan nan nan nan nan nan nan
nan nan nan nan nan nan nan nan nan nan nan nan nan nan nan nan nan nan nan nan nan nan nan nan nan nan nan nan nan nan nan nan 34.5 34.0 33.4 32.8 32.0 31.2 30.3 29.4 28.5 27.8 27.0 26.3 25.5 24.7 24.0 23.4 22.9 22.5 22.0 21.5 20.9 20.4 19.9 19.4 19.0 18.6 18.1 17.7 17.4 17.1 16.9 16.7 16.5 16.4 16.4 nan nan nan 15.9 15.7 15.6 15.6 15.6 15.7 nan nan nan nan nan nan nan nan nan nan nan nan nan nan
nan nan nan nan nan nan nan nan nan nan nan nan nan nan nan nan nan nan nan nan nan nan nan nan nan nan nan nan nan nan 17.0 15.5 34.2 33.8 33.3 32.9 32.4 31.7 30.6 29.7 28.6 27.7 26.8 26.0 25.2 24.5 23.8 23.2 22.7 22.3 21.8 21.3 20.8 20.3 19.8 19.4 19.0 18.7 18.3 18.0 17.6 17.3 17.0 16.8 nan nan nan nan nan nan nan 15.9 15.8 15.7 15.7 15.6 nan nan nan nan nan nan nan nan nan nan nan nan nan nan
nan nan nan nan nan nan nan nan nan nan nan nan nan nan nan nan nan nan nan nan nan nan nan nan nan nan nan nan nan nan 16.8 33.5 33.8 33.5 33.1 17.7 32.5 31.9 30.8 29.9 28.8 27.8 26.8 25.9 25.0 24.3 23.6 23.0 22.5 22.1 21.6 21.2 20.7 20.3 19.8 19.4 19.1 18.7 18.4 18.0 17.7 17.3 17.0 nan nan nan nan nan nan 15.8 15.8 15.9 15.8 15.7 15.7 nan nan nan nan nan nan nan nan nan nan nan nan nan nan nan
nan nan nan nan nan nan nan nan nan nan nan nan nan nan nan nan nan nan nan nan nan nan nan nan nan nan nan nan nan nan 17.0 32.1 33.6 33.3 nan nan nan 31.6 30.9 30.0 29.0 27.9 26.8 25.8 24.9 24.2 23.5 22.9 22.4 22.0 21.5 21.1 20.6 20.2 19.9 19.5 19.1 18.8 18.5 18.1 17.8 17.4 17.1 nan nan nan nan nan 15.9 15.9 15.9 15.9 15.8 15.7 nan nan nan nan nan nan nan nan nan nan nan nan nan nan nan nan
nan nan nan nan nan nan nan nan nan nan nan nan nan nan nan nan nan nan nan nan nan nan nan nan nan nan nan nan nan nan 16.9 15.8 33.9 33.3 nan nan nan 29.5 31.0 30.3 29.3 28.1 26.8 25.8 24.9 24.1 23.5 22.9 22.3 21.9 21.5 21.0 20.6 20.2 19.9 19.6 19.2 18.9 18.6 18.2 17.9 17.5 17.2 16.7 16.4 nan 16.1 16.1 16.0 16.0 15.9 15.9 nan nan nan nan nan nan nan nan nan nan nan nan nan nan nan nan nan nan
nan nan nan nan nan nan nan nan nan nan nan nan nan nan nan nan nan nan nan nan nan nan nan nan nan nan nan nan nan nan nan nan 34.0 28.3 nan nan nan nan 30.6 30.5 29.7 28.4 27.0 25.8 24.8 24.0 23.4 22.8 22.2 21.8 21.4 21.0 20.6 20.3 20.0 19.7 19.3 19.0 18.7 18.4 18.0 17.7 17.4 17.0 16.7 16.5 16.4 16.2 16.1 16.0 15.9 nan nan nan nan nan nan nan nan nan nan nan nan nan nan nan nan nan nan nan
nan nan nan nan nan nan nan nan nan nan nan nan nan nan nan nan nan nan nan nan nan nan nan nan nan nan nan nan nan nan nan nan nan 26.8 13.9 nan nan nan 15.4 31.0 30.2 28.9 27.2 25.9 24.8 24.0 23.3 22.6 22.1 21.7 21.4 21.0 20.7 20.4 20.1 19.8 19.5 19.2 18.9 18.5 18.2 17.9 17.5 17.2 16.9 16.7 16.5 16.3 16.2 16.0 15.8 nan nan nan nan nan nan nan nan nan nan nan nan nan nan nan nan nan nan nan
nan nan nan nan nan nan nan nan nan nan nan nan nan nan nan nan nan nan nan nan nan nan nan nan nan nan nan nan nan nan nan nan nan nan 15.8 26.3 nan nan nan nan 30.3 29.3 27.3 26.0 24.8 23.9 23.2 22.5 22.0 21.6 21.3 21.0 20.7 20.5 20.2 20.0 19.7 19.4 19.1 18.7 18.4 18.1 17.8 17.4 17.1 16.9 16.6 16.4 16.2 16.0 15.8 15.6 nan nan nan nan nan nan nan nan nan nan nan nan nan nan nan nan nan nan
nan nan nan nan nan nan nan nan nan nan nan nan nan nan nan nan nan nan nan nan nan nan nan nan nan nan nan nan nan nan nan nan nan nan nan 19.9 16.6 nan nan nan nan 27.3 27.2 25.9 24.7 23.9 23.1 22.5 22.0 21.6 21.3 21.1 20.8 20.6 20.4 20.2 20.0 19.7 19.3 19.0 18.6 18.3 18.0 17.6 17.3 17.0 16.7 16.5 16.2 16.0 15.8 15.7 15.5 10.1 nan nan nan nan nan nan nan nan nan nan nan nan nan nan nan nan
nan nan nan nan nan nan nan nan nan nan nan nan nan nan nan nan nan nan nan nan nan nan nan nan nan nan nan nan nan nan nan nan nan nan 16.6 21.9 28.1 27.9 nan 16.4 nan 24.5 26.9 25.8 24.8 23.9 23.1 22.5 22.0 21.6 21.4 21.1 20.9 20.7 20.6 20.4 20.2 19.9 19.6 19.2 18.9 18.6 18.2 17.8 17.4 17.1 16.8 16.6 16.3 16.0 15.8 15.7 15.5 15.4 nan nan nan nan nan nan nan nan nan nan nan nan nan nan nan nan
nan nan nan nan nan nan nan nan nan nan nan nan nan nan nan nan nan nan nan nan nan nan nan nan nan nan nan nan nan nan nan nan nan nan 28.5 28.7 28.8 27.0 18.9 25.0 26.8 22.8 27.0 25.8 24.8 23.9 23.2 22.6 22.1 21.7 21.5 21.2 21.0 20.9 20.7 20.6 20.4 20.1 19.8 19.5 19.1 18.8 18.3 17.9 17.5 17.1 16.6 16.4 16.1 16.2 15.8 15.7 15.6 15.4 15.5 nan nan nan nan nan nan nan nan nan nan nan nan nan nan nan
nan nan nan nan nan nan nan nan nan nan nan nan nan nan nan nan nan nan nan nan nan nan nan nan nan nan nan nan nan nan nan nan nan nan 28.8 28.9 28.8 28.5 27.9 nan 27.4 26.6 27.0 25.9 24.9 23.9 23.2 22.7 22.2 21.8 21.6 21.4 21.2 21.1 20.9 20.8 20.5 20.2 20.0 19.6 19.3 18.9 -9999.0 -9999.0 -9999.0 -9999.0 -9999.0 -9999.0 -9999.0 11.1 15.9 15.8 15.7 15.5 15.5 nan nan nan nan nan nan nan nan nan nan nan nan nan nan -9999.0
nan nan nan nan nan nan nan nan nan nan nan nan nan nan nan nan nan nan nan nan nan nan nan nan nan nan nan nan nan nan nan nan nan nan 28.6 28.6 28.4 28.0 28.0 nan nan 27.6 26.9 25.9 24.9 24.0 23.4 22.8 22.4 22.0 21.7 21.6 21.4 21.2 21.1 21.0 20.7 20.4 20.1 19.8 19.5 -9999.0 -9999.0 -9999.0 -9999.0 -9999.0 -9999.0 -9999.0 -9999.0 nan 13.1 15.8 15.8 15.1 nan nan nan nan nan nan nan nan nan nan nan nan nan nan nan -9999.0
nan nan nan nan nan nan nan nan nan nan nan nan nan nan nan nan nan nan nan nan nan nan nan nan nan nan nan nan nan nan nan nan nan nan 28.3 28.1 28.0 27.9 28.3 nan 22.8 25.5 26.9 25.9 24.9 24.1 23.5 23.0 22.5 22.2 21.9 21.7 21.5 21.4 21.3 21.1 20.9 20.7 20.4 20.0 19.6 -9999.0 -9999.0 -9999.0 -9999.0 -9999.0 -9999.0 -9999.0 -9999.0 -9999.0 -9999.0 nan 10.7 10.6 nan nan nan nan nan nan nan nan nan nan nan nan nan nan nan -9999.0
nan nan nan nan nan nan nan nan nan nan nan nan nan nan nan nan nan nan nan nan nan nan nan nan nan nan nan nan nan nan nan nan nan nan 27.9 27.9 28.1 28.4 25.5 17.4 26.6 22.7 26.7 25.8 24.9 24.2 23.6 23.1 22.7 22.3 22.0 21.9 21.7 21.7 21.6 21.5 21.3 21.1 20.7 20.3 -9999.0 -9999.0 -9999.0 -9999.0 -9999.0 -9999.0 -9999.0 -9999.0 -9999.0 -9999.0 -9999.0 nan nan nan nan nan nan nan nan nan nan nan nan nan nan nan nan nan nan -9999.0
nan nan nan nan nan nan nan nan nan nan nan nan nan nan nan nan nan nan nan nan nan nan nan nan nan nan nan nan nan nan nan nan 27.0 27.6 28.0 28.4 28.8 29.4 29.4 28.3 nan 27.7 26.6 25.8 25.0 24.4 23.8 23.3 22.9 22.5 22.2 22.1 22.0 22.0 22.0 22.0 21.8 21.6 21.2 -9999.0 -9999.0 -9999.0 -9999.0 -9999.0 -9999.0 -9999.0 -9999.0 -9999.0 -9999.0 -9999.0 -9999.0 -9999.0 nan nan nan nan nan nan nan nan nan nan nan nan nan nan nan nan nan -9999.0
nan nan nan nan nan nan nan nan nan nan nan nan nan nan nan nan nan nan nan nan nan nan nan nan nan nan nan nan nan 16.8 nan nan 28.5 28.6 28.6 28.8 29.4 29.9 30.5 nan nan 27.0 26.6 26.0 25.2 24.6 24.0 23.6 23.1 22.8 22.5 22.4 22.4 22.4 22.5 22.6 22.5 22.3 21.9 -9999.0 -9999.0 -9999.0 -9999.0 -9999.0 -9999.0 -9999.0 -9999.0 -9999.0 -9999.0 -9999.0 -9999.0 -9999.0 -9999.0 -9999.0 nan nan nan nan nan nan nan nan nan nan nan nan nan nan nan -9999.0
nan nan nan nan nan nan nan nan nan nan nan nan nan nan nan nan nan nan nan nan nan nan nan nan nan nan nan nan nan 14.5 14.5 nan 28.9 29.1 27.2 25.6 28.7 29.9 29.9 29.0 nan 26.9 26.7 26.2 25.6 25.0 24.4 23.9 23.4 23.1 22.8 22.7 22.7 22.9 23.1 23.3 23.3 23.1 -9999.0 -9999.0 -9999.0 -9999.0 -9999.0 -9999.0 -9999.0 -9999.0 -9999.0 -9999.0 -9999.0 -9999.0 -9999.0 -9999.0 -9999.0 -9999.0 -9999.0 nan nan nan nan nan nan nan nan nan nan nan nan nan nan -9999.0
nan nan nan nan nan nan nan nan nan nan nan nan nan nan nan nan nan nan nan nan nan nan nan nan nan nan nan nan nan 15.3 29.2 29.2 29.3 29.6 30.0 nan 15.1 29.5 29.5 29.7 nan 26.7 27.2 26.7 26.1 25.4 24.8 24.2 23.7 23.4 23.2 23.1 23.2 23.5 23.8 24.1 24.2 24.1 -9999.0 -9999.0 -9999.0 -9999.0 -9999.0 -9999.0 -9999.0 -9999.0 -9999.0 -9999.0 -9999.0 -9999.0 -9999.0 -9999.0 -9999.0 -9999.0 -9999.0 -9999.0 nan nan nan nan nan nan nan nan nan nan nan nan nan -9999.0
nan nan nan nan nan nan nan nan nan nan nan nan nan nan nan nan nan nan nan nan nan nan nan nan nan nan nan nan nan nan 28.7 29.0 29.3 29.8 29.2 nan nan 29.2 29.3 30.0 nan 24.2 25.7 27.1 26.5 25.8 25.1 24.5 24.0 23.7 23.5 23.5 23.8 24.1 24.6 25.0 25.1 25.0 -9999.0 -9999.0 -9999.0 -9999.0 -9999.0 -9999.0 -9999.0 -9999.0 -9999.0 -9999.0 -9999.0 -9999.0 -9999.0 -9999.0 -9999.0 -9999.0 -9999.0 -9999.0 -9999.0 nan nan nan nan nan nan nan nan nan nan nan nan -9999.0
nan nan nan nan nan nan nan nan nan nan nan nan nan nan nan nan nan nan nan nan nan nan nan nan nan nan nan nan nan nan 25.9 28.8 29.4 29.9 26.5 nan 16.8 23.5 25.8 15.7 24.2 20.1 22.7 26.8 26.9 26.2 25.5 24.9 24.4 24.0 23.9 24.0 24.3 24.8 25.2 25.6 25.6 25.5 -9999.0 -9999.0 -9999.0 -9999.0 -9999.0 -9999.0 -9999.0 -9999.0 -9999.0 -9999.0 -9999.0 -9999.0 -9999.0 -9999.0 -9999.0 -9999.0 -9999.0 -9999.0 -9999.0 -9999.0 nan nan nan nan nan nan nan nan nan nan nan -9999.0
nan nan nan nan nan nan nan nan nan nan nan nan nan nan nan nan nan nan nan nan nan nan nan nan nan nan nan nan nan nan 26.4 28.3 29.3 29.6 28.6 16.8 nan 26.4 20.8 15.5 21.2 nan 28.0 27.8 27.3 26.6 25.9 25.3 24.8 24.5 24.4 24.5 24.9 25.3 25.8 26.0 25.8 21.8 -9999.0 -9999.0 -9999.0 -9999.0 -9999.0 -9999.0 -9999.0 -9999.0 -9999.0 -9999.0 -9999.0 -9999.0 -9999.0 -9999.0 -9999.0 -9999.0 -9999.0 -9999.0 -9999.0 -9999.0 -9999.0 -9999.0 nan nan nan nan nan nan nan nan nan -9999.0
nan nan nan nan nan nan nan nan nan nan nan nan nan nan nan nan nan nan nan nan nan nan nan nan nan nan nan nan nan nan nan 29.0 29.2 29.4 29.7 nan nan 20.6 20.3 18.9 nan nan 28.2 28.2 27.7 27.1 26.4 25.8 25.3 25.0 24.9 25.1 25.4 25.8 26.3 26.7 26.5 23.5 -9999.0 -9999.0 -9999.0 -9999.0 -9999.0 -9999.0 -9999.0 -9999.0 -9999.0 -9999.0 -9999.0 nan nan nan -9999.0 -9999.0 -9999.0 -9999.0 -9999.0 -9999.0 -9999.0 -9999.0 -9999.0 -9999.0 -9999.0 -9999.0 -9999.0 nan nan nan -9999.0 -9999.0
nan nan nan nan nan nan nan nan nan nan nan nan nan nan nan nan nan nan nan nan nan nan nan nan nan nan nan nan nan nan nan 28.4 28.9 29.4 30.1 nan 15.5 18.7 27.0 16.9 nan nan 28.3 28.5 28.0 27.5 26.9 26.3 25.8 25.5 25.5 25.6 25.9 26.4 26.9 27.4 27.7 25.1 -9999.0 -9999.0 -9999.0 -9999.0 -9999.0 -9999.0 -9999.0 -9999.0 -9999.0 -9999.0 -9999.0 nan nan nan nan nan -9999.0 -9999.0 -9999.0 -9999.0 -9999.0 -9999.0 -9999.0 -9999.0 -9999.0 -9999.0 -9999.0 -9999.0 -9999.0 -9999.0 -9999.0 -9999.0
nan nan nan nan nan nan nan nan nan nan nan nan nan nan nan nan nan nan nan nan nan nan nan nan nan nan nan nan nan nan nan 16.7 29.0 29.5 29.0 29.8 27.6 22.1 17.1 14.0 17.1 nan 28.5 28.6 28.4 27.9 27.3 26.8 26.4 26.1 26.0 26.2 26.5 26.9 27.4 28.0 28.5 25.9 -9999.0 -9999.0 -9999.0 -9999.0 -9999.0 -9999.0 -9999.0 -9999.0 -9999.0 -9999.0 -9999.0 -9999.0 -9999.0 -9999.0 -9999.0 -9999.0 -9999.0 -9999.0 -9999.0 -9999.0 -9999.0 -9999.0 -9999.0 -9999.0 -9999.0 -9999.0 -9999.0 -9999.0 -9999.0 -9999.0 -9999.0 -9999.0
nan nan nan nan nan nan nan nan nan nan nan nan nan nan nan nan nan nan nan nan nan nan nan nan nan nan nan nan nan nan nan 16.7 28.7 29.5 30.2 30.6 30.7 nan 18.6 22.0 13.8 nan 28.4 28.8 28.7 28.4 27.9 27.3 27.0 26.7 26.6 26.7 27.0 27.3 27.8 28.4 28.9 26.3 -9999.0 -9999.0 -9999.0 -9999.0 -9999.0 -9999.0 -9999.0 -9999.0 -9999.0 -9999.0 -9999.0 -9999.0 -9999.0 -9999.0 -9999.0 -9999.0 -9999.0 -9999.0 -9999.0 -9999.0 -9999.0 -9999.0 -9999.0 -9999.0 -9999.0 -9999.0 -9999.0 -9999.0 -9999.0 -9999.0 -9999.0 -9999.0
nan nan nan nan nan nan nan nan nan nan nan nan nan nan nan nan nan nan nan nan nan nan nan nan nan nan nan nan nan nan nan 16.7 26.1 29.1 30.3 30.7 30.9 nan nan 20.0 16.5 nan nan 28.9 29.0 28.7 28.4 27.9 27.5 27.2 27.0 27.1 27.3 27.6 28.0 28.7 29.3 24.6 -9999.0 -9999.0 -9999.0 -9999.0 -9999.0 -9999.0 -9999.0 -9999.0 -9999.0 -9999.0 -9999.0 -9999.0 -9999.0 -9999.0 -9999.0 -9999.0 -9999.0 -9999.0 -9999.0 -9999.0 -9999.0 -9999.0 -9999.0 -9999.0 -9999.0 -9999.0 -9999.0 -9999.0 -9999.0 -9999.0 -9999.0 -9999.0
nan nan nan nan nan nan nan nan nan nan nan nan nan nan nan nan nan nan nan nan nan nan nan nan nan nan nan nan nan nan nan nan 16.0 29.7 30.3 30.8 nan nan nan 21.7 15.8 18.5 nan nan 28.7 28.9 28.6 28.2 27.9 27.7 27.5 27.5 27.7 27.9 28.3 29.0 29.4 29.4 -9999.0 -9999.0 -9999.0 -9999.0 -9999.0 -9999.0 -9999.0 -9999.0 -9999.0 -9999.0 -9999.0 -9999.0 -9999.0 -9999.0 -9999.0 -9999.0 -9999.0 -9999.0 -9999.0 -9999.0 -9999.0 -9999.0 -9999.0 -9999.0 nan nan nan -9999.0 -9999.0 -9999.0 -9999.0 -9999.0
nan nan nan nan nan nan nan nan nan nan nan nan nan nan nan nan nan nan nan nan nan nan nan nan nan nan nan nan nan nan nan nan 29.0 29.7 30.3 30.9 nan nan nan nan 18.6 17.7 28.4 nan 28.5 29.3 29.1 28.8 28.5 28.2 28.0 28.0 28.1 28.3 28.7 29.4 29.9 29.8 -9999.0 -9999.0 -9999.0 -9999.0 -9999.0 -9999.0 -9999.0 -9999.0 -9999.0 -9999.0 -9999.0 -9999.0 -9999.0 -9999.0 -9999.0 -9999.0 -9999.0 -9999.0 -9999.0 -9999.0 -9999.0 -9999.0 nan nan nan nan nan nan nan nan -9999.0 -9999.0
nan nan nan nan nan nan nan nan nan nan nan nan nan nan nan nan nan nan nan nan nan nan nan nan nan nan nan nan nan nan nan nan nan 29.8 30.5 31.2 nan nan nan nan 23.1 20.5 25.7 19.6 nan 29.6 29.7 29.2 28.9 28.6 28.5 28.5 28.5 28.7 29.1 29.7 30.3 30.8 -9999.0 -9999.0 -9999.0 -9999.0 -9999.0 -9999.0 -9999.0 -9999.0 -9999.0 -9999.0 -9999.0 nan nan nan nan nan nan nan nan nan nan nan nan nan nan nan nan nan nan nan nan nan
nan nan nan nan nan nan nan nan nan nan nan nan nan nan nan nan nan nan nan nan nan nan nan nan nan nan nan nan nan nan nan nan nan 29.9 30.4 31.5 31.5 nan nan nan 29.5 21.3 23.7 29.8 nan nan 29.4 29.2 28.9 28.7 28.6 28.7 28.9 29.0 29.4 30.0 30.7 31.4 -9999.0 -9999.0 -9999.0 -9999.0 -9999.0 -9999.0 -9999.0 -9999.0 -9999.0 -9999.0 nan nan nan nan nan nan nan nan nan nan nan nan nan nan nan nan nan nan nan nan nan nan
