data/output/RUN203/ECOSPACE/ECOSPACE_in_PAR3/PAR-VarZ-VarK/PAR-VarZ-VarK_1986_09.asc
ncols        93
nrows        151 
xllcorner    -123.80739
yllcorner    48.29471 
cellsize     0.013497347 
NODATA_value  0.0
[rows 80 to 119 of 151, columns 0 to 89 of 93]
nan nan nan nan nan nan nan nan nan nan nan nan nan nan nan nan nan nan nan nan nan nan nan 30.0 28.7 30.6 32.3 32.3 31.8 31.2 30.7 30.2 29.7 29.2 28.7 28.1 27.7 27.3 26.9 26.4 25.8 25.0 24.0 23.1 22.1 21.3 20.6 19.8 19.2 18.6 17.9 17.2 16.6 16.1 nan nan nan nan nan nan nan nan nan nan nan nan 13.4 13.6 13.8 13.8 nan 13.5 13.4 13.4 13.4 13.5 13.4 13.2 13.0 13.2 13.5 13.6 13.4 nan nan nan nan nan nan nan
nan nan nan nan nan nan nan nan nan nan nan nan nan nan nan nan nan nan nan nan nan nan nan nan nan nan 32.7 32.4 31.9 31.4 31.0 30.4 29.8 29.2 28.7 28.1 27.6 27.2 26.8 26.4 25.8 25.0 24.0 23.1 22.1 21.3 20.6 19.9 19.3 18.8 18.2 17.6 16.9 16.2 15.6 nan nan nan nan nan nan nan nan nan nan nan 13.7 13.8 nan nan nan nan nan 13.5 13.6 13.7 nan 13.2 13.3 13.6 13.9 14.0 nan nan nan nan nan nan nan nan
nan nan nan nan nan nan nan nan nan nan nan nan nan nan nan nan nan nan nan nan nan nan nan nan nan nan nan 32.4 32.0 31.8 31.3 30.7 30.0 29.3 28.7 28.1 27.6 27.1 26.8 26.3 25.7 24.9 23.9 23.0 22.1 21.3 20.6 20.0 19.5 19.0 18.5 17.9 17.2 16.5 15.9 15.4 nan nan nan nan nan nan nan nan nan 13.7 14.1 nan nan nan nan nan nan 13.5 13.6 13.7 nan 13.5 13.8 14.0 14.2 nan nan nan nan nan nan nan nan nan
nan nan nan nan nan nan nan nan nan nan nan nan nan nan nan nan nan nan nan nan nan nan nan nan nan nan nan nan 30.7 31.7 31.8 31.0 30.2 29.5 28.8 28.1 27.6 27.1 26.7 26.2 25.5 24.6 23.7 22.8 22.0 21.2 20.6 20.0 19.5 19.1 18.7 18.1 17.5 16.9 16.2 15.7 15.3 nan nan nan nan nan nan nan nan 13.8 14.1 nan nan nan nan nan nan 13.5 13.7 13.8 14.1 14.4 14.3 14.2 nan nan nan nan nan nan nan nan nan nan
nan nan nan nan nan nan nan nan nan nan nan nan nan nan nan nan nan nan nan nan nan nan nan nan nan nan nan nan nan 12.1 31.9 31.3 30.5 29.7 28.9 28.2 27.6 27.1 26.6 26.1 25.3 24.4 23.5 22.6 21.8 21.1 20.6 20.0 19.6 19.2 18.8 18.4 17.9 17.3 16.7 16.1 15.6 15.4 nan nan nan nan nan nan 13.8 14.0 14.2 nan 14.3 14.3 14.3 nan nan 13.6 13.8 14.1 14.4 14.8 nan nan nan nan nan nan nan nan nan nan nan nan
nan nan nan nan nan nan nan nan nan nan nan nan nan nan nan nan nan nan nan nan nan nan nan nan nan nan nan nan nan nan 12.8 31.5 30.9 30.0 29.1 28.3 27.6 27.0 26.5 25.9 25.1 24.1 23.2 22.4 21.6 21.0 20.5 20.0 19.6 19.3 19.0 18.6 18.2 17.7 17.2 16.6 16.1 15.8 nan nan nan nan nan 13.9 14.1 14.2 14.4 14.4 14.4 14.3 14.3 8.4 nan 13.7 14.0 14.3 14.6 14.7 nan nan nan nan nan nan nan nan nan nan nan nan
nan nan nan nan nan nan nan nan nan nan nan nan nan nan nan nan nan nan nan nan nan nan nan nan nan nan nan nan nan nan nan 29.9 31.0 30.2 29.4 28.5 27.8 27.0 26.4 25.7 24.9 24.0 23.1 22.3 21.5 20.9 20.4 20.0 19.7 19.5 19.3 19.0 18.6 18.1 17.6 17.1 16.6 16.1 15.6 nan nan 14.3 14.5 14.5 14.4 14.6 14.7 14.6 14.6 14.5 14.4 nan nan 14.0 14.3 14.5 14.7 14.6 nan nan nan nan nan nan nan nan nan nan nan nan
nan nan nan nan nan nan nan nan nan nan nan nan nan nan nan nan nan nan nan nan nan nan nan nan nan nan nan nan nan nan nan nan 31.1 30.3 29.5 28.7 28.0 27.2 26.4 25.6 24.8 23.9 23.0 22.2 21.4 20.8 20.4 20.0 19.8 19.7 19.5 19.3 18.9 18.6 18.1 17.5 17.0 16.5 16.0 15.4 15.1 15.0 15.1 nan 14.8 15.0 15.2 15.2 15.1 15.0 14.8 14.6 14.5 14.5 14.5 14.6 14.7 nan nan nan nan nan nan nan nan nan nan nan nan nan
nan nan nan nan nan nan nan nan nan nan nan nan nan nan nan nan nan nan nan nan nan nan nan nan nan nan nan nan nan nan 30.8 30.9 30.6 30.1 29.5 28.9 28.2 27.4 26.5 25.7 24.8 23.9 23.0 22.2 21.4 20.8 20.4 20.1 19.9 19.8 19.7 19.6 19.3 19.0 18.6 18.1 17.5 17.0 16.5 16.1 15.8 15.6 15.5 15.5 15.5 15.6 15.8 15.8 15.7 15.7 15.3 14.9 14.7 14.6 14.7 14.7 14.6 nan nan nan nan nan nan nan nan nan nan nan nan nan
nan nan nan nan nan nan nan nan nan nan nan nan nan nan nan nan nan nan nan nan nan nan nan nan nan nan nan nan nan nan nan nan 30.6 30.1 29.6 29.2 28.6 27.9 26.9 25.9 24.9 24.0 23.1 22.3 21.5 20.9 20.5 20.2 20.0 20.0 19.9 19.8 19.6 19.4 19.0 18.6 18.2 17.7 17.2 16.8 16.4 16.1 16.0 16.1 16.0 15.9 16.0 nan nan nan 15.4 15.1 14.9 14.8 14.7 14.7 nan nan nan nan nan nan nan nan nan nan nan nan nan nan
nan nan nan nan nan nan nan nan nan nan nan nan nan nan nan nan nan nan nan nan nan nan nan nan nan nan nan nan nan nan 12.7 11.7 30.2 30.0 29.8 29.6 29.2 28.4 27.3 26.2 25.2 24.2 23.3 22.4 21.6 21.0 20.5 20.3 20.2 20.1 20.1 20.0 19.9 19.7 19.4 19.1 18.8 18.4 17.9 17.3 16.9 16.5 16.4 16.3 nan nan nan nan nan nan nan 15.2 14.9 14.8 14.7 14.6 nan nan nan nan nan nan nan nan nan nan nan nan nan nan
nan nan nan nan nan nan nan nan nan nan nan nan nan nan nan nan nan nan nan nan nan nan nan nan nan nan nan nan nan nan 13.1 29.7 30.0 30.0 30.0 14.4 29.7 29.0 27.7 26.6 25.5 24.5 23.5 22.6 21.9 21.2 20.7 20.4 20.3 20.3 20.3 20.2 20.1 20.0 19.7 19.5 19.2 18.9 18.4 17.9 17.4 16.9 16.7 nan nan nan nan nan nan 15.0 15.1 15.1 14.9 14.7 14.6 nan nan nan nan nan nan nan nan nan nan nan nan nan nan nan
nan nan nan nan nan nan nan nan nan nan nan nan nan nan nan nan nan nan nan nan nan nan nan nan nan nan nan nan nan nan 12.7 28.5 30.0 30.1 nan nan nan 28.8 27.9 26.9 25.9 24.9 23.9 23.0 22.1 21.4 20.9 20.6 20.4 20.4 20.4 20.3 20.3 20.2 20.0 19.8 19.6 19.2 18.8 18.3 17.8 17.3 17.0 nan nan nan nan nan 15.1 15.1 15.0 14.8 14.7 14.6 nan nan nan nan nan nan nan nan nan nan nan nan nan nan nan nan
nan nan nan nan nan nan nan nan nan nan nan nan nan nan nan nan nan nan nan nan nan nan nan nan nan nan nan nan nan nan 12.7 12.3 30.0 30.1 nan nan nan 27.1 28.0 27.1 26.2 25.2 24.2 23.3 22.5 21.7 21.1 20.7 20.5 20.4 20.4 20.4 20.4 20.3 20.2 20.1 19.9 19.5 19.1 18.6 18.1 17.7 17.2 16.4 16.0 nan 15.2 15.3 15.2 15.0 14.8 14.6 nan nan nan nan nan nan nan nan nan nan nan nan nan nan nan nan nan nan
nan nan nan nan nan nan nan nan nan nan nan nan nan nan nan nan nan nan nan nan nan nan nan nan nan nan nan nan nan nan nan nan 30.0 25.6 nan nan nan nan 27.8 27.4 26.7 25.6 24.6 23.6 22.7 21.9 21.3 20.9 20.7 20.6 20.5 20.5 20.5 20.5 20.3 20.2 19.9 19.6 19.3 18.9 18.5 18.0 17.5 17.0 16.6 16.1 15.8 15.4 15.2 14.9 14.6 nan nan nan nan nan nan nan nan nan nan nan nan nan nan nan nan nan nan nan
nan nan nan nan nan nan nan nan nan nan nan nan nan nan nan nan nan nan nan nan nan nan nan nan nan nan nan nan nan nan nan nan nan 25.4 12.7 nan nan nan 11.8 27.9 27.2 26.1 25.0 24.0 23.0 22.2 21.5 21.1 20.8 20.7 20.6 20.6 20.5 20.5 20.4 20.2 19.9 19.7 19.5 19.2 18.8 18.4 18.0 17.5 17.0 16.5 16.0 15.6 15.3 14.9 14.6 nan nan nan nan nan nan nan nan nan nan nan nan nan nan nan nan nan nan nan
nan nan nan nan nan nan nan nan nan nan nan nan nan nan nan nan nan nan nan nan nan nan nan nan nan nan nan nan nan nan nan nan nan nan 13.3 24.1 nan nan nan nan 27.6 26.6 25.3 24.3 23.4 22.5 21.9 21.4 21.1 20.8 20.7 20.6 20.5 20.5 20.3 20.2 20.0 19.8 19.6 19.4 19.1 18.8 18.5 18.0 17.5 16.9 16.3 15.8 15.4 15.0 14.7 14.4 nan nan nan nan nan nan nan nan nan nan nan nan nan nan nan nan nan nan
nan nan nan nan nan nan nan nan nan nan nan nan nan nan nan nan nan nan nan nan nan nan nan nan nan nan nan nan nan nan nan nan nan nan nan 17.7 12.6 nan nan nan nan 25.8 25.5 24.6 23.7 23.0 22.3 21.7 21.3 21.0 20.8 20.6 20.5 20.4 20.3 20.2 20.0 19.9 19.8 19.6 19.4 19.2 18.9 18.4 17.8 17.2 16.5 16.0 15.6 15.1 14.7 14.5 14.3 8.2 nan nan nan nan nan nan nan nan nan nan nan nan nan nan nan nan
nan nan nan nan nan nan nan nan nan nan nan nan nan nan nan nan nan nan nan nan nan nan nan nan nan nan nan nan nan nan nan nan nan nan 13.6 17.5 25.1 24.9 nan 12.7 nan 23.4 25.5 24.8 24.1 23.4 22.8 22.1 21.6 21.2 20.9 20.7 20.5 20.4 20.3 20.2 20.1 20.0 20.0 19.9 19.7 19.5 19.2 18.6 17.9 17.2 16.6 16.2 15.7 15.2 14.8 14.6 14.4 14.3 nan nan nan nan nan nan nan nan nan nan nan nan nan nan nan nan
nan nan nan nan nan nan nan nan nan nan nan nan nan nan nan nan nan nan nan nan nan nan nan nan nan nan nan nan nan nan nan nan nan nan 25.7 25.5 25.6 23.7 13.1 22.9 24.4 21.4 25.8 25.1 24.5 23.8 23.2 22.5 21.9 21.4 21.0 20.8 20.6 20.5 20.4 20.3 20.2 20.2 20.1 20.1 20.0 19.8 19.4 18.8 18.0 17.1 16.3 15.9 15.3 15.4 14.8 14.6 14.5 14.4 14.4 nan nan nan nan nan nan nan nan nan nan nan nan nan nan nan
nan nan nan nan nan nan nan nan nan nan nan nan nan nan nan nan nan nan nan nan nan nan nan nan nan nan nan nan nan nan nan nan nan nan 25.6 25.7 25.6 25.4 23.9 nan 25.4 24.9 26.0 25.5 24.8 24.1 23.5 22.8 22.2 21.6 21.2 20.9 20.7 20.5 20.5 20.4 20.4 20.4 20.4 20.3 20.2 19.9 -9999.0 -9999.0 -9999.0 -9999.0 -9999.0 -9999.0 -9999.0 8.9 14.8 14.6 14.5 14.3 14.3 nan nan nan nan nan nan nan nan nan nan nan nan nan nan -9999.0
nan nan nan nan nan nan nan nan nan nan nan nan nan nan nan nan nan nan nan nan nan nan nan nan nan nan nan nan nan nan nan nan nan nan 25.4 25.5 25.4 25.4 25.5 nan nan 26.3 26.1 25.6 25.0 24.4 23.7 23.1 22.4 21.8 21.4 21.0 20.8 20.7 20.6 20.6 20.6 20.7 20.6 20.5 20.3 -9999.0 -9999.0 -9999.0 -9999.0 -9999.0 -9999.0 -9999.0 -9999.0 nan 10.1 14.2 14.1 13.4 nan nan nan nan nan nan nan nan nan nan nan nan nan nan nan -9999.0
nan nan nan nan nan nan nan nan nan nan nan nan nan nan nan nan nan nan nan nan nan nan nan nan nan nan nan nan nan nan nan nan nan nan 25.2 25.2 25.1 25.1 25.2 nan 21.3 23.9 26.1 25.6 25.1 24.5 23.9 23.3 22.6 22.0 21.6 21.2 21.0 20.9 20.9 21.0 21.0 21.0 21.0 20.8 20.5 -9999.0 -9999.0 -9999.0 -9999.0 -9999.0 -9999.0 -9999.0 -9999.0 -9999.0 -9999.0 nan 8.5 8.5 nan nan nan nan nan nan nan nan nan nan nan nan nan nan nan -9999.0
nan nan nan nan nan nan nan nan nan nan nan nan nan nan nan nan nan nan nan nan nan nan nan nan nan nan nan nan nan nan nan nan nan nan 24.9 24.8 25.0 24.2 22.4 14.5 23.7 21.5 26.0 25.6 25.2 24.6 24.1 23.4 22.7 22.2 21.8 21.4 21.3 21.2 21.2 21.3 21.4 21.4 21.3 21.1 -9999.0 -9999.0 -9999.0 -9999.0 -9999.0 -9999.0 -9999.0 -9999.0 -9999.0 -9999.0 -9999.0 nan nan nan nan nan nan nan nan nan nan nan nan nan nan nan nan nan nan -9999.0
nan nan nan nan nan nan nan nan nan nan nan nan nan nan nan nan nan nan nan nan nan nan nan nan nan nan nan nan nan nan nan nan 22.7 23.4 24.7 24.9 25.1 25.5 25.7 23.3 nan 26.7 26.0 25.6 25.2 24.7 24.1 23.5 22.9 22.4 22.0 21.7 21.6 21.5 21.6 21.7 21.8 21.9 21.7 -9999.0 -9999.0 -9999.0 -9999.0 -9999.0 -9999.0 -9999.0 -9999.0 -9999.0 -9999.0 -9999.0 -9999.0 -9999.0 nan nan nan nan nan nan nan nan nan nan nan nan nan nan nan nan nan -9999.0
nan nan nan nan nan nan nan nan nan nan nan nan nan nan nan nan nan nan nan nan nan nan nan nan nan nan nan nan nan 12.5 nan nan 25.0 25.0 25.0 24.9 25.4 25.7 26.2 nan nan 26.0 25.9 25.6 25.2 24.8 24.2 23.6 23.0 22.6 22.2 21.9 21.8 21.8 21.9 22.1 22.2 22.3 22.1 -9999.0 -9999.0 -9999.0 -9999.0 -9999.0 -9999.0 -9999.0 -9999.0 -9999.0 -9999.0 -9999.0 -9999.0 -9999.0 -9999.0 -9999.0 nan nan nan nan nan nan nan nan nan nan nan nan nan nan nan -9999.0
nan nan nan nan nan nan nan nan nan nan nan nan nan nan nan nan nan nan nan nan nan nan nan nan nan nan nan nan nan 11.0 11.0 nan 25.1 25.2 23.4 22.3 24.0 25.7 25.9 25.2 nan 26.0 26.0 25.7 25.3 24.9 24.4 23.8 23.2 22.8 22.4 22.2 22.1 22.2 22.3 22.5 22.6 22.7 -9999.0 -9999.0 -9999.0 -9999.0 -9999.0 -9999.0 -9999.0 -9999.0 -9999.0 -9999.0 -9999.0 -9999.0 -9999.0 -9999.0 -9999.0 -9999.0 -9999.0 nan nan nan nan nan nan nan nan nan nan nan nan nan nan -9999.0
nan nan nan nan nan nan nan nan nan nan nan nan nan nan nan nan nan nan nan nan nan nan nan nan nan nan nan nan nan 11.6 24.9 25.0 25.2 25.4 25.7 nan 11.4 25.4 25.6 25.7 nan 25.5 26.5 26.1 25.6 25.0 24.5 23.9 23.4 23.0 22.7 22.5 22.5 22.6 22.8 23.0 23.1 23.2 -9999.0 -9999.0 -9999.0 -9999.0 -9999.0 -9999.0 -9999.0 -9999.0 -9999.0 -9999.0 -9999.0 -9999.0 -9999.0 -9999.0 -9999.0 -9999.0 -9999.0 -9999.0 nan nan nan nan nan nan nan nan nan nan nan nan nan -9999.0
nan nan nan nan nan nan nan nan nan nan nan nan nan nan nan nan nan nan nan nan nan nan nan nan nan nan nan nan nan nan 24.5 24.9 25.2 25.6 24.1 nan nan 24.5 25.2 26.2 nan 22.3 24.4 26.0 25.8 25.2 24.6 24.0 23.5 23.2 22.9 22.8 22.9 23.0 23.2 23.4 23.7 23.8 -9999.0 -9999.0 -9999.0 -9999.0 -9999.0 -9999.0 -9999.0 -9999.0 -9999.0 -9999.0 -9999.0 -9999.0 -9999.0 -9999.0 -9999.0 -9999.0 -9999.0 -9999.0 -9999.0 nan nan nan nan nan nan nan nan nan nan nan nan -9999.0
nan nan nan nan nan nan nan nan nan nan nan nan nan nan nan nan nan nan nan nan nan nan nan nan nan nan nan nan nan nan 22.5 25.0 25.4 25.8 22.9 nan 12.6 18.9 22.4 12.8 20.6 17.3 20.3 25.5 25.9 25.2 24.7 24.1 23.7 23.3 23.1 23.1 23.2 23.4 23.7 24.0 24.1 24.0 -9999.0 -9999.0 -9999.0 -9999.0 -9999.0 -9999.0 -9999.0 -9999.0 -9999.0 -9999.0 -9999.0 -9999.0 -9999.0 -9999.0 -9999.0 -9999.0 -9999.0 -9999.0 -9999.0 -9999.0 nan nan nan nan nan nan nan nan nan nan nan -9999.0
nan nan nan nan nan nan nan nan nan nan nan nan nan nan nan nan nan nan nan nan nan nan nan nan nan nan nan nan nan nan 23.0 24.7 25.3 25.6 24.2 12.6 nan 22.5 18.0 12.4 17.5 nan 25.8 26.2 25.9 25.3 24.8 24.2 23.8 23.5 23.4 23.4 23.5 23.8 24.1 24.4 24.2 19.8 -9999.0 -9999.0 -9999.0 -9999.0 -9999.0 -9999.0 -9999.0 -9999.0 -9999.0 -9999.0 -9999.0 -9999.0 -9999.0 -9999.0 -9999.0 -9999.0 -9999.0 -9999.0 -9999.0 -9999.0 -9999.0 -9999.0 nan nan nan nan nan nan nan nan nan -9999.0
nan nan nan nan nan nan nan nan nan nan nan nan nan nan nan nan nan nan nan nan nan nan nan nan nan nan nan nan nan nan nan 24.8 25.1 25.4 25.8 nan nan 17.1 16.5 14.1 nan nan 26.3 26.3 25.9 25.4 24.9 24.4 24.0 23.8 23.6 23.6 23.8 24.2 24.7 25.1 24.8 21.9 -9999.0 -9999.0 -9999.0 -9999.0 -9999.0 -9999.0 -9999.0 -9999.0 -9999.0 -9999.0 -9999.0 nan nan nan -9999.0 -9999.0 -9999.0 -9999.0 -9999.0 -9999.0 -9999.0 -9999.0 -9999.0 -9999.0 -9999.0 -9999.0 -9999.0 nan nan nan -9999.0 -9999.0
nan nan nan nan nan nan nan nan nan nan nan nan nan nan nan nan nan nan nan nan nan nan nan nan nan nan nan nan nan nan nan 23.7 24.9 25.3 26.0 nan 12.0 14.5 22.3 13.0 nan nan 26.2 26.2 25.9 25.4 25.0 24.6 24.2 24.0 23.9 23.9 24.1 24.6 25.3 25.8 25.8 21.5 -9999.0 -9999.0 -9999.0 -9999.0 -9999.0 -9999.0 -9999.0 -9999.0 -9999.0 -9999.0 -9999.0 nan nan nan nan nan -9999.0 -9999.0 -9999.0 -9999.0 -9999.0 -9999.0 -9999.0 -9999.0 -9999.0 -9999.0 -9999.0 -9999.0 -9999.0 -9999.0 -9999.0 -9999.0
nan nan nan nan nan nan nan nan nan nan nan nan nan nan nan nan nan nan nan nan nan nan nan nan nan nan nan nan nan nan nan 12.4 24.9 25.3 24.9 24.7 22.8 17.5 13.7 11.3 13.1 nan 26.1 26.1 25.8 25.5 25.1 24.8 24.5 24.3 24.1 24.2 24.5 25.0 25.8 26.3 26.5 22.6 -9999.0 -9999.0 -9999.0 -9999.0 -9999.0 -9999.0 -9999.0 -9999.0 -9999.0 -9999.0 -9999.0 -9999.0 -9999.0 -9999.0 -9999.0 -9999.0 -9999.0 -9999.0 -9999.0 -9999.0 -9999.0 -9999.0 -9999.0 -9999.0 -9999.0 -9999.0 -9999.0 -9999.0 -9999.0 -9999.0 -9999.0 -9999.0
nan nan nan nan nan nan nan nan nan nan nan nan nan nan nan nan nan nan nan nan nan nan nan nan nan nan nan nan nan nan nan 12.4 24.5 25.2 25.8 26.0 26.0 nan 15.6 18.1 10.6 nan 25.9 26.1 26.0 25.7 25.3 24.9 24.6 24.4 24.3 24.4 24.8 25.4 26.2 26.8 27.0 24.5 -9999.0 -9999.0 -9999.0 -9999.0 -9999.0 -9999.0 -9999.0 -9999.0 -9999.0 -9999.0 -9999.0 -9999.0 -9999.0 -9999.0 -9999.0 -9999.0 -9999.0 -9999.0 -9999.0 -9999.0 -9999.0 -9999.0 -9999.0 -9999.0 -9999.0 -9999.0 -9999.0 -9999.0 -9999.0 -9999.0 -9999.0 -9999.0
nan nan nan nan nan nan nan nan nan nan nan nan nan nan nan nan nan nan nan nan nan nan nan nan nan nan nan nan nan nan nan 12.4 21.9 24.1 25.6 25.9 26.0 nan nan 16.0 12.2 nan nan 26.3 26.1 25.8 25.5 25.2 24.8 24.6 24.5 24.6 25.0 25.6 26.5 27.3 27.4 23.1 -9999.0 -9999.0 -9999.0 -9999.0 -9999.0 -9999.0 -9999.0 -9999.0 -9999.0 -9999.0 -9999.0 -9999.0 -9999.0 -9999.0 -9999.0 -9999.0 -9999.0 -9999.0 -9999.0 -9999.0 -9999.0 -9999.0 -9999.0 -9999.0 -9999.0 -9999.0 -9999.0 -9999.0 -9999.0 -9999.0 -9999.0 -9999.0
nan nan nan nan nan nan nan nan nan nan nan nan nan nan nan nan nan nan nan nan nan nan nan nan nan nan nan nan nan nan nan nan 12.0 25.1 25.5 25.8 nan nan nan 16.5 11.9 12.3 nan nan 25.8 25.6 25.5 25.2 24.9 24.8 24.7 24.8 25.1 25.8 26.8 27.7 27.9 26.8 -9999.0 -9999.0 -9999.0 -9999.0 -9999.0 -9999.0 -9999.0 -9999.0 -9999.0 -9999.0 -9999.0 -9999.0 -9999.0 -9999.0 -9999.0 -9999.0 -9999.0 -9999.0 -9999.0 -9999.0 -9999.0 -9999.0 -9999.0 -9999.0 nan nan nan -9999.0 -9999.0 -9999.0 -9999.0 -9999.0
nan nan nan nan nan nan nan nan nan nan nan nan nan nan nan nan nan nan nan nan nan nan nan nan nan nan nan nan nan nan nan nan 24.7 25.0 25.4 25.8 nan nan nan nan 13.2 12.2 21.6 nan 25.0 25.9 25.8 25.5 25.3 25.1 25.0 25.1 25.4 26.0 27.0 27.9 28.2 27.6 -9999.0 -9999.0 -9999.0 -9999.0 -9999.0 -9999.0 -9999.0 -9999.0 -9999.0 -9999.0 -9999.0 -9999.0 -9999.0 -9999.0 -9999.0 -9999.0 -9999.0 -9999.0 -9999.0 -9999.0 -9999.0 -9999.0 nan nan nan nan nan nan nan nan -9999.0 -9999.0
nan nan nan nan nan nan nan nan nan nan nan nan nan nan nan nan nan nan nan nan nan nan nan nan nan nan nan nan nan nan nan nan nan 25.0 25.5 26.0 nan nan nan nan 17.7 14.2 18.4 15.1 nan 26.3 26.1 25.7 25.5 25.4 25.3 25.3 25.6 26.2 27.1 28.2 28.7 28.8 -9999.0 -9999.0 -9999.0 -9999.0 -9999.0 -9999.0 -9999.0 -9999.0 -9999.0 -9999.0 -9999.0 nan nan nan nan nan nan nan nan nan nan nan nan nan nan nan nan nan nan nan nan nan
nan nan nan nan nan nan nan nan nan nan nan nan nan nan nan nan nan nan nan nan nan nan nan nan nan nan nan nan nan nan nan nan nan 25.4 25.8 26.0 26.0 nan nan nan 24.0 14.9 17.2 23.3 nan nan 25.8 25.6 25.5 25.3 25.3 25.3 25.6 26.1 27.1 28.2 29.0 29.2 -9999.0 -9999.0 -9999.0 -9999.0 -9999.0 -9999.0 -9999.0 -9999.0 -9999.0 -9999.0 nan nan nan nan nan nan nan nan nan nan nan nan nan nan nan nan nan nan nan nan nan nan
