data/output/RUN203/ECOSPACE/ECOSPACE_in_PAR3/PAR-VarZ-VarK/PAR-VarZ-VarK_1987_07.asc
ncols        93
nrows        151 
xllcorner    -123.80739
yllcorner    48.29471 
cellsize     0.013497347 
NODATA_value  0.0
[rows 80 to 119 of 151, columns 0 to 89 of 93]
nan nan nan nan nan nan nan nan nan nan nan nan nan nan nan nan nan nan nan nan nan nan nan 33.4 32.3 32.9 34.3 34.6 34.5 34.0 33.5 32.8 32.1 31.4 30.9 30.3 29.7 29.3 28.9 28.4 28.0 27.5 27.1 26.6 26.0 25.2 24.4 23.7 23.0 22.3 21.5 20.8 20.1 19.5 nan nan nan nan nan nan nan nan nan nan nan nan 15.9 16.0 16.1 16.1 nan 15.8 15.7 15.7 15.7 15.8 15.7 15.5 15.5 15.7 16.2 16.2 15.9 nan nan nan nan nan nan nan
nan nan nan nan nan nan nan nan nan nan nan nan nan nan nan nan nan nan nan nan nan nan nan nan nan nan 34.9 34.9 34.7 34.4 33.9 33.3 32.6 31.9 31.1 30.5 29.9 29.4 29.0 28.6 28.1 27.7 27.3 26.8 26.2 25.5 24.7 24.0 23.3 22.7 22.0 21.2 20.5 19.8 19.0 nan nan nan nan nan nan nan nan nan nan nan 16.3 16.2 nan nan nan nan nan 15.9 15.9 16.0 nan 15.6 15.7 16.1 16.5 16.6 nan nan nan nan nan nan nan nan
nan nan nan nan nan nan nan nan nan nan nan nan nan nan nan nan nan nan nan nan nan nan nan nan nan nan nan 34.9 34.8 34.7 34.3 33.7 33.0 32.2 31.4 30.7 30.0 29.5 29.1 28.7 28.3 27.9 27.4 26.9 26.4 25.7 25.0 24.3 23.6 23.0 22.3 21.6 20.8 20.1 19.4 18.8 nan nan nan nan nan nan nan nan nan 16.3 16.6 nan nan nan nan nan nan 15.9 16.0 16.0 nan 15.8 16.1 16.5 16.7 nan nan nan nan nan nan nan nan nan
nan nan nan nan nan nan nan nan nan nan nan nan nan nan nan nan nan nan nan nan nan nan nan nan nan nan nan nan 32.4 34.4 34.7 34.3 33.6 32.6 31.7 30.9 30.2 29.7 29.2 28.8 28.5 28.0 27.6 27.0 26.5 25.9 25.2 24.5 23.8 23.2 22.6 22.0 21.2 20.5 19.8 19.2 18.8 nan nan nan nan nan nan nan nan 16.4 16.6 nan nan nan nan nan nan 15.9 16.0 16.1 16.5 16.9 16.7 16.6 nan nan nan nan nan nan nan nan nan nan
nan nan nan nan nan nan nan nan nan nan nan nan nan nan nan nan nan nan nan nan nan nan nan nan nan nan nan nan nan 16.8 34.9 34.5 33.8 32.9 32.0 31.2 30.5 29.8 29.3 28.9 28.5 28.1 27.6 27.1 26.6 26.0 25.4 24.8 24.1 23.5 23.0 22.4 21.7 21.0 20.3 19.7 19.1 18.7 nan nan nan nan nan nan 16.5 16.6 16.7 nan 16.7 16.6 16.6 nan nan 16.0 16.2 16.5 17.0 17.5 nan nan nan nan nan nan nan nan nan nan nan nan
nan nan nan nan nan nan nan nan nan nan nan nan nan nan nan nan nan nan nan nan nan nan nan nan nan nan nan nan nan nan 17.3 34.5 34.0 33.2 32.3 31.4 30.6 30.0 29.4 28.9 28.5 28.1 27.7 27.2 26.6 26.1 25.6 25.0 24.4 23.8 23.3 22.8 22.2 21.6 20.9 20.2 19.6 19.1 nan nan nan nan nan 16.6 16.7 16.8 16.8 16.8 16.8 16.7 16.6 11.5 nan 16.1 16.4 16.7 17.1 17.3 nan nan nan nan nan nan nan nan nan nan nan nan
nan nan nan nan nan nan nan nan nan nan nan nan nan nan nan nan nan nan nan nan nan nan nan nan nan nan nan nan nan nan nan 31.3 34.0 33.3 32.5 31.7 30.9 30.1 29.5 29.0 28.5 28.1 27.6 27.2 26.6 26.2 25.7 25.2 24.6 24.2 23.7 23.3 22.8 22.1 21.5 20.8 20.1 19.4 18.7 nan nan 17.1 17.2 17.1 16.9 17.0 17.0 17.0 16.9 16.8 16.7 nan nan 16.4 16.6 16.9 17.3 17.2 nan nan nan nan nan nan nan nan nan nan nan nan
nan nan nan nan nan nan nan nan nan nan nan nan nan nan nan nan nan nan nan nan nan nan nan nan nan nan nan nan nan nan nan nan 34.1 33.3 32.5 31.8 31.0 30.3 29.6 29.0 28.6 28.1 27.6 27.2 26.8 26.3 25.9 25.5 25.1 24.6 24.2 23.8 23.3 22.7 22.0 21.3 20.6 19.9 19.2 18.4 18.0 17.8 17.6 nan 17.2 17.3 17.3 17.3 17.3 17.2 17.1 16.9 16.9 16.9 16.9 17.1 17.2 nan nan nan nan nan nan nan nan nan nan nan nan nan
nan nan nan nan nan nan nan nan nan nan nan nan nan nan nan nan nan nan nan nan nan nan nan nan nan nan nan nan nan nan 32.8 33.1 33.5 33.0 32.4 31.8 31.2 30.5 29.8 29.2 28.7 28.2 27.8 27.3 26.9 26.5 26.2 25.9 25.5 25.1 24.8 24.4 24.0 23.5 22.8 22.0 21.3 20.5 19.8 19.1 18.7 18.2 18.0 17.9 17.8 17.8 17.8 17.8 17.7 17.7 17.4 17.2 17.1 17.0 17.1 17.3 17.2 nan nan nan nan nan nan nan nan nan nan nan nan nan
nan nan nan nan nan nan nan nan nan nan nan nan nan nan nan nan nan nan nan nan nan nan nan nan nan nan nan nan nan nan nan nan 32.8 32.5 32.1 31.7 31.3 30.7 30.0 29.4 28.9 28.4 27.9 27.5 27.1 26.8 26.6 26.3 26.0 25.7 25.4 25.1 24.7 24.2 23.6 23.0 22.3 21.5 20.8 20.1 19.4 18.9 18.6 18.4 18.2 18.0 18.0 nan nan nan 17.6 17.4 17.3 17.2 17.2 17.3 nan nan nan nan nan nan nan nan nan nan nan nan nan nan
nan nan nan nan nan nan nan nan nan nan nan nan nan nan nan nan nan nan nan nan nan nan nan nan nan nan nan nan nan nan 18.9 17.0 32.5 32.2 31.9 31.8 31.6 31.1 30.4 29.8 29.1 28.5 28.0 27.5 27.2 27.0 26.9 26.7 26.5 26.3 26.0 25.8 25.4 25.0 24.5 23.9 23.3 22.6 21.8 21.0 20.2 19.5 19.0 18.8 nan nan nan nan nan nan nan 17.6 17.5 17.3 17.3 17.3 nan nan nan nan nan nan nan nan nan nan nan nan nan nan
nan nan nan nan nan nan nan nan nan nan nan nan nan nan nan nan nan nan nan nan nan nan nan nan nan nan nan nan nan nan 17.8 31.8 32.2 32.2 31.8 18.5 31.6 31.6 30.8 30.1 29.4 28.8 28.1 27.6 27.3 27.1 27.0 27.0 26.9 26.7 26.6 26.3 26.0 25.7 25.3 24.8 24.1 23.4 22.6 21.7 20.8 20.0 19.3 nan nan nan nan nan nan 17.3 17.5 17.6 17.5 17.4 17.4 nan nan nan nan nan nan nan nan nan nan nan nan nan nan nan
nan nan nan nan nan nan nan nan nan nan nan nan nan nan nan nan nan nan nan nan nan nan nan nan nan nan nan nan nan nan 18.9 30.4 32.2 32.1 nan nan nan 31.3 31.0 30.3 29.7 29.0 28.3 27.7 27.4 27.2 27.2 27.1 27.1 27.0 26.9 26.7 26.5 26.2 25.9 25.5 24.9 24.2 23.3 22.4 21.3 20.4 19.6 nan nan nan nan nan 17.5 17.6 17.6 17.6 17.5 17.4 nan nan nan nan nan nan nan nan nan nan nan nan nan nan nan nan
nan nan nan nan nan nan nan nan nan nan nan nan nan nan nan nan nan nan nan nan nan nan nan nan nan nan nan nan nan nan 18.8 16.8 32.3 32.1 nan nan nan 28.9 30.9 30.4 29.8 29.2 28.5 27.9 27.5 27.3 27.3 27.3 27.3 27.2 27.2 27.0 26.9 26.7 26.4 26.0 25.5 24.8 23.9 22.9 21.7 20.6 19.6 18.6 18.1 nan 17.6 17.7 17.7 17.7 17.7 17.7 nan nan nan nan nan nan nan nan nan nan nan nan nan nan nan nan nan nan
nan nan nan nan nan nan nan nan nan nan nan nan nan nan nan nan nan nan nan nan nan nan nan nan nan nan nan nan nan nan nan nan 32.3 27.6 nan nan nan nan 30.5 30.6 30.2 29.5 28.7 28.0 27.6 27.5 27.4 27.4 27.4 27.4 27.3 27.3 27.2 27.0 26.8 26.4 25.9 25.2 24.4 23.3 22.1 20.9 19.8 19.0 18.6 18.2 18.0 17.9 17.8 17.8 17.7 nan nan nan nan nan nan nan nan nan nan nan nan nan nan nan nan nan nan nan
nan nan nan nan nan nan nan nan nan nan nan nan nan nan nan nan nan nan nan nan nan nan nan nan nan nan nan nan nan nan nan nan nan 25.7 14.6 nan nan nan 17.0 31.0 30.7 30.0 28.9 28.2 27.7 27.5 27.5 27.5 27.5 27.5 27.5 27.5 27.4 27.2 27.0 26.7 26.2 25.5 24.7 23.6 22.4 21.3 20.3 19.5 18.9 18.5 18.2 18.0 18.0 17.9 17.7 nan nan nan nan nan nan nan nan nan nan nan nan nan nan nan nan nan nan nan
nan nan nan nan nan nan nan nan nan nan nan nan nan nan nan nan nan nan nan nan nan nan nan nan nan nan nan nan nan nan nan nan nan nan 17.2 25.8 nan nan nan nan 30.8 30.3 29.2 28.4 28.0 27.7 27.6 27.6 27.6 27.6 27.6 27.6 27.6 27.4 27.2 26.8 26.3 25.7 24.8 23.8 22.6 21.6 20.7 19.9 19.2 18.7 18.4 18.2 18.0 17.9 17.7 17.5 nan nan nan nan nan nan nan nan nan nan nan nan nan nan nan nan nan nan
nan nan nan nan nan nan nan nan nan nan nan nan nan nan nan nan nan nan nan nan nan nan nan nan nan nan nan nan nan nan nan nan nan nan nan 20.1 18.7 nan nan nan nan 29.5 29.5 28.7 28.2 27.9 27.8 27.7 27.7 27.6 27.6 27.7 27.7 27.5 27.2 26.9 26.4 25.7 24.9 23.9 22.8 21.8 20.9 20.1 19.4 18.9 18.5 18.3 18.1 17.9 17.8 17.7 17.5 11.8 nan nan nan nan nan nan nan nan nan nan nan nan nan nan nan nan
nan nan nan nan nan nan nan nan nan nan nan nan nan nan nan nan nan nan nan nan nan nan nan nan nan nan nan nan nan nan nan nan nan nan 17.6 22.4 27.8 27.8 nan 18.8 nan 26.9 29.4 28.8 28.4 28.1 28.0 27.9 27.8 27.8 27.7 27.7 27.6 27.5 27.2 26.8 26.3 25.7 24.9 23.9 22.9 21.9 21.0 20.1 19.4 19.0 18.6 18.4 18.2 17.9 17.7 17.6 17.5 17.3 nan nan nan nan nan nan nan nan nan nan nan nan nan nan nan nan
nan nan nan nan nan nan nan nan nan nan nan nan nan nan nan nan nan nan nan nan nan nan nan nan nan nan nan nan nan nan nan nan nan nan 27.6 27.8 28.1 27.2 20.0 25.0 26.8 25.4 29.2 28.8 28.6 28.3 28.1 28.0 27.9 27.8 27.7 27.6 27.5 27.4 27.1 26.7 26.2 25.6 24.9 24.0 23.0 22.0 21.0 20.1 19.4 18.9 18.1 18.1 17.8 18.1 17.8 17.6 17.5 17.5 17.5 nan nan nan nan nan nan nan nan nan nan nan nan nan nan nan
nan nan nan nan nan nan nan nan nan nan nan nan nan nan nan nan nan nan nan nan nan nan nan nan nan nan nan nan nan nan nan nan nan nan 27.7 27.8 27.9 28.1 27.9 nan 27.6 28.0 29.3 29.0 28.7 28.5 28.2 28.1 28.0 27.9 27.7 27.5 27.4 27.2 27.0 26.7 26.3 25.7 25.0 24.0 23.0 22.0 -9999.0 -9999.0 -9999.0 -9999.0 -9999.0 -9999.0 -9999.0 12.9 17.9 17.7 17.6 17.4 17.4 nan nan nan nan nan nan nan nan nan nan nan nan nan nan -9999.0
nan nan nan nan nan nan nan nan nan nan nan nan nan nan nan nan nan nan nan nan nan nan nan nan nan nan nan nan nan nan nan nan nan nan 27.5 27.5 27.6 27.7 27.9 nan nan 29.6 29.6 29.1 28.8 28.5 28.4 28.2 28.1 28.0 27.8 27.6 27.4 27.2 27.0 26.7 26.4 25.8 25.0 24.1 23.0 -9999.0 -9999.0 -9999.0 -9999.0 -9999.0 -9999.0 -9999.0 -9999.0 nan 15.3 17.6 17.7 17.0 nan nan nan nan nan nan nan nan nan nan nan nan nan nan nan -9999.0
nan nan nan nan nan nan nan nan nan nan nan nan nan nan nan nan nan nan nan nan nan nan nan nan nan nan nan nan nan nan nan nan nan nan 27.2 27.2 27.3 27.5 28.1 nan 24.0 28.4 29.5 29.1 28.9 28.7 28.5 28.3 28.2 28.0 27.8 27.6 27.4 27.2 27.1 26.9 26.5 26.0 25.1 24.1 23.0 -9999.0 -9999.0 -9999.0 -9999.0 -9999.0 -9999.0 -9999.0 -9999.0 -9999.0 -9999.0 nan 12.4 12.4 nan nan nan nan nan nan nan nan nan nan nan nan nan nan nan -9999.0
nan nan nan nan nan nan nan nan nan nan nan nan nan nan nan nan nan nan nan nan nan nan nan nan nan nan nan nan nan nan nan nan nan nan 26.9 26.9 27.3 27.8 25.4 17.7 26.1 24.9 29.1 29.0 28.9 28.7 28.6 28.4 28.3 28.1 27.9 27.6 27.5 27.4 27.3 27.1 26.7 26.1 25.2 24.1 -9999.0 -9999.0 -9999.0 -9999.0 -9999.0 -9999.0 -9999.0 -9999.0 -9999.0 -9999.0 -9999.0 nan nan nan nan nan nan nan nan nan nan nan nan nan nan nan nan nan nan -9999.0
nan nan nan nan nan nan nan nan nan nan nan nan nan nan nan nan nan nan nan nan nan nan nan nan nan nan nan nan nan nan nan nan 25.5 25.9 26.7 27.0 27.5 28.5 28.1 27.6 nan 29.5 29.1 29.0 28.8 28.8 28.7 28.5 28.4 28.2 28.0 27.8 27.7 27.6 27.5 27.3 26.9 26.3 25.3 -9999.0 -9999.0 -9999.0 -9999.0 -9999.0 -9999.0 -9999.0 -9999.0 -9999.0 -9999.0 -9999.0 -9999.0 -9999.0 nan nan nan nan nan nan nan nan nan nan nan nan nan nan nan nan nan -9999.0
nan nan nan nan nan nan nan nan nan nan nan nan nan nan nan nan nan nan nan nan nan nan nan nan nan nan nan nan nan 18.6 nan nan 26.7 26.7 26.7 27.0 27.8 29.0 30.1 nan nan 29.1 29.2 29.1 29.0 28.9 28.8 28.6 28.4 28.2 28.1 28.0 27.8 27.8 27.8 27.6 27.2 26.5 25.5 -9999.0 -9999.0 -9999.0 -9999.0 -9999.0 -9999.0 -9999.0 -9999.0 -9999.0 -9999.0 -9999.0 -9999.0 -9999.0 -9999.0 -9999.0 nan nan nan nan nan nan nan nan nan nan nan nan nan nan nan -9999.0
nan nan nan nan nan nan nan nan nan nan nan nan nan nan nan nan nan nan nan nan nan nan nan nan nan nan nan nan nan 15.4 15.5 nan 26.8 27.0 25.5 24.1 26.8 28.7 29.6 28.6 nan 29.5 29.8 29.7 29.4 29.1 28.9 28.7 28.5 28.4 28.2 28.1 28.0 28.0 28.0 27.9 27.5 26.8 -9999.0 -9999.0 -9999.0 -9999.0 -9999.0 -9999.0 -9999.0 -9999.0 -9999.0 -9999.0 -9999.0 -9999.0 -9999.0 -9999.0 -9999.0 -9999.0 -9999.0 nan nan nan nan nan nan nan nan nan nan nan nan nan nan -9999.0
nan nan nan nan nan nan nan nan nan nan nan nan nan nan nan nan nan nan nan nan nan nan nan nan nan nan nan nan nan 16.2 26.3 26.5 26.8 27.0 27.4 nan 16.9 28.3 29.0 29.4 nan 28.7 30.4 30.3 29.7 29.3 29.0 28.8 28.6 28.5 28.4 28.3 28.2 28.3 28.5 28.3 27.9 27.2 -9999.0 -9999.0 -9999.0 -9999.0 -9999.0 -9999.0 -9999.0 -9999.0 -9999.0 -9999.0 -9999.0 -9999.0 -9999.0 -9999.0 -9999.0 -9999.0 -9999.0 -9999.0 nan nan nan nan nan nan nan nan nan nan nan nan nan -9999.0
nan nan nan nan nan nan nan nan nan nan nan nan nan nan nan nan nan nan nan nan nan nan nan nan nan nan nan nan nan nan 25.9 26.3 26.6 27.1 26.6 nan nan 28.0 28.6 29.3 nan 25.9 28.0 30.1 29.9 29.3 29.1 28.8 28.7 28.6 28.5 28.5 28.4 28.6 28.8 28.6 28.2 27.5 -9999.0 -9999.0 -9999.0 -9999.0 -9999.0 -9999.0 -9999.0 -9999.0 -9999.0 -9999.0 -9999.0 -9999.0 -9999.0 -9999.0 -9999.0 -9999.0 -9999.0 -9999.0 -9999.0 nan nan nan nan nan nan nan nan nan nan nan nan -9999.0
nan nan nan nan nan nan nan nan nan nan nan nan nan nan nan nan nan nan nan nan nan nan nan nan nan nan nan nan nan nan 23.4 26.2 26.6 27.0 24.2 nan 19.0 22.4 25.9 16.0 24.6 20.8 24.2 29.1 29.8 29.5 29.1 28.9 28.7 28.7 28.6 28.6 28.7 29.0 29.1 28.8 28.4 27.1 -9999.0 -9999.0 -9999.0 -9999.0 -9999.0 -9999.0 -9999.0 -9999.0 -9999.0 -9999.0 -9999.0 -9999.0 -9999.0 -9999.0 -9999.0 -9999.0 -9999.0 -9999.0 -9999.0 -9999.0 nan nan nan nan nan nan nan nan nan nan nan -9999.0
nan nan nan nan nan nan nan nan nan nan nan nan nan nan nan nan nan nan nan nan nan nan nan nan nan nan nan nan nan nan 23.8 25.9 26.6 27.0 26.8 18.9 nan 25.7 21.6 16.8 21.3 nan 29.4 29.9 29.7 29.4 29.1 28.9 28.7 28.7 28.7 28.8 28.9 29.0 29.1 28.9 27.8 21.5 -9999.0 -9999.0 -9999.0 -9999.0 -9999.0 -9999.0 -9999.0 -9999.0 -9999.0 -9999.0 -9999.0 -9999.0 -9999.0 -9999.0 -9999.0 -9999.0 -9999.0 -9999.0 -9999.0 -9999.0 -9999.0 -9999.0 nan nan nan nan nan nan nan nan nan -9999.0
nan nan nan nan nan nan nan nan nan nan nan nan nan nan nan nan nan nan nan nan nan nan nan nan nan nan nan nan nan nan nan 26.1 26.5 27.0 27.6 nan nan 21.2 21.1 20.7 nan nan 29.9 30.0 29.6 29.4 29.1 28.8 28.7 28.8 28.8 28.9 29.1 29.2 29.3 29.1 27.4 24.2 -9999.0 -9999.0 -9999.0 -9999.0 -9999.0 -9999.0 -9999.0 -9999.0 -9999.0 -9999.0 -9999.0 nan nan nan -9999.0 -9999.0 -9999.0 -9999.0 -9999.0 -9999.0 -9999.0 -9999.0 -9999.0 -9999.0 -9999.0 -9999.0 -9999.0 nan nan nan -9999.0 -9999.0
nan nan nan nan nan nan nan nan nan nan nan nan nan nan nan nan nan nan nan nan nan nan nan nan nan nan nan nan nan nan nan 25.4 26.3 27.0 27.7 nan 16.9 19.5 26.7 18.0 nan nan 30.1 30.0 29.7 29.5 29.2 29.0 28.8 28.9 29.0 29.1 29.2 29.4 29.5 29.5 29.1 25.0 -9999.0 -9999.0 -9999.0 -9999.0 -9999.0 -9999.0 -9999.0 -9999.0 -9999.0 -9999.0 -9999.0 nan nan nan nan nan -9999.0 -9999.0 -9999.0 -9999.0 -9999.0 -9999.0 -9999.0 -9999.0 -9999.0 -9999.0 -9999.0 -9999.0 -9999.0 -9999.0 -9999.0 -9999.0
nan nan nan nan nan nan nan nan nan nan nan nan nan nan nan nan nan nan nan nan nan nan nan nan nan nan nan nan nan nan nan 18.6 26.2 26.9 27.1 26.4 24.5 22.3 17.9 14.9 18.2 nan 30.0 30.0 29.8 29.6 29.4 29.2 29.0 29.0 29.1 29.2 29.4 29.5 29.7 29.8 29.7 25.5 -9999.0 -9999.0 -9999.0 -9999.0 -9999.0 -9999.0 -9999.0 -9999.0 -9999.0 -9999.0 -9999.0 -9999.0 -9999.0 -9999.0 -9999.0 -9999.0 -9999.0 -9999.0 -9999.0 -9999.0 -9999.0 -9999.0 -9999.0 -9999.0 -9999.0 -9999.0 -9999.0 -9999.0 -9999.0 -9999.0 -9999.0 -9999.0
nan nan nan nan nan nan nan nan nan nan nan nan nan nan nan nan nan nan nan nan nan nan nan nan nan nan nan nan nan nan nan 18.6 26.0 26.7 27.5 28.0 28.2 nan 19.0 21.9 14.4 nan 29.9 30.2 30.1 29.8 29.5 29.3 29.3 29.1 29.3 29.5 29.6 29.8 30.0 30.0 30.0 26.2 -9999.0 -9999.0 -9999.0 -9999.0 -9999.0 -9999.0 -9999.0 -9999.0 -9999.0 -9999.0 -9999.0 -9999.0 -9999.0 -9999.0 -9999.0 -9999.0 -9999.0 -9999.0 -9999.0 -9999.0 -9999.0 -9999.0 -9999.0 -9999.0 -9999.0 -9999.0 -9999.0 -9999.0 -9999.0 -9999.0 -9999.0 -9999.0
nan nan nan nan nan nan nan nan nan nan nan nan nan nan nan nan nan nan nan nan nan nan nan nan nan nan nan nan nan nan nan 18.6 23.6 26.4 27.5 28.1 28.2 nan nan 20.4 17.9 nan nan 30.2 30.4 30.1 29.7 29.5 29.5 29.5 29.6 29.7 29.9 30.1 30.2 30.3 30.1 25.7 -9999.0 -9999.0 -9999.0 -9999.0 -9999.0 -9999.0 -9999.0 -9999.0 -9999.0 -9999.0 -9999.0 -9999.0 -9999.0 -9999.0 -9999.0 -9999.0 -9999.0 -9999.0 -9999.0 -9999.0 -9999.0 -9999.0 -9999.0 -9999.0 -9999.0 -9999.0 -9999.0 -9999.0 -9999.0 -9999.0 -9999.0 -9999.0
nan nan nan nan nan nan nan nan nan nan nan nan nan nan nan nan nan nan nan nan nan nan nan nan nan nan nan nan nan nan nan nan 17.6 26.7 27.4 28.1 nan nan nan 22.1 16.9 19.5 nan nan 30.2 30.1 29.9 29.6 29.6 29.8 29.8 30.0 30.3 30.5 30.7 30.7 30.5 29.2 -9999.0 -9999.0 -9999.0 -9999.0 -9999.0 -9999.0 -9999.0 -9999.0 -9999.0 -9999.0 -9999.0 -9999.0 -9999.0 -9999.0 -9999.0 -9999.0 -9999.0 -9999.0 -9999.0 -9999.0 -9999.0 -9999.0 -9999.0 -9999.0 nan nan nan -9999.0 -9999.0 -9999.0 -9999.0 -9999.0
nan nan nan nan nan nan nan nan nan nan nan nan nan nan nan nan nan nan nan nan nan nan nan nan nan nan nan nan nan nan nan nan 25.9 26.7 27.4 28.0 nan nan nan nan 19.3 19.4 29.5 nan 29.3 30.2 30.0 29.7 29.7 29.8 30.0 30.2 30.6 30.9 31.2 31.2 30.9 30.4 -9999.0 -9999.0 -9999.0 -9999.0 -9999.0 -9999.0 -9999.0 -9999.0 -9999.0 -9999.0 -9999.0 -9999.0 -9999.0 -9999.0 -9999.0 -9999.0 -9999.0 -9999.0 -9999.0 -9999.0 -9999.0 -9999.0 nan nan nan nan nan nan nan nan -9999.0 -9999.0
nan nan nan nan nan nan nan nan nan nan nan nan nan nan nan nan nan nan nan nan nan nan nan nan nan nan nan nan nan nan nan nan nan 26.8 27.5 28.2 nan nan nan nan 23.2 20.9 26.3 21.3 nan 30.4 30.5 30.1 30.0 30.1 30.3 30.6 30.9 31.3 31.7 31.9 31.4 31.0 -9999.0 -9999.0 -9999.0 -9999.0 -9999.0 -9999.0 -9999.0 -9999.0 -9999.0 -9999.0 -9999.0 nan nan nan nan nan nan nan nan nan nan nan nan nan nan nan nan nan nan nan nan nan
nan nan nan nan nan nan nan nan nan nan nan nan nan nan nan nan nan nan nan nan nan nan nan nan nan nan nan nan nan nan nan nan nan 26.7 27.4 28.3 28.3 nan nan nan 27.9 23.2 23.6 30.4 nan nan 30.4 30.4 30.4 30.5 30.6 30.9 31.2 31.7 32.2 32.5 32.2 32.0 -9999.0 -9999.0 -9999.0 -9999.0 -9999.0 -9999.0 -9999.0 -9999.0 -9999.0 -9999.0 nan nan nan nan nan nan nan nan nan nan nan nan nan nan nan nan nan nan nan nan nan nan
