data/output/RUN203/ECOSPACE/ECOSPACE_in_PAR3/PAR-VarZ-VarK/PAR-VarZ-VarK_2006_06.asc
ncols        93
nrows        151 
xllcorner    -123.80739
yllcorner    48.29471 
cellsize     0.013497347 
NODATA_value  0.0
[rows 80 to 119 of 151, columns 0 to 89 of 93]
nan nan nan nan nan nan nan nan nan nan nan nan nan nan nan nan nan nan nan nan nan nan nan 31.2 31.5 30.2 32.2 32.2 31.7 31.0 30.1 29.0 28.0 27.0 26.2 25.3 24.4 23.5 22.7 22.0 21.4 21.0 20.6 20.2 19.9 19.6 19.4 19.2 19.1 19.1 19.1 19.1 19.0 18.9 nan nan nan nan nan nan nan nan nan nan nan nan 16.6 16.7 16.8 16.8 nan 16.6 16.5 16.6 16.7 16.8 16.8 16.7 16.6 16.9 17.5 17.5 17.3 nan nan nan nan nan nan nan
nan nan nan nan nan nan nan nan nan nan nan nan nan nan nan nan nan nan nan nan nan nan nan nan nan nan 32.2 32.3 32.2 31.7 30.8 29.8 28.7 27.6 26.7 25.7 24.7 23.7 22.8 22.0 21.4 20.9 20.5 20.2 19.8 19.5 19.3 19.1 19.0 18.9 18.9 18.9 18.8 18.9 18.6 nan nan nan nan nan nan nan nan nan nan nan 16.8 16.9 nan nan nan nan nan 16.7 16.9 17.0 nan 16.7 16.9 17.4 17.8 18.0 nan nan nan nan nan nan nan nan
nan nan nan nan nan nan nan nan nan nan nan nan nan nan nan nan nan nan nan nan nan nan nan nan nan nan nan 32.3 32.2 32.1 31.4 30.6 29.5 28.3 27.2 26.1 24.9 23.8 22.9 22.1 21.5 20.9 20.5 20.1 19.7 19.4 19.1 19.0 18.8 18.8 18.7 18.6 18.6 18.6 18.6 18.4 nan nan nan nan nan nan nan nan nan 16.8 17.1 nan nan nan nan nan nan 16.7 16.9 17.0 nan 16.9 17.4 17.9 18.1 nan nan nan nan nan nan nan nan nan
nan nan nan nan nan nan nan nan nan nan nan nan nan nan nan nan nan nan nan nan nan nan nan nan nan nan nan nan 30.2 31.9 31.9 31.2 30.2 29.0 27.8 26.5 25.1 24.0 23.0 22.1 21.5 20.9 20.4 20.0 19.6 19.3 19.0 18.8 18.6 18.6 18.5 18.5 18.4 18.5 18.5 18.4 18.2 nan nan nan nan nan nan nan nan 16.9 17.0 nan nan nan nan nan nan 16.7 16.9 17.1 17.6 18.0 18.0 18.0 nan nan nan nan nan nan nan nan nan nan
nan nan nan nan nan nan nan nan nan nan nan nan nan nan nan nan nan nan nan nan nan nan nan nan nan nan nan nan nan 16.6 32.3 31.7 30.7 29.5 28.2 26.8 25.4 24.1 23.1 22.2 21.4 20.8 20.3 19.9 19.5 19.2 18.9 18.7 18.5 18.4 18.4 18.3 18.3 18.3 18.4 18.3 18.2 18.0 nan nan nan nan nan nan 16.9 17.0 17.1 nan 17.2 17.2 17.3 nan nan 16.8 17.1 17.5 18.0 18.6 nan nan nan nan nan nan nan nan nan nan nan nan
nan nan nan nan nan nan nan nan nan nan nan nan nan nan nan nan nan nan nan nan nan nan nan nan nan nan nan nan nan nan 17.0 31.9 31.1 30.0 28.7 27.2 25.7 24.4 23.2 22.2 21.4 20.7 20.2 19.8 19.4 19.1 18.8 18.6 18.4 18.3 18.2 18.2 18.2 18.2 18.3 18.3 18.2 18.0 nan nan nan nan nan 16.9 17.0 17.1 17.1 17.2 17.2 17.2 17.2 12.0 nan 16.9 17.3 17.7 18.2 18.5 nan nan nan nan nan nan nan nan nan nan nan nan
nan nan nan nan nan nan nan nan nan nan nan nan nan nan nan nan nan nan nan nan nan nan nan nan nan nan nan nan nan nan nan 28.8 31.2 30.4 29.0 27.5 26.0 24.6 23.3 22.3 21.4 20.7 20.1 19.6 19.3 19.0 18.7 18.5 18.4 18.3 18.2 18.1 18.1 18.2 18.2 18.2 18.1 18.0 17.7 nan nan 17.1 17.3 17.2 17.1 17.2 17.3 17.3 17.3 17.3 17.2 nan nan 17.1 17.5 17.9 18.3 18.4 nan nan nan nan nan nan nan nan nan nan nan nan
nan nan nan nan nan nan nan nan nan nan nan nan nan nan nan nan nan nan nan nan nan nan nan nan nan nan nan nan nan nan nan nan 31.2 30.4 29.2 27.8 26.3 24.8 23.5 22.3 21.4 20.6 20.0 19.5 19.2 18.9 18.6 18.5 18.3 18.2 18.2 18.1 18.1 18.2 18.2 18.2 18.1 18.0 17.8 17.7 17.6 17.5 17.5 nan 17.3 17.5 17.5 17.6 17.5 17.5 17.5 17.4 17.4 17.6 17.7 18.0 18.3 nan nan nan nan nan nan nan nan nan nan nan nan nan
nan nan nan nan nan nan nan nan nan nan nan nan nan nan nan nan nan nan nan nan nan nan nan nan nan nan nan nan nan nan 30.0 30.5 30.8 30.0 29.1 28.0 26.6 25.0 23.6 22.4 21.5 20.6 20.0 19.5 19.1 18.8 18.6 18.5 18.3 18.2 18.2 18.2 18.2 18.2 18.2 18.2 18.2 18.1 18.0 17.9 17.8 17.7 17.7 17.8 17.8 17.8 18.0 18.0 17.9 17.9 17.7 17.6 17.6 17.7 17.9 18.2 18.3 nan nan nan nan nan nan nan nan nan nan nan nan nan
nan nan nan nan nan nan nan nan nan nan nan nan nan nan nan nan nan nan nan nan nan nan nan nan nan nan nan nan nan nan nan nan 30.1 29.5 28.8 28.0 26.9 25.4 23.8 22.5 21.5 20.7 20.0 19.5 19.1 18.8 18.6 18.5 18.4 18.3 18.3 18.2 18.2 18.3 18.3 18.4 18.3 18.2 18.2 18.1 18.0 18.0 18.0 18.1 18.0 18.0 18.1 nan nan nan 17.8 17.7 17.7 17.8 18.0 18.2 nan nan nan nan nan nan nan nan nan nan nan nan nan nan
nan nan nan nan nan nan nan nan nan nan nan nan nan nan nan nan nan nan nan nan nan nan nan nan nan nan nan nan nan nan 18.9 16.9 29.7 29.4 28.5 28.0 27.1 25.8 24.2 22.9 21.8 20.9 20.1 19.5 19.1 18.8 18.6 18.5 18.5 18.4 18.4 18.4 18.4 18.4 18.4 18.5 18.5 18.4 18.4 18.3 18.2 18.2 18.2 18.3 nan nan nan nan nan nan nan 18.0 17.9 18.0 18.1 18.1 nan nan nan nan nan nan nan nan nan nan nan nan nan nan
nan nan nan nan nan nan nan nan nan nan nan nan nan nan nan nan nan nan nan nan nan nan nan nan nan nan nan nan nan nan 17.2 29.3 29.6 29.5 28.7 17.4 27.7 26.3 24.4 23.1 22.0 21.1 20.3 19.7 19.2 18.9 18.7 18.6 18.5 18.5 18.5 18.5 18.5 18.5 18.6 18.6 18.6 18.6 18.5 18.4 18.4 18.3 18.3 nan nan nan nan nan nan 17.7 17.8 18.0 18.0 18.0 18.1 nan nan nan nan nan nan nan nan nan nan nan nan nan nan nan
nan nan nan nan nan nan nan nan nan nan nan nan nan nan nan nan nan nan nan nan nan nan nan nan nan nan nan nan nan nan 18.9 28.1 29.6 29.1 nan nan nan 25.7 24.6 23.4 22.3 21.4 20.5 19.9 19.4 19.0 18.8 18.7 18.6 18.6 18.7 18.7 18.7 18.7 18.7 18.7 18.7 18.7 18.6 18.5 18.4 18.4 18.4 nan nan nan nan nan 17.6 17.8 17.9 18.1 18.0 18.0 nan nan nan nan nan nan nan nan nan nan nan nan nan nan nan nan
nan nan nan nan nan nan nan nan nan nan nan nan nan nan nan nan nan nan nan nan nan nan nan nan nan nan nan nan nan nan 18.8 16.3 29.9 29.2 nan nan nan 23.8 24.9 23.8 22.8 21.7 20.8 20.1 19.5 19.2 18.9 18.8 18.8 18.8 18.8 18.8 18.9 18.9 18.9 18.9 18.9 18.8 18.8 18.7 18.5 18.5 18.4 18.2 18.1 nan 17.8 17.8 17.9 17.9 18.0 18.1 nan nan nan nan nan nan nan nan nan nan nan nan nan nan nan nan nan nan
nan nan nan nan nan nan nan nan nan nan nan nan nan nan nan nan nan nan nan nan nan nan nan nan nan nan nan nan nan nan nan nan 29.9 24.0 nan nan nan nan 24.8 24.3 23.4 22.2 21.1 20.3 19.7 19.3 19.1 19.0 18.9 19.0 19.0 19.0 19.0 19.0 19.0 19.1 19.1 19.0 18.9 18.8 18.7 18.6 18.5 18.3 18.3 18.2 18.1 18.0 18.0 18.0 17.9 nan nan nan nan nan nan nan nan nan nan nan nan nan nan nan nan nan nan nan
nan nan nan nan nan nan nan nan nan nan nan nan nan nan nan nan nan nan nan nan nan nan nan nan nan nan nan nan nan nan nan nan nan 22.5 13.7 nan nan nan 16.1 25.1 24.2 22.8 21.5 20.6 19.9 19.5 19.2 19.1 19.1 19.1 19.1 19.2 19.2 19.2 19.2 19.3 19.3 19.3 19.2 19.0 18.9 18.8 18.6 18.5 18.4 18.2 18.1 18.0 18.0 18.0 17.8 nan nan nan nan nan nan nan nan nan nan nan nan nan nan nan nan nan nan nan
nan nan nan nan nan nan nan nan nan nan nan nan nan nan nan nan nan nan nan nan nan nan nan nan nan nan nan nan nan nan nan nan nan nan 17.5 24.2 nan nan nan nan 24.5 23.4 21.8 20.9 20.1 19.7 19.4 19.2 19.2 19.2 19.3 19.4 19.4 19.5 19.5 19.5 19.6 19.5 19.5 19.3 19.2 19.0 18.8 18.6 18.5 18.3 18.2 18.1 18.1 18.0 18.0 17.6 nan nan nan nan nan nan nan nan nan nan nan nan nan nan nan nan nan nan
nan nan nan nan nan nan nan nan nan nan nan nan nan nan nan nan nan nan nan nan nan nan nan nan nan nan nan nan nan nan nan nan nan nan nan 17.8 18.1 nan nan nan nan 21.9 22.0 21.0 20.4 19.9 19.5 19.4 19.4 19.4 19.5 19.6 19.7 19.8 19.8 19.9 19.9 19.9 19.8 19.6 19.4 19.2 19.0 18.7 18.5 18.4 18.3 18.1 18.1 18.0 17.9 17.8 17.6 12.1 nan nan nan nan nan nan nan nan nan nan nan nan nan nan nan nan
nan nan nan nan nan nan nan nan nan nan nan nan nan nan nan nan nan nan nan nan nan nan nan nan nan nan nan nan nan nan nan nan nan nan 15.9 19.2 23.7 23.6 nan 17.8 nan 19.8 22.1 21.2 20.5 20.0 19.7 19.6 19.6 19.6 19.8 19.9 20.0 20.1 20.2 20.3 20.3 20.2 20.1 19.9 19.7 19.4 19.1 18.8 18.6 18.4 18.2 18.1 18.0 18.0 17.8 17.7 17.6 17.5 nan nan nan nan nan nan nan nan nan nan nan nan nan nan nan nan
nan nan nan nan nan nan nan nan nan nan nan nan nan nan nan nan nan nan nan nan nan nan nan nan nan nan nan nan nan nan nan nan nan nan 23.6 24.1 24.6 24.4 18.3 21.1 21.8 18.4 21.9 21.4 20.7 20.2 19.9 19.8 19.8 19.9 20.0 20.2 20.3 20.5 20.6 20.7 20.7 20.6 20.5 20.2 19.8 19.5 19.1 18.8 18.5 18.3 17.3 16.9 16.7 17.9 17.6 17.6 17.6 17.6 17.6 nan nan nan nan nan nan nan nan nan nan nan nan nan nan nan
nan nan nan nan nan nan nan nan nan nan nan nan nan nan nan nan nan nan nan nan nan nan nan nan nan nan nan nan nan nan nan nan nan nan 24.1 24.5 24.6 24.7 25.0 nan 22.3 22.0 22.3 21.6 20.8 20.3 20.1 20.0 20.0 20.1 20.3 20.5 20.7 20.8 21.0 21.1 21.1 21.0 20.8 20.4 20.0 19.5 -9999.0 -9999.0 -9999.0 -9999.0 -9999.0 -9999.0 -9999.0 13.1 17.7 17.5 17.5 17.4 17.5 nan nan nan nan nan nan nan nan nan nan nan nan nan nan -9999.0
nan nan nan nan nan nan nan nan nan nan nan nan nan nan nan nan nan nan nan nan nan nan nan nan nan nan nan nan nan nan nan nan nan nan 24.2 24.5 24.5 24.4 24.4 nan nan 23.0 22.4 21.7 21.0 20.4 20.2 20.1 20.2 20.3 20.5 20.7 21.0 21.2 21.4 21.5 21.6 21.4 21.1 20.7 20.1 -9999.0 -9999.0 -9999.0 -9999.0 -9999.0 -9999.0 -9999.0 -9999.0 nan 15.7 17.4 17.6 16.9 nan nan nan nan nan nan nan nan nan nan nan nan nan nan nan -9999.0
nan nan nan nan nan nan nan nan nan nan nan nan nan nan nan nan nan nan nan nan nan nan nan nan nan nan nan nan nan nan nan nan nan nan 24.0 24.2 24.3 24.5 24.9 nan 18.7 21.5 22.6 21.8 21.0 20.6 20.3 20.2 20.3 20.4 20.7 20.9 21.2 21.5 21.8 22.0 22.0 21.8 21.4 20.9 20.2 -9999.0 -9999.0 -9999.0 -9999.0 -9999.0 -9999.0 -9999.0 -9999.0 -9999.0 -9999.0 nan 12.7 12.7 nan nan nan nan nan nan nan nan nan nan nan nan nan nan nan -9999.0
nan nan nan nan nan nan nan nan nan nan nan nan nan nan nan nan nan nan nan nan nan nan nan nan nan nan nan nan nan nan nan nan nan nan 23.8 24.0 24.5 25.3 23.3 16.0 22.3 19.3 22.6 21.8 21.1 20.6 20.4 20.3 20.4 20.5 20.8 21.0 21.3 21.7 22.0 22.2 22.3 22.1 21.7 21.1 -9999.0 -9999.0 -9999.0 -9999.0 -9999.0 -9999.0 -9999.0 -9999.0 -9999.0 -9999.0 -9999.0 nan nan nan nan nan nan nan nan nan nan nan nan nan nan nan nan nan nan -9999.0
nan nan nan nan nan nan nan nan nan nan nan nan nan nan nan nan nan nan nan nan nan nan nan nan nan nan nan nan nan nan nan nan 23.1 23.6 24.0 24.5 25.4 26.5 27.1 26.8 nan 23.6 22.7 21.9 21.2 20.7 20.4 20.3 20.4 20.5 20.7 21.0 21.4 21.8 22.2 22.5 22.5 22.4 21.9 -9999.0 -9999.0 -9999.0 -9999.0 -9999.0 -9999.0 -9999.0 -9999.0 -9999.0 -9999.0 -9999.0 -9999.0 -9999.0 nan nan nan nan nan nan nan nan nan nan nan nan nan nan nan nan nan -9999.0
nan nan nan nan nan nan nan nan nan nan nan nan nan nan nan nan nan nan nan nan nan nan nan nan nan nan nan nan nan 18.3 nan nan 24.0 24.2 24.4 25.0 26.2 27.4 28.1 nan nan 23.2 22.7 22.0 21.3 20.8 20.5 20.3 20.3 20.4 20.6 21.0 21.4 21.9 22.3 22.6 22.8 22.6 22.1 -9999.0 -9999.0 -9999.0 -9999.0 -9999.0 -9999.0 -9999.0 -9999.0 -9999.0 -9999.0 -9999.0 -9999.0 -9999.0 -9999.0 -9999.0 nan nan nan nan nan nan nan nan nan nan nan nan nan nan nan -9999.0
nan nan nan nan nan nan nan nan nan nan nan nan nan nan nan nan nan nan nan nan nan nan nan nan nan nan nan nan nan 14.9 14.9 nan 24.5 25.1 24.2 22.6 25.5 27.1 27.3 26.6 nan 23.3 22.9 22.2 21.4 20.8 20.5 20.3 20.2 20.3 20.6 21.0 21.4 21.9 22.4 22.8 23.0 22.8 -9999.0 -9999.0 -9999.0 -9999.0 -9999.0 -9999.0 -9999.0 -9999.0 -9999.0 -9999.0 -9999.0 -9999.0 -9999.0 -9999.0 -9999.0 -9999.0 -9999.0 nan nan nan nan nan nan nan nan nan nan nan nan nan nan -9999.0
nan nan nan nan nan nan nan nan nan nan nan nan nan nan nan nan nan nan nan nan nan nan nan nan nan nan nan nan nan 15.7 24.4 24.6 25.1 25.9 26.6 nan 16.5 26.6 26.6 26.6 nan 23.1 23.1 22.5 21.7 21.0 20.5 20.3 20.2 20.3 20.6 21.0 21.4 22.0 22.5 22.9 23.2 23.2 -9999.0 -9999.0 -9999.0 -9999.0 -9999.0 -9999.0 -9999.0 -9999.0 -9999.0 -9999.0 -9999.0 -9999.0 -9999.0 -9999.0 -9999.0 -9999.0 -9999.0 -9999.0 nan nan nan nan nan nan nan nan nan nan nan nan nan -9999.0
nan nan nan nan nan nan nan nan nan nan nan nan nan nan nan nan nan nan nan nan nan nan nan nan nan nan nan nan nan nan 24.1 24.5 25.3 26.1 25.3 nan nan 26.0 26.1 25.9 nan 20.4 21.9 22.5 21.9 21.3 20.7 20.4 20.3 20.3 20.6 21.0 21.5 22.1 22.7 23.0 23.2 23.2 -9999.0 -9999.0 -9999.0 -9999.0 -9999.0 -9999.0 -9999.0 -9999.0 -9999.0 -9999.0 -9999.0 -9999.0 -9999.0 -9999.0 -9999.0 -9999.0 -9999.0 -9999.0 -9999.0 nan nan nan nan nan nan nan nan nan nan nan nan -9999.0
nan nan nan nan nan nan nan nan nan nan nan nan nan nan nan nan nan nan nan nan nan nan nan nan nan nan nan nan nan nan 22.3 24.6 25.3 26.1 23.9 nan 18.6 20.2 23.0 14.2 22.1 17.5 18.8 21.8 22.0 21.4 20.8 20.4 20.3 20.4 20.7 21.0 21.6 22.2 22.8 23.1 23.0 22.9 -9999.0 -9999.0 -9999.0 -9999.0 -9999.0 -9999.0 -9999.0 -9999.0 -9999.0 -9999.0 -9999.0 -9999.0 -9999.0 -9999.0 -9999.0 -9999.0 -9999.0 -9999.0 -9999.0 -9999.0 nan nan nan nan nan nan nan nan nan nan nan -9999.0
nan nan nan nan nan nan nan nan nan nan nan nan nan nan nan nan nan nan nan nan nan nan nan nan nan nan nan nan nan nan 22.5 24.3 25.3 26.0 25.3 18.6 nan 24.0 19.6 16.1 20.3 nan 23.3 23.1 22.3 21.7 21.0 20.6 20.4 20.5 20.8 21.2 21.7 22.2 22.9 23.2 21.7 17.5 -9999.0 -9999.0 -9999.0 -9999.0 -9999.0 -9999.0 -9999.0 -9999.0 -9999.0 -9999.0 -9999.0 -9999.0 -9999.0 -9999.0 -9999.0 -9999.0 -9999.0 -9999.0 -9999.0 -9999.0 -9999.0 -9999.0 nan nan nan nan nan nan nan nan nan -9999.0
nan nan nan nan nan nan nan nan nan nan nan nan nan nan nan nan nan nan nan nan nan nan nan nan nan nan nan nan nan nan nan 24.6 25.2 25.8 26.2 nan nan 20.2 20.3 20.1 nan nan 24.0 23.6 22.8 22.1 21.4 20.9 20.6 20.7 20.9 21.4 21.8 22.4 23.0 23.6 22.8 20.1 -9999.0 -9999.0 -9999.0 -9999.0 -9999.0 -9999.0 -9999.0 -9999.0 -9999.0 -9999.0 -9999.0 nan nan nan -9999.0 -9999.0 -9999.0 -9999.0 -9999.0 -9999.0 -9999.0 -9999.0 -9999.0 -9999.0 -9999.0 -9999.0 -9999.0 nan nan nan -9999.0 -9999.0
nan nan nan nan nan nan nan nan nan nan nan nan nan nan nan nan nan nan nan nan nan nan nan nan nan nan nan nan nan nan nan 24.1 25.0 25.7 26.3 nan 16.3 20.2 26.1 18.2 nan nan 24.2 24.0 23.3 22.6 21.9 21.3 21.0 21.0 21.2 21.5 22.0 22.6 23.3 24.0 24.8 21.5 -9999.0 -9999.0 -9999.0 -9999.0 -9999.0 -9999.0 -9999.0 -9999.0 -9999.0 -9999.0 -9999.0 nan nan nan nan nan -9999.0 -9999.0 -9999.0 -9999.0 -9999.0 -9999.0 -9999.0 -9999.0 -9999.0 -9999.0 -9999.0 -9999.0 -9999.0 -9999.0 -9999.0 -9999.0
nan nan nan nan nan nan nan nan nan nan nan nan nan nan nan nan nan nan nan nan nan nan nan nan nan nan nan nan nan nan nan 18.2 24.8 25.5 25.6 24.3 22.3 21.9 17.2 14.8 18.2 nan 24.3 24.3 23.8 23.1 22.5 21.8 21.4 21.3 21.5 21.8 22.2 22.9 23.6 24.5 25.3 20.0 -9999.0 -9999.0 -9999.0 -9999.0 -9999.0 -9999.0 -9999.0 -9999.0 -9999.0 -9999.0 -9999.0 -9999.0 -9999.0 -9999.0 -9999.0 -9999.0 -9999.0 -9999.0 -9999.0 -9999.0 -9999.0 -9999.0 -9999.0 -9999.0 -9999.0 -9999.0 -9999.0 -9999.0 -9999.0 -9999.0 -9999.0 -9999.0
nan nan nan nan nan nan nan nan nan nan nan nan nan nan nan nan nan nan nan nan nan nan nan nan nan nan nan nan nan nan nan 18.1 24.2 25.2 26.3 26.9 27.3 nan 17.6 21.3 14.2 nan 24.3 24.6 24.3 23.9 23.2 22.5 22.1 21.9 21.9 22.1 22.5 23.1 23.9 24.7 25.4 20.5 -9999.0 -9999.0 -9999.0 -9999.0 -9999.0 -9999.0 -9999.0 -9999.0 -9999.0 -9999.0 -9999.0 -9999.0 -9999.0 -9999.0 -9999.0 -9999.0 -9999.0 -9999.0 -9999.0 -9999.0 -9999.0 -9999.0 -9999.0 -9999.0 -9999.0 -9999.0 -9999.0 -9999.0 -9999.0 -9999.0 -9999.0 -9999.0
nan nan nan nan nan nan nan nan nan nan nan nan nan nan nan nan nan nan nan nan nan nan nan nan nan nan nan nan nan nan nan 18.1 23.0 25.0 26.3 27.2 27.5 nan nan 20.1 17.0 nan nan 24.7 24.8 24.4 23.9 23.3 22.8 22.5 22.5 22.6 22.9 23.5 24.2 25.0 25.5 19.9 -9999.0 -9999.0 -9999.0 -9999.0 -9999.0 -9999.0 -9999.0 -9999.0 -9999.0 -9999.0 -9999.0 -9999.0 -9999.0 -9999.0 -9999.0 -9999.0 -9999.0 -9999.0 -9999.0 -9999.0 -9999.0 -9999.0 -9999.0 -9999.0 -9999.0 -9999.0 -9999.0 -9999.0 -9999.0 -9999.0 -9999.0 -9999.0
nan nan nan nan nan nan nan nan nan nan nan nan nan nan nan nan nan nan nan nan nan nan nan nan nan nan nan nan nan nan nan nan 17.1 25.4 26.4 27.5 nan nan nan 21.2 16.4 18.6 nan nan 24.5 24.5 24.2 23.8 23.5 23.1 23.1 23.1 23.4 23.8 24.6 25.3 25.9 25.5 -9999.0 -9999.0 -9999.0 -9999.0 -9999.0 -9999.0 -9999.0 -9999.0 -9999.0 -9999.0 -9999.0 -9999.0 -9999.0 -9999.0 -9999.0 -9999.0 -9999.0 -9999.0 -9999.0 -9999.0 -9999.0 -9999.0 -9999.0 -9999.0 nan nan nan -9999.0 -9999.0 -9999.0 -9999.0 -9999.0
nan nan nan nan nan nan nan nan nan nan nan nan nan nan nan nan nan nan nan nan nan nan nan nan nan nan nan nan nan nan nan nan 24.3 25.3 26.3 27.4 nan nan nan nan 18.4 19.0 29.1 nan 24.2 24.7 24.6 24.4 24.1 23.9 23.7 23.7 23.9 24.3 24.9 25.6 26.3 26.4 -9999.0 -9999.0 -9999.0 -9999.0 -9999.0 -9999.0 -9999.0 -9999.0 -9999.0 -9999.0 -9999.0 -9999.0 -9999.0 -9999.0 -9999.0 -9999.0 -9999.0 -9999.0 -9999.0 -9999.0 -9999.0 -9999.0 nan nan nan nan nan nan nan nan -9999.0 -9999.0
nan nan nan nan nan nan nan nan nan nan nan nan nan nan nan nan nan nan nan nan nan nan nan nan nan nan nan nan nan nan nan nan nan 25.3 26.5 27.6 nan nan nan nan 22.7 21.6 26.4 21.0 nan 25.1 25.5 25.2 24.9 24.6 24.4 24.4 24.5 24.7 25.1 25.9 26.5 26.7 -9999.0 -9999.0 -9999.0 -9999.0 -9999.0 -9999.0 -9999.0 -9999.0 -9999.0 -9999.0 -9999.0 nan nan nan nan nan nan nan nan nan nan nan nan nan nan nan nan nan nan nan nan nan
nan nan nan nan nan nan nan nan nan nan nan nan nan nan nan nan nan nan nan nan nan nan nan nan nan nan nan nan nan nan nan nan nan 25.2 26.1 27.8 27.8 nan nan nan 27.4 22.7 24.0 30.5 nan nan 25.3 25.4 25.3 25.2 25.1 25.0 25.0 25.1 25.4 26.1 26.7 27.4 -9999.0 -9999.0 -9999.0 -9999.0 -9999.0 -9999.0 -9999.0 -9999.0 -9999.0 -9999.0 nan nan nan nan nan nan nan nan nan nan nan nan nan nan nan nan nan nan nan nan nan nan
