data/output/RUN203/ECOSPACE/ECOSPACE_in_PAR3/PAR-VarZ-VarK/PAR-VarZ-VarK_1987_08.asc
ncols        93
nrows        151 
xllcorner    -123.80739
yllcorner    48.29471 
cellsize     0.013497347 
NODATA_value  0.0
[rows 80 to 119 of 151, columns 0 to 89 of 93]
nan nan nan nan nan nan nan nan nan nan nan nan nan nan nan nan nan nan nan nan nan nan nan 30.7 30.1 30.4 32.1 32.4 32.6 32.8 32.9 33.0 33.0 33.0 33.0 33.0 33.1 33.4 33.7 34.0 34.2 34.3 34.4 34.2 33.8 33.3 32.8 32.0 31.1 30.1 28.9 27.6 26.4 25.5 nan nan nan nan nan nan nan nan nan nan nan nan 19.2 19.5 19.5 19.6 nan 19.1 19.0 19.0 19.0 19.0 18.9 18.6 18.4 18.7 19.1 19.4 19.3 nan nan nan nan nan nan nan
nan nan nan nan nan nan nan nan nan nan nan nan nan nan nan nan nan nan nan nan nan nan nan nan nan nan 31.8 32.0 32.2 32.5 32.7 32.8 32.9 32.9 32.8 32.9 33.0 33.2 33.5 33.9 34.1 34.3 34.4 34.3 34.0 33.6 33.1 32.5 31.7 30.8 29.7 28.3 27.0 25.9 24.7 nan nan nan nan nan nan nan nan nan nan nan 19.7 19.7 nan nan nan nan nan 19.2 19.2 19.3 nan 18.7 18.8 19.2 19.7 20.0 nan nan nan nan nan nan nan nan
nan nan nan nan nan nan nan nan nan nan nan nan nan nan nan nan nan nan nan nan nan nan nan nan nan nan nan 31.7 31.8 32.1 32.4 32.6 32.7 32.7 32.7 32.8 32.9 33.1 33.4 33.7 34.0 34.2 34.3 34.3 34.1 33.8 33.4 32.9 32.2 31.4 30.4 29.1 27.7 26.4 25.3 24.3 nan nan nan nan nan nan nan nan nan 19.7 20.2 nan nan nan nan nan nan 19.2 19.3 19.2 nan 19.0 19.4 19.8 20.1 nan nan nan nan nan nan nan nan nan
nan nan nan nan nan nan nan nan nan nan nan nan nan nan nan nan nan nan nan nan nan nan nan nan nan nan nan nan 29.7 31.5 32.0 32.2 32.4 32.5 32.6 32.6 32.7 32.9 33.2 33.5 33.8 34.1 34.2 34.3 34.2 33.9 33.5 33.1 32.6 31.8 30.9 29.8 28.5 27.2 26.0 24.9 24.1 nan nan nan nan nan nan nan nan 19.8 20.2 nan nan nan nan nan nan 19.2 19.3 19.4 19.8 20.3 20.1 20.1 nan nan nan nan nan nan nan nan nan nan
nan nan nan nan nan nan nan nan nan nan nan nan nan nan nan nan nan nan nan nan nan nan nan nan nan nan nan nan nan 15.5 31.8 31.9 32.1 32.2 32.3 32.4 32.5 32.8 33.0 33.3 33.7 33.9 34.1 34.1 34.0 33.9 33.6 33.2 32.8 32.2 31.4 30.5 29.4 28.2 26.9 25.7 24.7 23.8 nan nan nan nan nan nan 19.8 20.1 20.3 nan 20.4 20.3 20.4 nan nan 19.3 19.5 19.8 20.2 21.0 nan nan nan nan nan nan nan nan nan nan nan nan
nan nan nan nan nan nan nan nan nan nan nan nan nan nan nan nan nan nan nan nan nan nan nan nan nan nan nan nan nan nan 15.9 31.6 31.8 31.9 32.1 32.2 32.3 32.5 32.8 33.1 33.5 33.7 33.9 33.9 33.9 33.8 33.7 33.3 32.9 32.4 31.7 30.9 30.0 29.0 27.9 26.7 25.6 24.7 nan nan nan nan nan 20.0 20.2 20.4 20.5 20.5 20.5 20.4 20.3 12.4 nan 19.4 19.8 20.1 20.5 20.9 nan nan nan nan nan nan nan nan nan nan nan nan
nan nan nan nan nan nan nan nan nan nan nan nan nan nan nan nan nan nan nan nan nan nan nan nan nan nan nan nan nan nan nan 29.5 31.2 31.7 31.8 32.0 32.1 32.3 32.5 32.8 33.2 33.5 33.7 33.8 33.8 33.7 33.6 33.2 32.9 32.5 32.0 31.3 30.6 29.7 28.7 27.5 26.5 25.5 24.1 nan nan 20.8 21.1 21.0 20.7 20.9 20.9 20.9 20.8 20.7 20.5 nan nan 19.8 20.1 20.5 20.8 20.9 nan nan nan nan nan nan nan nan nan nan nan nan
nan nan nan nan nan nan nan nan nan nan nan nan nan nan nan nan nan nan nan nan nan nan nan nan nan nan nan nan nan nan nan nan 31.1 31.3 31.5 31.7 31.9 32.0 32.2 32.5 32.9 33.2 33.5 33.7 33.7 33.5 33.4 33.1 32.8 32.5 32.1 31.6 31.0 30.3 29.3 28.3 27.2 26.2 25.1 23.4 22.6 22.4 22.1 nan 21.4 21.6 21.8 21.9 21.8 21.5 21.2 20.7 20.5 20.4 20.5 20.7 21.0 nan nan nan nan nan nan nan nan nan nan nan nan nan
nan nan nan nan nan nan nan nan nan nan nan nan nan nan nan nan nan nan nan nan nan nan nan nan nan nan nan nan nan nan 30.7 30.8 30.9 30.9 31.1 31.3 31.6 31.8 32.0 32.2 32.5 32.9 33.3 33.5 33.5 33.4 33.2 32.9 32.7 32.4 32.1 31.8 31.4 30.9 30.1 29.2 28.2 27.1 26.0 24.9 24.1 23.4 23.0 22.9 22.7 22.7 23.0 23.0 22.8 22.6 22.0 21.3 21.0 20.8 20.9 21.1 21.1 nan nan nan nan nan nan nan nan nan nan nan nan nan
nan nan nan nan nan nan nan nan nan nan nan nan nan nan nan nan nan nan nan nan nan nan nan nan nan nan nan nan nan nan nan nan 30.5 30.5 30.6 30.9 31.1 31.4 31.6 31.8 32.1 32.5 32.9 33.2 33.3 33.2 33.0 32.7 32.5 32.3 32.1 31.9 31.7 31.4 31.0 30.4 29.6 28.6 27.6 26.5 25.6 24.9 24.4 24.2 23.7 23.5 23.6 nan nan nan 22.3 21.9 21.4 21.1 21.1 21.3 nan nan nan nan nan nan nan nan nan nan nan nan nan nan
nan nan nan nan nan nan nan nan nan nan nan nan nan nan nan nan nan nan nan nan nan nan nan nan nan nan nan nan nan nan 17.7 15.9 30.0 30.1 30.2 30.4 30.8 31.2 31.4 31.6 31.8 32.1 32.5 32.8 32.9 32.8 32.7 32.5 32.3 32.2 32.1 32.0 31.9 31.8 31.6 31.2 30.7 29.9 28.9 27.8 26.8 26.0 25.4 24.9 nan nan nan nan nan nan nan 22.3 21.6 21.3 21.2 21.2 nan nan nan nan nan nan nan nan nan nan nan nan nan nan
nan nan nan nan nan nan nan nan nan nan nan nan nan nan nan nan nan nan nan nan nan nan nan nan nan nan nan nan nan nan 16.7 29.3 30.0 30.4 30.4 17.6 30.6 31.0 31.2 31.3 31.6 31.9 32.2 32.4 32.5 32.4 32.3 32.2 32.1 32.0 32.1 32.1 32.1 32.1 32.0 31.8 31.5 30.8 30.0 28.9 27.8 26.8 25.9 nan nan nan nan nan nan 21.9 22.1 22.1 21.6 21.4 21.3 nan nan nan nan nan nan nan nan nan nan nan nan nan nan nan
nan nan nan nan nan nan nan nan nan nan nan nan nan nan nan nan nan nan nan nan nan nan nan nan nan nan nan nan nan nan 17.7 28.5 30.2 30.7 nan nan nan 30.4 30.8 31.0 31.3 31.5 31.8 32.0 32.0 32.0 32.0 31.9 31.8 31.9 32.0 32.1 32.2 32.3 32.3 32.3 32.0 31.5 30.8 29.8 28.6 27.4 26.4 nan nan nan nan nan 22.2 22.0 21.9 21.8 21.5 21.3 nan nan nan nan nan nan nan nan nan nan nan nan nan nan nan nan
nan nan nan nan nan nan nan nan nan nan nan nan nan nan nan nan nan nan nan nan nan nan nan nan nan nan nan nan nan nan 17.6 15.6 30.3 30.8 nan nan nan 28.7 30.3 30.6 31.0 31.2 31.5 31.6 31.7 31.6 31.6 31.5 31.5 31.6 31.8 32.0 32.2 32.4 32.5 32.6 32.5 32.1 31.5 30.6 29.4 28.0 26.3 24.3 23.4 nan 22.1 22.2 22.1 21.9 21.7 21.6 nan nan nan nan nan nan nan nan nan nan nan nan nan nan nan nan nan nan
nan nan nan nan nan nan nan nan nan nan nan nan nan nan nan nan nan nan nan nan nan nan nan nan nan nan nan nan nan nan nan nan 30.4 27.0 nan nan nan nan 29.8 30.2 30.7 30.9 31.1 31.2 31.2 31.2 31.2 31.2 31.3 31.5 31.6 31.9 32.2 32.5 32.7 32.8 32.8 32.5 32.1 31.3 30.2 28.6 26.9 25.4 24.3 23.3 22.7 22.2 22.0 21.7 21.4 nan nan nan nan nan nan nan nan nan nan nan nan nan nan nan nan nan nan nan
nan nan nan nan nan nan nan nan nan nan nan nan nan nan nan nan nan nan nan nan nan nan nan nan nan nan nan nan nan nan nan nan nan 25.3 14.4 nan nan nan 16.1 30.0 30.4 30.7 30.7 30.8 30.8 30.8 30.8 30.9 31.1 31.3 31.5 31.8 32.1 32.5 32.7 32.9 33.0 32.9 32.5 31.9 31.0 29.6 28.0 26.2 24.9 23.8 23.0 22.4 22.0 21.7 21.3 nan nan nan nan nan nan nan nan nan nan nan nan nan nan nan nan nan nan nan
nan nan nan nan nan nan nan nan nan nan nan nan nan nan nan nan nan nan nan nan nan nan nan nan nan nan nan nan nan nan nan nan nan nan 15.5 26.5 nan nan nan nan 30.1 30.5 30.4 30.3 30.4 30.4 30.5 30.7 30.9 31.1 31.4 31.7 32.0 32.4 32.7 32.9 33.0 33.0 32.7 32.2 31.4 30.1 28.6 26.9 25.4 24.2 23.3 22.7 22.1 21.7 21.4 21.0 nan nan nan nan nan nan nan nan nan nan nan nan nan nan nan nan nan nan
nan nan nan nan nan nan nan nan nan nan nan nan nan nan nan nan nan nan nan nan nan nan nan nan nan nan nan nan nan nan nan nan nan nan nan 20.9 17.9 nan nan nan nan 29.8 30.1 30.0 29.9 30.0 30.3 30.5 30.7 31.0 31.2 31.5 31.9 32.2 32.6 32.9 33.0 32.9 32.6 32.2 31.4 30.2 28.7 27.2 25.7 24.5 23.5 22.9 22.3 21.7 21.3 21.1 20.9 12.3 nan nan nan nan nan nan nan nan nan nan nan nan nan nan nan nan
nan nan nan nan nan nan nan nan nan nan nan nan nan nan nan nan nan nan nan nan nan nan nan nan nan nan nan nan nan nan nan nan nan nan 17.7 23.0 29.6 29.6 nan 17.9 nan 27.4 29.8 29.6 29.6 29.8 30.0 30.3 30.6 30.9 31.1 31.4 31.7 32.1 32.4 32.7 32.7 32.6 32.3 32.0 31.2 30.1 28.6 27.1 25.6 24.5 23.7 23.1 22.4 21.7 21.2 21.0 20.9 20.7 nan nan nan nan nan nan nan nan nan nan nan nan nan nan nan nan
nan nan nan nan nan nan nan nan nan nan nan nan nan nan nan nan nan nan nan nan nan nan nan nan nan nan nan nan nan nan nan nan nan nan 29.7 29.8 29.9 29.3 21.4 26.0 27.6 25.8 29.1 29.3 29.4 29.6 29.9 30.2 30.5 30.7 31.0 31.2 31.6 31.9 32.2 32.4 32.4 32.2 31.9 31.4 30.6 29.5 28.0 26.6 25.2 24.2 22.9 22.9 22.4 21.9 21.2 21.0 20.9 20.8 20.9 nan nan nan nan nan nan nan nan nan nan nan nan nan nan nan
nan nan nan nan nan nan nan nan nan nan nan nan nan nan nan nan nan nan nan nan nan nan nan nan nan nan nan nan nan nan nan nan nan nan 29.5 29.7 29.8 30.0 30.0 nan 28.5 27.8 29.3 29.2 29.2 29.5 29.8 30.1 30.4 30.6 30.8 31.0 31.4 31.7 31.9 32.0 32.0 31.7 31.4 30.8 30.0 28.8 -9999.0 -9999.0 -9999.0 -9999.0 -9999.0 -9999.0 -9999.0 13.2 21.2 21.0 20.9 20.7 20.7 nan nan nan nan nan nan nan nan nan nan nan nan nan nan -9999.0
nan nan nan nan nan nan nan nan nan nan nan nan nan nan nan nan nan nan nan nan nan nan nan nan nan nan nan nan nan nan nan nan nan nan 29.2 29.3 29.5 29.5 29.6 nan nan 29.2 29.2 29.0 29.1 29.4 29.6 29.9 30.2 30.4 30.5 30.8 31.1 31.4 31.6 31.6 31.5 31.3 30.9 30.3 29.4 -9999.0 -9999.0 -9999.0 -9999.0 -9999.0 -9999.0 -9999.0 -9999.0 nan 15.2 20.7 20.7 19.7 nan nan nan nan nan nan nan nan nan nan nan nan nan nan nan -9999.0
nan nan nan nan nan nan nan nan nan nan nan nan nan nan nan nan nan nan nan nan nan nan nan nan nan nan nan nan nan nan nan nan nan nan 28.8 28.8 28.9 29.1 29.6 nan 24.4 27.5 29.1 28.9 29.0 29.1 29.4 29.7 29.9 30.1 30.3 30.5 30.8 31.0 31.2 31.2 31.0 30.8 30.4 29.7 28.6 -9999.0 -9999.0 -9999.0 -9999.0 -9999.0 -9999.0 -9999.0 -9999.0 -9999.0 -9999.0 nan 12.8 12.7 nan nan nan nan nan nan nan nan nan nan nan nan nan nan nan -9999.0
nan nan nan nan nan nan nan nan nan nan nan nan nan nan nan nan nan nan nan nan nan nan nan nan nan nan nan nan nan nan nan nan nan nan 28.3 28.4 28.8 29.2 26.6 18.2 26.6 24.4 29.0 28.8 28.8 28.9 29.2 29.5 29.7 29.8 30.0 30.2 30.5 30.7 30.8 30.8 30.6 30.4 29.9 29.0 -9999.0 -9999.0 -9999.0 -9999.0 -9999.0 -9999.0 -9999.0 -9999.0 -9999.0 -9999.0 -9999.0 nan nan nan nan nan nan nan nan nan nan nan nan nan nan nan nan nan nan -9999.0
nan nan nan nan nan nan nan nan nan nan nan nan nan nan nan nan nan nan nan nan nan nan nan nan nan nan nan nan nan nan nan nan 27.6 27.9 28.3 28.7 29.4 30.1 30.5 29.2 nan 29.6 28.9 28.7 28.6 28.8 29.0 29.2 29.4 29.5 29.7 29.9 30.2 30.4 30.5 30.5 30.4 30.0 29.4 -9999.0 -9999.0 -9999.0 -9999.0 -9999.0 -9999.0 -9999.0 -9999.0 -9999.0 -9999.0 -9999.0 -9999.0 -9999.0 nan nan nan nan nan nan nan nan nan nan nan nan nan nan nan nan nan -9999.0
nan nan nan nan nan nan nan nan nan nan nan nan nan nan nan nan nan nan nan nan nan nan nan nan nan nan nan nan nan 17.6 nan nan 28.0 28.3 28.5 29.1 30.0 30.7 31.2 nan nan 28.7 28.6 28.6 28.6 28.7 28.9 29.0 29.1 29.3 29.4 29.6 29.9 30.1 30.3 30.4 30.2 29.8 29.1 -9999.0 -9999.0 -9999.0 -9999.0 -9999.0 -9999.0 -9999.0 -9999.0 -9999.0 -9999.0 -9999.0 -9999.0 -9999.0 -9999.0 -9999.0 nan nan nan nan nan nan nan nan nan nan nan nan nan nan nan -9999.0
nan nan nan nan nan nan nan nan nan nan nan nan nan nan nan nan nan nan nan nan nan nan nan nan nan nan nan nan nan 14.9 14.9 nan 28.2 28.7 27.2 26.1 29.2 30.5 30.6 30.0 nan 28.5 28.6 28.7 28.6 28.6 28.7 28.8 28.9 29.0 29.2 29.4 29.6 29.9 30.2 30.3 30.1 29.7 -9999.0 -9999.0 -9999.0 -9999.0 -9999.0 -9999.0 -9999.0 -9999.0 -9999.0 -9999.0 -9999.0 -9999.0 -9999.0 -9999.0 -9999.0 -9999.0 -9999.0 nan nan nan nan nan nan nan nan nan nan nan nan nan nan -9999.0
nan nan nan nan nan nan nan nan nan nan nan nan nan nan nan nan nan nan nan nan nan nan nan nan nan nan nan nan nan 15.7 27.7 27.9 28.4 29.1 29.7 nan 16.1 29.8 30.1 30.2 nan 28.2 29.0 28.9 28.8 28.7 28.7 28.7 28.7 28.8 28.9 29.1 29.4 29.8 30.1 30.2 30.3 30.1 -9999.0 -9999.0 -9999.0 -9999.0 -9999.0 -9999.0 -9999.0 -9999.0 -9999.0 -9999.0 -9999.0 -9999.0 -9999.0 -9999.0 -9999.0 -9999.0 -9999.0 -9999.0 nan nan nan nan nan nan nan nan nan nan nan nan nan -9999.0
nan nan nan nan nan nan nan nan nan nan nan nan nan nan nan nan nan nan nan nan nan nan nan nan nan nan nan nan nan nan 27.4 27.9 28.5 29.4 29.0 nan nan 29.4 29.4 30.1 nan 25.1 27.6 29.0 28.9 28.8 28.6 28.5 28.5 28.5 28.7 28.9 29.2 29.7 30.2 30.6 30.6 30.5 -9999.0 -9999.0 -9999.0 -9999.0 -9999.0 -9999.0 -9999.0 -9999.0 -9999.0 -9999.0 -9999.0 -9999.0 -9999.0 -9999.0 -9999.0 -9999.0 -9999.0 -9999.0 -9999.0 nan nan nan nan nan nan nan nan nan nan nan nan -9999.0
nan nan nan nan nan nan nan nan nan nan nan nan nan nan nan nan nan nan nan nan nan nan nan nan nan nan nan nan nan nan 25.3 27.9 28.6 29.4 26.7 nan 17.8 23.2 26.7 15.9 24.2 19.9 23.1 28.8 29.0 28.8 28.5 28.4 28.3 28.4 28.5 28.8 29.2 29.7 30.4 30.8 30.8 30.2 -9999.0 -9999.0 -9999.0 -9999.0 -9999.0 -9999.0 -9999.0 -9999.0 -9999.0 -9999.0 -9999.0 -9999.0 -9999.0 -9999.0 -9999.0 -9999.0 -9999.0 -9999.0 -9999.0 -9999.0 nan nan nan nan nan nan nan nan nan nan nan -9999.0
nan nan nan nan nan nan nan nan nan nan nan nan nan nan nan nan nan nan nan nan nan nan nan nan nan nan nan nan nan nan 25.5 27.5 28.5 29.2 29.1 17.8 nan 26.4 21.9 15.9 21.2 nan 29.0 29.3 29.0 28.8 28.5 28.3 28.2 28.2 28.4 28.7 29.1 29.7 30.4 30.9 30.5 23.2 -9999.0 -9999.0 -9999.0 -9999.0 -9999.0 -9999.0 -9999.0 -9999.0 -9999.0 -9999.0 -9999.0 -9999.0 -9999.0 -9999.0 -9999.0 -9999.0 -9999.0 -9999.0 -9999.0 -9999.0 -9999.0 -9999.0 nan nan nan nan nan nan nan nan nan -9999.0
nan nan nan nan nan nan nan nan nan nan nan nan nan nan nan nan nan nan nan nan nan nan nan nan nan nan nan nan nan nan nan 27.8 28.3 28.9 29.5 nan nan 21.0 21.1 19.0 nan nan 29.0 29.2 29.0 28.8 28.5 28.3 28.2 28.3 28.4 28.7 29.2 29.8 30.5 31.3 31.3 27.1 -9999.0 -9999.0 -9999.0 -9999.0 -9999.0 -9999.0 -9999.0 -9999.0 -9999.0 -9999.0 -9999.0 nan nan nan -9999.0 -9999.0 -9999.0 -9999.0 -9999.0 -9999.0 -9999.0 -9999.0 -9999.0 -9999.0 -9999.0 -9999.0 -9999.0 nan nan nan -9999.0 -9999.0
nan nan nan nan nan nan nan nan nan nan nan nan nan nan nan nan nan nan nan nan nan nan nan nan nan nan nan nan nan nan nan 27.4 28.0 28.7 29.5 nan 16.4 18.8 27.4 16.9 nan nan 28.8 29.1 29.0 28.8 28.5 28.4 28.3 28.3 28.5 28.9 29.3 30.0 30.8 31.6 31.8 27.3 -9999.0 -9999.0 -9999.0 -9999.0 -9999.0 -9999.0 -9999.0 -9999.0 -9999.0 -9999.0 -9999.0 nan nan nan nan nan -9999.0 -9999.0 -9999.0 -9999.0 -9999.0 -9999.0 -9999.0 -9999.0 -9999.0 -9999.0 -9999.0 -9999.0 -9999.0 -9999.0 -9999.0 -9999.0
nan nan nan nan nan nan nan nan nan nan nan nan nan nan nan nan nan nan nan nan nan nan nan nan nan nan nan nan nan nan nan 17.6 27.9 28.5 29.0 29.4 28.0 23.1 17.4 14.0 17.3 nan 28.6 28.9 28.9 28.8 28.5 28.5 28.5 28.5 28.7 29.1 29.6 30.2 31.0 31.8 32.5 27.4 -9999.0 -9999.0 -9999.0 -9999.0 -9999.0 -9999.0 -9999.0 -9999.0 -9999.0 -9999.0 -9999.0 -9999.0 -9999.0 -9999.0 -9999.0 -9999.0 -9999.0 -9999.0 -9999.0 -9999.0 -9999.0 -9999.0 -9999.0 -9999.0 -9999.0 -9999.0 -9999.0 -9999.0 -9999.0 -9999.0 -9999.0 -9999.0
nan nan nan nan nan nan nan nan nan nan nan nan nan nan nan nan nan nan nan nan nan nan nan nan nan nan nan nan nan nan nan 17.6 27.7 28.5 29.5 30.1 30.4 nan 19.2 22.2 14.2 nan 28.3 28.8 28.9 28.9 28.7 28.6 28.6 28.7 28.9 29.3 29.8 30.5 31.2 31.9 32.6 28.0 -9999.0 -9999.0 -9999.0 -9999.0 -9999.0 -9999.0 -9999.0 -9999.0 -9999.0 -9999.0 -9999.0 -9999.0 -9999.0 -9999.0 -9999.0 -9999.0 -9999.0 -9999.0 -9999.0 -9999.0 -9999.0 -9999.0 -9999.0 -9999.0 -9999.0 -9999.0 -9999.0 -9999.0 -9999.0 -9999.0 -9999.0 -9999.0
nan nan nan nan nan nan nan nan nan nan nan nan nan nan nan nan nan nan nan nan nan nan nan nan nan nan nan nan nan nan nan 17.6 25.9 28.3 29.4 30.1 30.3 nan nan 19.9 16.8 nan nan 28.6 28.8 28.8 28.7 28.8 28.8 28.9 29.1 29.5 30.0 30.6 31.3 32.0 32.8 26.9 -9999.0 -9999.0 -9999.0 -9999.0 -9999.0 -9999.0 -9999.0 -9999.0 -9999.0 -9999.0 -9999.0 -9999.0 -9999.0 -9999.0 -9999.0 -9999.0 -9999.0 -9999.0 -9999.0 -9999.0 -9999.0 -9999.0 -9999.0 -9999.0 -9999.0 -9999.0 -9999.0 -9999.0 -9999.0 -9999.0 -9999.0 -9999.0
nan nan nan nan nan nan nan nan nan nan nan nan nan nan nan nan nan nan nan nan nan nan nan nan nan nan nan nan nan nan nan nan 16.8 28.5 29.4 30.2 nan nan nan 21.5 16.0 20.0 nan nan 28.4 28.6 28.7 28.8 28.8 29.0 29.4 29.7 30.2 30.8 31.4 32.1 33.0 32.6 -9999.0 -9999.0 -9999.0 -9999.0 -9999.0 -9999.0 -9999.0 -9999.0 -9999.0 -9999.0 -9999.0 -9999.0 -9999.0 -9999.0 -9999.0 -9999.0 -9999.0 -9999.0 -9999.0 -9999.0 -9999.0 -9999.0 -9999.0 -9999.0 nan nan nan -9999.0 -9999.0 -9999.0 -9999.0 -9999.0
nan nan nan nan nan nan nan nan nan nan nan nan nan nan nan nan nan nan nan nan nan nan nan nan nan nan nan nan nan nan nan nan 27.7 28.4 29.2 30.1 nan nan nan nan 18.2 18.4 29.1 nan 27.8 28.4 28.8 28.8 29.0 29.2 29.5 29.9 30.4 31.0 31.6 32.3 33.2 33.1 -9999.0 -9999.0 -9999.0 -9999.0 -9999.0 -9999.0 -9999.0 -9999.0 -9999.0 -9999.0 -9999.0 -9999.0 -9999.0 -9999.0 -9999.0 -9999.0 -9999.0 -9999.0 -9999.0 -9999.0 -9999.0 -9999.0 nan nan nan nan nan nan nan nan -9999.0 -9999.0
nan nan nan nan nan nan nan nan nan nan nan nan nan nan nan nan nan nan nan nan nan nan nan nan nan nan nan nan nan nan nan nan nan 28.4 29.3 30.2 nan nan nan nan 23.1 20.8 25.9 20.4 nan 28.5 29.0 29.0 29.1 29.3 29.7 30.2 30.6 31.1 31.7 32.4 33.2 34.1 -9999.0 -9999.0 -9999.0 -9999.0 -9999.0 -9999.0 -9999.0 -9999.0 -9999.0 -9999.0 -9999.0 nan nan nan nan nan nan nan nan nan nan nan nan nan nan nan nan nan nan nan nan nan
nan nan nan nan nan nan nan nan nan nan nan nan nan nan nan nan nan nan nan nan nan nan nan nan nan nan nan nan nan nan nan nan nan 28.5 29.3 30.4 30.7 nan nan nan 29.5 21.6 24.4 29.2 nan nan 28.5 28.8 29.0 29.3 29.7 30.2 30.6 31.1 31.7 32.5 33.5 34.5 -9999.0 -9999.0 -9999.0 -9999.0 -9999.0 -9999.0 -9999.0 -9999.0 -9999.0 -9999.0 nan nan nan nan nan nan nan nan nan nan nan nan nan nan nan nan nan nan nan nan nan nan
