data/output/RUN203/ECOSPACE/ECOSPACE_in_PAR3/PAR-VarZ-VarK/PAR-VarZ-VarK_1991_09.asc
ncols        93
nrows        151 
xllcorner    -123.80739
yllcorner    48.29471 
cellsize     0.013497347 
NODATA_value  0.0
[rows 80 to 119 of 151, columns 0 to 89 of 93]
nan nan nan nan nan nan nan nan nan nan nan nan nan nan nan nan nan nan nan nan nan nan nan 23.4 23.4 22.7 23.4 23.6 23.9 24.1 24.2 24.3 24.3 24.3 24.2 24.2 24.2 24.4 24.7 25.0 25.3 25.4 25.4 25.3 25.1 25.0 24.7 24.4 23.8 23.2 22.4 21.5 20.7 20.1 nan nan nan nan nan nan nan nan nan nan nan nan 16.0 16.3 16.5 16.6 nan 16.3 16.3 16.3 16.4 16.5 16.5 16.3 16.1 16.4 16.8 17.1 17.1 nan nan nan nan nan nan nan
nan nan nan nan nan nan nan nan nan nan nan nan nan nan nan nan nan nan nan nan nan nan nan nan nan nan 23.2 23.4 23.6 23.8 24.0 24.2 24.3 24.3 24.3 24.2 24.3 24.5 24.8 25.2 25.5 25.8 25.8 25.7 25.5 25.4 25.2 24.9 24.4 23.8 23.0 22.2 21.3 20.5 19.6 nan nan nan nan nan nan nan nan nan nan nan 16.4 16.5 nan nan nan nan nan 16.5 16.6 16.8 nan 16.4 16.5 16.9 17.4 17.8 nan nan nan nan nan nan nan nan
nan nan nan nan nan nan nan nan nan nan nan nan nan nan nan nan nan nan nan nan nan nan nan nan nan nan nan 23.1 23.1 23.5 23.8 24.0 24.2 24.3 24.3 24.3 24.4 24.6 24.9 25.3 25.7 26.0 26.1 26.0 25.9 25.7 25.6 25.4 25.0 24.5 23.7 22.9 21.9 21.0 20.1 19.4 nan nan nan nan nan nan nan nan nan 16.3 16.8 nan nan nan nan nan nan 16.4 16.6 16.7 nan 16.6 17.1 17.5 17.8 nan nan nan nan nan nan nan nan nan
nan nan nan nan nan nan nan nan nan nan nan nan nan nan nan nan nan nan nan nan nan nan nan nan nan nan nan nan 21.6 22.9 23.5 23.9 24.1 24.3 24.3 24.4 24.5 24.7 24.9 25.3 25.7 26.0 26.2 26.1 26.1 26.0 26.0 25.8 25.5 25.0 24.3 23.5 22.7 21.7 20.7 19.9 19.4 nan nan nan nan nan nan nan nan 16.3 16.7 nan nan nan nan nan nan 16.4 16.6 16.9 17.4 17.8 17.8 17.9 nan nan nan nan nan nan nan nan nan nan
nan nan nan nan nan nan nan nan nan nan nan nan nan nan nan nan nan nan nan nan nan nan nan nan nan nan nan nan nan 11.8 23.3 23.6 23.9 24.1 24.3 24.4 24.5 24.6 24.9 25.2 25.6 26.0 26.2 26.2 26.2 26.2 26.1 26.0 25.7 25.3 24.8 24.2 23.4 22.5 21.5 20.6 19.8 19.3 nan nan nan nan nan nan 16.3 16.5 16.8 nan 17.1 17.2 17.3 nan nan 16.5 16.8 17.2 17.7 18.4 nan nan nan nan nan nan nan nan nan nan nan nan
nan nan nan nan nan nan nan nan nan nan nan nan nan nan nan nan nan nan nan nan nan nan nan nan nan nan nan nan nan nan 12.1 23.2 23.6 24.0 24.2 24.4 24.5 24.7 24.9 25.2 25.5 25.9 26.1 26.1 26.2 26.2 26.2 26.0 25.8 25.5 25.2 24.7 24.0 23.2 22.3 21.4 20.6 19.9 nan nan nan nan nan 16.4 16.6 16.9 17.0 17.1 17.1 17.2 17.3 10.2 nan 16.6 17.0 17.4 17.9 18.3 nan nan nan nan nan nan nan nan nan nan nan nan
nan nan nan nan nan nan nan nan nan nan nan nan nan nan nan nan nan nan nan nan nan nan nan nan nan nan nan nan nan nan nan 21.6 23.2 23.7 24.0 24.3 24.5 24.6 24.8 25.1 25.4 25.7 25.9 26.0 26.2 26.3 26.2 26.1 25.9 25.7 25.5 25.1 24.5 23.8 23.0 22.1 21.3 20.6 19.5 nan nan 16.9 17.2 17.2 17.1 17.4 17.6 17.6 17.6 17.5 17.5 nan nan 16.8 17.2 17.7 18.1 18.3 nan nan nan nan nan nan nan nan nan nan nan nan
nan nan nan nan nan nan nan nan nan nan nan nan nan nan nan nan nan nan nan nan nan nan nan nan nan nan nan nan nan nan nan nan 23.0 23.4 23.8 24.1 24.4 24.5 24.7 24.9 25.2 25.5 25.7 25.9 26.1 26.2 26.3 26.2 26.0 25.9 25.7 25.4 25.0 24.3 23.5 22.6 21.9 21.1 20.3 18.9 18.3 18.2 18.2 nan 17.8 18.1 18.5 18.7 18.6 18.6 18.3 17.7 17.4 17.4 17.5 17.9 18.2 nan nan nan nan nan nan nan nan nan nan nan nan nan
nan nan nan nan nan nan nan nan nan nan nan nan nan nan nan nan nan nan nan nan nan nan nan nan nan nan nan nan nan nan 22.2 22.3 22.6 23.0 23.4 23.8 24.1 24.3 24.4 24.6 24.9 25.2 25.6 25.9 26.1 26.2 26.2 26.2 26.1 26.0 25.8 25.6 25.2 24.7 24.1 23.3 22.4 21.5 20.7 20.0 19.4 19.0 19.0 19.2 19.1 19.3 19.7 19.9 19.8 19.7 19.1 18.4 18.0 17.8 17.9 18.2 18.3 nan nan nan nan nan nan nan nan nan nan nan nan nan
nan nan nan nan nan nan nan nan nan nan nan nan nan nan nan nan nan nan nan nan nan nan nan nan nan nan nan nan nan nan nan nan 22.2 22.5 22.9 23.3 23.6 23.8 24.1 24.4 24.7 25.1 25.5 25.9 26.1 26.2 26.2 26.2 26.1 26.0 25.9 25.7 25.4 25.1 24.6 24.0 23.3 22.5 21.7 21.0 20.4 20.1 20.0 20.1 19.9 19.9 20.2 nan nan nan 19.4 19.0 18.5 18.1 18.1 18.4 nan nan nan nan nan nan nan nan nan nan nan nan nan nan
nan nan nan nan nan nan nan nan nan nan nan nan nan nan nan nan nan nan nan nan nan nan nan nan nan nan nan nan nan nan 13.6 12.2 22.0 22.3 22.4 22.8 23.0 23.5 23.9 24.2 24.4 24.8 25.2 25.7 26.0 26.2 26.2 26.2 26.1 26.0 25.9 25.7 25.5 25.3 25.0 24.5 24.0 23.4 22.7 21.9 21.3 20.8 20.7 20.7 nan nan nan nan nan nan nan 19.3 18.7 18.3 18.3 18.3 nan nan nan nan nan nan nan nan nan nan nan nan nan nan
nan nan nan nan nan nan nan nan nan nan nan nan nan nan nan nan nan nan nan nan nan nan nan nan nan nan nan nan nan nan 12.6 21.4 21.9 22.3 22.4 13.3 22.6 23.5 23.9 24.1 24.4 24.7 25.0 25.5 25.9 26.1 26.2 26.2 26.1 26.0 25.9 25.7 25.5 25.4 25.2 24.9 24.5 24.0 23.4 22.7 22.0 21.4 21.0 nan nan nan nan nan nan 18.4 18.7 18.9 18.6 18.3 18.3 nan nan nan nan nan nan nan nan nan nan nan nan nan nan nan
nan nan nan nan nan nan nan nan nan nan nan nan nan nan nan nan nan nan nan nan nan nan nan nan nan nan nan nan nan nan 13.6 20.9 21.9 22.4 nan nan nan 23.2 23.7 24.0 24.2 24.5 24.8 25.2 25.6 25.9 26.1 26.1 26.1 25.9 25.8 25.7 25.5 25.5 25.3 25.1 24.8 24.4 23.9 23.3 22.6 22.0 21.6 nan nan nan nan nan 18.4 18.4 18.4 18.5 18.3 18.2 nan nan nan nan nan nan nan nan nan nan nan nan nan nan nan nan
nan nan nan nan nan nan nan nan nan nan nan nan nan nan nan nan nan nan nan nan nan nan nan nan nan nan nan nan nan nan 13.6 11.8 21.9 22.5 nan nan nan 21.0 22.8 23.3 23.6 24.1 24.5 24.9 25.4 25.7 25.9 25.9 25.9 25.8 25.7 25.6 25.6 25.5 25.5 25.3 25.0 24.7 24.2 23.7 23.1 22.5 21.9 20.4 19.8 nan 18.5 18.5 18.5 18.3 18.2 18.1 nan nan nan nan nan nan nan nan nan nan nan nan nan nan nan nan nan nan
nan nan nan nan nan nan nan nan nan nan nan nan nan nan nan nan nan nan nan nan nan nan nan nan nan nan nan nan nan nan nan nan 21.9 19.4 nan nan nan nan 21.8 22.4 23.1 23.6 24.0 24.5 25.0 25.4 25.6 25.7 25.7 25.6 25.6 25.6 25.6 25.6 25.5 25.4 25.2 24.9 24.5 24.0 23.5 22.8 22.0 21.3 20.6 19.8 19.3 18.8 18.5 18.2 18.0 nan nan nan nan nan nan nan nan nan nan nan nan nan nan nan nan nan nan nan
nan nan nan nan nan nan nan nan nan nan nan nan nan nan nan nan nan nan nan nan nan nan nan nan nan nan nan nan nan nan nan nan nan 18.7 10.4 nan nan nan 12.4 22.1 22.6 23.1 23.7 24.2 24.7 25.1 25.4 25.5 25.4 25.4 25.4 25.4 25.5 25.6 25.5 25.5 25.4 25.2 24.8 24.4 24.0 23.4 22.8 22.0 21.3 20.5 19.8 19.2 18.7 18.2 17.8 nan nan nan nan nan nan nan nan nan nan nan nan nan nan nan nan nan nan nan
nan nan nan nan nan nan nan nan nan nan nan nan nan nan nan nan nan nan nan nan nan nan nan nan nan nan nan nan nan nan nan nan nan nan 10.7 20.3 nan nan nan nan 22.3 23.3 23.8 24.2 24.6 24.9 25.1 25.2 25.1 25.1 25.1 25.2 25.3 25.4 25.5 25.5 25.4 25.3 25.0 24.7 24.4 23.9 23.3 22.6 21.8 21.0 20.2 19.5 18.8 18.3 17.8 17.5 nan nan nan nan nan nan nan nan nan nan nan nan nan nan nan nan nan nan
nan nan nan nan nan nan nan nan nan nan nan nan nan nan nan nan nan nan nan nan nan nan nan nan nan nan nan nan nan nan nan nan nan nan nan 15.7 14.0 nan nan nan nan 22.5 24.1 24.3 24.5 24.6 24.8 24.9 24.8 24.9 24.9 25.0 25.1 25.2 25.4 25.4 25.3 25.3 25.1 25.0 24.7 24.3 23.7 23.1 22.3 21.3 20.4 19.6 18.9 18.2 17.8 17.6 17.5 10.0 nan nan nan nan nan nan nan nan nan nan nan nan nan nan nan nan
nan nan nan nan nan nan nan nan nan nan nan nan nan nan nan nan nan nan nan nan nan nan nan nan nan nan nan nan nan nan nan nan nan nan 13.8 17.3 23.4 23.5 nan 14.1 nan 20.9 23.7 24.0 24.2 24.4 24.5 24.5 24.5 24.6 24.7 24.8 24.9 25.0 25.2 25.2 25.2 25.2 25.1 25.0 24.8 24.5 23.9 23.2 22.3 21.2 20.4 19.7 19.0 18.3 17.7 17.5 17.5 17.5 nan nan nan nan nan nan nan nan nan nan nan nan nan nan nan nan
nan nan nan nan nan nan nan nan nan nan nan nan nan nan nan nan nan nan nan nan nan nan nan nan nan nan nan nan nan nan nan nan nan nan 23.0 23.1 23.4 22.8 16.0 20.3 21.6 20.0 23.6 23.9 24.0 24.2 24.3 24.3 24.3 24.4 24.5 24.5 24.7 24.8 25.0 25.1 25.2 25.2 25.1 25.0 24.8 24.4 23.8 23.0 22.1 21.0 19.9 19.6 19.0 18.6 17.8 17.6 17.5 17.6 17.6 nan nan nan nan nan nan nan nan nan nan nan nan nan nan nan
nan nan nan nan nan nan nan nan nan nan nan nan nan nan nan nan nan nan nan nan nan nan nan nan nan nan nan nan nan nan nan nan nan nan 22.8 23.0 23.3 23.5 23.5 nan 21.9 22.1 23.7 23.9 24.0 24.1 24.2 24.2 24.2 24.2 24.3 24.4 24.5 24.7 24.9 25.0 25.1 25.1 25.0 24.9 24.6 24.2 -9999.0 -9999.0 -9999.0 -9999.0 -9999.0 -9999.0 -9999.0 10.7 17.7 17.6 17.6 17.4 17.4 nan nan nan nan nan nan nan nan nan nan nan nan nan nan -9999.0
nan nan nan nan nan nan nan nan nan nan nan nan nan nan nan nan nan nan nan nan nan nan nan nan nan nan nan nan nan nan nan nan nan nan 22.5 22.8 23.0 23.2 23.5 nan nan 23.0 23.8 24.0 24.1 24.1 24.2 24.2 24.1 24.1 24.2 24.2 24.4 24.6 24.8 24.9 25.0 25.0 25.0 24.8 24.4 -9999.0 -9999.0 -9999.0 -9999.0 -9999.0 -9999.0 -9999.0 -9999.0 nan 12.2 17.3 17.5 16.5 nan nan nan nan nan nan nan nan nan nan nan nan nan nan nan -9999.0
nan nan nan nan nan nan nan nan nan nan nan nan nan nan nan nan nan nan nan nan nan nan nan nan nan nan nan nan nan nan nan nan nan nan 22.3 22.5 22.7 23.0 23.5 nan 19.8 21.7 23.7 24.0 24.1 24.2 24.2 24.1 24.1 24.1 24.1 24.2 24.3 24.5 24.7 24.8 24.9 24.9 24.8 24.5 24.1 -9999.0 -9999.0 -9999.0 -9999.0 -9999.0 -9999.0 -9999.0 -9999.0 -9999.0 -9999.0 nan 10.3 10.3 nan nan nan nan nan nan nan nan nan nan nan nan nan nan nan -9999.0
nan nan nan nan nan nan nan nan nan nan nan nan nan nan nan nan nan nan nan nan nan nan nan nan nan nan nan nan nan nan nan nan nan nan 22.1 22.3 22.7 22.5 20.9 14.4 21.0 19.0 23.2 23.7 24.0 24.0 24.1 24.0 24.0 24.0 24.0 24.1 24.2 24.4 24.6 24.8 24.9 24.8 24.6 24.3 -9999.0 -9999.0 -9999.0 -9999.0 -9999.0 -9999.0 -9999.0 -9999.0 -9999.0 -9999.0 -9999.0 nan nan nan nan nan nan nan nan nan nan nan nan nan nan nan nan nan nan -9999.0
nan nan nan nan nan nan nan nan nan nan nan nan nan nan nan nan nan nan nan nan nan nan nan nan nan nan nan nan nan nan nan nan 21.0 21.4 22.1 22.6 23.2 23.8 23.9 22.9 nan 23.0 23.0 23.4 23.6 23.8 23.9 23.9 23.9 23.9 24.0 24.0 24.2 24.4 24.5 24.7 24.8 24.7 24.4 -9999.0 -9999.0 -9999.0 -9999.0 -9999.0 -9999.0 -9999.0 -9999.0 -9999.0 -9999.0 -9999.0 -9999.0 -9999.0 nan nan nan nan nan nan nan nan nan nan nan nan nan nan nan nan nan -9999.0
nan nan nan nan nan nan nan nan nan nan nan nan nan nan nan nan nan nan nan nan nan nan nan nan nan nan nan nan nan 14.0 nan nan 22.1 22.4 22.5 23.0 23.7 24.4 25.1 nan nan 22.4 22.9 23.1 23.4 23.6 23.7 23.8 23.8 23.8 23.9 24.0 24.1 24.3 24.5 24.6 24.6 24.5 24.1 -9999.0 -9999.0 -9999.0 -9999.0 -9999.0 -9999.0 -9999.0 -9999.0 -9999.0 -9999.0 -9999.0 -9999.0 -9999.0 -9999.0 -9999.0 nan nan nan nan nan nan nan nan nan nan nan nan nan nan nan -9999.0
nan nan nan nan nan nan nan nan nan nan nan nan nan nan nan nan nan nan nan nan nan nan nan nan nan nan nan nan nan 11.9 11.9 nan 22.4 22.9 21.6 20.9 23.2 24.5 24.7 24.4 nan 22.4 23.0 23.2 23.2 23.5 23.6 23.7 23.7 23.8 23.8 23.9 24.1 24.3 24.5 24.5 24.5 24.2 -9999.0 -9999.0 -9999.0 -9999.0 -9999.0 -9999.0 -9999.0 -9999.0 -9999.0 -9999.0 -9999.0 -9999.0 -9999.0 -9999.0 -9999.0 -9999.0 -9999.0 nan nan nan nan nan nan nan nan nan nan nan nan nan nan -9999.0
nan nan nan nan nan nan nan nan nan nan nan nan nan nan nan nan nan nan nan nan nan nan nan nan nan nan nan nan nan 12.5 22.0 22.3 22.7 23.5 24.3 nan 12.7 24.0 24.4 24.5 nan 22.5 23.3 23.3 23.3 23.4 23.5 23.6 23.6 23.7 23.8 23.9 24.0 24.2 24.4 24.5 24.4 24.0 -9999.0 -9999.0 -9999.0 -9999.0 -9999.0 -9999.0 -9999.0 -9999.0 -9999.0 -9999.0 -9999.0 -9999.0 -9999.0 -9999.0 -9999.0 -9999.0 -9999.0 -9999.0 nan nan nan nan nan nan nan nan nan nan nan nan nan -9999.0
nan nan nan nan nan nan nan nan nan nan nan nan nan nan nan nan nan nan nan nan nan nan nan nan nan nan nan nan nan nan 21.7 22.2 23.0 23.9 23.5 nan nan 23.5 23.7 24.4 nan 20.4 22.1 23.3 23.2 23.3 23.4 23.5 23.6 23.7 23.8 23.9 24.0 24.3 24.4 24.3 24.2 23.9 -9999.0 -9999.0 -9999.0 -9999.0 -9999.0 -9999.0 -9999.0 -9999.0 -9999.0 -9999.0 -9999.0 -9999.0 -9999.0 -9999.0 -9999.0 -9999.0 -9999.0 -9999.0 -9999.0 nan nan nan nan nan nan nan nan nan nan nan nan -9999.0
nan nan nan nan nan nan nan nan nan nan nan nan nan nan nan nan nan nan nan nan nan nan nan nan nan nan nan nan nan nan 20.2 22.3 23.1 24.1 22.2 nan 14.2 18.2 21.3 12.2 19.0 16.0 18.4 22.9 23.2 23.2 23.2 23.4 23.5 23.7 23.8 23.9 24.1 24.3 24.4 24.3 24.1 24.0 -9999.0 -9999.0 -9999.0 -9999.0 -9999.0 -9999.0 -9999.0 -9999.0 -9999.0 -9999.0 -9999.0 -9999.0 -9999.0 -9999.0 -9999.0 -9999.0 -9999.0 -9999.0 -9999.0 -9999.0 nan nan nan nan nan nan nan nan nan nan nan -9999.0
nan nan nan nan nan nan nan nan nan nan nan nan nan nan nan nan nan nan nan nan nan nan nan nan nan nan nan nan nan nan 20.4 22.0 23.1 23.9 23.7 14.2 nan 21.2 16.9 11.6 15.9 nan 22.8 23.0 23.0 23.0 23.1 23.2 23.4 23.6 23.8 23.9 24.1 24.3 24.4 24.3 23.9 22.1 -9999.0 -9999.0 -9999.0 -9999.0 -9999.0 -9999.0 -9999.0 -9999.0 -9999.0 -9999.0 -9999.0 -9999.0 -9999.0 -9999.0 -9999.0 -9999.0 -9999.0 -9999.0 -9999.0 -9999.0 -9999.0 -9999.0 nan nan nan nan nan nan nan nan nan -9999.0
nan nan nan nan nan nan nan nan nan nan nan nan nan nan nan nan nan nan nan nan nan nan nan nan nan nan nan nan nan nan nan 22.2 22.8 23.6 24.3 nan nan 16.7 15.9 13.4 nan nan 22.6 22.8 22.7 22.8 22.9 23.1 23.4 23.5 23.7 23.9 24.2 24.5 24.7 24.7 24.4 23.0 -9999.0 -9999.0 -9999.0 -9999.0 -9999.0 -9999.0 -9999.0 -9999.0 -9999.0 -9999.0 -9999.0 nan nan nan -9999.0 -9999.0 -9999.0 -9999.0 -9999.0 -9999.0 -9999.0 -9999.0 -9999.0 -9999.0 -9999.0 -9999.0 -9999.0 nan nan nan -9999.0 -9999.0
nan nan nan nan nan nan nan nan nan nan nan nan nan nan nan nan nan nan nan nan nan nan nan nan nan nan nan nan nan nan nan 21.7 22.7 23.5 24.3 nan 13.1 14.9 21.4 12.5 nan nan 22.3 22.4 22.5 22.7 22.8 23.0 23.3 23.5 23.6 23.9 24.3 24.7 25.0 25.0 24.9 22.8 -9999.0 -9999.0 -9999.0 -9999.0 -9999.0 -9999.0 -9999.0 -9999.0 -9999.0 -9999.0 -9999.0 nan nan nan nan nan -9999.0 -9999.0 -9999.0 -9999.0 -9999.0 -9999.0 -9999.0 -9999.0 -9999.0 -9999.0 -9999.0 -9999.0 -9999.0 -9999.0 -9999.0 -9999.0
nan nan nan nan nan nan nan nan nan nan nan nan nan nan nan nan nan nan nan nan nan nan nan nan nan nan nan nan nan nan nan 14.0 22.6 23.3 23.8 24.4 22.6 16.7 13.4 10.8 13.1 nan 22.1 22.1 22.3 22.5 22.6 22.9 23.2 23.5 23.7 24.0 24.4 24.8 25.2 25.5 25.5 22.3 -9999.0 -9999.0 -9999.0 -9999.0 -9999.0 -9999.0 -9999.0 -9999.0 -9999.0 -9999.0 -9999.0 -9999.0 -9999.0 -9999.0 -9999.0 -9999.0 -9999.0 -9999.0 -9999.0 -9999.0 -9999.0 -9999.0 -9999.0 -9999.0 -9999.0 -9999.0 -9999.0 -9999.0 -9999.0 -9999.0 -9999.0 -9999.0
nan nan nan nan nan nan nan nan nan nan nan nan nan nan nan nan nan nan nan nan nan nan nan nan nan nan nan nan nan nan nan 13.9 22.1 23.1 24.2 24.8 25.0 nan 15.2 17.4 10.8 nan 22.0 22.2 22.1 22.3 22.5 22.8 23.1 23.4 23.7 24.0 24.5 25.0 25.5 25.8 26.1 23.1 -9999.0 -9999.0 -9999.0 -9999.0 -9999.0 -9999.0 -9999.0 -9999.0 -9999.0 -9999.0 -9999.0 -9999.0 -9999.0 -9999.0 -9999.0 -9999.0 -9999.0 -9999.0 -9999.0 -9999.0 -9999.0 -9999.0 -9999.0 -9999.0 -9999.0 -9999.0 -9999.0 -9999.0 -9999.0 -9999.0 -9999.0 -9999.0
nan nan nan nan nan nan nan nan nan nan nan nan nan nan nan nan nan nan nan nan nan nan nan nan nan nan nan nan nan nan nan 14.0 20.9 22.6 23.9 24.6 24.8 nan nan 15.6 12.9 nan nan 22.1 22.2 22.2 22.3 22.6 23.1 23.5 23.8 24.2 24.7 25.3 25.9 26.4 26.9 21.1 -9999.0 -9999.0 -9999.0 -9999.0 -9999.0 -9999.0 -9999.0 -9999.0 -9999.0 -9999.0 -9999.0 -9999.0 -9999.0 -9999.0 -9999.0 -9999.0 -9999.0 -9999.0 -9999.0 -9999.0 -9999.0 -9999.0 -9999.0 -9999.0 -9999.0 -9999.0 -9999.0 -9999.0 -9999.0 -9999.0 -9999.0 -9999.0
nan nan nan nan nan nan nan nan nan nan nan nan nan nan nan nan nan nan nan nan nan nan nan nan nan nan nan nan nan nan nan nan 13.4 22.9 23.8 24.5 nan nan nan 16.7 12.3 14.0 nan nan 21.8 22.0 22.1 22.4 22.9 23.4 23.8 24.3 24.9 25.5 26.2 26.8 27.3 26.0 -9999.0 -9999.0 -9999.0 -9999.0 -9999.0 -9999.0 -9999.0 -9999.0 -9999.0 -9999.0 -9999.0 -9999.0 -9999.0 -9999.0 -9999.0 -9999.0 -9999.0 -9999.0 -9999.0 -9999.0 -9999.0 -9999.0 -9999.0 -9999.0 nan nan nan -9999.0 -9999.0 -9999.0 -9999.0 -9999.0
nan nan nan nan nan nan nan nan nan nan nan nan nan nan nan nan nan nan nan nan nan nan nan nan nan nan nan nan nan nan nan nan 22.3 22.9 23.6 24.4 nan nan nan nan 13.7 13.5 22.7 nan 21.0 21.7 21.8 22.2 22.8 23.4 23.9 24.4 25.0 25.8 26.5 27.2 27.8 27.3 -9999.0 -9999.0 -9999.0 -9999.0 -9999.0 -9999.0 -9999.0 -9999.0 -9999.0 -9999.0 -9999.0 -9999.0 -9999.0 -9999.0 -9999.0 -9999.0 -9999.0 -9999.0 -9999.0 -9999.0 -9999.0 -9999.0 nan nan nan nan nan nan nan nan -9999.0 -9999.0
nan nan nan nan nan nan nan nan nan nan nan nan nan nan nan nan nan nan nan nan nan nan nan nan nan nan nan nan nan nan nan nan nan 22.8 23.6 24.6 nan nan nan nan 17.6 16.1 19.9 16.2 nan 21.8 22.2 22.3 22.7 23.4 23.9 24.5 25.2 25.9 26.7 27.6 28.0 28.1 -9999.0 -9999.0 -9999.0 -9999.0 -9999.0 -9999.0 -9999.0 -9999.0 -9999.0 -9999.0 -9999.0 nan nan nan nan nan nan nan nan nan nan nan nan nan nan nan nan nan nan nan nan nan
nan nan nan nan nan nan nan nan nan nan nan nan nan nan nan nan nan nan nan nan nan nan nan nan nan nan nan nan nan nan nan nan nan 23.0 23.8 24.6 24.8 nan nan nan 23.5 16.0 18.2 22.9 nan nan 21.8 22.0 22.6 23.0 23.8 24.5 25.2 25.9 26.8 27.6 28.3 29.0 -9999.0 -9999.0 -9999.0 -9999.0 -9999.0 -9999.0 -9999.0 -9999.0 -9999.0 -9999.0 nan nan nan nan nan nan nan nan nan nan nan nan nan nan nan nan nan nan nan nan nan nan
