data/output/RUN203/ECOSPACE/ECOSPACE_in_PAR3/PAR-VarZ-VarK/PAR-VarZ-VarK_2011_05.asc
ncols        93
nrows        151 
xllcorner    -123.80739
yllcorner    48.29471 
cellsize     0.013497347 
NODATA_value  0.0
[rows 80 to 119 of 151, columns 0 to 89 of 93]
nan nan nan nan nan nan nan nan nan nan nan nan nan nan nan nan nan nan nan nan nan nan nan 30.3 29.3 29.3 31.5 31.2 30.0 28.7 27.4 26.3 25.3 24.4 23.4 22.5 21.7 21.0 20.4 19.8 19.2 18.7 18.3 17.8 17.4 17.0 16.7 16.3 15.9 15.6 15.3 15.0 14.8 14.7 nan nan nan nan nan nan nan nan nan nan nan nan 13.0 13.1 13.2 13.3 nan 13.1 13.1 13.1 13.2 13.3 13.3 13.2 13.1 13.4 13.7 13.8 13.7 nan nan nan nan nan nan nan
nan nan nan nan nan nan nan nan nan nan nan nan nan nan nan nan nan nan nan nan nan nan nan nan nan nan 32.4 32.0 31.0 29.8 28.5 27.4 26.3 25.2 24.2 23.2 22.3 21.5 20.8 20.2 19.6 19.1 18.6 18.2 17.7 17.3 16.9 16.6 16.2 15.8 15.5 15.2 15.0 14.8 14.5 nan nan nan nan nan nan nan nan nan nan nan 13.2 13.2 nan nan nan nan nan 13.2 13.4 13.5 nan 13.3 13.4 13.7 14.0 14.1 nan nan nan nan nan nan nan nan
nan nan nan nan nan nan nan nan nan nan nan nan nan nan nan nan nan nan nan nan nan nan nan nan nan nan nan 32.4 31.7 30.8 29.6 28.5 27.3 26.2 25.0 24.0 22.9 22.0 21.3 20.6 20.0 19.5 19.0 18.5 18.0 17.6 17.2 16.9 16.6 16.2 15.8 15.5 15.2 14.9 14.7 14.4 nan nan nan nan nan nan nan nan nan 13.2 13.5 nan nan nan nan nan nan 13.2 13.4 13.4 nan 13.4 13.8 14.0 14.2 nan nan nan nan nan nan nan nan nan
nan nan nan nan nan nan nan nan nan nan nan nan nan nan nan nan nan nan nan nan nan nan nan nan nan nan nan nan 30.2 31.0 30.8 29.6 28.5 27.2 26.0 24.8 23.7 22.7 21.8 21.1 20.5 19.9 19.4 18.9 18.4 17.9 17.6 17.2 16.9 16.6 16.2 15.8 15.5 15.2 14.9 14.6 14.4 nan nan nan nan nan nan nan nan 13.3 13.5 nan nan nan nan nan nan 13.3 13.4 13.6 13.9 14.2 14.1 14.1 nan nan nan nan nan nan nan nan nan nan
nan nan nan nan nan nan nan nan nan nan nan nan nan nan nan nan nan nan nan nan nan nan nan nan nan nan nan nan nan 13.8 31.7 30.8 29.5 28.2 26.9 25.6 24.5 23.4 22.4 21.6 21.0 20.4 19.9 19.3 18.7 18.2 17.9 17.5 17.2 16.9 16.6 16.2 15.9 15.5 15.2 14.9 14.6 14.4 nan nan nan nan nan nan 13.3 13.4 13.5 nan 13.7 13.7 13.7 nan nan 13.3 13.6 13.8 14.1 14.5 nan nan nan nan nan nan nan nan nan nan nan nan
nan nan nan nan nan nan nan nan nan nan nan nan nan nan nan nan nan nan nan nan nan nan nan nan nan nan nan nan nan nan 14.4 31.4 30.4 29.1 27.8 26.5 25.4 24.2 23.2 22.3 21.6 20.9 20.3 19.7 19.1 18.6 18.2 17.9 17.6 17.3 16.9 16.6 16.2 15.9 15.5 15.2 14.9 14.6 nan nan nan nan nan 13.5 13.5 13.6 13.7 13.8 13.7 13.7 13.7 9.2 nan 13.4 13.7 13.9 14.2 14.3 nan nan nan nan nan nan nan nan nan nan nan nan
nan nan nan nan nan nan nan nan nan nan nan nan nan nan nan nan nan nan nan nan nan nan nan nan nan nan nan nan nan nan nan 28.9 30.6 29.9 28.7 27.5 26.3 25.1 24.0 23.1 22.2 21.5 20.8 20.1 19.5 19.0 18.6 18.2 17.9 17.6 17.3 17.0 16.6 16.2 15.9 15.5 15.2 14.9 14.5 nan nan 13.8 13.9 13.8 13.8 13.9 13.9 13.9 13.9 13.8 13.8 nan nan 13.6 13.9 14.1 14.3 14.3 nan nan nan nan nan nan nan nan nan nan nan nan
nan nan nan nan nan nan nan nan nan nan nan nan nan nan nan nan nan nan nan nan nan nan nan nan nan nan nan nan nan nan nan nan 31.4 30.5 29.5 28.4 27.2 26.0 24.9 23.8 22.8 21.9 21.2 20.5 19.9 19.4 18.9 18.6 18.3 18.0 17.7 17.4 17.0 16.6 16.2 15.9 15.5 15.2 14.9 14.5 14.3 14.2 14.2 nan 14.0 14.1 14.2 14.3 14.2 14.1 14.0 13.9 13.9 14.0 14.1 14.2 14.2 nan nan nan nan nan nan nan nan nan nan nan nan nan
nan nan nan nan nan nan nan nan nan nan nan nan nan nan nan nan nan nan nan nan nan nan nan nan nan nan nan nan nan nan 30.6 30.9 31.2 30.8 30.1 29.2 28.1 27.0 25.7 24.5 23.4 22.4 21.6 20.9 20.3 19.7 19.3 18.9 18.6 18.4 18.1 17.8 17.4 17.0 16.7 16.3 15.9 15.5 15.2 14.9 14.6 14.4 14.4 14.4 14.4 14.5 14.6 14.6 14.6 14.5 14.3 14.1 14.1 14.2 14.2 14.3 14.2 nan nan nan nan nan nan nan nan nan nan nan nan nan
nan nan nan nan nan nan nan nan nan nan nan nan nan nan nan nan nan nan nan nan nan nan nan nan nan nan nan nan nan nan nan nan 31.0 30.9 30.5 29.9 28.9 27.8 26.5 25.2 24.0 22.9 22.1 21.3 20.6 20.1 19.6 19.3 19.0 18.8 18.5 18.2 17.9 17.5 17.2 16.8 16.3 15.9 15.6 15.3 14.9 14.7 14.6 14.6 14.6 14.6 14.6 nan nan nan 14.4 14.3 14.3 14.3 14.3 14.2 nan nan nan nan nan nan nan nan nan nan nan nan nan nan
nan nan nan nan nan nan nan nan nan nan nan nan nan nan nan nan nan nan nan nan nan nan nan nan nan nan nan nan nan nan 15.3 13.9 31.1 31.2 31.0 30.6 29.8 28.7 27.3 26.0 24.7 23.6 22.6 21.8 21.1 20.5 20.0 19.6 19.4 19.2 18.9 18.6 18.4 18.0 17.7 17.2 16.8 16.4 16.0 15.6 15.3 15.0 14.8 14.7 nan nan nan nan nan nan nan 14.5 14.4 14.3 14.3 14.2 nan nan nan nan nan nan nan nan nan nan nan nan nan nan
nan nan nan nan nan nan nan nan nan nan nan nan nan nan nan nan nan nan nan nan nan nan nan nan nan nan nan nan nan nan 15.0 30.5 31.3 31.9 31.6 16.3 30.7 29.7 28.0 26.7 25.4 24.2 23.2 22.3 21.6 20.9 20.4 20.0 19.7 19.5 19.3 19.1 18.8 18.5 18.1 17.7 17.3 16.8 16.4 16.0 15.6 15.2 15.0 nan nan nan nan nan nan 14.3 14.4 14.5 14.4 14.3 14.2 nan nan nan nan nan nan nan nan nan nan nan nan nan nan nan
nan nan nan nan nan nan nan nan nan nan nan nan nan nan nan nan nan nan nan nan nan nan nan nan nan nan nan nan nan nan 15.4 29.3 31.5 32.3 nan nan nan 29.6 28.6 27.3 26.1 24.9 23.8 22.9 22.0 21.4 20.8 20.3 20.1 19.9 19.6 19.4 19.1 18.8 18.5 18.1 17.6 17.2 16.7 16.3 15.8 15.4 15.1 nan nan nan nan nan 14.3 14.3 14.3 14.4 14.2 14.1 nan nan nan nan nan nan nan nan nan nan nan nan nan nan nan nan
nan nan nan nan nan nan nan nan nan nan nan nan nan nan nan nan nan nan nan nan nan nan nan nan nan nan nan nan nan nan 15.2 14.2 31.8 32.3 nan nan nan 27.3 28.9 27.9 26.8 25.6 24.4 23.4 22.5 21.8 21.2 20.7 20.4 20.1 19.9 19.7 19.4 19.1 18.8 18.4 18.0 17.6 17.1 16.6 16.1 15.6 15.3 14.7 14.4 nan 14.2 14.3 14.3 14.2 14.2 14.2 nan nan nan nan nan nan nan nan nan nan nan nan nan nan nan nan nan nan
nan nan nan nan nan nan nan nan nan nan nan nan nan nan nan nan nan nan nan nan nan nan nan nan nan nan nan nan nan nan nan nan 31.8 26.4 nan nan nan nan 28.6 28.5 27.6 26.3 25.1 24.0 23.0 22.2 21.6 21.0 20.7 20.4 20.1 19.9 19.7 19.4 19.1 18.7 18.3 17.9 17.5 16.9 16.4 15.9 15.4 15.0 14.7 14.5 14.4 14.2 14.2 14.1 14.0 nan nan nan nan nan nan nan nan nan nan nan nan nan nan nan nan nan nan nan
nan nan nan nan nan nan nan nan nan nan nan nan nan nan nan nan nan nan nan nan nan nan nan nan nan nan nan nan nan nan nan nan nan 27.2 14.6 nan nan nan 14.0 29.6 28.6 27.1 25.8 24.5 23.5 22.7 22.0 21.4 21.0 20.7 20.4 20.2 20.0 19.7 19.4 19.0 18.6 18.2 17.8 17.3 16.7 16.1 15.6 15.2 14.8 14.6 14.3 14.2 14.1 14.0 13.8 nan nan nan nan nan nan nan nan nan nan nan nan nan nan nan nan nan nan nan
nan nan nan nan nan nan nan nan nan nan nan nan nan nan nan nan nan nan nan nan nan nan nan nan nan nan nan nan nan nan nan nan nan nan 15.8 27.4 nan nan nan nan 29.3 28.2 26.6 25.2 24.1 23.1 22.4 21.8 21.4 21.0 20.8 20.5 20.3 20.0 19.7 19.4 19.0 18.5 18.1 17.6 17.0 16.4 15.9 15.4 14.9 14.6 14.3 14.1 14.0 13.9 13.9 13.8 nan nan nan nan nan nan nan nan nan nan nan nan nan nan nan nan nan nan
nan nan nan nan nan nan nan nan nan nan nan nan nan nan nan nan nan nan nan nan nan nan nan nan nan nan nan nan nan nan nan nan nan nan nan 20.3 15.5 nan nan nan nan 27.1 27.2 25.9 24.7 23.6 22.9 22.2 21.8 21.4 21.1 20.9 20.6 20.4 20.0 19.7 19.3 18.8 18.4 17.8 17.2 16.6 16.0 15.5 15.0 14.6 14.3 14.1 13.9 13.9 13.9 13.9 13.8 9.2 nan nan nan nan nan nan nan nan nan nan nan nan nan nan nan nan
nan nan nan nan nan nan nan nan nan nan nan nan nan nan nan nan nan nan nan nan nan nan nan nan nan nan nan nan nan nan nan nan nan nan 16.2 20.7 29.0 29.0 nan 15.5 nan 25.1 27.2 26.4 25.3 24.2 23.4 22.7 22.1 21.7 21.4 21.2 20.9 20.7 20.3 19.9 19.5 19.1 18.6 18.0 17.4 16.8 16.1 15.5 15.0 14.6 14.3 14.1 14.0 13.9 13.8 13.8 13.8 13.8 nan nan nan nan nan nan nan nan nan nan nan nan nan nan nan nan
nan nan nan nan nan nan nan nan nan nan nan nan nan nan nan nan nan nan nan nan nan nan nan nan nan nan nan nan nan nan nan nan nan nan 29.4 29.3 29.4 27.4 18.3 26.1 27.5 22.6 27.5 26.9 25.8 24.7 23.9 23.1 22.6 22.1 21.8 21.5 21.2 20.9 20.6 20.2 19.8 19.3 18.7 18.1 17.5 16.8 16.1 15.4 14.9 14.5 13.9 13.8 13.5 13.9 13.8 13.8 13.8 13.8 13.8 nan nan nan nan nan nan nan nan nan nan nan nan nan nan nan
nan nan nan nan nan nan nan nan nan nan nan nan nan nan nan nan nan nan nan nan nan nan nan nan nan nan nan nan nan nan nan nan nan nan 29.4 29.4 29.4 29.6 28.6 nan 28.2 27.0 28.4 27.4 26.4 25.3 24.5 23.7 23.1 22.6 22.2 21.9 21.6 21.2 20.8 20.4 20.0 19.5 18.9 18.2 17.5 16.8 -9999.0 -9999.0 -9999.0 -9999.0 -9999.0 -9999.0 -9999.0 10.0 13.8 13.7 13.8 13.7 13.8 nan nan nan nan nan nan nan nan nan nan nan nan nan nan -9999.0
nan nan nan nan nan nan nan nan nan nan nan nan nan nan nan nan nan nan nan nan nan nan nan nan nan nan nan nan nan nan nan nan nan nan 29.3 29.3 29.3 29.4 29.6 nan nan 29.2 28.9 28.0 27.1 26.0 25.2 24.4 23.7 23.1 22.7 22.3 21.9 21.4 21.0 20.6 20.2 19.7 19.0 18.3 17.6 -9999.0 -9999.0 -9999.0 -9999.0 -9999.0 -9999.0 -9999.0 -9999.0 nan 11.9 13.5 13.6 13.3 nan nan nan nan nan nan nan nan nan nan nan nan nan nan nan -9999.0
nan nan nan nan nan nan nan nan nan nan nan nan nan nan nan nan nan nan nan nan nan nan nan nan nan nan nan nan nan nan nan nan nan nan 29.1 29.1 29.1 29.4 29.9 nan 23.8 26.6 29.3 28.5 27.7 26.8 25.9 25.1 24.4 23.7 23.2 22.8 22.3 21.7 21.3 20.8 20.4 19.9 19.1 18.4 17.7 -9999.0 -9999.0 -9999.0 -9999.0 -9999.0 -9999.0 -9999.0 -9999.0 -9999.0 -9999.0 nan 9.7 9.7 nan nan nan nan nan nan nan nan nan nan nan nan nan nan nan -9999.0
nan nan nan nan nan nan nan nan nan nan nan nan nan nan nan nan nan nan nan nan nan nan nan nan nan nan nan nan nan nan nan nan nan nan 28.9 28.9 29.3 29.0 26.2 17.5 27.0 23.8 29.2 28.9 28.2 27.4 26.6 25.8 25.0 24.3 23.7 23.1 22.6 22.1 21.5 21.1 20.6 20.1 19.4 18.6 -9999.0 -9999.0 -9999.0 -9999.0 -9999.0 -9999.0 -9999.0 -9999.0 -9999.0 -9999.0 -9999.0 nan nan nan nan nan nan nan nan nan nan nan nan nan nan nan nan nan nan -9999.0
nan nan nan nan nan nan nan nan nan nan nan nan nan nan nan nan nan nan nan nan nan nan nan nan nan nan nan nan nan nan nan nan 27.0 27.6 28.8 29.4 30.0 30.7 30.1 28.1 nan 30.1 29.6 29.3 28.6 27.9 27.2 26.4 25.6 24.8 24.1 23.5 22.9 22.4 21.9 21.4 20.9 20.4 19.6 -9999.0 -9999.0 -9999.0 -9999.0 -9999.0 -9999.0 -9999.0 -9999.0 -9999.0 -9999.0 -9999.0 -9999.0 -9999.0 nan nan nan nan nan nan nan nan nan nan nan nan nan nan nan nan nan -9999.0
nan nan nan nan nan nan nan nan nan nan nan nan nan nan nan nan nan nan nan nan nan nan nan nan nan nan nan nan nan 15.6 nan nan 29.1 29.4 29.5 29.8 30.6 31.4 32.2 nan nan 29.9 30.0 29.7 29.2 28.5 27.7 26.9 26.1 25.3 24.5 23.8 23.3 22.7 22.2 21.7 21.2 20.6 19.9 -9999.0 -9999.0 -9999.0 -9999.0 -9999.0 -9999.0 -9999.0 -9999.0 -9999.0 -9999.0 -9999.0 -9999.0 -9999.0 -9999.0 -9999.0 nan nan nan nan nan nan nan nan nan nan nan nan nan nan nan -9999.0
nan nan nan nan nan nan nan nan nan nan nan nan nan nan nan nan nan nan nan nan nan nan nan nan nan nan nan nan nan 13.6 13.7 nan 29.6 30.1 27.9 26.9 29.5 31.5 32.0 30.9 nan 30.2 30.5 30.2 29.7 29.0 28.2 27.4 26.5 25.7 24.9 24.2 23.6 23.0 22.4 22.0 21.5 20.9 -9999.0 -9999.0 -9999.0 -9999.0 -9999.0 -9999.0 -9999.0 -9999.0 -9999.0 -9999.0 -9999.0 -9999.0 -9999.0 -9999.0 -9999.0 -9999.0 -9999.0 nan nan nan nan nan nan nan nan nan nan nan nan nan nan -9999.0
nan nan nan nan nan nan nan nan nan nan nan nan nan nan nan nan nan nan nan nan nan nan nan nan nan nan nan nan nan 14.4 29.6 29.8 30.2 30.7 31.3 nan 14.2 31.2 31.8 32.1 nan 30.2 31.4 31.0 30.3 29.5 28.7 27.8 27.0 26.1 25.3 24.6 23.9 23.2 22.7 22.1 21.7 21.1 -9999.0 -9999.0 -9999.0 -9999.0 -9999.0 -9999.0 -9999.0 -9999.0 -9999.0 -9999.0 -9999.0 -9999.0 -9999.0 -9999.0 -9999.0 -9999.0 -9999.0 -9999.0 nan nan nan nan nan nan nan nan nan nan nan nan nan -9999.0
nan nan nan nan nan nan nan nan nan nan nan nan nan nan nan nan nan nan nan nan nan nan nan nan nan nan nan nan nan nan 29.1 29.8 30.5 31.3 29.5 nan nan 30.4 31.1 31.0 nan 26.8 28.8 31.5 31.0 30.1 29.3 28.4 27.4 26.5 25.7 24.9 24.2 23.5 23.0 22.3 21.8 21.1 -9999.0 -9999.0 -9999.0 -9999.0 -9999.0 -9999.0 -9999.0 -9999.0 -9999.0 -9999.0 -9999.0 -9999.0 -9999.0 -9999.0 -9999.0 -9999.0 -9999.0 -9999.0 -9999.0 nan nan nan nan nan nan nan nan nan nan nan nan -9999.0
nan nan nan nan nan nan nan nan nan nan nan nan nan nan nan nan nan nan nan nan nan nan nan nan nan nan nan nan nan nan 26.8 29.9 30.7 31.4 28.2 nan 15.9 24.0 27.6 16.3 25.3 21.4 24.9 30.6 31.3 30.5 29.7 28.8 27.8 26.9 26.0 25.2 24.5 23.8 23.2 22.6 22.0 20.9 -9999.0 -9999.0 -9999.0 -9999.0 -9999.0 -9999.0 -9999.0 -9999.0 -9999.0 -9999.0 -9999.0 -9999.0 -9999.0 -9999.0 -9999.0 -9999.0 -9999.0 -9999.0 -9999.0 -9999.0 nan nan nan nan nan nan nan nan nan nan nan -9999.0
nan nan nan nan nan nan nan nan nan nan nan nan nan nan nan nan nan nan nan nan nan nan nan nan nan nan nan nan nan nan 27.4 29.5 30.7 31.4 30.0 15.8 nan 28.3 22.0 15.4 21.6 nan 31.3 31.7 31.3 30.7 29.9 29.0 28.0 27.1 26.3 25.4 24.7 24.1 23.6 22.9 21.6 15.8 -9999.0 -9999.0 -9999.0 -9999.0 -9999.0 -9999.0 -9999.0 -9999.0 -9999.0 -9999.0 -9999.0 -9999.0 -9999.0 -9999.0 -9999.0 -9999.0 -9999.0 -9999.0 -9999.0 -9999.0 -9999.0 -9999.0 nan nan nan nan nan nan nan nan nan -9999.0
nan nan nan nan nan nan nan nan nan nan nan nan nan nan nan nan nan nan nan nan nan nan nan nan nan nan nan nan nan nan nan 29.8 30.4 31.1 31.9 nan nan 21.2 20.9 17.8 nan nan 31.6 31.6 31.3 30.7 30.0 29.1 28.2 27.3 26.4 25.6 25.0 24.4 23.9 23.3 21.2 17.7 -9999.0 -9999.0 -9999.0 -9999.0 -9999.0 -9999.0 -9999.0 -9999.0 -9999.0 -9999.0 -9999.0 nan nan nan -9999.0 -9999.0 -9999.0 -9999.0 -9999.0 -9999.0 -9999.0 -9999.0 -9999.0 -9999.0 -9999.0 -9999.0 -9999.0 nan nan nan -9999.0 -9999.0
nan nan nan nan nan nan nan nan nan nan nan nan nan nan nan nan nan nan nan nan nan nan nan nan nan nan nan nan nan nan nan 28.4 30.1 30.9 31.9 nan 15.1 18.1 28.2 16.1 nan nan 31.6 31.6 31.2 30.7 30.0 29.2 28.3 27.4 26.6 25.9 25.2 24.7 24.2 23.7 22.7 18.7 -9999.0 -9999.0 -9999.0 -9999.0 -9999.0 -9999.0 -9999.0 -9999.0 -9999.0 -9999.0 -9999.0 nan nan nan nan nan -9999.0 -9999.0 -9999.0 -9999.0 -9999.0 -9999.0 -9999.0 -9999.0 -9999.0 -9999.0 -9999.0 -9999.0 -9999.0 -9999.0 -9999.0 -9999.0
nan nan nan nan nan nan nan nan nan nan nan nan nan nan nan nan nan nan nan nan nan nan nan nan nan nan nan nan nan nan nan 15.5 29.8 30.8 31.1 29.7 26.4 21.3 17.4 14.1 16.2 nan 31.5 31.6 31.2 30.6 30.0 29.2 28.3 27.5 26.7 26.1 25.4 24.8 24.3 23.9 22.9 16.6 -9999.0 -9999.0 -9999.0 -9999.0 -9999.0 -9999.0 -9999.0 -9999.0 -9999.0 -9999.0 -9999.0 -9999.0 -9999.0 -9999.0 -9999.0 -9999.0 -9999.0 -9999.0 -9999.0 -9999.0 -9999.0 -9999.0 -9999.0 -9999.0 -9999.0 -9999.0 -9999.0 -9999.0 -9999.0 -9999.0 -9999.0 -9999.0
nan nan nan nan nan nan nan nan nan nan nan nan nan nan nan nan nan nan nan nan nan nan nan nan nan nan nan nan nan nan nan 15.5 29.1 30.8 32.0 32.6 32.5 nan 19.9 22.8 13.4 nan 31.5 31.8 31.4 30.8 30.1 29.3 28.5 27.6 26.9 26.2 25.6 25.0 24.5 24.0 23.4 19.0 -9999.0 -9999.0 -9999.0 -9999.0 -9999.0 -9999.0 -9999.0 -9999.0 -9999.0 -9999.0 -9999.0 -9999.0 -9999.0 -9999.0 -9999.0 -9999.0 -9999.0 -9999.0 -9999.0 -9999.0 -9999.0 -9999.0 -9999.0 -9999.0 -9999.0 -9999.0 -9999.0 -9999.0 -9999.0 -9999.0 -9999.0 -9999.0
nan nan nan nan nan nan nan nan nan nan nan nan nan nan nan nan nan nan nan nan nan nan nan nan nan nan nan nan nan nan nan 15.6 26.6 29.6 31.6 32.1 32.1 nan nan 20.2 15.2 nan nan 32.0 31.8 31.0 30.3 29.5 28.7 27.9 27.1 26.4 25.8 25.3 24.8 24.2 23.5 18.6 -9999.0 -9999.0 -9999.0 -9999.0 -9999.0 -9999.0 -9999.0 -9999.0 -9999.0 -9999.0 -9999.0 -9999.0 -9999.0 -9999.0 -9999.0 -9999.0 -9999.0 -9999.0 -9999.0 -9999.0 -9999.0 -9999.0 -9999.0 -9999.0 -9999.0 -9999.0 -9999.0 -9999.0 -9999.0 -9999.0 -9999.0 -9999.0
nan nan nan nan nan nan nan nan nan nan nan nan nan nan nan nan nan nan nan nan nan nan nan nan nan nan nan nan nan nan nan nan 15.0 30.5 31.3 31.9 nan nan nan 21.2 15.1 15.0 nan nan 31.4 30.9 30.4 29.6 28.9 28.1 27.4 26.7 26.1 25.6 25.1 24.7 24.2 21.2 -9999.0 -9999.0 -9999.0 -9999.0 -9999.0 -9999.0 -9999.0 -9999.0 -9999.0 -9999.0 -9999.0 -9999.0 -9999.0 -9999.0 -9999.0 -9999.0 -9999.0 -9999.0 -9999.0 -9999.0 -9999.0 -9999.0 -9999.0 -9999.0 nan nan nan -9999.0 -9999.0 -9999.0 -9999.0 -9999.0
nan nan nan nan nan nan nan nan nan nan nan nan nan nan nan nan nan nan nan nan nan nan nan nan nan nan nan nan nan nan nan nan 29.1 30.0 31.0 31.8 nan nan nan nan 17.4 14.9 26.2 nan 29.9 31.0 30.5 29.7 29.1 28.4 27.7 27.0 26.5 26.0 25.6 25.2 24.4 23.5 -9999.0 -9999.0 -9999.0 -9999.0 -9999.0 -9999.0 -9999.0 -9999.0 -9999.0 -9999.0 -9999.0 -9999.0 -9999.0 -9999.0 -9999.0 -9999.0 -9999.0 -9999.0 -9999.0 -9999.0 -9999.0 -9999.0 nan nan nan nan nan nan nan nan -9999.0 -9999.0
nan nan nan nan nan nan nan nan nan nan nan nan nan nan nan nan nan nan nan nan nan nan nan nan nan nan nan nan nan nan nan nan nan 30.3 31.2 32.0 nan nan nan nan 22.7 16.6 20.5 19.5 nan 31.4 31.1 30.2 29.4 28.8 28.2 27.5 27.0 26.5 25.9 25.7 25.4 24.6 -9999.0 -9999.0 -9999.0 -9999.0 -9999.0 -9999.0 -9999.0 -9999.0 -9999.0 -9999.0 -9999.0 nan nan nan nan nan nan nan nan nan nan nan nan nan nan nan nan nan nan nan nan nan
nan nan nan nan nan nan nan nan nan nan nan nan nan nan nan nan nan nan nan nan nan nan nan nan nan nan nan nan nan nan nan nan nan 30.4 31.6 32.5 32.6 nan nan nan 31.3 18.7 18.5 29.7 nan nan 31.0 30.4 29.8 29.1 28.5 28.0 27.4 26.9 26.6 26.5 26.3 26.2 -9999.0 -9999.0 -9999.0 -9999.0 -9999.0 -9999.0 -9999.0 -9999.0 -9999.0 -9999.0 nan nan nan nan nan nan nan nan nan nan nan nan nan nan nan nan nan nan nan nan nan nan
