data/output/RUN203/ECOSPACE/ECOSPACE_in_PAR3/PAR-VarZ-VarK/PAR-VarZ-VarK_1979_05.asc
ncols        93
nrows        151 
xllcorner    -123.80739
yllcorner    48.29471 
cellsize     0.013497347 
NODATA_value  0.0
[rows 80 to 119 of 151, columns 0 to 89 of 93]
nan nan nan nan nan nan nan nan nan nan nan nan nan nan nan nan nan nan nan nan nan nan nan 38.6 38.4 38.1 40.5 40.3 38.8 37.2 35.6 34.3 33.1 32.2 31.5 30.8 30.0 29.2 28.4 27.5 26.6 25.5 24.4 23.3 22.4 21.5 20.8 20.1 19.5 18.9 18.5 18.2 17.8 17.6 nan nan nan nan nan nan nan nan nan nan nan nan 16.0 16.3 16.4 16.5 nan 16.2 16.2 16.3 16.4 16.5 16.5 16.4 16.3 16.6 17.0 17.2 17.1 nan nan nan nan nan nan nan
nan nan nan nan nan nan nan nan nan nan nan nan nan nan nan nan nan nan nan nan nan nan nan nan nan nan 41.7 41.2 40.0 38.6 37.1 35.7 34.5 33.5 32.6 31.7 30.8 29.9 29.0 28.0 27.0 25.9 24.8 23.7 22.7 21.9 21.1 20.4 19.8 19.2 18.7 18.3 18.0 17.8 17.4 nan nan nan nan nan nan nan nan nan nan nan 16.3 16.4 nan nan nan nan nan 16.4 16.6 16.8 nan 16.5 16.7 17.1 17.5 17.7 nan nan nan nan nan nan nan nan
nan nan nan nan nan nan nan nan nan nan nan nan nan nan nan nan nan nan nan nan nan nan nan nan nan nan nan 41.8 41.0 40.1 38.6 37.2 35.8 34.7 33.7 32.7 31.6 30.6 29.6 28.6 27.5 26.4 25.2 24.1 23.1 22.1 21.4 20.7 20.1 19.5 19.0 18.5 18.1 17.8 17.6 17.3 nan nan nan nan nan nan nan nan nan 16.3 16.5 nan nan nan nan nan nan 16.4 16.6 16.7 nan 16.7 17.1 17.5 17.7 nan nan nan nan nan nan nan nan nan
nan nan nan nan nan nan nan nan nan nan nan nan nan nan nan nan nan nan nan nan nan nan nan nan nan nan nan nan 39.6 40.5 40.2 38.7 37.3 36.0 34.9 33.8 32.5 31.4 30.3 29.2 28.0 26.9 25.6 24.5 23.4 22.5 21.7 21.0 20.4 19.8 19.2 18.7 18.3 18.0 17.7 17.4 17.2 nan nan nan nan nan nan nan nan 16.3 16.5 nan nan nan nan nan nan 16.4 16.6 16.8 17.2 17.6 17.6 17.6 nan nan nan nan nan nan nan nan nan nan
nan nan nan nan nan nan nan nan nan nan nan nan nan nan nan nan nan nan nan nan nan nan nan nan nan nan nan nan nan 16.3 41.3 40.2 38.7 37.4 36.1 34.8 33.4 32.2 31.0 29.8 28.6 27.4 26.1 24.9 23.8 22.9 22.1 21.3 20.7 20.0 19.4 18.9 18.5 18.1 17.8 17.6 17.4 17.2 nan nan nan nan nan nan 16.3 16.4 16.5 nan 16.8 16.8 16.9 nan nan 16.4 16.7 17.0 17.5 18.0 nan nan nan nan nan nan nan nan nan nan nan nan
nan nan nan nan nan nan nan nan nan nan nan nan nan nan nan nan nan nan nan nan nan nan nan nan nan nan nan nan nan nan 17.3 41.1 40.0 38.7 37.4 35.9 34.5 33.1 31.8 30.5 29.2 27.9 26.6 25.4 24.2 23.2 22.4 21.7 21.0 20.3 19.7 19.2 18.7 18.4 18.1 17.8 17.6 17.5 nan nan nan nan nan 16.4 16.4 16.6 16.7 16.8 16.8 16.8 16.8 11.2 nan 16.5 16.9 17.2 17.6 17.8 nan nan nan nan nan nan nan nan nan nan nan nan
nan nan nan nan nan nan nan nan nan nan nan nan nan nan nan nan nan nan nan nan nan nan nan nan nan nan nan nan nan nan nan 38.3 40.5 39.9 38.6 37.1 35.5 34.0 32.5 31.1 29.7 28.4 27.0 25.8 24.6 23.6 22.8 22.0 21.3 20.7 20.1 19.5 19.1 18.7 18.4 18.1 17.9 17.8 17.6 nan nan 16.6 16.8 16.7 16.7 16.8 16.9 16.9 16.9 16.9 16.8 nan nan 16.7 17.0 17.4 17.7 17.8 nan nan nan nan nan nan nan nan nan nan nan nan
nan nan nan nan nan nan nan nan nan nan nan nan nan nan nan nan nan nan nan nan nan nan nan nan nan nan nan nan nan nan nan nan 41.6 40.7 39.6 38.2 36.5 34.9 33.3 31.8 30.3 28.9 27.5 26.2 25.0 24.0 23.1 22.3 21.6 21.0 20.4 19.9 19.4 19.1 18.7 18.4 18.1 18.0 17.8 17.4 17.1 17.1 17.1 nan 16.9 17.1 17.2 17.3 17.3 17.2 17.0 16.9 16.9 17.1 17.2 17.5 17.7 nan nan nan nan nan nan nan nan nan nan nan nan nan
nan nan nan nan nan nan nan nan nan nan nan nan nan nan nan nan nan nan nan nan nan nan nan nan nan nan nan nan nan nan 40.0 40.7 41.5 41.0 40.0 38.9 37.4 35.8 34.1 32.5 30.9 29.4 27.9 26.6 25.4 24.4 23.4 22.6 21.9 21.3 20.7 20.2 19.8 19.5 19.1 18.7 18.4 18.1 17.9 17.6 17.4 17.3 17.3 17.3 17.4 17.5 17.6 17.7 17.7 17.6 17.4 17.1 17.1 17.2 17.4 17.6 17.6 nan nan nan nan nan nan nan nan nan nan nan nan nan
nan nan nan nan nan nan nan nan nan nan nan nan nan nan nan nan nan nan nan nan nan nan nan nan nan nan nan nan nan nan nan nan 41.0 40.8 40.2 39.4 38.3 36.8 35.0 33.3 31.6 29.9 28.4 27.0 25.8 24.7 23.7 22.9 22.2 21.6 21.1 20.6 20.2 19.8 19.5 19.1 18.7 18.4 18.2 17.9 17.7 17.6 17.5 17.6 17.6 17.6 17.7 nan nan nan 17.4 17.4 17.3 17.4 17.5 17.6 nan nan nan nan nan nan nan nan nan nan nan nan nan nan
nan nan nan nan nan nan nan nan nan nan nan nan nan nan nan nan nan nan nan nan nan nan nan nan nan nan nan nan nan nan 17.6 16.2 40.8 40.7 40.2 39.7 39.1 37.8 35.9 34.0 32.2 30.5 28.8 27.4 26.1 25.0 24.0 23.2 22.5 21.9 21.4 20.9 20.5 20.1 19.8 19.4 19.1 18.8 18.5 18.2 18.0 17.8 17.7 17.7 nan nan nan nan nan nan nan 17.5 17.5 17.5 17.5 17.5 nan nan nan nan nan nan nan nan nan nan nan nan nan nan
nan nan nan nan nan nan nan nan nan nan nan nan nan nan nan nan nan nan nan nan nan nan nan nan nan nan nan nan nan nan 17.9 39.9 40.7 40.9 40.6 19.8 39.8 38.6 36.6 34.6 32.8 31.0 29.2 27.7 26.4 25.3 24.3 23.5 22.8 22.1 21.6 21.2 20.8 20.5 20.1 19.7 19.4 19.1 18.8 18.5 18.2 18.0 17.8 nan nan nan nan nan nan 17.1 17.3 17.5 17.4 17.4 17.4 nan nan nan nan nan nan nan nan nan nan nan nan nan nan nan
nan nan nan nan nan nan nan nan nan nan nan nan nan nan nan nan nan nan nan nan nan nan nan nan nan nan nan nan nan nan 17.7 38.2 40.8 41.0 nan nan nan 38.1 37.2 35.3 33.5 31.5 29.7 28.0 26.7 25.6 24.6 23.7 23.0 22.4 21.9 21.4 21.1 20.7 20.4 20.0 19.7 19.4 19.1 18.8 18.5 18.1 17.9 nan nan nan nan nan 17.1 17.1 17.2 17.4 17.3 17.3 nan nan nan nan nan nan nan nan nan nan nan nan nan nan nan nan
nan nan nan nan nan nan nan nan nan nan nan nan nan nan nan nan nan nan nan nan nan nan nan nan nan nan nan nan nan nan 17.6 16.9 40.8 41.0 nan nan nan 35.2 37.7 36.2 34.4 32.2 30.2 28.4 27.0 25.9 24.8 24.0 23.2 22.6 22.0 21.6 21.2 20.9 20.6 20.3 20.0 19.7 19.3 19.0 18.6 18.3 17.9 17.4 17.2 nan 17.0 17.0 17.1 17.1 17.2 17.2 nan nan nan nan nan nan nan nan nan nan nan nan nan nan nan nan nan nan
nan nan nan nan nan nan nan nan nan nan nan nan nan nan nan nan nan nan nan nan nan nan nan nan nan nan nan nan nan nan nan nan 40.7 33.4 nan nan nan nan 36.1 37.0 35.6 33.0 30.8 28.9 27.4 26.2 25.1 24.2 23.4 22.8 22.2 21.8 21.5 21.1 20.8 20.5 20.2 19.9 19.6 19.2 18.8 18.4 18.0 17.7 17.5 17.3 17.2 17.1 17.1 17.1 17.0 nan nan nan nan nan nan nan nan nan nan nan nan nan nan nan nan nan nan nan
nan nan nan nan nan nan nan nan nan nan nan nan nan nan nan nan nan nan nan nan nan nan nan nan nan nan nan nan nan nan nan nan nan 35.2 18.4 nan nan nan 16.5 39.0 36.8 34.1 31.5 29.4 27.8 26.5 25.5 24.6 23.7 23.0 22.5 22.1 21.7 21.4 21.1 20.8 20.4 20.1 19.8 19.5 19.1 18.6 18.2 17.9 17.6 17.4 17.2 17.1 17.1 17.0 16.8 nan nan nan nan nan nan nan nan nan nan nan nan nan nan nan nan nan nan nan
nan nan nan nan nan nan nan nan nan nan nan nan nan nan nan nan nan nan nan nan nan nan nan nan nan nan nan nan nan nan nan nan nan nan 19.7 34.3 nan nan nan nan 37.2 35.1 32.0 29.9 28.3 27.0 25.9 25.0 24.1 23.4 22.8 22.4 22.0 21.7 21.4 21.0 20.7 20.4 20.1 19.7 19.3 18.9 18.5 18.1 17.7 17.5 17.3 17.1 17.1 17.0 16.9 16.6 nan nan nan nan nan nan nan nan nan nan nan nan nan nan nan nan nan nan
nan nan nan nan nan nan nan nan nan nan nan nan nan nan nan nan nan nan nan nan nan nan nan nan nan nan nan nan nan nan nan nan nan nan nan 25.0 17.8 nan nan nan nan 32.8 32.4 30.4 28.8 27.5 26.4 25.4 24.6 23.9 23.3 22.8 22.4 22.0 21.7 21.4 21.0 20.7 20.3 19.9 19.5 19.1 18.6 18.2 17.8 17.5 17.3 17.1 17.0 16.8 16.8 16.8 16.6 10.9 nan nan nan nan nan nan nan nan nan nan nan nan nan nan nan nan
nan nan nan nan nan nan nan nan nan nan nan nan nan nan nan nan nan nan nan nan nan nan nan nan nan nan nan nan nan nan nan nan nan nan 18.9 24.2 35.0 35.0 nan 17.6 nan 30.1 32.3 30.8 29.2 27.9 26.8 25.9 25.1 24.4 23.8 23.3 22.8 22.5 22.1 21.8 21.4 21.0 20.6 20.1 19.7 19.2 18.7 18.2 17.8 17.5 17.2 17.0 16.9 16.7 16.6 16.6 16.6 16.5 nan nan nan nan nan nan nan nan nan nan nan nan nan nan nan nan
nan nan nan nan nan nan nan nan nan nan nan nan nan nan nan nan nan nan nan nan nan nan nan nan nan nan nan nan nan nan nan nan nan nan 35.5 35.5 35.7 32.5 20.5 31.6 33.0 26.3 32.6 31.2 29.8 28.5 27.4 26.4 25.6 24.9 24.3 23.8 23.4 23.0 22.6 22.2 21.8 21.3 20.8 20.3 19.8 19.3 18.7 18.2 17.7 17.3 16.6 16.7 16.1 16.7 16.6 16.6 16.5 16.6 16.6 nan nan nan nan nan nan nan nan nan nan nan nan nan nan nan
nan nan nan nan nan nan nan nan nan nan nan nan nan nan nan nan nan nan nan nan nan nan nan nan nan nan nan nan nan nan nan nan nan nan 35.8 35.8 35.7 35.5 34.1 nan 34.6 32.3 33.3 31.8 30.3 29.1 28.0 27.0 26.2 25.5 24.9 24.4 23.9 23.5 23.1 22.7 22.2 21.7 21.1 20.6 20.0 19.3 -9999.0 -9999.0 -9999.0 -9999.0 -9999.0 -9999.0 -9999.0 11.7 16.5 16.4 16.5 16.5 16.5 nan nan nan nan nan nan nan nan nan nan nan nan nan nan -9999.0
nan nan nan nan nan nan nan nan nan nan nan nan nan nan nan nan nan nan nan nan nan nan nan nan nan nan nan nan nan nan nan nan nan nan 35.9 35.8 35.6 35.5 35.7 nan nan 35.2 34.0 32.4 31.0 29.7 28.6 27.6 26.8 26.1 25.5 24.9 24.5 24.0 23.6 23.2 22.7 22.2 21.5 20.9 20.1 -9999.0 -9999.0 -9999.0 -9999.0 -9999.0 -9999.0 -9999.0 -9999.0 nan 14.0 16.4 16.5 16.0 nan nan nan nan nan nan nan nan nan nan nan nan nan nan nan -9999.0
nan nan nan nan nan nan nan nan nan nan nan nan nan nan nan nan nan nan nan nan nan nan nan nan nan nan nan nan nan nan nan nan nan nan 35.6 35.5 35.5 35.6 36.1 nan 28.3 31.3 34.3 33.0 31.6 30.4 29.3 28.3 27.5 26.7 26.1 25.5 25.0 24.6 24.1 23.7 23.2 22.7 22.0 21.2 20.3 -9999.0 -9999.0 -9999.0 -9999.0 -9999.0 -9999.0 -9999.0 -9999.0 -9999.0 -9999.0 nan 11.3 11.4 nan nan nan nan nan nan nan nan nan nan nan nan nan nan nan -9999.0
nan nan nan nan nan nan nan nan nan nan nan nan nan nan nan nan nan nan nan nan nan nan nan nan nan nan nan nan nan nan nan nan nan nan 35.3 35.4 35.8 34.8 32.1 21.5 33.1 28.1 34.2 33.3 32.0 30.9 29.9 29.0 28.1 27.4 26.7 26.1 25.6 25.1 24.7 24.3 23.8 23.2 22.5 21.6 -9999.0 -9999.0 -9999.0 -9999.0 -9999.0 -9999.0 -9999.0 -9999.0 -9999.0 -9999.0 -9999.0 nan nan nan nan nan nan nan nan nan nan nan nan nan nan nan nan nan nan -9999.0
nan nan nan nan nan nan nan nan nan nan nan nan nan nan nan nan nan nan nan nan nan nan nan nan nan nan nan nan nan nan nan nan 32.8 33.0 35.4 36.1 36.7 37.3 37.0 34.7 nan 36.0 34.7 33.5 32.4 31.3 30.4 29.5 28.7 28.0 27.3 26.7 26.2 25.7 25.2 24.8 24.4 23.8 23.0 -9999.0 -9999.0 -9999.0 -9999.0 -9999.0 -9999.0 -9999.0 -9999.0 -9999.0 -9999.0 -9999.0 -9999.0 -9999.0 nan nan nan nan nan nan nan nan nan nan nan nan nan nan nan nan nan -9999.0
nan nan nan nan nan nan nan nan nan nan nan nan nan nan nan nan nan nan nan nan nan nan nan nan nan nan nan nan nan 17.8 nan nan 36.2 36.6 36.3 36.6 37.4 38.2 39.1 nan nan 35.6 34.9 33.9 32.8 31.8 30.9 30.0 29.2 28.5 27.8 27.3 26.8 26.3 25.8 25.4 24.9 24.4 23.6 -9999.0 -9999.0 -9999.0 -9999.0 -9999.0 -9999.0 -9999.0 -9999.0 -9999.0 -9999.0 -9999.0 -9999.0 -9999.0 -9999.0 -9999.0 nan nan nan nan nan nan nan nan nan nan nan nan nan nan nan -9999.0
nan nan nan nan nan nan nan nan nan nan nan nan nan nan nan nan nan nan nan nan nan nan nan nan nan nan nan nan nan 15.9 15.9 nan 36.8 37.3 34.7 33.3 35.9 38.3 38.8 37.2 nan 35.9 35.6 34.5 33.4 32.3 31.3 30.4 29.6 28.9 28.4 27.8 27.3 26.9 26.4 26.0 25.6 25.0 -9999.0 -9999.0 -9999.0 -9999.0 -9999.0 -9999.0 -9999.0 -9999.0 -9999.0 -9999.0 -9999.0 -9999.0 -9999.0 -9999.0 -9999.0 -9999.0 -9999.0 nan nan nan nan nan nan nan nan nan nan nan nan nan nan -9999.0
nan nan nan nan nan nan nan nan nan nan nan nan nan nan nan nan nan nan nan nan nan nan nan nan nan nan nan nan nan 16.8 37.1 37.1 37.5 38.0 38.5 nan 16.4 37.9 38.5 38.8 nan 35.0 36.4 35.3 34.1 32.9 31.8 30.9 30.0 29.4 28.9 28.4 27.9 27.5 27.0 26.6 26.2 25.8 -9999.0 -9999.0 -9999.0 -9999.0 -9999.0 -9999.0 -9999.0 -9999.0 -9999.0 -9999.0 -9999.0 -9999.0 -9999.0 -9999.0 -9999.0 -9999.0 -9999.0 -9999.0 nan nan nan nan nan nan nan nan nan nan nan nan nan -9999.0
nan nan nan nan nan nan nan nan nan nan nan nan nan nan nan nan nan nan nan nan nan nan nan nan nan nan nan nan nan nan 36.5 37.2 37.9 38.6 35.7 nan nan 37.1 37.8 39.0 nan 31.5 32.9 35.9 34.8 33.5 32.4 31.4 30.5 29.9 29.5 29.0 28.5 28.0 27.5 27.1 26.8 26.4 -9999.0 -9999.0 -9999.0 -9999.0 -9999.0 -9999.0 -9999.0 -9999.0 -9999.0 -9999.0 -9999.0 -9999.0 -9999.0 -9999.0 -9999.0 -9999.0 -9999.0 -9999.0 -9999.0 nan nan nan nan nan nan nan nan nan nan nan nan -9999.0
nan nan nan nan nan nan nan nan nan nan nan nan nan nan nan nan nan nan nan nan nan nan nan nan nan nan nan nan nan nan 33.8 37.5 38.2 38.8 34.4 nan 18.1 29.1 33.4 19.9 30.5 25.6 28.3 34.8 35.2 34.0 32.9 31.9 31.2 30.6 30.2 29.7 29.1 28.5 27.9 27.4 27.1 26.5 -9999.0 -9999.0 -9999.0 -9999.0 -9999.0 -9999.0 -9999.0 -9999.0 -9999.0 -9999.0 -9999.0 -9999.0 -9999.0 -9999.0 -9999.0 -9999.0 -9999.0 -9999.0 -9999.0 -9999.0 nan nan nan nan nan nan nan nan nan nan nan -9999.0
nan nan nan nan nan nan nan nan nan nan nan nan nan nan nan nan nan nan nan nan nan nan nan nan nan nan nan nan nan nan 34.8 37.0 38.3 38.9 36.4 18.1 nan 33.9 25.9 18.9 26.7 nan 36.7 36.8 35.8 34.7 33.5 32.6 31.9 31.3 30.9 30.3 29.7 29.0 28.3 27.6 26.9 20.6 -9999.0 -9999.0 -9999.0 -9999.0 -9999.0 -9999.0 -9999.0 -9999.0 -9999.0 -9999.0 -9999.0 -9999.0 -9999.0 -9999.0 -9999.0 -9999.0 -9999.0 -9999.0 -9999.0 -9999.0 -9999.0 -9999.0 nan nan nan nan nan nan nan nan nan -9999.0
nan nan nan nan nan nan nan nan nan nan nan nan nan nan nan nan nan nan nan nan nan nan nan nan nan nan nan nan nan nan nan 37.4 37.9 38.4 39.0 nan nan 25.7 25.4 21.8 nan nan 37.7 37.4 36.5 35.4 34.3 33.3 32.6 32.1 31.7 31.0 30.2 29.4 28.8 28.0 26.3 22.6 -9999.0 -9999.0 -9999.0 -9999.0 -9999.0 -9999.0 -9999.0 -9999.0 -9999.0 -9999.0 -9999.0 nan nan nan -9999.0 -9999.0 -9999.0 -9999.0 -9999.0 -9999.0 -9999.0 -9999.0 -9999.0 -9999.0 -9999.0 -9999.0 -9999.0 nan nan nan -9999.0 -9999.0
nan nan nan nan nan nan nan nan nan nan nan nan nan nan nan nan nan nan nan nan nan nan nan nan nan nan nan nan nan nan nan 35.5 37.6 38.3 39.3 nan 17.5 22.1 34.2 19.4 nan nan 38.0 37.9 37.1 36.1 35.1 34.1 33.4 32.9 32.4 31.7 30.8 30.0 29.3 28.8 28.0 24.4 -9999.0 -9999.0 -9999.0 -9999.0 -9999.0 -9999.0 -9999.0 -9999.0 -9999.0 -9999.0 -9999.0 nan nan nan nan nan -9999.0 -9999.0 -9999.0 -9999.0 -9999.0 -9999.0 -9999.0 -9999.0 -9999.0 -9999.0 -9999.0 -9999.0 -9999.0 -9999.0 -9999.0 -9999.0
nan nan nan nan nan nan nan nan nan nan nan nan nan nan nan nan nan nan nan nan nan nan nan nan nan nan nan nan nan nan nan 17.7 37.2 38.3 38.8 36.8 33.0 26.7 21.3 17.4 19.8 nan 38.3 38.4 37.7 36.9 35.9 35.0 34.3 33.7 33.1 32.3 31.3 30.5 29.8 29.1 28.4 23.2 -9999.0 -9999.0 -9999.0 -9999.0 -9999.0 -9999.0 -9999.0 -9999.0 -9999.0 -9999.0 -9999.0 -9999.0 -9999.0 -9999.0 -9999.0 -9999.0 -9999.0 -9999.0 -9999.0 -9999.0 -9999.0 -9999.0 -9999.0 -9999.0 -9999.0 -9999.0 -9999.0 -9999.0 -9999.0 -9999.0 -9999.0 -9999.0
nan nan nan nan nan nan nan nan nan nan nan nan nan nan nan nan nan nan nan nan nan nan nan nan nan nan nan nan nan nan nan 17.7 36.7 38.3 39.5 40.2 40.5 nan 24.4 28.2 16.5 nan 38.4 38.9 38.4 37.7 36.8 35.9 35.2 34.5 33.8 32.9 31.9 31.0 30.2 29.3 28.7 24.4 -9999.0 -9999.0 -9999.0 -9999.0 -9999.0 -9999.0 -9999.0 -9999.0 -9999.0 -9999.0 -9999.0 -9999.0 -9999.0 -9999.0 -9999.0 -9999.0 -9999.0 -9999.0 -9999.0 -9999.0 -9999.0 -9999.0 -9999.0 -9999.0 -9999.0 -9999.0 -9999.0 -9999.0 -9999.0 -9999.0 -9999.0 -9999.0
nan nan nan nan nan nan nan nan nan nan nan nan nan nan nan nan nan nan nan nan nan nan nan nan nan nan nan nan nan nan nan 17.8 33.2 37.1 39.4 40.1 40.3 nan nan 25.2 18.5 nan nan 39.2 39.1 38.3 37.6 36.8 36.0 35.3 34.6 33.7 32.5 31.5 30.7 29.8 29.2 23.7 -9999.0 -9999.0 -9999.0 -9999.0 -9999.0 -9999.0 -9999.0 -9999.0 -9999.0 -9999.0 -9999.0 -9999.0 -9999.0 -9999.0 -9999.0 -9999.0 -9999.0 -9999.0 -9999.0 -9999.0 -9999.0 -9999.0 -9999.0 -9999.0 -9999.0 -9999.0 -9999.0 -9999.0 -9999.0 -9999.0 -9999.0 -9999.0
nan nan nan nan nan nan nan nan nan nan nan nan nan nan nan nan nan nan nan nan nan nan nan nan nan nan nan nan nan nan nan nan 17.2 38.3 39.3 40.2 nan nan nan 25.7 18.6 18.7 nan nan 38.5 38.6 38.1 37.5 36.8 36.0 35.4 34.4 33.2 32.1 31.2 30.5 29.8 26.9 -9999.0 -9999.0 -9999.0 -9999.0 -9999.0 -9999.0 -9999.0 -9999.0 -9999.0 -9999.0 -9999.0 -9999.0 -9999.0 -9999.0 -9999.0 -9999.0 -9999.0 -9999.0 -9999.0 -9999.0 -9999.0 -9999.0 -9999.0 -9999.0 nan nan nan -9999.0 -9999.0 -9999.0 -9999.0 -9999.0
nan nan nan nan nan nan nan nan nan nan nan nan nan nan nan nan nan nan nan nan nan nan nan nan nan nan nan nan nan nan nan nan 36.5 37.7 39.0 40.1 nan nan nan nan 21.3 18.8 32.5 nan 36.7 39.1 38.8 38.1 37.5 36.8 36.1 35.2 34.0 32.8 31.8 31.1 30.6 30.0 -9999.0 -9999.0 -9999.0 -9999.0 -9999.0 -9999.0 -9999.0 -9999.0 -9999.0 -9999.0 -9999.0 -9999.0 -9999.0 -9999.0 -9999.0 -9999.0 -9999.0 -9999.0 -9999.0 -9999.0 -9999.0 -9999.0 nan nan nan nan nan nan nan nan -9999.0 -9999.0
nan nan nan nan nan nan nan nan nan nan nan nan nan nan nan nan nan nan nan nan nan nan nan nan nan nan nan nan nan nan nan nan nan 38.1 39.4 40.3 nan nan nan nan 28.1 21.1 26.1 22.9 nan 39.6 39.8 39.1 38.4 37.7 37.0 36.1 34.9 33.7 32.6 31.9 31.4 30.8 -9999.0 -9999.0 -9999.0 -9999.0 -9999.0 -9999.0 -9999.0 -9999.0 -9999.0 -9999.0 -9999.0 nan nan nan nan nan nan nan nan nan nan nan nan nan nan nan nan nan nan nan nan nan
nan nan nan nan nan nan nan nan nan nan nan nan nan nan nan nan nan nan nan nan nan nan nan nan nan nan nan nan nan nan nan nan nan 38.5 39.9 40.8 40.8 nan nan nan 38.2 23.0 23.9 37.4 nan nan 39.8 39.7 39.2 38.5 37.7 36.8 35.8 34.8 33.8 33.0 32.5 32.4 -9999.0 -9999.0 -9999.0 -9999.0 -9999.0 -9999.0 -9999.0 -9999.0 -9999.0 -9999.0 nan nan nan nan nan nan nan nan nan nan nan nan nan nan nan nan nan nan nan nan nan nan
