data/output/RUN203/ECOSPACE/ECOSPACE_in_PAR3/PAR-VarZ-VarK/PAR-VarZ-VarK_2014_06.asc
ncols        93
nrows        151 
xllcorner    -123.80739
yllcorner    48.29471 
cellsize     0.013497347 
NODATA_value  0.0
[rows 80 to 119 of 151, columns 0 to 89 of 93]
nan nan nan nan nan nan nan nan nan nan nan nan nan nan nan nan nan nan nan nan nan nan nan 26.1 25.8 26.1 28.0 28.0 27.4 26.7 25.8 24.9 24.1 23.3 22.6 22.1 21.5 21.1 20.6 20.3 20.0 19.7 19.4 19.0 18.7 18.3 18.0 17.6 17.2 16.8 16.3 15.9 15.5 15.2 nan nan nan nan nan nan nan nan nan nan nan nan 13.2 13.2 13.2 13.1 nan 13.0 12.9 12.9 12.8 12.8 12.7 12.6 12.5 12.7 13.0 13.1 12.9 nan nan nan nan nan nan nan
nan nan nan nan nan nan nan nan nan nan nan nan nan nan nan nan nan nan nan nan nan nan nan nan nan nan 28.0 28.1 27.9 27.2 26.4 25.6 24.8 24.0 23.3 22.6 22.1 21.5 21.1 20.7 20.3 20.0 19.7 19.3 19.0 18.6 18.3 17.9 17.5 17.1 16.6 16.2 15.7 15.4 15.0 nan nan nan nan nan nan nan nan nan nan nan 13.3 13.3 nan nan nan nan nan 13.0 12.9 12.9 nan 12.6 12.7 12.9 13.1 13.1 nan nan nan nan nan nan nan nan
nan nan nan nan nan nan nan nan nan nan nan nan nan nan nan nan nan nan nan nan nan nan nan nan nan nan nan 28.0 28.0 27.6 26.9 26.1 25.4 24.7 24.0 23.3 22.7 22.1 21.6 21.2 20.7 20.4 20.0 19.6 19.2 18.9 18.6 18.2 17.9 17.4 17.0 16.5 16.0 15.6 15.2 14.9 nan nan nan nan nan nan nan nan nan 13.4 13.4 nan nan nan nan nan nan 13.0 12.9 12.9 nan 12.8 12.9 13.0 13.1 nan nan nan nan nan nan nan nan nan
nan nan nan nan nan nan nan nan nan nan nan nan nan nan nan nan nan nan nan nan nan nan nan nan nan nan nan nan 26.1 27.5 27.5 26.8 26.1 25.4 24.7 24.0 23.3 22.7 22.2 21.6 21.2 20.7 20.3 19.8 19.4 19.1 18.8 18.5 18.2 17.8 17.3 16.8 16.3 15.9 15.5 15.1 14.9 nan nan nan nan nan nan nan nan 13.4 13.4 nan nan nan nan nan nan 13.0 13.0 13.0 13.1 13.3 13.2 13.1 nan nan nan nan nan nan nan nan nan nan
nan nan nan nan nan nan nan nan nan nan nan nan nan nan nan nan nan nan nan nan nan nan nan nan nan nan nan nan nan 15.5 27.8 27.4 26.7 26.0 25.3 24.6 23.9 23.2 22.6 22.1 21.6 21.1 20.5 20.0 19.6 19.3 19.0 18.7 18.4 18.1 17.6 17.2 16.7 16.2 15.8 15.4 15.1 14.8 nan nan nan nan nan nan 13.5 13.5 13.4 nan 13.4 13.3 13.3 nan nan 13.0 13.0 13.1 13.3 13.6 nan nan nan nan nan nan nan nan nan nan nan nan
nan nan nan nan nan nan nan nan nan nan nan nan nan nan nan nan nan nan nan nan nan nan nan nan nan nan nan nan nan nan 15.7 27.5 27.1 26.5 25.9 25.2 24.5 23.7 23.0 22.4 21.8 21.3 20.7 20.2 19.8 19.4 19.1 18.9 18.6 18.3 17.9 17.5 17.0 16.6 16.2 15.8 15.4 15.1 nan nan nan nan nan 13.7 13.6 13.6 13.5 13.5 13.4 13.4 13.3 10.1 nan 13.1 13.1 13.2 13.4 13.4 nan nan nan nan nan nan nan nan nan nan nan nan
nan nan nan nan nan nan nan nan nan nan nan nan nan nan nan nan nan nan nan nan nan nan nan nan nan nan nan nan nan nan nan 25.3 27.3 27.0 26.4 25.7 24.9 24.1 23.3 22.6 22.0 21.5 20.9 20.4 19.9 19.5 19.2 19.0 18.7 18.5 18.2 17.8 17.4 17.0 16.6 16.2 15.8 15.5 15.0 nan nan 13.9 14.0 13.9 13.8 13.7 13.6 13.6 13.5 13.4 13.3 nan nan 13.2 13.2 13.4 13.5 13.4 nan nan nan nan nan nan nan nan nan nan nan nan
nan nan nan nan nan nan nan nan nan nan nan nan nan nan nan nan nan nan nan nan nan nan nan nan nan nan nan nan nan nan nan nan 27.5 27.3 26.8 26.1 25.3 24.5 23.6 22.8 22.2 21.6 21.0 20.5 20.0 19.6 19.3 19.0 18.8 18.6 18.4 18.1 17.7 17.4 17.0 16.5 16.1 15.8 15.3 14.7 14.4 14.3 14.2 nan 13.9 13.9 13.8 13.8 13.7 13.6 13.5 13.4 13.3 13.4 13.4 13.4 13.4 nan nan nan nan nan nan nan nan nan nan nan nan nan
nan nan nan nan nan nan nan nan nan nan nan nan nan nan nan nan nan nan nan nan nan nan nan nan nan nan nan nan nan nan 26.2 26.5 27.2 27.1 26.9 26.4 25.6 24.8 23.9 23.1 22.4 21.8 21.2 20.6 20.1 19.7 19.3 19.1 18.9 18.7 18.5 18.2 18.0 17.6 17.2 16.9 16.4 15.9 15.5 15.0 14.7 14.5 14.3 14.2 14.2 14.1 14.1 14.1 14.0 13.9 13.8 13.6 13.4 13.4 13.4 13.5 13.5 nan nan nan nan nan nan nan nan nan nan nan nan nan
nan nan nan nan nan nan nan nan nan nan nan nan nan nan nan nan nan nan nan nan nan nan nan nan nan nan nan nan nan nan nan nan 26.8 26.8 26.6 26.4 25.8 25.0 24.2 23.3 22.5 21.9 21.3 20.8 20.2 19.8 19.4 19.1 18.9 18.7 18.5 18.3 18.0 17.7 17.4 17.1 16.7 16.3 15.8 15.3 14.9 14.7 14.5 14.5 14.4 14.3 14.3 nan nan nan 13.9 13.7 13.6 13.5 13.5 13.5 nan nan nan nan nan nan nan nan nan nan nan nan nan nan
nan nan nan nan nan nan nan nan nan nan nan nan nan nan nan nan nan nan nan nan nan nan nan nan nan nan nan nan nan nan 18.0 16.1 26.4 26.5 26.4 26.3 26.0 25.4 24.5 23.7 22.8 22.1 21.5 20.9 20.3 19.8 19.4 19.1 18.8 18.7 18.5 18.2 18.0 17.8 17.5 17.3 17.0 16.6 16.2 15.7 15.2 14.9 14.6 14.6 nan nan nan nan nan nan nan 13.9 13.7 13.6 13.6 13.5 nan nan nan nan nan nan nan nan nan nan nan nan nan nan
nan nan nan nan nan nan nan nan nan nan nan nan nan nan nan nan nan nan nan nan nan nan nan nan nan nan nan nan nan nan 16.0 25.6 26.2 26.5 26.3 16.5 26.2 26.0 24.9 23.9 23.0 22.3 21.6 21.0 20.5 19.9 19.4 19.1 18.8 18.6 18.4 18.2 18.0 17.8 17.6 17.4 17.2 16.9 16.5 16.0 15.6 15.1 14.8 nan nan nan nan nan nan 13.9 13.9 13.9 13.7 13.6 13.6 nan nan nan nan nan nan nan nan nan nan nan nan nan nan nan
nan nan nan nan nan nan nan nan nan nan nan nan nan nan nan nan nan nan nan nan nan nan nan nan nan nan nan nan nan nan 17.9 24.6 26.1 26.4 nan nan nan 25.6 24.9 24.0 23.2 22.5 21.9 21.2 20.6 20.1 19.5 19.1 18.8 18.5 18.3 18.1 17.9 17.8 17.6 17.5 17.3 17.1 16.8 16.3 15.9 15.4 15.1 nan nan nan nan nan 14.1 14.0 13.9 13.9 13.8 13.7 nan nan nan nan nan nan nan nan nan nan nan nan nan nan nan nan
nan nan nan nan nan nan nan nan nan nan nan nan nan nan nan nan nan nan nan nan nan nan nan nan nan nan nan nan nan nan 17.8 15.1 26.4 26.4 nan nan nan 23.6 24.8 24.1 23.5 22.8 22.1 21.5 20.9 20.3 19.7 19.2 18.8 18.5 18.2 18.0 17.9 17.8 17.7 17.6 17.5 17.3 17.0 16.6 16.1 15.6 15.1 14.5 14.2 nan 14.1 14.1 14.0 14.0 14.0 13.9 nan nan nan nan nan nan nan nan nan nan nan nan nan nan nan nan nan nan
nan nan nan nan nan nan nan nan nan nan nan nan nan nan nan nan nan nan nan nan nan nan nan nan nan nan nan nan nan nan nan nan 26.4 22.7 nan nan nan nan 24.5 24.3 23.9 23.2 22.5 21.8 21.2 20.5 19.9 19.4 18.9 18.5 18.2 18.0 17.9 17.8 17.7 17.6 17.5 17.4 17.2 16.8 16.3 15.8 15.2 14.8 14.4 14.2 14.1 14.0 14.0 14.0 13.9 nan nan nan nan nan nan nan nan nan nan nan nan nan nan nan nan nan nan nan
nan nan nan nan nan nan nan nan nan nan nan nan nan nan nan nan nan nan nan nan nan nan nan nan nan nan nan nan nan nan nan nan nan 21.1 12.9 nan nan nan 15.8 24.7 24.4 23.8 23.1 22.3 21.6 20.9 20.3 19.6 19.1 18.7 18.4 18.1 18.0 17.9 17.8 17.7 17.6 17.5 17.3 17.0 16.5 16.0 15.5 15.0 14.6 14.3 14.1 14.1 14.0 14.0 13.9 nan nan nan nan nan nan nan nan nan nan nan nan nan nan nan nan nan nan nan
nan nan nan nan nan nan nan nan nan nan nan nan nan nan nan nan nan nan nan nan nan nan nan nan nan nan nan nan nan nan nan nan nan nan 15.4 22.6 nan nan nan nan 24.8 24.6 23.8 22.9 22.1 21.4 20.6 20.0 19.4 18.9 18.6 18.3 18.2 18.0 18.0 17.9 17.8 17.6 17.4 17.1 16.7 16.2 15.7 15.1 14.7 14.4 14.2 14.1 14.1 14.0 14.0 13.8 nan nan nan nan nan nan nan nan nan nan nan nan nan nan nan nan nan nan
nan nan nan nan nan nan nan nan nan nan nan nan nan nan nan nan nan nan nan nan nan nan nan nan nan nan nan nan nan nan nan nan nan nan nan 17.6 17.8 nan nan nan nan 23.8 24.1 23.3 22.5 21.8 21.1 20.4 19.8 19.3 18.9 18.6 18.4 18.2 18.1 18.0 17.9 17.8 17.5 17.2 16.8 16.3 15.8 15.2 14.8 14.5 14.3 14.2 14.1 14.0 14.0 14.0 13.9 10.4 nan nan nan nan nan nan nan nan nan nan nan nan nan nan nan nan
nan nan nan nan nan nan nan nan nan nan nan nan nan nan nan nan nan nan nan nan nan nan nan nan nan nan nan nan nan nan nan nan nan nan 15.9 20.2 24.0 23.8 nan 17.8 nan 21.6 24.1 23.8 23.1 22.3 21.6 20.9 20.3 19.7 19.2 18.9 18.6 18.5 18.4 18.2 18.1 17.9 17.7 17.4 16.9 16.4 15.8 15.3 14.9 14.6 14.4 14.3 14.1 14.0 13.9 13.9 13.9 13.8 nan nan nan nan nan nan nan nan nan nan nan nan nan nan nan nan
nan nan nan nan nan nan nan nan nan nan nan nan nan nan nan nan nan nan nan nan nan nan nan nan nan nan nan nan nan nan nan nan nan nan 23.8 24.2 24.5 24.1 18.6 21.6 22.8 21.0 24.6 24.1 23.5 22.7 22.0 21.4 20.7 20.1 19.6 19.2 18.9 18.7 18.6 18.4 18.2 18.1 17.8 17.4 17.0 16.4 15.9 15.3 14.9 14.5 14.0 13.9 13.5 14.0 13.9 13.9 13.9 13.9 13.9 nan nan nan nan nan nan nan nan nan nan nan nan nan nan nan
nan nan nan nan nan nan nan nan nan nan nan nan nan nan nan nan nan nan nan nan nan nan nan nan nan nan nan nan nan nan nan nan nan nan 23.9 24.2 24.3 24.3 24.4 nan 22.8 23.3 24.5 24.2 23.7 23.0 22.3 21.7 21.1 20.5 19.9 19.5 19.2 18.9 18.8 18.6 18.4 18.2 17.9 17.5 17.0 16.4 -9999.0 -9999.0 -9999.0 -9999.0 -9999.0 -9999.0 -9999.0 11.5 14.0 13.9 13.9 13.9 13.9 nan nan nan nan nan nan nan nan nan nan nan nan nan nan -9999.0
nan nan nan nan nan nan nan nan nan nan nan nan nan nan nan nan nan nan nan nan nan nan nan nan nan nan nan nan nan nan nan nan nan nan 23.8 24.0 24.0 23.8 23.7 nan nan 24.2 24.5 24.2 23.8 23.1 22.5 21.9 21.3 20.8 20.2 19.7 19.4 19.1 19.0 18.8 18.6 18.3 18.0 17.5 17.0 -9999.0 -9999.0 -9999.0 -9999.0 -9999.0 -9999.0 -9999.0 -9999.0 nan 14.1 14.1 14.1 13.7 nan nan nan nan nan nan nan nan nan nan nan nan nan nan nan -9999.0
nan nan nan nan nan nan nan nan nan nan nan nan nan nan nan nan nan nan nan nan nan nan nan nan nan nan nan nan nan nan nan nan nan nan 23.5 23.5 23.5 23.6 23.9 nan 20.3 22.8 24.5 24.2 23.8 23.2 22.7 22.1 21.5 20.9 20.4 19.9 19.6 19.4 19.2 19.0 18.8 18.5 18.1 17.6 17.0 -9999.0 -9999.0 -9999.0 -9999.0 -9999.0 -9999.0 -9999.0 -9999.0 -9999.0 -9999.0 nan 11.1 11.1 nan nan nan nan nan nan nan nan nan nan nan nan nan nan nan -9999.0
nan nan nan nan nan nan nan nan nan nan nan nan nan nan nan nan nan nan nan nan nan nan nan nan nan nan nan nan nan nan nan nan nan nan 23.1 23.2 23.4 24.0 22.0 16.2 22.3 20.8 24.3 24.0 23.7 23.3 22.8 22.2 21.6 21.1 20.6 20.1 19.8 19.6 19.4 19.2 19.0 18.7 18.2 17.7 -9999.0 -9999.0 -9999.0 -9999.0 -9999.0 -9999.0 -9999.0 -9999.0 -9999.0 -9999.0 -9999.0 nan nan nan nan nan nan nan nan nan nan nan nan nan nan nan nan nan nan -9999.0
nan nan nan nan nan nan nan nan nan nan nan nan nan nan nan nan nan nan nan nan nan nan nan nan nan nan nan nan nan nan nan nan 22.4 22.6 22.9 23.2 23.7 24.5 24.9 24.8 nan 24.2 24.1 23.9 23.6 23.2 22.8 22.2 21.7 21.2 20.7 20.3 20.0 19.8 19.6 19.5 19.2 18.9 18.4 -9999.0 -9999.0 -9999.0 -9999.0 -9999.0 -9999.0 -9999.0 -9999.0 -9999.0 -9999.0 -9999.0 -9999.0 -9999.0 nan nan nan nan nan nan nan nan nan nan nan nan nan nan nan nan nan -9999.0
nan nan nan nan nan nan nan nan nan nan nan nan nan nan nan nan nan nan nan nan nan nan nan nan nan nan nan nan nan 17.4 nan nan 22.7 22.8 22.8 23.1 23.9 24.7 25.3 nan nan 24.0 24.0 23.9 23.6 23.2 22.7 22.2 21.7 21.2 20.8 20.5 20.3 20.1 19.9 19.7 19.5 19.1 18.6 -9999.0 -9999.0 -9999.0 -9999.0 -9999.0 -9999.0 -9999.0 -9999.0 -9999.0 -9999.0 -9999.0 -9999.0 -9999.0 -9999.0 -9999.0 nan nan nan nan nan nan nan nan nan nan nan nan nan nan nan -9999.0
nan nan nan nan nan nan nan nan nan nan nan nan nan nan nan nan nan nan nan nan nan nan nan nan nan nan nan nan nan 14.1 14.1 nan 22.9 23.0 21.9 20.5 23.2 24.4 24.8 24.5 nan 23.9 24.1 24.0 23.6 23.2 22.7 22.3 21.8 21.3 21.0 20.7 20.5 20.3 20.1 20.0 19.8 19.4 -9999.0 -9999.0 -9999.0 -9999.0 -9999.0 -9999.0 -9999.0 -9999.0 -9999.0 -9999.0 -9999.0 -9999.0 -9999.0 -9999.0 -9999.0 -9999.0 -9999.0 nan nan nan nan nan nan nan nan nan nan nan nan nan nan -9999.0
nan nan nan nan nan nan nan nan nan nan nan nan nan nan nan nan nan nan nan nan nan nan nan nan nan nan nan nan nan 14.8 22.5 22.7 23.0 23.1 23.4 nan 15.7 24.0 24.3 24.7 nan 23.7 24.3 24.1 23.7 23.2 22.8 22.3 21.9 21.5 21.1 20.9 20.6 20.5 20.4 20.2 20.1 19.8 -9999.0 -9999.0 -9999.0 -9999.0 -9999.0 -9999.0 -9999.0 -9999.0 -9999.0 -9999.0 -9999.0 -9999.0 -9999.0 -9999.0 -9999.0 -9999.0 -9999.0 -9999.0 nan nan nan nan nan nan nan nan nan nan nan nan nan -9999.0
nan nan nan nan nan nan nan nan nan nan nan nan nan nan nan nan nan nan nan nan nan nan nan nan nan nan nan nan nan nan 22.2 22.5 22.8 23.2 22.8 nan nan 23.9 24.1 24.5 nan 21.5 23.2 24.0 23.6 23.2 22.7 22.3 21.9 21.5 21.2 21.0 20.8 20.7 20.6 20.5 20.4 20.1 -9999.0 -9999.0 -9999.0 -9999.0 -9999.0 -9999.0 -9999.0 -9999.0 -9999.0 -9999.0 -9999.0 -9999.0 -9999.0 -9999.0 -9999.0 -9999.0 -9999.0 -9999.0 -9999.0 nan nan nan nan nan nan nan nan nan nan nan nan -9999.0
nan nan nan nan nan nan nan nan nan nan nan nan nan nan nan nan nan nan nan nan nan nan nan nan nan nan nan nan nan nan 20.2 22.4 22.7 23.2 20.8 nan 17.8 19.6 21.4 14.2 21.2 17.5 20.3 23.5 23.5 23.1 22.7 22.3 22.0 21.6 21.3 21.1 21.0 20.9 20.8 20.6 20.6 20.2 -9999.0 -9999.0 -9999.0 -9999.0 -9999.0 -9999.0 -9999.0 -9999.0 -9999.0 -9999.0 -9999.0 -9999.0 -9999.0 -9999.0 -9999.0 -9999.0 -9999.0 -9999.0 -9999.0 -9999.0 nan nan nan nan nan nan nan nan nan nan nan -9999.0
nan nan nan nan nan nan nan nan nan nan nan nan nan nan nan nan nan nan nan nan nan nan nan nan nan nan nan nan nan nan 20.4 22.0 22.7 23.1 23.0 17.7 nan 21.8 19.0 15.7 18.5 nan 24.1 24.1 23.6 23.2 22.7 22.3 22.0 21.6 21.4 21.2 21.2 21.1 21.0 20.9 20.6 16.7 -9999.0 -9999.0 -9999.0 -9999.0 -9999.0 -9999.0 -9999.0 -9999.0 -9999.0 -9999.0 -9999.0 -9999.0 -9999.0 -9999.0 -9999.0 -9999.0 -9999.0 -9999.0 -9999.0 -9999.0 -9999.0 -9999.0 nan nan nan nan nan nan nan nan nan -9999.0
nan nan nan nan nan nan nan nan nan nan nan nan nan nan nan nan nan nan nan nan nan nan nan nan nan nan nan nan nan nan nan 22.3 22.7 23.1 23.6 nan nan 18.4 18.6 18.2 nan nan 24.2 24.0 23.6 23.1 22.7 22.3 22.0 21.7 21.5 21.4 21.3 21.3 21.3 21.2 20.6 17.9 -9999.0 -9999.0 -9999.0 -9999.0 -9999.0 -9999.0 -9999.0 -9999.0 -9999.0 -9999.0 -9999.0 nan nan nan -9999.0 -9999.0 -9999.0 -9999.0 -9999.0 -9999.0 -9999.0 -9999.0 -9999.0 -9999.0 -9999.0 -9999.0 -9999.0 nan nan nan -9999.0 -9999.0
nan nan nan nan nan nan nan nan nan nan nan nan nan nan nan nan nan nan nan nan nan nan nan nan nan nan nan nan nan nan nan 22.1 22.6 23.2 23.7 nan 15.2 17.6 23.2 16.4 nan nan 24.2 24.0 23.6 23.1 22.7 22.3 22.0 21.7 21.5 21.5 21.5 21.5 21.6 21.9 21.9 19.1 -9999.0 -9999.0 -9999.0 -9999.0 -9999.0 -9999.0 -9999.0 -9999.0 -9999.0 -9999.0 -9999.0 nan nan nan nan nan -9999.0 -9999.0 -9999.0 -9999.0 -9999.0 -9999.0 -9999.0 -9999.0 -9999.0 -9999.0 -9999.0 -9999.0 -9999.0 -9999.0 -9999.0 -9999.0
nan nan nan nan nan nan nan nan nan nan nan nan nan nan nan nan nan nan nan nan nan nan nan nan nan nan nan nan nan nan nan 17.3 22.5 23.1 23.8 23.4 21.5 19.5 15.5 12.9 16.4 nan 24.1 24.0 23.6 23.2 22.8 22.3 22.0 21.7 21.6 21.5 21.6 21.7 21.9 22.2 22.5 18.8 -9999.0 -9999.0 -9999.0 -9999.0 -9999.0 -9999.0 -9999.0 -9999.0 -9999.0 -9999.0 -9999.0 -9999.0 -9999.0 -9999.0 -9999.0 -9999.0 -9999.0 -9999.0 -9999.0 -9999.0 -9999.0 -9999.0 -9999.0 -9999.0 -9999.0 -9999.0 -9999.0 -9999.0 -9999.0 -9999.0 -9999.0 -9999.0
nan nan nan nan nan nan nan nan nan nan nan nan nan nan nan nan nan nan nan nan nan nan nan nan nan nan nan nan nan nan nan 17.3 22.4 23.0 23.7 24.1 24.3 nan 16.4 19.1 12.8 nan 24.1 24.1 23.8 23.4 22.9 22.5 22.1 21.8 21.6 21.6 21.6 21.8 22.1 22.5 22.8 19.0 -9999.0 -9999.0 -9999.0 -9999.0 -9999.0 -9999.0 -9999.0 -9999.0 -9999.0 -9999.0 -9999.0 -9999.0 -9999.0 -9999.0 -9999.0 -9999.0 -9999.0 -9999.0 -9999.0 -9999.0 -9999.0 -9999.0 -9999.0 -9999.0 -9999.0 -9999.0 -9999.0 -9999.0 -9999.0 -9999.0 -9999.0 -9999.0
nan nan nan nan nan nan nan nan nan nan nan nan nan nan nan nan nan nan nan nan nan nan nan nan nan nan nan nan nan nan nan 17.3 21.2 22.9 23.7 24.3 24.3 nan nan 17.5 16.0 nan nan 24.3 24.1 23.6 23.1 22.7 22.2 22.0 21.8 21.7 21.7 22.0 22.4 22.8 22.8 18.8 -9999.0 -9999.0 -9999.0 -9999.0 -9999.0 -9999.0 -9999.0 -9999.0 -9999.0 -9999.0 -9999.0 -9999.0 -9999.0 -9999.0 -9999.0 -9999.0 -9999.0 -9999.0 -9999.0 -9999.0 -9999.0 -9999.0 -9999.0 -9999.0 -9999.0 -9999.0 -9999.0 -9999.0 -9999.0 -9999.0 -9999.0 -9999.0
nan nan nan nan nan nan nan nan nan nan nan nan nan nan nan nan nan nan nan nan nan nan nan nan nan nan nan nan nan nan nan nan 16.2 23.0 23.8 24.4 nan nan nan 18.9 15.2 17.8 nan nan 23.9 23.7 23.3 22.8 22.4 22.1 21.9 21.8 21.9 22.2 22.6 23.2 23.7 23.6 -9999.0 -9999.0 -9999.0 -9999.0 -9999.0 -9999.0 -9999.0 -9999.0 -9999.0 -9999.0 -9999.0 -9999.0 -9999.0 -9999.0 -9999.0 -9999.0 -9999.0 -9999.0 -9999.0 -9999.0 -9999.0 -9999.0 -9999.0 -9999.0 nan nan nan -9999.0 -9999.0 -9999.0 -9999.0 -9999.0
nan nan nan nan nan nan nan nan nan nan nan nan nan nan nan nan nan nan nan nan nan nan nan nan nan nan nan nan nan nan nan nan 22.3 23.0 23.7 24.3 nan nan nan nan 16.7 17.5 26.6 nan 23.6 24.0 23.7 23.1 22.7 22.4 22.2 22.1 22.1 22.4 22.9 23.5 24.1 24.6 -9999.0 -9999.0 -9999.0 -9999.0 -9999.0 -9999.0 -9999.0 -9999.0 -9999.0 -9999.0 -9999.0 -9999.0 -9999.0 -9999.0 -9999.0 -9999.0 -9999.0 -9999.0 -9999.0 -9999.0 -9999.0 -9999.0 nan nan nan nan nan nan nan nan -9999.0 -9999.0
nan nan nan nan nan nan nan nan nan nan nan nan nan nan nan nan nan nan nan nan nan nan nan nan nan nan nan nan nan nan nan nan nan 23.0 23.8 24.6 nan nan nan nan 20.4 19.7 24.6 19.1 nan 24.5 24.4 23.6 23.2 22.8 22.5 22.4 22.4 22.6 23.1 23.9 24.5 25.1 -9999.0 -9999.0 -9999.0 -9999.0 -9999.0 -9999.0 -9999.0 -9999.0 -9999.0 -9999.0 -9999.0 nan nan nan nan nan nan nan nan nan nan nan nan nan nan nan nan nan nan nan nan nan
nan nan nan nan nan nan nan nan nan nan nan nan nan nan nan nan nan nan nan nan nan nan nan nan nan nan nan nan nan nan nan nan nan 23.0 23.9 25.0 24.8 nan nan nan 23.6 19.8 20.9 25.5 nan nan 24.2 23.9 23.5 23.2 22.9 22.7 22.7 22.9 23.4 24.1 25.0 25.7 -9999.0 -9999.0 -9999.0 -9999.0 -9999.0 -9999.0 -9999.0 -9999.0 -9999.0 -9999.0 nan nan nan nan nan nan nan nan nan nan nan nan nan nan nan nan nan nan nan nan nan nan
