data/output/RUN203/ECOSPACE/ECOSPACE_in_PAR3/PAR-VarZ-VarK/PAR-VarZ-VarK_1984_08.asc
ncols        93
nrows        151 
xllcorner    -123.80739
yllcorner    48.29471 
cellsize     0.013497347 
NODATA_value  0.0
[rows 80 to 119 of 151, columns 0 to 89 of 93]
nan nan nan nan nan nan nan nan nan nan nan nan nan nan nan nan nan nan nan nan nan nan nan 28.9 27.9 28.3 30.3 29.7 28.9 28.1 27.3 26.6 26.0 25.5 25.0 24.5 24.1 23.8 23.4 23.0 22.7 22.3 22.0 21.6 21.3 21.0 20.6 20.3 19.9 19.3 18.8 18.4 18.0 17.7 nan nan nan nan nan nan nan nan nan nan nan nan 15.5 15.7 15.8 15.9 nan 15.6 15.5 15.5 15.5 15.6 15.5 15.3 15.2 15.4 15.9 16.0 15.9 nan nan nan nan nan nan nan
nan nan nan nan nan nan nan nan nan nan nan nan nan nan nan nan nan nan nan nan nan nan nan nan nan nan 30.4 30.0 29.3 28.5 27.7 27.0 26.3 25.7 25.1 24.6 24.2 23.8 23.4 23.0 22.7 22.3 22.0 21.6 21.3 20.9 20.6 20.3 20.0 19.5 19.0 18.5 18.1 17.8 17.3 nan nan nan nan nan nan nan nan nan nan nan 15.9 15.9 nan nan nan nan nan 15.6 15.7 15.8 nan 15.4 15.5 15.8 16.2 16.4 nan nan nan nan nan nan nan nan
nan nan nan nan nan nan nan nan nan nan nan nan nan nan nan nan nan nan nan nan nan nan nan nan nan nan nan 30.2 29.6 29.0 28.2 27.4 26.6 25.9 25.3 24.8 24.2 23.8 23.4 23.0 22.7 22.3 22.0 21.6 21.2 20.9 20.6 20.3 20.0 19.6 19.2 18.7 18.2 17.9 17.5 17.1 nan nan nan nan nan nan nan nan nan 15.9 16.2 nan nan nan nan nan nan 15.7 15.7 15.8 nan 15.6 15.9 16.2 16.5 nan nan nan nan nan nan nan nan nan
nan nan nan nan nan nan nan nan nan nan nan nan nan nan nan nan nan nan nan nan nan nan nan nan nan nan nan nan 27.9 29.0 28.7 27.9 27.1 26.3 25.6 24.9 24.3 23.8 23.4 23.0 22.7 22.3 22.0 21.6 21.2 20.9 20.6 20.3 20.0 19.7 19.3 18.8 18.4 18.0 17.7 17.3 17.1 nan nan nan nan nan nan nan nan 15.9 16.1 nan nan nan nan nan nan 15.7 15.8 15.9 16.2 16.5 16.4 16.4 nan nan nan nan nan nan nan nan nan nan
nan nan nan nan nan nan nan nan nan nan nan nan nan nan nan nan nan nan nan nan nan nan nan nan nan nan nan nan nan 14.3 29.2 28.5 27.6 26.7 25.9 25.2 24.5 23.9 23.5 23.1 22.7 22.3 21.9 21.5 21.1 20.8 20.5 20.3 20.1 19.8 19.5 19.0 18.6 18.2 17.9 17.6 17.3 17.0 nan nan nan nan nan nan 15.9 16.0 16.2 nan 16.3 16.2 16.3 nan nan 15.8 16.0 16.2 16.5 17.0 nan nan nan nan nan nan nan nan nan nan nan nan
nan nan nan nan nan nan nan nan nan nan nan nan nan nan nan nan nan nan nan nan nan nan nan nan nan nan nan nan nan nan 14.8 28.9 28.1 27.2 26.3 25.5 24.7 24.1 23.6 23.1 22.7 22.3 21.9 21.4 21.1 20.7 20.5 20.2 20.0 19.9 19.6 19.2 18.8 18.5 18.2 17.9 17.6 17.3 nan nan nan nan nan 16.0 16.1 16.2 16.3 16.3 16.3 16.3 16.3 10.7 nan 15.9 16.2 16.4 16.7 16.9 nan nan nan nan nan nan nan nan nan nan nan nan
nan nan nan nan nan nan nan nan nan nan nan nan nan nan nan nan nan nan nan nan nan nan nan nan nan nan nan nan nan nan nan 26.6 28.5 27.6 26.7 25.8 25.0 24.3 23.7 23.2 22.7 22.3 21.9 21.4 21.0 20.7 20.4 20.2 20.0 19.9 19.7 19.4 19.1 18.8 18.5 18.2 17.9 17.6 17.2 nan nan 16.3 16.4 16.4 16.3 16.4 16.5 16.5 16.4 16.4 16.4 nan nan 16.2 16.4 16.7 16.9 17.0 nan nan nan nan nan nan nan nan nan nan nan nan
nan nan nan nan nan nan nan nan nan nan nan nan nan nan nan nan nan nan nan nan nan nan nan nan nan nan nan nan nan nan nan nan 28.8 27.9 27.0 26.1 25.3 24.6 23.9 23.3 22.8 22.3 21.9 21.5 21.1 20.7 20.4 20.2 20.0 19.9 19.8 19.6 19.3 19.0 18.8 18.5 18.2 17.9 17.5 17.1 16.8 16.8 16.8 nan 16.6 16.7 16.9 16.9 16.9 16.8 16.8 16.6 16.5 16.6 16.7 16.9 17.0 nan nan nan nan nan nan nan nan nan nan nan nan nan
nan nan nan nan nan nan nan nan nan nan nan nan nan nan nan nan nan nan nan nan nan nan nan nan nan nan nan nan nan nan 27.8 28.2 28.7 28.0 27.2 26.4 25.6 24.9 24.2 23.5 23.0 22.5 22.0 21.5 21.1 20.7 20.4 20.2 20.0 19.9 19.9 19.8 19.6 19.3 19.1 18.8 18.5 18.2 17.8 17.5 17.3 17.1 17.1 17.1 17.1 17.2 17.4 17.4 17.4 17.4 17.1 16.8 16.8 16.8 16.9 17.1 17.1 nan nan nan nan nan nan nan nan nan nan nan nan nan
nan nan nan nan nan nan nan nan nan nan nan nan nan nan nan nan nan nan nan nan nan nan nan nan nan nan nan nan nan nan nan nan 28.2 27.7 27.1 26.6 26.0 25.2 24.5 23.8 23.2 22.7 22.2 21.7 21.2 20.8 20.5 20.2 20.1 20.0 20.0 19.9 19.8 19.5 19.4 19.1 18.9 18.6 18.3 18.0 17.8 17.6 17.6 17.6 17.5 17.5 17.6 nan nan nan 17.2 17.1 17.0 17.0 17.0 17.1 nan nan nan nan nan nan nan nan nan nan nan nan nan nan
nan nan nan nan nan nan nan nan nan nan nan nan nan nan nan nan nan nan nan nan nan nan nan nan nan nan nan nan nan nan 16.2 14.6 27.9 27.6 27.3 26.9 26.5 25.8 24.9 24.2 23.5 22.9 22.4 21.9 21.4 20.9 20.6 20.3 20.2 20.1 20.1 20.1 20.0 19.8 19.6 19.4 19.2 19.0 18.7 18.4 18.2 18.0 17.9 17.9 nan nan nan nan nan nan nan 17.3 17.1 17.1 17.1 17.1 nan nan nan nan nan nan nan nan nan nan nan nan nan nan
nan nan nan nan nan nan nan nan nan nan nan nan nan nan nan nan nan nan nan nan nan nan nan nan nan nan nan nan nan nan 15.2 27.6 27.9 27.9 27.5 15.9 27.1 26.4 25.3 24.5 23.8 23.2 22.6 22.1 21.5 21.1 20.7 20.4 20.3 20.3 20.2 20.2 20.1 20.0 19.9 19.7 19.5 19.4 19.1 18.9 18.6 18.4 18.2 nan nan nan nan nan nan 17.0 17.2 17.3 17.2 17.1 17.1 nan nan nan nan nan nan nan nan nan nan nan nan nan nan nan
nan nan nan nan nan nan nan nan nan nan nan nan nan nan nan nan nan nan nan nan nan nan nan nan nan nan nan nan nan nan 16.3 26.4 28.1 28.2 nan nan nan 26.0 25.5 24.7 24.0 23.4 22.8 22.3 21.7 21.2 20.9 20.6 20.5 20.4 20.4 20.4 20.3 20.2 20.1 20.0 19.8 19.7 19.5 19.3 19.0 18.7 18.5 nan nan nan nan nan 17.2 17.2 17.2 17.2 17.1 17.1 nan nan nan nan nan nan nan nan nan nan nan nan nan nan nan nan
nan nan nan nan nan nan nan nan nan nan nan nan nan nan nan nan nan nan nan nan nan nan nan nan nan nan nan nan nan nan 16.2 14.5 28.4 28.4 nan nan nan 24.2 25.5 25.0 24.4 23.8 23.1 22.5 21.9 21.4 21.0 20.8 20.6 20.5 20.5 20.5 20.4 20.4 20.3 20.2 20.1 20.0 19.8 19.6 19.4 19.1 18.8 18.0 17.6 nan 17.2 17.2 17.3 17.2 17.1 17.1 nan nan nan nan nan nan nan nan nan nan nan nan nan nan nan nan nan nan
nan nan nan nan nan nan nan nan nan nan nan nan nan nan nan nan nan nan nan nan nan nan nan nan nan nan nan nan nan nan nan nan 28.5 24.1 nan nan nan nan 25.3 25.2 24.9 24.2 23.5 22.8 22.2 21.6 21.2 20.9 20.7 20.7 20.6 20.6 20.6 20.5 20.5 20.5 20.4 20.3 20.2 20.0 19.8 19.4 19.0 18.5 18.2 17.8 17.6 17.4 17.2 17.1 17.0 nan nan nan nan nan nan nan nan nan nan nan nan nan nan nan nan nan nan nan
nan nan nan nan nan nan nan nan nan nan nan nan nan nan nan nan nan nan nan nan nan nan nan nan nan nan nan nan nan nan nan nan nan 22.9 12.3 nan nan nan 14.5 25.5 25.3 24.8 24.0 23.1 22.4 21.8 21.4 21.1 20.9 20.8 20.8 20.8 20.8 20.8 20.7 20.8 20.7 20.7 20.6 20.4 20.2 19.8 19.4 18.9 18.5 18.1 17.8 17.5 17.3 17.1 16.9 nan nan nan nan nan nan nan nan nan nan nan nan nan nan nan nan nan nan nan
nan nan nan nan nan nan nan nan nan nan nan nan nan nan nan nan nan nan nan nan nan nan nan nan nan nan nan nan nan nan nan nan nan nan 14.6 23.7 nan nan nan nan 25.6 25.3 24.4 23.5 22.7 22.1 21.6 21.3 21.0 21.0 20.9 20.9 21.0 21.0 21.0 21.0 21.0 21.0 21.0 20.8 20.6 20.2 19.8 19.3 18.8 18.3 17.9 17.6 17.4 17.2 17.0 16.7 nan nan nan nan nan nan nan nan nan nan nan nan nan nan nan nan nan nan
nan nan nan nan nan nan nan nan nan nan nan nan nan nan nan nan nan nan nan nan nan nan nan nan nan nan nan nan nan nan nan nan nan nan nan 17.6 16.4 nan nan nan nan 24.5 24.6 23.8 23.0 22.3 21.8 21.5 21.2 21.1 21.1 21.1 21.1 21.1 21.2 21.3 21.3 21.3 21.3 21.2 21.0 20.6 20.1 19.5 19.0 18.5 18.1 17.8 17.5 17.2 17.0 16.9 16.7 10.8 nan nan nan nan nan nan nan nan nan nan nan nan nan nan nan nan
nan nan nan nan nan nan nan nan nan nan nan nan nan nan nan nan nan nan nan nan nan nan nan nan nan nan nan nan nan nan nan nan nan nan 15.7 19.2 25.2 25.0 nan 16.4 nan 22.0 24.8 24.0 23.3 22.6 22.1 21.7 21.4 21.3 21.2 21.2 21.2 21.3 21.4 21.4 21.5 21.6 21.6 21.5 21.3 20.9 20.3 19.7 19.1 18.5 18.2 17.9 17.6 17.2 17.0 16.9 16.8 16.7 nan nan nan nan nan nan nan nan nan nan nan nan nan nan nan nan
nan nan nan nan nan nan nan nan nan nan nan nan nan nan nan nan nan nan nan nan nan nan nan nan nan nan nan nan nan nan nan nan nan nan 25.3 25.5 25.6 24.6 16.9 22.4 23.8 21.1 25.2 24.3 23.6 22.9 22.4 21.9 21.6 21.4 21.4 21.3 21.4 21.4 21.5 21.6 21.7 21.8 21.8 21.7 21.5 21.0 20.4 19.8 19.1 18.4 17.7 17.4 16.9 17.4 17.0 16.8 16.8 16.8 16.8 nan nan nan nan nan nan nan nan nan nan nan nan nan nan nan
nan nan nan nan nan nan nan nan nan nan nan nan nan nan nan nan nan nan nan nan nan nan nan nan nan nan nan nan nan nan nan nan nan nan 25.5 25.7 25.7 25.7 25.2 nan 23.9 24.1 25.2 24.6 23.8 23.1 22.6 22.1 21.8 21.5 21.5 21.5 21.5 21.6 21.6 21.8 21.9 22.0 22.0 21.9 21.6 21.1 -9999.0 -9999.0 -9999.0 -9999.0 -9999.0 -9999.0 -9999.0 11.6 16.9 16.9 16.9 16.7 16.8 nan nan nan nan nan nan nan nan nan nan nan nan nan nan -9999.0
nan nan nan nan nan nan nan nan nan nan nan nan nan nan nan nan nan nan nan nan nan nan nan nan nan nan nan nan nan nan nan nan nan nan 25.5 25.5 25.5 25.4 25.4 nan nan 25.1 25.1 24.6 24.0 23.3 22.7 22.2 21.9 21.7 21.6 21.5 21.6 21.7 21.8 22.0 22.1 22.2 22.2 22.0 21.6 -9999.0 -9999.0 -9999.0 -9999.0 -9999.0 -9999.0 -9999.0 -9999.0 nan 13.7 16.8 16.8 16.1 nan nan nan nan nan nan nan nan nan nan nan nan nan nan nan -9999.0
nan nan nan nan nan nan nan nan nan nan nan nan nan nan nan nan nan nan nan nan nan nan nan nan nan nan nan nan nan nan nan nan nan nan 25.2 25.2 25.1 25.1 25.4 nan 20.2 23.4 25.1 24.6 24.0 23.4 22.8 22.3 22.0 21.8 21.6 21.6 21.7 21.8 22.0 22.2 22.3 22.4 22.4 22.1 21.5 -9999.0 -9999.0 -9999.0 -9999.0 -9999.0 -9999.0 -9999.0 -9999.0 -9999.0 -9999.0 nan 11.3 11.3 nan nan nan nan nan nan nan nan nan nan nan nan nan nan nan -9999.0
nan nan nan nan nan nan nan nan nan nan nan nan nan nan nan nan nan nan nan nan nan nan nan nan nan nan nan nan nan nan nan nan nan nan 24.9 24.9 25.1 25.3 22.9 15.3 23.5 20.6 25.1 24.6 24.0 23.4 22.9 22.4 22.0 21.8 21.7 21.7 21.8 22.0 22.2 22.4 22.6 22.7 22.5 22.2 -9999.0 -9999.0 -9999.0 -9999.0 -9999.0 -9999.0 -9999.0 -9999.0 -9999.0 -9999.0 -9999.0 nan nan nan nan nan nan nan nan nan nan nan nan nan nan nan nan nan nan -9999.0
nan nan nan nan nan nan nan nan nan nan nan nan nan nan nan nan nan nan nan nan nan nan nan nan nan nan nan nan nan nan nan nan 23.6 24.3 24.8 25.1 25.5 26.1 26.5 25.0 nan 25.7 25.1 24.6 24.1 23.5 23.0 22.5 22.1 21.9 21.8 21.9 22.0 22.2 22.5 22.7 22.9 23.0 22.8 -9999.0 -9999.0 -9999.0 -9999.0 -9999.0 -9999.0 -9999.0 -9999.0 -9999.0 -9999.0 -9999.0 -9999.0 -9999.0 nan nan nan nan nan nan nan nan nan nan nan nan nan nan nan nan nan -9999.0
nan nan nan nan nan nan nan nan nan nan nan nan nan nan nan nan nan nan nan nan nan nan nan nan nan nan nan nan nan 16.5 nan nan 25.1 25.1 25.1 25.3 26.0 26.6 27.2 nan nan 25.1 24.9 24.5 24.1 23.6 23.1 22.6 22.3 22.1 22.0 22.0 22.2 22.5 22.8 23.1 23.3 23.3 23.0 -9999.0 -9999.0 -9999.0 -9999.0 -9999.0 -9999.0 -9999.0 -9999.0 -9999.0 -9999.0 -9999.0 -9999.0 -9999.0 -9999.0 -9999.0 nan nan nan nan nan nan nan nan nan nan nan nan nan nan nan -9999.0
nan nan nan nan nan nan nan nan nan nan nan nan nan nan nan nan nan nan nan nan nan nan nan nan nan nan nan nan nan 13.9 13.9 nan 25.3 25.5 23.6 22.3 25.1 26.4 26.6 25.7 nan 25.0 24.9 24.6 24.2 23.7 23.2 22.8 22.4 22.2 22.1 22.2 22.4 22.7 23.1 23.4 23.6 23.7 -9999.0 -9999.0 -9999.0 -9999.0 -9999.0 -9999.0 -9999.0 -9999.0 -9999.0 -9999.0 -9999.0 -9999.0 -9999.0 -9999.0 -9999.0 -9999.0 -9999.0 nan nan nan nan nan nan nan nan nan nan nan nan nan nan -9999.0
nan nan nan nan nan nan nan nan nan nan nan nan nan nan nan nan nan nan nan nan nan nan nan nan nan nan nan nan nan 14.6 25.2 25.3 25.5 25.8 26.1 nan 14.9 26.1 26.2 26.3 nan 24.6 25.3 25.0 24.5 23.9 23.4 22.9 22.5 22.3 22.3 22.4 22.7 23.0 23.4 23.8 24.0 24.1 -9999.0 -9999.0 -9999.0 -9999.0 -9999.0 -9999.0 -9999.0 -9999.0 -9999.0 -9999.0 -9999.0 -9999.0 -9999.0 -9999.0 -9999.0 -9999.0 -9999.0 -9999.0 nan nan nan nan nan nan nan nan nan nan nan nan nan -9999.0
nan nan nan nan nan nan nan nan nan nan nan nan nan nan nan nan nan nan nan nan nan nan nan nan nan nan nan nan nan nan 24.7 25.2 25.5 26.0 25.2 nan nan 25.8 26.0 26.6 nan 21.7 23.5 25.1 24.6 24.1 23.5 23.0 22.7 22.5 22.4 22.6 22.9 23.3 23.7 24.1 24.4 24.5 -9999.0 -9999.0 -9999.0 -9999.0 -9999.0 -9999.0 -9999.0 -9999.0 -9999.0 -9999.0 -9999.0 -9999.0 -9999.0 -9999.0 -9999.0 -9999.0 -9999.0 -9999.0 -9999.0 nan nan nan nan nan nan nan nan nan nan nan nan -9999.0
nan nan nan nan nan nan nan nan nan nan nan nan nan nan nan nan nan nan nan nan nan nan nan nan nan nan nan nan nan nan 22.5 25.1 25.5 25.9 22.9 nan 16.6 20.1 22.9 13.6 21.5 17.3 20.2 24.5 24.8 24.3 23.7 23.2 22.8 22.6 22.6 22.8 23.1 23.6 24.0 24.3 24.5 24.5 -9999.0 -9999.0 -9999.0 -9999.0 -9999.0 -9999.0 -9999.0 -9999.0 -9999.0 -9999.0 -9999.0 -9999.0 -9999.0 -9999.0 -9999.0 -9999.0 -9999.0 -9999.0 -9999.0 -9999.0 nan nan nan nan nan nan nan nan nan nan nan -9999.0
nan nan nan nan nan nan nan nan nan nan nan nan nan nan nan nan nan nan nan nan nan nan nan nan nan nan nan nan nan nan 22.8 24.6 25.5 25.8 25.3 16.7 nan 23.0 19.0 14.2 18.5 nan 25.3 25.5 25.0 24.5 23.9 23.4 23.0 22.7 22.7 23.0 23.3 23.7 24.2 24.4 23.6 19.1 -9999.0 -9999.0 -9999.0 -9999.0 -9999.0 -9999.0 -9999.0 -9999.0 -9999.0 -9999.0 -9999.0 -9999.0 -9999.0 -9999.0 -9999.0 -9999.0 -9999.0 -9999.0 -9999.0 -9999.0 -9999.0 -9999.0 nan nan nan nan nan nan nan nan nan -9999.0
nan nan nan nan nan nan nan nan nan nan nan nan nan nan nan nan nan nan nan nan nan nan nan nan nan nan nan nan nan nan nan 25.1 25.4 25.7 26.1 nan nan 18.3 18.5 16.9 nan nan 25.7 25.6 25.1 24.6 24.1 23.6 23.2 23.0 23.0 23.1 23.5 23.9 24.4 24.7 24.0 20.9 -9999.0 -9999.0 -9999.0 -9999.0 -9999.0 -9999.0 -9999.0 -9999.0 -9999.0 -9999.0 -9999.0 nan nan nan -9999.0 -9999.0 -9999.0 -9999.0 -9999.0 -9999.0 -9999.0 -9999.0 -9999.0 -9999.0 -9999.0 -9999.0 -9999.0 nan nan nan -9999.0 -9999.0
nan nan nan nan nan nan nan nan nan nan nan nan nan nan nan nan nan nan nan nan nan nan nan nan nan nan nan nan nan nan nan 24.5 25.2 25.6 26.1 nan 15.0 16.5 23.8 15.0 nan nan 25.6 25.5 25.2 24.7 24.3 23.8 23.5 23.3 23.2 23.4 23.7 24.1 24.6 25.1 25.1 21.8 -9999.0 -9999.0 -9999.0 -9999.0 -9999.0 -9999.0 -9999.0 -9999.0 -9999.0 -9999.0 -9999.0 nan nan nan nan nan -9999.0 -9999.0 -9999.0 -9999.0 -9999.0 -9999.0 -9999.0 -9999.0 -9999.0 -9999.0 -9999.0 -9999.0 -9999.0 -9999.0 -9999.0 -9999.0
nan nan nan nan nan nan nan nan nan nan nan nan nan nan nan nan nan nan nan nan nan nan nan nan nan nan nan nan nan nan nan 16.5 25.1 25.6 26.0 25.8 24.0 19.5 15.2 12.4 15.1 nan 25.4 25.4 25.2 24.8 24.4 24.0 23.7 23.5 23.4 23.5 23.9 24.3 24.9 25.4 25.9 22.5 -9999.0 -9999.0 -9999.0 -9999.0 -9999.0 -9999.0 -9999.0 -9999.0 -9999.0 -9999.0 -9999.0 -9999.0 -9999.0 -9999.0 -9999.0 -9999.0 -9999.0 -9999.0 -9999.0 -9999.0 -9999.0 -9999.0 -9999.0 -9999.0 -9999.0 -9999.0 -9999.0 -9999.0 -9999.0 -9999.0 -9999.0 -9999.0
nan nan nan nan nan nan nan nan nan nan nan nan nan nan nan nan nan nan nan nan nan nan nan nan nan nan nan nan nan nan nan 16.5 25.0 25.6 26.3 26.8 27.0 nan 16.5 19.2 11.9 nan 25.3 25.6 25.4 25.1 24.6 24.2 23.9 23.7 23.6 23.7 24.0 24.5 25.0 25.5 26.1 23.0 -9999.0 -9999.0 -9999.0 -9999.0 -9999.0 -9999.0 -9999.0 -9999.0 -9999.0 -9999.0 -9999.0 -9999.0 -9999.0 -9999.0 -9999.0 -9999.0 -9999.0 -9999.0 -9999.0 -9999.0 -9999.0 -9999.0 -9999.0 -9999.0 -9999.0 -9999.0 -9999.0 -9999.0 -9999.0 -9999.0 -9999.0 -9999.0
nan nan nan nan nan nan nan nan nan nan nan nan nan nan nan nan nan nan nan nan nan nan nan nan nan nan nan nan nan nan nan 16.5 22.5 25.5 26.4 26.9 27.0 nan nan 17.5 14.4 nan nan 25.7 25.6 25.2 24.8 24.5 24.2 24.0 23.9 24.0 24.3 24.6 25.2 25.8 26.4 22.1 -9999.0 -9999.0 -9999.0 -9999.0 -9999.0 -9999.0 -9999.0 -9999.0 -9999.0 -9999.0 -9999.0 -9999.0 -9999.0 -9999.0 -9999.0 -9999.0 -9999.0 -9999.0 -9999.0 -9999.0 -9999.0 -9999.0 -9999.0 -9999.0 -9999.0 -9999.0 -9999.0 -9999.0 -9999.0 -9999.0 -9999.0 -9999.0
nan nan nan nan nan nan nan nan nan nan nan nan nan nan nan nan nan nan nan nan nan nan nan nan nan nan nan nan nan nan nan nan 15.7 25.9 26.4 27.0 nan nan nan 18.5 13.6 15.9 nan nan 25.2 25.1 24.9 24.7 24.5 24.3 24.2 24.3 24.6 25.0 25.5 26.0 26.5 27.0 -9999.0 -9999.0 -9999.0 -9999.0 -9999.0 -9999.0 -9999.0 -9999.0 -9999.0 -9999.0 -9999.0 -9999.0 -9999.0 -9999.0 -9999.0 -9999.0 -9999.0 -9999.0 -9999.0 -9999.0 -9999.0 -9999.0 -9999.0 -9999.0 nan nan nan -9999.0 -9999.0 -9999.0 -9999.0 -9999.0
nan nan nan nan nan nan nan nan nan nan nan nan nan nan nan nan nan nan nan nan nan nan nan nan nan nan nan nan nan nan nan nan 25.2 25.9 26.4 27.0 nan nan nan nan 15.6 15.5 25.0 nan 24.4 25.2 25.2 24.9 24.7 24.5 24.5 24.6 24.8 25.2 25.8 26.4 27.0 27.5 -9999.0 -9999.0 -9999.0 -9999.0 -9999.0 -9999.0 -9999.0 -9999.0 -9999.0 -9999.0 -9999.0 -9999.0 -9999.0 -9999.0 -9999.0 -9999.0 -9999.0 -9999.0 -9999.0 -9999.0 -9999.0 -9999.0 nan nan nan nan nan nan nan nan -9999.0 -9999.0
nan nan nan nan nan nan nan nan nan nan nan nan nan nan nan nan nan nan nan nan nan nan nan nan nan nan nan nan nan nan nan nan nan 25.9 26.6 27.3 nan nan nan nan 20.1 18.0 22.5 18.5 nan 25.5 25.5 25.1 24.9 24.8 24.8 24.9 25.1 25.4 26.1 26.7 27.2 27.9 -9999.0 -9999.0 -9999.0 -9999.0 -9999.0 -9999.0 -9999.0 -9999.0 -9999.0 -9999.0 -9999.0 nan nan nan nan nan nan nan nan nan nan nan nan nan nan nan nan nan nan nan nan nan
nan nan nan nan nan nan nan nan nan nan nan nan nan nan nan nan nan nan nan nan nan nan nan nan nan nan nan nan nan nan nan nan nan 26.0 26.6 27.5 27.4 nan nan nan 25.5 18.5 19.9 25.5 nan nan 25.2 25.1 25.0 24.9 24.9 25.0 25.2 25.6 26.2 26.9 27.4 27.9 -9999.0 -9999.0 -9999.0 -9999.0 -9999.0 -9999.0 -9999.0 -9999.0 -9999.0 -9999.0 nan nan nan nan nan nan nan nan nan nan nan nan nan nan nan nan nan nan nan nan nan nan
