data/output/RUN203/ECOSPACE/ECOSPACE_in_PAR3/PAR-VarZ-VarK/PAR-VarZ-VarK_2001_07.asc
ncols        93
nrows        151 
xllcorner    -123.80739
yllcorner    48.29471 
cellsize     0.013497347 
NODATA_value  0.0
[rows 80 to 119 of 151, columns 0 to 89 of 93]
nan nan nan nan nan nan nan nan nan nan nan nan nan nan nan nan nan nan nan nan nan nan nan 29.0 28.7 28.8 30.6 30.5 30.1 29.6 29.0 28.4 27.8 27.1 26.4 25.7 25.1 24.6 24.1 23.7 23.3 23.0 22.7 22.4 22.0 21.5 21.0 20.5 20.0 19.5 19.1 18.6 18.0 17.5 nan nan nan nan nan nan nan nan nan nan nan nan 14.7 14.7 14.7 14.7 nan 14.4 14.3 14.3 14.2 14.2 14.1 14.0 13.9 14.1 14.4 14.5 14.2 nan nan nan nan nan nan nan
nan nan nan nan nan nan nan nan nan nan nan nan nan nan nan nan nan nan nan nan nan nan nan nan nan nan 30.5 30.6 30.4 30.0 29.4 28.8 28.2 27.5 26.8 26.1 25.5 24.9 24.4 24.0 23.6 23.3 23.0 22.7 22.2 21.8 21.2 20.8 20.3 19.8 19.3 18.7 18.2 17.7 17.1 nan nan nan nan nan nan nan nan nan nan nan 14.9 14.9 nan nan nan nan nan 14.4 14.4 14.4 nan 14.0 14.1 14.4 14.6 14.6 nan nan nan nan nan nan nan nan
nan nan nan nan nan nan nan nan nan nan nan nan nan nan nan nan nan nan nan nan nan nan nan nan nan nan nan 30.5 30.4 30.2 29.8 29.2 28.6 27.9 27.2 26.5 25.9 25.3 24.8 24.3 23.9 23.5 23.2 22.9 22.5 22.0 21.5 21.1 20.6 20.1 19.5 18.9 18.4 17.9 17.3 16.9 nan nan nan nan nan nan nan nan nan 15.0 15.1 nan nan nan nan nan nan 14.5 14.5 14.4 nan 14.2 14.4 14.6 14.7 nan nan nan nan nan nan nan nan nan
nan nan nan nan nan nan nan nan nan nan nan nan nan nan nan nan nan nan nan nan nan nan nan nan nan nan nan nan 28.7 30.0 30.1 29.6 29.0 28.3 27.6 26.9 26.3 25.7 25.1 24.6 24.1 23.8 23.5 23.1 22.8 22.3 21.8 21.3 20.8 20.3 19.8 19.2 18.7 18.1 17.6 17.1 16.8 nan nan nan nan nan nan nan nan 15.1 15.1 nan nan nan nan nan nan 14.5 14.5 14.5 14.8 15.0 14.8 14.7 nan nan nan nan nan nan nan nan nan nan
nan nan nan nan nan nan nan nan nan nan nan nan nan nan nan nan nan nan nan nan nan nan nan nan nan nan nan nan nan 16.0 30.4 30.0 29.4 28.7 28.0 27.3 26.6 26.0 25.4 24.8 24.4 23.9 23.6 23.3 22.9 22.4 22.0 21.5 21.1 20.6 20.1 19.5 19.0 18.4 17.9 17.4 16.9 16.6 nan nan nan nan nan nan 15.2 15.2 15.2 nan 15.2 15.1 15.0 nan nan 14.6 14.7 14.8 15.1 15.3 nan nan nan nan nan nan nan nan nan nan nan nan
nan nan nan nan nan nan nan nan nan nan nan nan nan nan nan nan nan nan nan nan nan nan nan nan nan nan nan nan nan nan 16.3 30.1 29.7 29.1 28.4 27.7 27.0 26.2 25.6 25.0 24.5 24.1 23.8 23.4 23.1 22.6 22.1 21.6 21.2 20.8 20.3 19.8 19.3 18.7 18.2 17.7 17.2 16.8 nan nan nan nan nan 15.4 15.4 15.4 15.3 15.3 15.2 15.1 15.0 10.6 nan 14.7 14.8 15.0 15.1 15.2 nan nan nan nan nan nan nan nan nan nan nan nan
nan nan nan nan nan nan nan nan nan nan nan nan nan nan nan nan nan nan nan nan nan nan nan nan nan nan nan nan nan nan nan 27.9 29.8 29.4 28.8 28.1 27.3 26.5 25.8 25.2 24.7 24.3 23.9 23.6 23.2 22.8 22.2 21.8 21.3 20.9 20.5 20.1 19.6 19.1 18.6 18.0 17.5 17.1 16.6 nan nan 15.8 15.8 15.7 15.6 15.5 15.5 15.4 15.3 15.2 15.1 nan nan 14.9 15.0 15.1 15.2 15.1 nan nan nan nan nan nan nan nan nan nan nan nan
nan nan nan nan nan nan nan nan nan nan nan nan nan nan nan nan nan nan nan nan nan nan nan nan nan nan nan nan nan nan nan nan 30.0 29.5 29.0 28.3 27.5 26.7 26.0 25.4 24.9 24.4 24.0 23.7 23.3 22.9 22.4 21.9 21.5 21.1 20.8 20.4 20.0 19.5 19.0 18.4 17.9 17.4 17.0 16.5 16.2 16.1 16.0 nan 15.7 15.7 15.7 15.6 15.5 15.4 15.3 15.2 15.2 15.2 15.1 15.2 15.2 nan nan nan nan nan nan nan nan nan nan nan nan nan
nan nan nan nan nan nan nan nan nan nan nan nan nan nan nan nan nan nan nan nan nan nan nan nan nan nan nan nan nan nan 29.0 29.4 29.7 29.4 28.9 28.4 27.7 27.0 26.3 25.7 25.1 24.6 24.2 23.9 23.5 23.0 22.5 22.0 21.6 21.3 21.0 20.7 20.3 19.9 19.4 18.9 18.3 17.8 17.2 16.8 16.5 16.3 16.1 16.1 16.0 15.9 15.9 15.9 15.8 15.7 15.5 15.4 15.3 15.2 15.2 15.3 15.2 nan nan nan nan nan nan nan nan nan nan nan nan nan
nan nan nan nan nan nan nan nan nan nan nan nan nan nan nan nan nan nan nan nan nan nan nan nan nan nan nan nan nan nan nan nan 29.2 29.0 28.7 28.4 27.9 27.3 26.6 26.0 25.4 24.8 24.4 24.0 23.6 23.1 22.6 22.2 21.8 21.5 21.3 21.0 20.7 20.3 19.9 19.4 18.8 18.2 17.7 17.2 16.8 16.5 16.4 16.3 16.2 16.1 16.0 nan nan nan 15.6 15.5 15.4 15.3 15.3 15.3 nan nan nan nan nan nan nan nan nan nan nan nan nan nan
nan nan nan nan nan nan nan nan nan nan nan nan nan nan nan nan nan nan nan nan nan nan nan nan nan nan nan nan nan nan 18.6 16.7 28.9 28.7 28.5 28.2 28.1 27.7 27.0 26.3 25.7 25.1 24.6 24.1 23.6 23.2 22.7 22.3 22.0 21.8 21.6 21.3 21.0 20.7 20.3 19.9 19.4 18.8 18.2 17.6 17.2 16.8 16.6 16.5 nan nan nan nan nan nan nan 15.7 15.5 15.4 15.4 15.3 nan nan nan nan nan nan nan nan nan nan nan nan nan nan
nan nan nan nan nan nan nan nan nan nan nan nan nan nan nan nan nan nan nan nan nan nan nan nan nan nan nan nan nan nan 17.0 28.2 28.8 28.9 28.5 17.3 28.1 28.0 27.2 26.6 26.0 25.4 24.9 24.3 23.8 23.3 22.9 22.5 22.2 22.1 21.9 21.6 21.4 21.1 20.7 20.3 19.8 19.3 18.7 18.1 17.6 17.1 16.8 nan nan nan nan nan nan 15.6 15.7 15.7 15.5 15.4 15.4 nan nan nan nan nan nan nan nan nan nan nan nan nan nan nan
nan nan nan nan nan nan nan nan nan nan nan nan nan nan nan nan nan nan nan nan nan nan nan nan nan nan nan nan nan nan 18.7 27.4 29.0 29.2 nan nan nan 27.6 27.2 26.7 26.2 25.6 25.0 24.5 23.9 23.4 23.0 22.7 22.5 22.3 22.1 22.0 21.7 21.5 21.1 20.7 20.3 19.8 19.2 18.6 18.0 17.5 17.1 nan nan nan nan nan 15.8 15.8 15.7 15.7 15.6 15.4 nan nan nan nan nan nan nan nan nan nan nan nan nan nan nan nan
nan nan nan nan nan nan nan nan nan nan nan nan nan nan nan nan nan nan nan nan nan nan nan nan nan nan nan nan nan nan 18.6 16.1 29.4 29.4 nan nan nan 25.8 27.1 26.8 26.4 25.8 25.2 24.6 24.1 23.6 23.2 22.9 22.7 22.6 22.4 22.3 22.1 21.8 21.5 21.1 20.7 20.3 19.7 19.1 18.5 17.9 17.3 16.6 16.2 nan 15.9 15.9 15.9 15.9 15.8 15.8 nan nan nan nan nan nan nan nan nan nan nan nan nan nan nan nan nan nan
nan nan nan nan nan nan nan nan nan nan nan nan nan nan nan nan nan nan nan nan nan nan nan nan nan nan nan nan nan nan nan nan 29.5 25.3 nan nan nan nan 26.9 27.0 26.7 26.1 25.4 24.8 24.2 23.7 23.3 23.1 22.9 22.8 22.7 22.6 22.4 22.1 21.9 21.5 21.2 20.8 20.3 19.7 19.0 18.3 17.6 16.9 16.6 16.3 16.1 16.0 15.9 15.9 15.8 nan nan nan nan nan nan nan nan nan nan nan nan nan nan nan nan nan nan nan
nan nan nan nan nan nan nan nan nan nan nan nan nan nan nan nan nan nan nan nan nan nan nan nan nan nan nan nan nan nan nan nan nan 23.5 14.5 nan nan nan 16.6 27.5 27.2 26.6 25.8 25.0 24.4 23.9 23.5 23.2 23.1 23.0 22.9 22.8 22.7 22.5 22.2 22.0 21.7 21.3 20.8 20.2 19.5 18.8 18.0 17.4 16.9 16.5 16.2 16.1 16.0 15.9 15.8 nan nan nan nan nan nan nan nan nan nan nan nan nan nan nan nan nan nan nan
nan nan nan nan nan nan nan nan nan nan nan nan nan nan nan nan nan nan nan nan nan nan nan nan nan nan nan nan nan nan nan nan nan nan 18.0 25.4 nan nan nan nan 27.6 27.3 26.2 25.3 24.6 24.0 23.6 23.3 23.2 23.1 23.1 23.1 23.0 22.8 22.6 22.4 22.2 21.8 21.4 20.8 20.1 19.3 18.5 17.8 17.1 16.7 16.4 16.2 16.1 16.0 15.9 15.8 nan nan nan nan nan nan nan nan nan nan nan nan nan nan nan nan nan nan
nan nan nan nan nan nan nan nan nan nan nan nan nan nan nan nan nan nan nan nan nan nan nan nan nan nan nan nan nan nan nan nan nan nan nan 20.1 18.8 nan nan nan nan 26.2 26.4 25.5 24.8 24.2 23.7 23.4 23.3 23.3 23.3 23.2 23.2 23.1 23.0 22.9 22.6 22.3 21.9 21.2 20.5 19.7 18.8 18.0 17.4 16.9 16.6 16.4 16.2 16.1 16.0 15.9 15.8 11.0 nan nan nan nan nan nan nan nan nan nan nan nan nan nan nan nan
nan nan nan nan nan nan nan nan nan nan nan nan nan nan nan nan nan nan nan nan nan nan nan nan nan nan nan nan nan nan nan nan nan nan 17.2 22.5 26.7 26.6 nan 18.7 nan 23.9 26.1 25.5 24.9 24.3 23.8 23.5 23.4 23.4 23.4 23.4 23.4 23.4 23.3 23.2 23.1 22.8 22.3 21.7 20.9 20.0 19.1 18.2 17.5 17.0 16.7 16.5 16.3 16.1 16.0 15.9 15.8 15.7 nan nan nan nan nan nan nan nan nan nan nan nan nan nan nan nan
nan nan nan nan nan nan nan nan nan nan nan nan nan nan nan nan nan nan nan nan nan nan nan nan nan nan nan nan nan nan nan nan nan nan 26.6 26.8 27.3 26.9 20.9 24.2 25.6 22.9 26.4 25.5 24.9 24.3 23.9 23.6 23.5 23.5 23.5 23.5 23.6 23.6 23.6 23.6 23.5 23.2 22.7 22.0 21.1 20.1 19.2 18.3 17.6 17.0 16.4 16.4 15.7 16.3 16.0 15.9 15.9 15.8 15.8 nan nan nan nan nan nan nan nan nan nan nan nan nan nan nan
nan nan nan nan nan nan nan nan nan nan nan nan nan nan nan nan nan nan nan nan nan nan nan nan nan nan nan nan nan nan nan nan nan nan 26.8 27.0 27.2 27.3 27.5 nan 25.5 25.6 26.2 25.6 25.0 24.4 24.0 23.7 23.6 23.6 23.6 23.7 23.8 23.8 23.9 23.9 23.8 23.6 23.1 22.2 21.3 20.2 -9999.0 -9999.0 -9999.0 -9999.0 -9999.0 -9999.0 -9999.0 12.2 16.1 15.9 15.9 15.7 15.8 nan nan nan nan nan nan nan nan nan nan nan nan nan nan -9999.0
nan nan nan nan nan nan nan nan nan nan nan nan nan nan nan nan nan nan nan nan nan nan nan nan nan nan nan nan nan nan nan nan nan nan 26.8 26.9 27.0 26.9 26.8 nan nan 26.6 26.3 25.8 25.1 24.6 24.1 23.9 23.7 23.7 23.8 23.9 24.0 24.1 24.2 24.2 24.2 24.0 23.4 22.5 21.4 -9999.0 -9999.0 -9999.0 -9999.0 -9999.0 -9999.0 -9999.0 -9999.0 nan 14.7 16.0 16.1 15.5 nan nan nan nan nan nan nan nan nan nan nan nan nan nan nan -9999.0
nan nan nan nan nan nan nan nan nan nan nan nan nan nan nan nan nan nan nan nan nan nan nan nan nan nan nan nan nan nan nan nan nan nan 26.5 26.5 26.5 26.7 27.2 nan 22.0 25.3 26.6 26.0 25.3 24.7 24.3 24.0 23.9 23.9 23.9 24.0 24.2 24.3 24.5 24.6 24.6 24.4 23.7 22.6 21.4 -9999.0 -9999.0 -9999.0 -9999.0 -9999.0 -9999.0 -9999.0 -9999.0 -9999.0 -9999.0 nan 11.8 11.8 nan nan nan nan nan nan nan nan nan nan nan nan nan nan nan -9999.0
nan nan nan nan nan nan nan nan nan nan nan nan nan nan nan nan nan nan nan nan nan nan nan nan nan nan nan nan nan nan nan nan nan nan 26.2 26.2 26.6 27.3 25.4 18.2 25.4 22.7 26.3 26.0 25.4 24.9 24.5 24.2 24.0 24.0 24.1 24.2 24.3 24.6 24.8 25.0 25.0 24.6 23.9 22.7 -9999.0 -9999.0 -9999.0 -9999.0 -9999.0 -9999.0 -9999.0 -9999.0 -9999.0 -9999.0 -9999.0 nan nan nan nan nan nan nan nan nan nan nan nan nan nan nan nan nan nan -9999.0
nan nan nan nan nan nan nan nan nan nan nan nan nan nan nan nan nan nan nan nan nan nan nan nan nan nan nan nan nan nan nan nan 25.3 25.8 26.1 26.5 27.2 28.2 28.6 28.8 nan 26.9 26.4 26.0 25.5 25.0 24.7 24.4 24.2 24.2 24.2 24.3 24.5 24.8 25.1 25.3 25.3 24.9 24.0 -9999.0 -9999.0 -9999.0 -9999.0 -9999.0 -9999.0 -9999.0 -9999.0 -9999.0 -9999.0 -9999.0 -9999.0 -9999.0 nan nan nan nan nan nan nan nan nan nan nan nan nan nan nan nan nan -9999.0
nan nan nan nan nan nan nan nan nan nan nan nan nan nan nan nan nan nan nan nan nan nan nan nan nan nan nan nan nan 19.0 nan nan 26.3 26.3 26.4 26.8 27.8 29.0 30.1 nan nan 26.6 26.5 26.1 25.7 25.3 24.9 24.6 24.4 24.4 24.4 24.5 24.8 25.1 25.4 25.5 25.5 25.1 24.3 -9999.0 -9999.0 -9999.0 -9999.0 -9999.0 -9999.0 -9999.0 -9999.0 -9999.0 -9999.0 -9999.0 -9999.0 -9999.0 -9999.0 -9999.0 nan nan nan nan nan nan nan nan nan nan nan nan nan nan nan -9999.0
nan nan nan nan nan nan nan nan nan nan nan nan nan nan nan nan nan nan nan nan nan nan nan nan nan nan nan nan nan 15.6 15.6 nan 26.7 27.0 26.0 24.3 27.2 28.8 29.4 28.6 nan 26.6 26.7 26.5 26.0 25.6 25.2 24.9 24.6 24.6 24.6 24.7 25.0 25.4 25.6 25.8 25.8 25.5 -9999.0 -9999.0 -9999.0 -9999.0 -9999.0 -9999.0 -9999.0 -9999.0 -9999.0 -9999.0 -9999.0 -9999.0 -9999.0 -9999.0 -9999.0 -9999.0 -9999.0 nan nan nan nan nan nan nan nan nan nan nan nan nan nan -9999.0
nan nan nan nan nan nan nan nan nan nan nan nan nan nan nan nan nan nan nan nan nan nan nan nan nan nan nan nan nan 16.5 26.7 26.8 27.2 27.6 28.1 nan 17.1 28.4 28.7 29.0 nan 26.1 27.0 26.9 26.5 25.9 25.5 25.1 24.9 24.8 24.9 25.0 25.3 25.7 26.0 26.1 26.1 25.8 -9999.0 -9999.0 -9999.0 -9999.0 -9999.0 -9999.0 -9999.0 -9999.0 -9999.0 -9999.0 -9999.0 -9999.0 -9999.0 -9999.0 -9999.0 -9999.0 -9999.0 -9999.0 nan nan nan nan nan nan nan nan nan nan nan nan nan -9999.0
nan nan nan nan nan nan nan nan nan nan nan nan nan nan nan nan nan nan nan nan nan nan nan nan nan nan nan nan nan nan 26.4 26.6 27.1 27.8 27.6 nan nan 28.2 28.5 28.9 nan 24.6 25.8 27.0 26.8 26.3 25.8 25.5 25.3 25.2 25.2 25.4 25.7 26.0 26.3 26.3 26.4 26.1 -9999.0 -9999.0 -9999.0 -9999.0 -9999.0 -9999.0 -9999.0 -9999.0 -9999.0 -9999.0 -9999.0 -9999.0 -9999.0 -9999.0 -9999.0 -9999.0 -9999.0 -9999.0 -9999.0 nan nan nan nan nan nan nan nan nan nan nan nan -9999.0
nan nan nan nan nan nan nan nan nan nan nan nan nan nan nan nan nan nan nan nan nan nan nan nan nan nan nan nan nan nan 24.3 26.6 27.2 27.8 25.2 nan 19.3 23.5 25.8 16.4 25.1 20.3 22.6 26.4 26.9 26.6 26.2 25.9 25.7 25.6 25.6 25.8 26.0 26.3 26.5 26.4 26.4 25.9 -9999.0 -9999.0 -9999.0 -9999.0 -9999.0 -9999.0 -9999.0 -9999.0 -9999.0 -9999.0 -9999.0 -9999.0 -9999.0 -9999.0 -9999.0 -9999.0 -9999.0 -9999.0 -9999.0 -9999.0 nan nan nan nan nan nan nan nan nan nan nan -9999.0
nan nan nan nan nan nan nan nan nan nan nan nan nan nan nan nan nan nan nan nan nan nan nan nan nan nan nan nan nan nan 24.2 26.2 27.2 27.8 27.6 19.4 nan 25.7 21.9 17.5 21.8 nan 27.2 27.5 27.3 26.9 26.6 26.3 26.1 26.0 26.0 26.2 26.4 26.5 26.7 26.6 25.9 20.4 -9999.0 -9999.0 -9999.0 -9999.0 -9999.0 -9999.0 -9999.0 -9999.0 -9999.0 -9999.0 -9999.0 -9999.0 -9999.0 -9999.0 -9999.0 -9999.0 -9999.0 -9999.0 -9999.0 -9999.0 -9999.0 -9999.0 nan nan nan nan nan nan nan nan nan -9999.0
nan nan nan nan nan nan nan nan nan nan nan nan nan nan nan nan nan nan nan nan nan nan nan nan nan nan nan nan nan nan nan 26.7 27.2 27.8 28.4 nan nan 22.2 22.1 21.8 nan nan 27.7 27.8 27.6 27.3 27.0 26.7 26.5 26.5 26.5 26.6 26.8 26.9 27.0 26.9 25.3 21.9 -9999.0 -9999.0 -9999.0 -9999.0 -9999.0 -9999.0 -9999.0 -9999.0 -9999.0 -9999.0 -9999.0 nan nan nan -9999.0 -9999.0 -9999.0 -9999.0 -9999.0 -9999.0 -9999.0 -9999.0 -9999.0 -9999.0 -9999.0 -9999.0 -9999.0 nan nan nan -9999.0 -9999.0
nan nan nan nan nan nan nan nan nan nan nan nan nan nan nan nan nan nan nan nan nan nan nan nan nan nan nan nan nan nan nan 26.4 27.2 27.9 28.6 nan 17.0 21.2 27.8 19.5 nan nan 27.8 28.0 27.9 27.6 27.3 27.1 26.9 26.9 26.9 27.0 27.1 27.1 27.3 27.4 27.0 23.6 -9999.0 -9999.0 -9999.0 -9999.0 -9999.0 -9999.0 -9999.0 -9999.0 -9999.0 -9999.0 -9999.0 nan nan nan nan nan -9999.0 -9999.0 -9999.0 -9999.0 -9999.0 -9999.0 -9999.0 -9999.0 -9999.0 -9999.0 -9999.0 -9999.0 -9999.0 -9999.0 -9999.0 -9999.0
nan nan nan nan nan nan nan nan nan nan nan nan nan nan nan nan nan nan nan nan nan nan nan nan nan nan nan nan nan nan nan 19.1 27.1 27.9 28.4 28.2 25.8 23.3 19.3 15.4 19.7 nan 27.8 28.1 28.1 28.0 27.7 27.5 27.4 27.3 27.3 27.4 27.4 27.4 27.6 27.7 27.6 23.1 -9999.0 -9999.0 -9999.0 -9999.0 -9999.0 -9999.0 -9999.0 -9999.0 -9999.0 -9999.0 -9999.0 -9999.0 -9999.0 -9999.0 -9999.0 -9999.0 -9999.0 -9999.0 -9999.0 -9999.0 -9999.0 -9999.0 -9999.0 -9999.0 -9999.0 -9999.0 -9999.0 -9999.0 -9999.0 -9999.0 -9999.0 -9999.0
nan nan nan nan nan nan nan nan nan nan nan nan nan nan nan nan nan nan nan nan nan nan nan nan nan nan nan nan nan nan nan 19.1 27.0 27.9 28.9 29.6 29.8 nan 19.7 23.0 15.5 nan 27.7 28.2 28.4 28.4 28.1 27.9 27.8 27.7 27.7 27.7 27.7 27.7 27.8 27.9 27.9 22.6 -9999.0 -9999.0 -9999.0 -9999.0 -9999.0 -9999.0 -9999.0 -9999.0 -9999.0 -9999.0 -9999.0 -9999.0 -9999.0 -9999.0 -9999.0 -9999.0 -9999.0 -9999.0 -9999.0 -9999.0 -9999.0 -9999.0 -9999.0 -9999.0 -9999.0 -9999.0 -9999.0 -9999.0 -9999.0 -9999.0 -9999.0 -9999.0
nan nan nan nan nan nan nan nan nan nan nan nan nan nan nan nan nan nan nan nan nan nan nan nan nan nan nan nan nan nan nan 19.2 25.4 27.8 29.0 29.8 30.0 nan nan 21.5 19.5 nan nan 28.3 28.7 28.6 28.5 28.3 28.2 28.1 28.0 28.0 28.0 28.1 28.1 28.1 28.1 22.3 -9999.0 -9999.0 -9999.0 -9999.0 -9999.0 -9999.0 -9999.0 -9999.0 -9999.0 -9999.0 -9999.0 -9999.0 -9999.0 -9999.0 -9999.0 -9999.0 -9999.0 -9999.0 -9999.0 -9999.0 -9999.0 -9999.0 -9999.0 -9999.0 -9999.0 -9999.0 -9999.0 -9999.0 -9999.0 -9999.0 -9999.0 -9999.0
nan nan nan nan nan nan nan nan nan nan nan nan nan nan nan nan nan nan nan nan nan nan nan nan nan nan nan nan nan nan nan nan 18.2 28.2 29.1 30.0 nan nan nan 23.3 18.3 20.7 nan nan 28.4 28.6 28.5 28.4 28.3 28.3 28.3 28.3 28.4 28.4 28.4 28.4 28.4 27.3 -9999.0 -9999.0 -9999.0 -9999.0 -9999.0 -9999.0 -9999.0 -9999.0 -9999.0 -9999.0 -9999.0 -9999.0 -9999.0 -9999.0 -9999.0 -9999.0 -9999.0 -9999.0 -9999.0 -9999.0 -9999.0 -9999.0 -9999.0 -9999.0 nan nan nan -9999.0 -9999.0 -9999.0 -9999.0 -9999.0
nan nan nan nan nan nan nan nan nan nan nan nan nan nan nan nan nan nan nan nan nan nan nan nan nan nan nan nan nan nan nan nan 27.4 28.2 29.2 30.0 nan nan nan nan 20.6 20.7 31.7 nan 28.1 28.6 28.8 28.6 28.5 28.5 28.5 28.6 28.7 28.8 28.8 28.9 28.8 29.1 -9999.0 -9999.0 -9999.0 -9999.0 -9999.0 -9999.0 -9999.0 -9999.0 -9999.0 -9999.0 -9999.0 -9999.0 -9999.0 -9999.0 -9999.0 -9999.0 -9999.0 -9999.0 -9999.0 -9999.0 -9999.0 -9999.0 nan nan nan nan nan nan nan nan -9999.0 -9999.0
nan nan nan nan nan nan nan nan nan nan nan nan nan nan nan nan nan nan nan nan nan nan nan nan nan nan nan nan nan nan nan nan nan 28.3 29.4 30.4 nan nan nan nan 25.0 22.8 28.3 22.1 nan 29.0 29.3 29.0 28.9 28.9 28.8 28.9 29.1 29.2 29.3 29.4 29.1 29.5 -9999.0 -9999.0 -9999.0 -9999.0 -9999.0 -9999.0 -9999.0 -9999.0 -9999.0 -9999.0 -9999.0 nan nan nan nan nan nan nan nan nan nan nan nan nan nan nan nan nan nan nan nan nan
nan nan nan nan nan nan nan nan nan nan nan nan nan nan nan nan nan nan nan nan nan nan nan nan nan nan nan nan nan nan nan nan nan 28.4 29.4 30.7 30.8 nan nan nan 29.7 24.5 25.3 32.4 nan nan 29.1 29.1 29.1 29.1 29.1 29.1 29.3 29.4 29.6 29.9 29.9 30.2 -9999.0 -9999.0 -9999.0 -9999.0 -9999.0 -9999.0 -9999.0 -9999.0 -9999.0 -9999.0 nan nan nan nan nan nan nan nan nan nan nan nan nan nan nan nan nan nan nan nan nan nan
