data/output/RUN203/ECOSPACE/ECOSPACE_in_PAR3/PAR-VarZ-VarK/PAR-VarZ-VarK_2001_04.asc
ncols        93
nrows        151 
xllcorner    -123.80739
yllcorner    48.29471 
cellsize     0.013497347 
NODATA_value  0.0
[rows 80 to 119 of 151, columns 0 to 89 of 93]
nan nan nan nan nan nan nan nan nan nan nan nan nan nan nan nan nan nan nan nan nan nan nan 43.3 43.3 44.5 47.1 48.2 47.8 47.0 46.2 45.1 44.0 42.5 41.0 39.5 38.3 37.2 36.5 35.7 35.0 34.8 34.3 33.7 33.1 32.2 31.2 30.2 29.0 27.6 26.1 24.6 23.4 22.5 nan nan nan nan nan nan nan nan nan nan nan nan 18.2 18.6 18.7 18.8 nan 18.4 18.3 18.4 18.5 18.7 18.7 18.4 18.3 18.5 18.9 19.1 19.1 nan nan nan nan nan nan nan
nan nan nan nan nan nan nan nan nan nan nan nan nan nan nan nan nan nan nan nan nan nan nan nan nan nan 48.7 48.7 48.3 47.7 47.0 45.9 44.5 43.2 41.6 40.1 38.8 37.5 36.7 35.8 35.2 34.8 34.4 33.8 33.1 32.4 31.5 30.4 29.3 28.1 26.8 25.4 24.2 23.0 22.0 nan nan nan nan nan nan nan nan nan nan nan 18.6 18.8 nan nan nan nan nan 18.6 18.8 19.1 nan 18.6 18.8 19.1 19.5 19.9 nan nan nan nan nan nan nan nan
nan nan nan nan nan nan nan nan nan nan nan nan nan nan nan nan nan nan nan nan nan nan nan nan nan nan nan 48.7 48.3 48.6 47.8 46.8 45.4 43.8 42.3 40.8 39.2 37.9 37.1 36.2 35.4 34.7 34.2 33.6 33.0 32.4 31.7 30.8 29.7 28.5 27.4 26.1 24.9 23.7 22.6 21.7 nan nan nan nan nan nan nan nan nan 18.7 19.1 nan nan nan nan nan nan 18.6 18.9 19.1 nan 19.0 19.5 19.8 20.0 nan nan nan nan nan nan nan nan nan
nan nan nan nan nan nan nan nan nan nan nan nan nan nan nan nan nan nan nan nan nan nan nan nan nan nan nan nan 47.5 48.2 48.6 47.6 46.2 44.6 43.0 41.4 39.8 38.4 37.4 36.5 35.6 34.8 34.2 33.5 32.9 32.3 31.6 30.8 29.8 28.8 27.7 26.6 25.5 24.4 23.3 22.2 21.5 nan nan nan nan nan nan nan nan 18.8 19.2 nan nan nan nan nan nan 18.8 19.1 19.4 19.8 20.3 20.2 20.0 nan nan nan nan nan nan nan nan nan nan
nan nan nan nan nan nan nan nan nan nan nan nan nan nan nan nan nan nan nan nan nan nan nan nan nan nan nan nan nan 14.7 48.9 48.2 46.8 45.3 43.8 42.2 40.4 39.0 37.8 36.7 35.8 35.0 34.1 33.4 32.7 32.1 31.5 30.6 29.8 29.0 28.0 27.0 25.9 24.9 23.9 22.8 22.0 21.4 nan nan nan nan nan nan 18.9 19.2 19.4 nan 19.9 19.9 20.0 nan nan 18.9 19.4 19.8 20.3 20.9 nan nan nan nan nan nan nan nan nan nan nan nan
nan nan nan nan nan nan nan nan nan nan nan nan nan nan nan nan nan nan nan nan nan nan nan nan nan nan nan nan nan nan 16.1 48.1 47.5 45.9 44.3 42.8 41.1 39.6 38.2 37.1 36.1 35.1 34.2 33.4 32.6 31.9 31.2 30.5 29.7 29.0 28.1 27.2 26.3 25.5 24.4 23.5 22.6 21.9 nan nan nan nan nan 19.3 19.5 19.8 19.9 20.0 20.0 20.0 19.9 10.9 nan 19.1 19.6 20.1 20.5 20.8 nan nan nan nan nan nan nan nan nan nan nan nan
nan nan nan nan nan nan nan nan nan nan nan nan nan nan nan nan nan nan nan nan nan nan nan nan nan nan nan nan nan nan nan 46.5 47.1 46.4 45.0 43.5 41.8 40.3 38.8 37.5 36.3 35.2 34.2 33.3 32.4 31.7 30.9 30.1 29.5 28.8 28.2 27.5 26.8 26.0 25.1 24.2 23.3 22.5 21.8 nan nan 20.1 20.5 20.4 20.3 20.5 20.6 20.5 20.4 20.2 20.1 nan nan 19.5 20.0 20.4 20.8 20.9 nan nan nan nan nan nan nan nan nan nan nan nan
nan nan nan nan nan nan nan nan nan nan nan nan nan nan nan nan nan nan nan nan nan nan nan nan nan nan nan nan nan nan nan nan 47.8 46.6 45.2 43.9 42.5 41.0 39.4 38.0 36.7 35.4 34.2 33.1 32.2 31.4 30.7 29.9 29.2 28.6 28.1 27.7 27.2 26.6 25.9 25.0 24.1 23.4 22.7 21.9 21.5 21.3 21.5 nan 21.0 21.3 21.4 21.4 21.2 21.0 20.6 20.2 20.1 20.2 20.4 20.7 20.9 nan nan nan nan nan nan nan nan nan nan nan nan nan
nan nan nan nan nan nan nan nan nan nan nan nan nan nan nan nan nan nan nan nan nan nan nan nan nan nan nan nan nan nan 47.8 47.8 47.3 46.4 45.4 44.3 43.0 41.7 40.2 38.6 37.1 35.7 34.3 33.1 32.1 31.2 30.5 29.7 29.0 28.5 28.2 27.9 27.6 27.2 26.6 25.9 25.2 24.5 23.9 23.4 22.9 22.4 22.2 22.1 22.1 22.4 22.6 22.4 22.1 22.0 21.4 20.8 20.7 20.7 20.8 21.0 21.0 nan nan nan nan nan nan nan nan nan nan nan nan nan
nan nan nan nan nan nan nan nan nan nan nan nan nan nan nan nan nan nan nan nan nan nan nan nan nan nan nan nan nan nan nan nan 46.8 46.0 45.3 44.7 43.8 42.4 40.9 39.2 37.6 36.0 34.5 33.2 32.1 31.1 30.3 29.5 28.9 28.5 28.3 28.2 28.0 27.7 27.3 26.7 26.1 25.6 25.1 24.5 23.9 23.2 22.9 22.9 22.7 22.8 23.0 nan nan nan 21.6 21.2 21.1 21.0 21.1 21.2 nan nan nan nan nan nan nan nan nan nan nan nan nan nan
nan nan nan nan nan nan nan nan nan nan nan nan nan nan nan nan nan nan nan nan nan nan nan nan nan nan nan nan nan nan 14.9 13.8 45.5 45.3 45.2 45.1 44.4 43.2 41.6 39.9 38.2 36.4 34.8 33.3 32.2 31.1 30.2 29.5 28.9 28.6 28.5 28.4 28.4 28.3 28.0 27.6 27.1 26.6 26.0 25.4 24.7 23.9 23.3 23.1 nan nan nan nan nan nan nan 21.5 21.4 21.2 21.3 21.3 nan nan nan nan nan nan nan nan nan nan nan nan nan nan
nan nan nan nan nan nan nan nan nan nan nan nan nan nan nan nan nan nan nan nan nan nan nan nan nan nan nan nan nan nan 16.2 44.5 45.3 45.3 45.4 18.7 44.4 43.5 42.2 40.6 38.8 36.9 35.1 33.6 32.3 31.2 30.3 29.6 29.0 28.8 28.7 28.8 28.9 28.9 28.8 28.5 28.0 27.5 26.8 26.0 25.1 24.2 23.5 nan nan nan nan nan nan 21.2 21.4 21.5 21.4 21.4 21.4 nan nan nan nan nan nan nan nan nan nan nan nan nan nan nan
nan nan nan nan nan nan nan nan nan nan nan nan nan nan nan nan nan nan nan nan nan nan nan nan nan nan nan nan nan nan 14.9 42.0 44.8 45.2 nan nan nan 43.5 43.1 41.4 39.6 37.6 35.7 34.0 32.7 31.5 30.5 29.7 29.3 29.1 29.1 29.2 29.4 29.5 29.5 29.3 29.0 28.5 27.7 26.8 25.8 24.8 24.0 nan nan nan nan nan 21.4 21.4 21.5 21.6 21.4 21.3 nan nan nan nan nan nan nan nan nan nan nan nan nan nan nan nan
nan nan nan nan nan nan nan nan nan nan nan nan nan nan nan nan nan nan nan nan nan nan nan nan nan nan nan nan nan nan 14.7 15.0 43.7 44.8 nan nan nan 41.7 42.8 42.5 40.6 38.5 36.4 34.6 33.1 31.8 30.8 30.0 29.6 29.5 29.5 29.7 30.0 30.1 30.1 30.0 29.8 29.4 28.7 27.8 26.7 25.6 24.6 23.1 22.6 nan 21.5 21.6 21.7 21.6 21.6 21.6 nan nan nan nan nan nan nan nan nan nan nan nan nan nan nan nan nan nan
nan nan nan nan nan nan nan nan nan nan nan nan nan nan nan nan nan nan nan nan nan nan nan nan nan nan nan nan nan nan nan nan 44.0 36.9 nan nan nan nan 42.1 42.7 41.5 39.3 37.2 35.2 33.6 32.3 31.2 30.5 30.0 29.9 29.9 30.2 30.5 30.7 30.8 30.8 30.6 30.2 29.6 28.8 27.9 26.7 25.6 24.5 23.5 22.7 22.2 21.9 21.8 21.7 21.6 nan nan nan nan nan nan nan nan nan nan nan nan nan nan nan nan nan nan nan
nan nan nan nan nan nan nan nan nan nan nan nan nan nan nan nan nan nan nan nan nan nan nan nan nan nan nan nan nan nan nan nan nan 42.1 23.1 nan nan nan 14.4 43.8 42.3 40.3 38.1 36.0 34.3 32.9 31.8 30.9 30.5 30.3 30.4 30.7 31.0 31.3 31.5 31.5 31.4 31.0 30.4 29.7 28.9 27.8 26.8 25.7 24.5 23.5 22.8 22.3 22.0 21.8 21.5 nan nan nan nan nan nan nan nan nan nan nan nan nan nan nan nan nan nan nan
nan nan nan nan nan nan nan nan nan nan nan nan nan nan nan nan nan nan nan nan nan nan nan nan nan nan nan nan nan nan nan nan nan nan 22.9 39.7 nan nan nan nan 42.8 41.5 39.2 37.0 35.2 33.6 32.4 31.5 31.0 30.8 30.8 31.1 31.5 31.8 32.1 32.1 32.0 31.7 31.2 30.6 29.9 28.9 27.8 26.6 25.3 24.1 23.1 22.4 21.9 21.7 21.5 21.4 nan nan nan nan nan nan nan nan nan nan nan nan nan nan nan nan nan nan
nan nan nan nan nan nan nan nan nan nan nan nan nan nan nan nan nan nan nan nan nan nan nan nan nan nan nan nan nan nan nan nan nan nan nan 30.5 15.0 nan nan nan nan 40.0 40.3 38.0 35.9 34.3 33.0 32.1 31.5 31.3 31.3 31.6 32.0 32.4 32.6 32.7 32.6 32.4 31.9 31.4 30.8 29.9 28.7 27.4 26.0 24.6 23.3 22.5 22.0 21.6 21.5 21.5 21.5 10.7 nan nan nan nan nan nan nan nan nan nan nan nan nan nan nan nan
nan nan nan nan nan nan nan nan nan nan nan nan nan nan nan nan nan nan nan nan nan nan nan nan nan nan nan nan nan nan nan nan nan nan 18.0 23.9 39.7 39.7 nan 15.1 nan 38.8 39.4 38.3 36.5 34.8 33.6 32.6 32.1 31.8 31.9 32.1 32.5 32.9 33.1 33.2 33.1 33.0 32.6 32.1 31.4 30.6 29.4 28.0 26.3 24.7 23.4 22.7 22.2 21.7 21.5 21.4 21.4 21.3 nan nan nan nan nan nan nan nan nan nan nan nan nan nan nan nan
nan nan nan nan nan nan nan nan nan nan nan nan nan nan nan nan nan nan nan nan nan nan nan nan nan nan nan nan nan nan nan nan nan nan 40.1 39.6 40.0 33.5 19.1 36.4 38.4 33.2 38.8 38.8 37.2 35.6 34.2 33.2 32.6 32.3 32.3 32.7 33.1 33.4 33.7 33.7 33.7 33.5 33.2 32.7 32.1 31.1 29.8 28.3 26.4 24.6 23.3 22.8 22.4 22.2 21.6 21.5 21.4 21.5 21.8 nan nan nan nan nan nan nan nan nan nan nan nan nan nan nan
nan nan nan nan nan nan nan nan nan nan nan nan nan nan nan nan nan nan nan nan nan nan nan nan nan nan nan nan nan nan nan nan nan nan 40.4 40.4 40.3 39.3 34.0 nan 40.5 38.3 40.2 39.6 38.2 36.4 35.0 33.9 33.2 32.9 32.9 33.2 33.5 33.9 34.1 34.2 34.2 34.0 33.7 33.3 32.6 31.5 -9999.0 -9999.0 -9999.0 -9999.0 -9999.0 -9999.0 -9999.0 11.3 22.0 21.7 21.7 21.6 21.8 nan nan nan nan nan nan nan nan nan nan nan nan nan nan -9999.0
nan nan nan nan nan nan nan nan nan nan nan nan nan nan nan nan nan nan nan nan nan nan nan nan nan nan nan nan nan nan nan nan nan nan 40.3 40.3 40.4 40.3 40.4 nan nan 42.5 41.9 40.6 39.0 37.2 35.7 34.6 33.8 33.4 33.3 33.5 33.9 34.3 34.5 34.7 34.7 34.5 34.2 33.8 32.9 -9999.0 -9999.0 -9999.0 -9999.0 -9999.0 -9999.0 -9999.0 -9999.0 nan 12.9 22.0 22.1 21.5 nan nan nan nan nan nan nan nan nan nan nan nan nan nan nan -9999.0
nan nan nan nan nan nan nan nan nan nan nan nan nan nan nan nan nan nan nan nan nan nan nan nan nan nan nan nan nan nan nan nan nan nan 40.2 40.2 40.3 40.4 38.9 nan 35.3 38.5 42.2 41.2 39.6 38.0 36.5 35.4 34.5 34.0 33.8 33.9 34.2 34.7 35.0 35.1 35.1 35.0 34.7 34.1 33.1 -9999.0 -9999.0 -9999.0 -9999.0 -9999.0 -9999.0 -9999.0 -9999.0 -9999.0 -9999.0 nan 11.0 11.1 nan nan nan nan nan nan nan nan nan nan nan nan nan nan nan -9999.0
nan nan nan nan nan nan nan nan nan nan nan nan nan nan nan nan nan nan nan nan nan nan nan nan nan nan nan nan nan nan nan nan nan nan 39.9 40.1 40.4 34.8 34.9 24.0 37.9 34.0 41.1 41.5 40.2 38.7 37.3 36.1 35.2 34.6 34.3 34.3 34.6 35.0 35.3 35.5 35.5 35.5 35.2 34.5 -9999.0 -9999.0 -9999.0 -9999.0 -9999.0 -9999.0 -9999.0 -9999.0 -9999.0 -9999.0 -9999.0 nan nan nan nan nan nan nan nan nan nan nan nan nan nan nan nan nan nan -9999.0
nan nan nan nan nan nan nan nan nan nan nan nan nan nan nan nan nan nan nan nan nan nan nan nan nan nan nan nan nan nan nan nan 31.8 34.0 37.5 40.2 40.6 40.7 35.7 34.4 nan 42.0 42.4 41.6 40.5 39.3 38.1 36.8 35.9 35.2 34.8 34.7 34.9 35.3 35.7 36.0 36.1 36.0 35.6 -9999.0 -9999.0 -9999.0 -9999.0 -9999.0 -9999.0 -9999.0 -9999.0 -9999.0 -9999.0 -9999.0 -9999.0 -9999.0 nan nan nan nan nan nan nan nan nan nan nan nan nan nan nan nan nan -9999.0
nan nan nan nan nan nan nan nan nan nan nan nan nan nan nan nan nan nan nan nan nan nan nan nan nan nan nan nan nan 14.9 nan nan 39.6 39.7 40.1 39.1 40.5 41.0 41.3 nan nan 43.0 42.7 41.9 40.9 39.8 38.6 37.5 36.5 35.8 35.3 35.2 35.3 35.6 35.9 36.4 36.5 36.5 35.9 -9999.0 -9999.0 -9999.0 -9999.0 -9999.0 -9999.0 -9999.0 -9999.0 -9999.0 -9999.0 -9999.0 -9999.0 -9999.0 -9999.0 -9999.0 nan nan nan nan nan nan nan nan nan nan nan nan nan nan nan -9999.0
nan nan nan nan nan nan nan nan nan nan nan nan nan nan nan nan nan nan nan nan nan nan nan nan nan nan nan nan nan 13.7 13.7 nan 39.8 40.0 35.2 36.6 37.1 41.0 41.4 39.5 nan 43.3 43.0 42.3 41.3 40.2 39.1 38.0 37.1 36.3 35.8 35.6 35.6 35.9 36.2 36.6 36.8 36.7 -9999.0 -9999.0 -9999.0 -9999.0 -9999.0 -9999.0 -9999.0 -9999.0 -9999.0 -9999.0 -9999.0 -9999.0 -9999.0 -9999.0 -9999.0 -9999.0 -9999.0 nan nan nan nan nan nan nan nan nan nan nan nan nan nan -9999.0
nan nan nan nan nan nan nan nan nan nan nan nan nan nan nan nan nan nan nan nan nan nan nan nan nan nan nan nan nan 14.5 39.4 39.8 40.1 40.3 40.4 nan 13.8 40.1 41.2 41.6 nan 41.1 43.6 42.8 41.7 40.8 39.7 38.6 37.7 36.9 36.3 36.0 36.0 36.2 36.6 36.8 36.9 36.9 -9999.0 -9999.0 -9999.0 -9999.0 -9999.0 -9999.0 -9999.0 -9999.0 -9999.0 -9999.0 -9999.0 -9999.0 -9999.0 -9999.0 -9999.0 -9999.0 -9999.0 -9999.0 nan nan nan nan nan nan nan nan nan nan nan nan nan -9999.0
nan nan nan nan nan nan nan nan nan nan nan nan nan nan nan nan nan nan nan nan nan nan nan nan nan nan nan nan nan nan 38.0 39.8 40.2 40.5 34.8 nan nan 36.5 38.8 38.3 nan 35.0 38.1 42.6 42.2 41.2 40.2 39.2 38.3 37.5 36.9 36.5 36.5 36.8 37.1 37.1 37.1 37.0 -9999.0 -9999.0 -9999.0 -9999.0 -9999.0 -9999.0 -9999.0 -9999.0 -9999.0 -9999.0 -9999.0 -9999.0 -9999.0 -9999.0 -9999.0 -9999.0 -9999.0 -9999.0 -9999.0 nan nan nan nan nan nan nan nan nan nan nan nan -9999.0
nan nan nan nan nan nan nan nan nan nan nan nan nan nan nan nan nan nan nan nan nan nan nan nan nan nan nan nan nan nan 36.7 39.9 40.2 40.6 36.3 nan 15.1 31.0 35.0 21.1 33.3 29.9 31.9 40.6 42.1 41.4 40.5 39.7 38.9 38.1 37.4 37.0 37.0 37.4 37.6 37.5 37.3 36.9 -9999.0 -9999.0 -9999.0 -9999.0 -9999.0 -9999.0 -9999.0 -9999.0 -9999.0 -9999.0 -9999.0 -9999.0 -9999.0 -9999.0 -9999.0 -9999.0 -9999.0 -9999.0 -9999.0 -9999.0 nan nan nan nan nan nan nan nan nan nan nan -9999.0
nan nan nan nan nan nan nan nan nan nan nan nan nan nan nan nan nan nan nan nan nan nan nan nan nan nan nan nan nan nan 37.5 38.9 40.1 40.5 34.7 15.0 nan 37.2 26.0 18.0 28.8 nan 41.6 43.0 42.4 41.7 40.8 40.0 39.2 38.5 37.9 37.5 37.5 37.8 38.1 37.9 36.6 30.2 -9999.0 -9999.0 -9999.0 -9999.0 -9999.0 -9999.0 -9999.0 -9999.0 -9999.0 -9999.0 -9999.0 -9999.0 -9999.0 -9999.0 -9999.0 -9999.0 -9999.0 -9999.0 -9999.0 -9999.0 -9999.0 -9999.0 nan nan nan nan nan nan nan nan nan -9999.0
nan nan nan nan nan nan nan nan nan nan nan nan nan nan nan nan nan nan nan nan nan nan nan nan nan nan nan nan nan nan nan 38.8 39.7 39.9 39.1 nan nan 27.7 25.5 19.2 nan nan 43.2 43.3 42.6 41.9 41.0 40.2 39.5 38.8 38.3 38.0 38.0 38.3 38.7 39.0 37.7 34.0 -9999.0 -9999.0 -9999.0 -9999.0 -9999.0 -9999.0 -9999.0 -9999.0 -9999.0 -9999.0 -9999.0 nan nan nan -9999.0 -9999.0 -9999.0 -9999.0 -9999.0 -9999.0 -9999.0 -9999.0 -9999.0 -9999.0 -9999.0 -9999.0 -9999.0 nan nan nan -9999.0 -9999.0
nan nan nan nan nan nan nan nan nan nan nan nan nan nan nan nan nan nan nan nan nan nan nan nan nan nan nan nan nan nan nan 34.1 38.2 39.4 39.9 nan 15.2 22.1 35.1 18.8 nan nan 43.4 43.3 42.8 42.1 41.2 40.5 39.7 39.1 38.6 38.3 38.4 38.7 39.0 39.0 38.9 34.4 -9999.0 -9999.0 -9999.0 -9999.0 -9999.0 -9999.0 -9999.0 -9999.0 -9999.0 -9999.0 -9999.0 nan nan nan nan nan -9999.0 -9999.0 -9999.0 -9999.0 -9999.0 -9999.0 -9999.0 -9999.0 -9999.0 -9999.0 -9999.0 -9999.0 -9999.0 -9999.0 -9999.0 -9999.0
nan nan nan nan nan nan nan nan nan nan nan nan nan nan nan nan nan nan nan nan nan nan nan nan nan nan nan nan nan nan nan 14.6 38.1 39.2 37.1 34.9 32.1 26.2 21.9 17.8 19.6 nan 43.6 43.6 43.0 42.2 41.4 40.6 39.9 39.3 38.8 38.6 38.7 39.0 39.2 39.1 38.0 30.7 -9999.0 -9999.0 -9999.0 -9999.0 -9999.0 -9999.0 -9999.0 -9999.0 -9999.0 -9999.0 -9999.0 -9999.0 -9999.0 -9999.0 -9999.0 -9999.0 -9999.0 -9999.0 -9999.0 -9999.0 -9999.0 -9999.0 -9999.0 -9999.0 -9999.0 -9999.0 -9999.0 -9999.0 -9999.0 -9999.0 -9999.0 -9999.0
nan nan nan nan nan nan nan nan nan nan nan nan nan nan nan nan nan nan nan nan nan nan nan nan nan nan nan nan nan nan nan 14.6 32.3 38.9 39.7 39.8 39.2 nan 26.0 29.3 16.6 nan 43.1 43.5 43.0 42.3 41.5 40.8 40.1 39.5 39.0 38.8 38.9 39.2 39.5 39.1 37.7 30.9 -9999.0 -9999.0 -9999.0 -9999.0 -9999.0 -9999.0 -9999.0 -9999.0 -9999.0 -9999.0 -9999.0 -9999.0 -9999.0 -9999.0 -9999.0 -9999.0 -9999.0 -9999.0 -9999.0 -9999.0 -9999.0 -9999.0 -9999.0 -9999.0 -9999.0 -9999.0 -9999.0 -9999.0 -9999.0 -9999.0 -9999.0 -9999.0
nan nan nan nan nan nan nan nan nan nan nan nan nan nan nan nan nan nan nan nan nan nan nan nan nan nan nan nan nan nan nan 14.6 32.6 35.2 39.1 39.0 38.8 nan nan 26.0 17.9 nan nan 43.4 43.4 42.6 41.8 41.0 40.2 39.6 39.2 39.0 39.1 39.4 39.7 39.6 37.6 29.1 -9999.0 -9999.0 -9999.0 -9999.0 -9999.0 -9999.0 -9999.0 -9999.0 -9999.0 -9999.0 -9999.0 -9999.0 -9999.0 -9999.0 -9999.0 -9999.0 -9999.0 -9999.0 -9999.0 -9999.0 -9999.0 -9999.0 -9999.0 -9999.0 -9999.0 -9999.0 -9999.0 -9999.0 -9999.0 -9999.0 -9999.0 -9999.0
nan nan nan nan nan nan nan nan nan nan nan nan nan nan nan nan nan nan nan nan nan nan nan nan nan nan nan nan nan nan nan nan 14.3 37.9 38.3 38.4 nan nan nan 25.8 18.0 15.9 nan nan 42.5 42.9 42.2 41.3 40.6 39.9 39.5 39.2 39.2 39.5 39.9 39.8 38.8 29.4 -9999.0 -9999.0 -9999.0 -9999.0 -9999.0 -9999.0 -9999.0 -9999.0 -9999.0 -9999.0 -9999.0 -9999.0 -9999.0 -9999.0 -9999.0 -9999.0 -9999.0 -9999.0 -9999.0 -9999.0 -9999.0 -9999.0 -9999.0 -9999.0 nan nan nan -9999.0 -9999.0 -9999.0 -9999.0 -9999.0
nan nan nan nan nan nan nan nan nan nan nan nan nan nan nan nan nan nan nan nan nan nan nan nan nan nan nan nan nan nan nan nan 35.0 36.9 37.7 38.1 nan nan nan nan 20.5 15.9 28.8 nan 40.1 42.8 42.4 41.5 40.7 40.1 39.6 39.3 39.3 39.6 40.1 40.2 40.2 36.1 -9999.0 -9999.0 -9999.0 -9999.0 -9999.0 -9999.0 -9999.0 -9999.0 -9999.0 -9999.0 -9999.0 -9999.0 -9999.0 -9999.0 -9999.0 -9999.0 -9999.0 -9999.0 -9999.0 -9999.0 -9999.0 -9999.0 nan nan nan nan nan nan nan nan -9999.0 -9999.0
nan nan nan nan nan nan nan nan nan nan nan nan nan nan nan nan nan nan nan nan nan nan nan nan nan nan nan nan nan nan nan nan nan 37.4 37.9 38.1 nan nan nan nan 27.0 17.9 21.4 19.5 nan 43.2 42.9 42.1 41.3 40.5 39.9 39.6 39.5 39.8 40.2 40.6 40.7 36.3 -9999.0 -9999.0 -9999.0 -9999.0 -9999.0 -9999.0 -9999.0 -9999.0 -9999.0 -9999.0 -9999.0 nan nan nan nan nan nan nan nan nan nan nan nan nan nan nan nan nan nan nan nan nan
nan nan nan nan nan nan nan nan nan nan nan nan nan nan nan nan nan nan nan nan nan nan nan nan nan nan nan nan nan nan nan nan nan 37.6 38.0 38.2 38.2 nan nan nan 37.2 20.9 19.5 35.3 nan nan 42.5 42.5 42.0 41.2 40.5 40.0 39.8 40.0 40.5 41.0 41.3 39.3 -9999.0 -9999.0 -9999.0 -9999.0 -9999.0 -9999.0 -9999.0 -9999.0 -9999.0 -9999.0 nan nan nan nan nan nan nan nan nan nan nan nan nan nan nan nan nan nan nan nan nan nan
