data/output/RUN203/ECOSPACE/ECOSPACE_in_PAR3/PAR-VarZ-VarK/PAR-VarZ-VarK_2009_06.asc
ncols        93
nrows        151 
xllcorner    -123.80739
yllcorner    48.29471 
cellsize     0.013497347 
NODATA_value  0.0
[rows 80 to 119 of 151, columns 0 to 89 of 93]
nan nan nan nan nan nan nan nan nan nan nan nan nan nan nan nan nan nan nan nan nan nan nan 36.7 36.2 35.9 37.2 36.6 35.3 34.0 33.0 32.1 31.5 30.9 30.4 29.6 28.5 27.3 26.0 24.8 23.8 22.8 22.0 21.3 20.8 20.3 19.9 19.6 19.2 18.9 18.6 18.3 18.0 17.8 nan nan nan nan nan nan nan nan nan nan nan nan 15.6 15.7 15.7 15.7 nan 15.5 15.4 15.3 15.3 15.2 15.1 15.0 14.9 15.1 15.5 15.5 15.3 nan nan nan nan nan nan nan
nan nan nan nan nan nan nan nan nan nan nan nan nan nan nan nan nan nan nan nan nan nan nan nan nan nan 38.0 37.5 36.4 35.1 33.9 32.9 32.1 31.4 30.8 30.1 29.2 28.0 26.7 25.4 24.2 23.2 22.3 21.6 21.0 20.5 20.1 19.8 19.4 19.1 18.7 18.4 18.1 18.0 17.6 nan nan nan nan nan nan nan nan nan nan nan 15.9 15.9 nan nan nan nan nan 15.4 15.4 15.4 nan 15.0 15.1 15.3 15.6 15.7 nan nan nan nan nan nan nan nan
nan nan nan nan nan nan nan nan nan nan nan nan nan nan nan nan nan nan nan nan nan nan nan nan nan nan nan 38.0 37.2 36.2 34.9 33.8 32.8 32.0 31.4 30.7 29.9 28.8 27.4 26.0 24.8 23.7 22.8 22.0 21.3 20.8 20.4 20.0 19.6 19.3 19.0 18.6 18.3 18.0 17.7 17.5 nan nan nan nan nan nan nan nan nan 16.0 16.2 nan nan nan nan nan nan 15.4 15.4 15.4 nan 15.2 15.3 15.6 15.7 nan nan nan nan nan nan nan nan nan
nan nan nan nan nan nan nan nan nan nan nan nan nan nan nan nan nan nan nan nan nan nan nan nan nan nan nan nan 35.3 36.3 36.0 34.9 33.8 32.8 32.1 31.4 30.6 29.5 28.2 26.7 25.4 24.2 23.2 22.3 21.7 21.1 20.7 20.2 19.9 19.5 19.2 18.9 18.5 18.2 17.9 17.7 17.5 nan nan nan nan nan nan nan nan 16.0 16.2 nan nan nan nan nan nan 15.5 15.5 15.5 15.7 15.9 15.8 15.7 nan nan nan nan nan nan nan nan nan nan
nan nan nan nan nan nan nan nan nan nan nan nan nan nan nan nan nan nan nan nan nan nan nan nan nan nan nan nan nan 17.6 36.9 36.0 34.8 33.8 32.9 32.2 31.3 30.2 29.0 27.5 26.0 24.7 23.6 22.7 22.0 21.5 21.0 20.5 20.1 19.8 19.5 19.1 18.8 18.5 18.2 17.9 17.7 17.5 nan nan nan nan nan nan 16.1 16.2 16.2 nan 16.2 16.1 16.1 nan nan 15.6 15.6 15.7 15.9 16.3 nan nan nan nan nan nan nan nan nan nan nan nan
nan nan nan nan nan nan nan nan nan nan nan nan nan nan nan nan nan nan nan nan nan nan nan nan nan nan nan nan nan nan 18.2 36.5 35.7 34.8 33.9 33.0 32.1 31.0 29.7 28.2 26.7 25.2 24.1 23.1 22.4 21.8 21.3 20.8 20.4 20.0 19.7 19.4 19.0 18.8 18.5 18.2 17.9 17.8 nan nan nan nan nan 16.3 16.3 16.3 16.3 16.3 16.3 16.2 16.1 11.4 nan 15.7 15.8 15.9 16.0 16.1 nan nan nan nan nan nan nan nan nan nan nan nan
nan nan nan nan nan nan nan nan nan nan nan nan nan nan nan nan nan nan nan nan nan nan nan nan nan nan nan nan nan nan nan 33.9 36.1 35.8 34.9 33.9 32.9 31.8 30.5 29.0 27.4 25.9 24.6 23.6 22.8 22.1 21.6 21.1 20.6 20.2 19.9 19.6 19.3 19.0 18.8 18.5 18.3 18.1 17.8 nan nan 16.6 16.7 16.6 16.5 16.5 16.5 16.4 16.3 16.2 16.1 nan nan 15.9 15.9 16.0 16.1 16.1 nan nan nan nan nan nan nan nan nan nan nan nan
nan nan nan nan nan nan nan nan nan nan nan nan nan nan nan nan nan nan nan nan nan nan nan nan nan nan nan nan nan nan nan nan 36.8 36.3 35.7 34.7 33.7 32.5 31.1 29.6 28.1 26.5 25.2 24.1 23.2 22.4 21.9 21.3 20.8 20.4 20.1 19.8 19.6 19.3 19.0 18.7 18.5 18.3 18.1 17.6 17.2 17.1 17.0 nan 16.7 16.7 16.7 16.6 16.6 16.5 16.4 16.2 16.2 16.2 16.1 16.1 16.1 nan nan nan nan nan nan nan nan nan nan nan nan nan
nan nan nan nan nan nan nan nan nan nan nan nan nan nan nan nan nan nan nan nan nan nan nan nan nan nan nan nan nan nan 36.2 36.2 36.6 36.4 36.0 35.2 34.3 33.2 31.8 30.4 28.8 27.2 25.8 24.6 23.6 22.8 22.2 21.6 21.1 20.6 20.3 20.0 19.8 19.5 19.3 19.0 18.8 18.5 18.2 17.9 17.6 17.3 17.2 17.2 17.1 17.0 17.1 17.0 16.9 16.9 16.7 16.4 16.3 16.2 16.2 16.2 16.1 nan nan nan nan nan nan nan nan nan nan nan nan nan
nan nan nan nan nan nan nan nan nan nan nan nan nan nan nan nan nan nan nan nan nan nan nan nan nan nan nan nan nan nan nan nan 36.0 36.2 36.0 35.5 34.6 33.7 32.5 31.1 29.6 27.9 26.4 25.1 24.1 23.2 22.5 21.9 21.3 20.9 20.5 20.2 19.9 19.7 19.5 19.2 19.0 18.8 18.5 18.2 17.9 17.6 17.5 17.5 17.4 17.2 17.2 nan nan nan 16.8 16.6 16.5 16.3 16.3 16.3 nan nan nan nan nan nan nan nan nan nan nan nan nan nan
nan nan nan nan nan nan nan nan nan nan nan nan nan nan nan nan nan nan nan nan nan nan nan nan nan nan nan nan nan nan 20.0 18.1 35.9 36.0 35.8 35.5 34.9 34.2 33.2 32.0 30.4 28.6 27.0 25.6 24.5 23.6 22.9 22.2 21.6 21.1 20.7 20.4 20.1 19.8 19.6 19.5 19.3 19.1 18.8 18.5 18.1 17.9 17.7 17.6 nan nan nan nan nan nan nan 16.8 16.5 16.4 16.4 16.3 nan nan nan nan nan nan nan nan nan nan nan nan nan nan
nan nan nan nan nan nan nan nan nan nan nan nan nan nan nan nan nan nan nan nan nan nan nan nan nan nan nan nan nan nan 19.1 35.3 36.0 36.6 36.3 20.1 35.3 35.0 33.9 32.6 31.1 29.4 27.7 26.2 25.0 24.1 23.3 22.6 21.9 21.4 20.9 20.5 20.2 19.9 19.7 19.6 19.4 19.2 19.0 18.7 18.4 18.1 17.8 nan nan nan nan nan nan 16.8 16.8 16.8 16.6 16.4 16.4 nan nan nan nan nan nan nan nan nan nan nan nan nan nan nan
nan nan nan nan nan nan nan nan nan nan nan nan nan nan nan nan nan nan nan nan nan nan nan nan nan nan nan nan nan nan 20.1 34.3 36.4 37.1 nan nan nan 35.0 34.2 33.0 31.6 30.0 28.4 26.9 25.6 24.6 23.8 23.0 22.3 21.7 21.1 20.7 20.3 20.0 19.9 19.7 19.5 19.4 19.1 18.9 18.5 18.2 18.0 nan nan nan nan nan 16.9 16.8 16.7 16.7 16.5 16.4 nan nan nan nan nan nan nan nan nan nan nan nan nan nan nan nan
nan nan nan nan nan nan nan nan nan nan nan nan nan nan nan nan nan nan nan nan nan nan nan nan nan nan nan nan nan nan 20.0 18.0 36.9 37.4 nan nan nan 32.6 34.2 33.3 32.1 30.7 29.1 27.5 26.2 25.1 24.2 23.5 22.8 22.1 21.5 21.0 20.5 20.2 19.9 19.8 19.6 19.5 19.3 19.0 18.7 18.4 18.1 17.6 17.3 nan 17.0 16.9 16.9 16.8 16.7 16.6 nan nan nan nan nan nan nan nan nan nan nan nan nan nan nan nan nan nan
nan nan nan nan nan nan nan nan nan nan nan nan nan nan nan nan nan nan nan nan nan nan nan nan nan nan nan nan nan nan nan nan 37.1 31.3 nan nan nan nan 33.8 33.5 32.8 31.4 29.8 28.3 26.9 25.7 24.8 24.0 23.2 22.6 21.9 21.3 20.7 20.3 20.0 19.8 19.7 19.5 19.4 19.2 18.9 18.5 18.2 17.8 17.5 17.3 17.1 16.9 16.8 16.7 16.6 nan nan nan nan nan nan nan nan nan nan nan nan nan nan nan nan nan nan nan
nan nan nan nan nan nan nan nan nan nan nan nan nan nan nan nan nan nan nan nan nan nan nan nan nan nan nan nan nan nan nan nan nan 30.9 17.8 nan nan nan 18.0 34.2 33.5 32.2 30.7 29.2 27.7 26.4 25.4 24.5 23.8 23.1 22.3 21.6 21.0 20.5 20.1 19.9 19.7 19.6 19.4 19.2 19.0 18.7 18.3 18.0 17.6 17.4 17.1 16.9 16.8 16.7 16.5 nan nan nan nan nan nan nan nan nan nan nan nan nan nan nan nan nan nan nan
nan nan nan nan nan nan nan nan nan nan nan nan nan nan nan nan nan nan nan nan nan nan nan nan nan nan nan nan nan nan nan nan nan nan 20.8 33.1 nan nan nan nan 34.2 33.5 31.7 30.1 28.5 27.1 26.0 25.1 24.3 23.5 22.7 21.9 21.2 20.7 20.3 20.0 19.8 19.6 19.5 19.3 19.1 18.8 18.5 18.1 17.7 17.4 17.1 16.9 16.8 16.7 16.6 16.3 nan nan nan nan nan nan nan nan nan nan nan nan nan nan nan nan nan nan
nan nan nan nan nan nan nan nan nan nan nan nan nan nan nan nan nan nan nan nan nan nan nan nan nan nan nan nan nan nan nan nan nan nan nan 25.2 20.1 nan nan nan nan 32.4 32.3 30.8 29.3 27.8 26.6 25.7 24.9 24.0 23.1 22.3 21.5 21.0 20.5 20.1 19.9 19.7 19.6 19.4 19.2 18.9 18.5 18.2 17.8 17.4 17.1 16.9 16.8 16.7 16.6 16.5 16.4 11.5 nan nan nan nan nan nan nan nan nan nan nan nan nan nan nan nan
nan nan nan nan nan nan nan nan nan nan nan nan nan nan nan nan nan nan nan nan nan nan nan nan nan nan nan nan nan nan nan nan nan nan 20.1 27.8 34.4 34.3 nan 20.2 nan 29.2 32.1 31.2 30.0 28.6 27.4 26.3 25.4 24.5 23.5 22.5 21.8 21.2 20.7 20.3 20.0 19.8 19.7 19.5 19.3 19.0 18.6 18.2 17.8 17.4 17.1 16.9 16.7 16.6 16.5 16.4 16.4 16.2 nan nan nan nan nan nan nan nan nan nan nan nan nan nan nan nan
nan nan nan nan nan nan nan nan nan nan nan nan nan nan nan nan nan nan nan nan nan nan nan nan nan nan nan nan nan nan nan nan nan nan 34.5 34.9 35.1 34.6 23.9 31.2 32.4 27.7 32.8 31.8 30.8 29.5 28.2 27.0 26.0 25.0 23.8 22.8 22.0 21.4 20.9 20.5 20.2 20.0 19.8 19.6 19.3 19.0 18.6 18.1 17.7 17.3 16.6 16.4 15.7 16.5 16.4 16.4 16.4 16.3 16.3 nan nan nan nan nan nan nan nan nan nan nan nan nan nan nan
nan nan nan nan nan nan nan nan nan nan nan nan nan nan nan nan nan nan nan nan nan nan nan nan nan nan nan nan nan nan nan nan nan nan 34.8 35.3 35.4 35.4 35.4 nan 31.8 30.9 32.9 32.4 31.5 30.3 29.0 27.9 26.7 25.5 24.2 23.1 22.3 21.7 21.1 20.7 20.4 20.1 19.9 19.6 19.4 19.0 -9999.0 -9999.0 -9999.0 -9999.0 -9999.0 -9999.0 -9999.0 12.6 16.5 16.4 16.4 16.2 16.3 nan nan nan nan nan nan nan nan nan nan nan nan nan nan -9999.0
nan nan nan nan nan nan nan nan nan nan nan nan nan nan nan nan nan nan nan nan nan nan nan nan nan nan nan nan nan nan nan nan nan nan 34.8 35.2 35.3 35.1 35.1 nan nan 33.0 33.1 32.7 32.0 31.0 29.9 28.7 27.4 26.0 24.6 23.4 22.5 21.9 21.4 21.0 20.6 20.3 20.0 19.7 19.4 -9999.0 -9999.0 -9999.0 -9999.0 -9999.0 -9999.0 -9999.0 -9999.0 nan 15.3 16.4 16.5 15.8 nan nan nan nan nan nan nan nan nan nan nan nan nan nan nan -9999.0
nan nan nan nan nan nan nan nan nan nan nan nan nan nan nan nan nan nan nan nan nan nan nan nan nan nan nan nan nan nan nan nan nan nan 34.5 34.8 34.8 34.9 35.4 nan 26.5 30.6 33.4 32.8 32.2 31.4 30.4 29.3 28.0 26.4 25.0 23.8 22.9 22.2 21.7 21.2 20.8 20.5 20.2 19.9 19.5 -9999.0 -9999.0 -9999.0 -9999.0 -9999.0 -9999.0 -9999.0 -9999.0 -9999.0 -9999.0 nan 12.2 12.2 nan nan nan nan nan nan nan nan nan nan nan nan nan nan nan -9999.0
nan nan nan nan nan nan nan nan nan nan nan nan nan nan nan nan nan nan nan nan nan nan nan nan nan nan nan nan nan nan nan nan nan nan 34.3 34.3 34.8 35.4 32.4 22.6 30.8 27.6 32.9 32.7 32.2 31.5 30.7 29.6 28.2 26.7 25.3 24.1 23.2 22.5 22.0 21.5 21.1 20.7 20.4 20.1 -9999.0 -9999.0 -9999.0 -9999.0 -9999.0 -9999.0 -9999.0 -9999.0 -9999.0 -9999.0 -9999.0 nan nan nan nan nan nan nan nan nan nan nan nan nan nan nan nan nan nan -9999.0
nan nan nan nan nan nan nan nan nan nan nan nan nan nan nan nan nan nan nan nan nan nan nan nan nan nan nan nan nan nan nan nan 32.1 32.8 34.2 34.7 35.5 36.5 36.9 35.3 nan 33.6 33.2 32.8 32.2 31.6 30.8 29.6 28.2 26.8 25.5 24.4 23.5 22.9 22.4 21.9 21.4 21.1 20.8 -9999.0 -9999.0 -9999.0 -9999.0 -9999.0 -9999.0 -9999.0 -9999.0 -9999.0 -9999.0 -9999.0 -9999.0 -9999.0 nan nan nan nan nan nan nan nan nan nan nan nan nan nan nan nan nan -9999.0
nan nan nan nan nan nan nan nan nan nan nan nan nan nan nan nan nan nan nan nan nan nan nan nan nan nan nan nan nan 20.2 nan nan 34.0 34.4 34.7 35.3 36.4 37.4 38.3 nan nan 33.3 33.2 32.8 32.4 31.6 30.6 29.4 28.1 26.9 25.8 24.7 23.9 23.3 22.8 22.2 21.8 21.6 21.3 -9999.0 -9999.0 -9999.0 -9999.0 -9999.0 -9999.0 -9999.0 -9999.0 -9999.0 -9999.0 -9999.0 -9999.0 -9999.0 -9999.0 -9999.0 nan nan nan nan nan nan nan nan nan nan nan nan nan nan nan -9999.0
nan nan nan nan nan nan nan nan nan nan nan nan nan nan nan nan nan nan nan nan nan nan nan nan nan nan nan nan nan 17.4 17.4 nan 34.6 35.3 34.0 31.9 35.2 37.3 37.8 36.7 nan 33.3 33.4 33.1 32.5 31.6 30.5 29.3 28.1 27.0 25.9 24.9 24.2 23.6 23.1 22.6 22.3 22.1 -9999.0 -9999.0 -9999.0 -9999.0 -9999.0 -9999.0 -9999.0 -9999.0 -9999.0 -9999.0 -9999.0 -9999.0 -9999.0 -9999.0 -9999.0 -9999.0 -9999.0 nan nan nan nan nan nan nan nan nan nan nan nan nan nan -9999.0
nan nan nan nan nan nan nan nan nan nan nan nan nan nan nan nan nan nan nan nan nan nan nan nan nan nan nan nan nan 18.3 34.4 34.9 35.5 36.3 37.3 nan 18.4 36.9 37.1 37.2 nan 32.6 33.9 33.3 32.5 31.5 30.4 29.2 28.1 27.0 26.0 25.1 24.5 23.9 23.5 23.0 22.9 22.8 -9999.0 -9999.0 -9999.0 -9999.0 -9999.0 -9999.0 -9999.0 -9999.0 -9999.0 -9999.0 -9999.0 -9999.0 -9999.0 -9999.0 -9999.0 -9999.0 -9999.0 -9999.0 nan nan nan nan nan nan nan nan nan nan nan nan nan -9999.0
nan nan nan nan nan nan nan nan nan nan nan nan nan nan nan nan nan nan nan nan nan nan nan nan nan nan nan nan nan nan 34.0 34.9 35.8 36.8 35.5 nan nan 36.3 36.8 37.2 nan 30.1 31.9 33.4 32.6 31.5 30.4 29.2 28.1 27.1 26.1 25.4 24.7 24.2 23.8 23.4 23.4 23.4 -9999.0 -9999.0 -9999.0 -9999.0 -9999.0 -9999.0 -9999.0 -9999.0 -9999.0 -9999.0 -9999.0 -9999.0 -9999.0 -9999.0 -9999.0 -9999.0 -9999.0 -9999.0 -9999.0 nan nan nan nan nan nan nan nan nan nan nan nan -9999.0
nan nan nan nan nan nan nan nan nan nan nan nan nan nan nan nan nan nan nan nan nan nan nan nan nan nan nan nan nan nan 31.2 34.9 35.9 36.8 33.0 nan 20.4 28.1 33.1 20.1 31.0 24.8 27.8 33.2 32.6 31.6 30.4 29.3 28.2 27.2 26.3 25.6 25.0 24.5 24.2 23.7 23.7 22.2 -9999.0 -9999.0 -9999.0 -9999.0 -9999.0 -9999.0 -9999.0 -9999.0 -9999.0 -9999.0 -9999.0 -9999.0 -9999.0 -9999.0 -9999.0 -9999.0 -9999.0 -9999.0 -9999.0 -9999.0 nan nan nan nan nan nan nan nan nan nan nan -9999.0
nan nan nan nan nan nan nan nan nan nan nan nan nan nan nan nan nan nan nan nan nan nan nan nan nan nan nan nan nan nan 31.6 34.2 35.9 36.7 35.6 20.5 nan 33.4 26.7 21.2 26.9 nan 34.1 33.7 32.7 31.6 30.5 29.4 28.4 27.4 26.6 25.9 25.3 24.8 24.5 24.1 21.7 18.8 -9999.0 -9999.0 -9999.0 -9999.0 -9999.0 -9999.0 -9999.0 -9999.0 -9999.0 -9999.0 -9999.0 -9999.0 -9999.0 -9999.0 -9999.0 -9999.0 -9999.0 -9999.0 -9999.0 -9999.0 -9999.0 -9999.0 nan nan nan nan nan nan nan nan nan -9999.0
nan nan nan nan nan nan nan nan nan nan nan nan nan nan nan nan nan nan nan nan nan nan nan nan nan nan nan nan nan nan nan 34.8 35.8 36.5 37.0 nan nan 26.8 26.5 24.8 nan nan 34.3 33.7 32.8 31.8 30.7 29.6 28.6 27.7 26.9 26.2 25.6 25.2 25.1 25.0 23.2 20.4 -9999.0 -9999.0 -9999.0 -9999.0 -9999.0 -9999.0 -9999.0 -9999.0 -9999.0 -9999.0 -9999.0 nan nan nan -9999.0 -9999.0 -9999.0 -9999.0 -9999.0 -9999.0 -9999.0 -9999.0 -9999.0 -9999.0 -9999.0 -9999.0 -9999.0 nan nan nan -9999.0 -9999.0
nan nan nan nan nan nan nan nan nan nan nan nan nan nan nan nan nan nan nan nan nan nan nan nan nan nan nan nan nan nan nan 34.1 35.6 36.4 37.1 nan 19.0 24.7 35.2 22.0 nan nan 34.3 33.8 32.9 31.9 30.9 29.8 28.9 28.1 27.3 26.6 26.1 25.8 25.8 26.0 26.0 22.0 -9999.0 -9999.0 -9999.0 -9999.0 -9999.0 -9999.0 -9999.0 -9999.0 -9999.0 -9999.0 -9999.0 nan nan nan nan nan -9999.0 -9999.0 -9999.0 -9999.0 -9999.0 -9999.0 -9999.0 -9999.0 -9999.0 -9999.0 -9999.0 -9999.0 -9999.0 -9999.0 -9999.0 -9999.0
nan nan nan nan nan nan nan nan nan nan nan nan nan nan nan nan nan nan nan nan nan nan nan nan nan nan nan nan nan nan nan 20.1 35.3 36.3 36.6 35.1 31.9 27.9 22.4 19.0 23.1 nan 34.3 33.9 33.2 32.2 31.2 30.2 29.3 28.5 27.8 27.1 26.6 26.4 26.3 26.7 26.9 21.1 -9999.0 -9999.0 -9999.0 -9999.0 -9999.0 -9999.0 -9999.0 -9999.0 -9999.0 -9999.0 -9999.0 -9999.0 -9999.0 -9999.0 -9999.0 -9999.0 -9999.0 -9999.0 -9999.0 -9999.0 -9999.0 -9999.0 -9999.0 -9999.0 -9999.0 -9999.0 -9999.0 -9999.0 -9999.0 -9999.0 -9999.0 -9999.0
nan nan nan nan nan nan nan nan nan nan nan nan nan nan nan nan nan nan nan nan nan nan nan nan nan nan nan nan nan nan nan 20.1 35.0 36.2 37.4 38.1 38.2 nan 24.1 28.7 18.9 nan 34.4 34.3 33.5 32.6 31.6 30.6 29.7 28.9 28.2 27.7 27.3 27.1 27.1 27.3 27.6 23.8 -9999.0 -9999.0 -9999.0 -9999.0 -9999.0 -9999.0 -9999.0 -9999.0 -9999.0 -9999.0 -9999.0 -9999.0 -9999.0 -9999.0 -9999.0 -9999.0 -9999.0 -9999.0 -9999.0 -9999.0 -9999.0 -9999.0 -9999.0 -9999.0 -9999.0 -9999.0 -9999.0 -9999.0 -9999.0 -9999.0 -9999.0 -9999.0
nan nan nan nan nan nan nan nan nan nan nan nan nan nan nan nan nan nan nan nan nan nan nan nan nan nan nan nan nan nan nan 20.2 32.1 35.7 37.3 38.2 38.3 nan nan 26.6 22.5 nan nan 34.7 34.1 32.9 32.0 31.0 30.2 29.4 28.8 28.3 28.0 27.9 27.9 28.0 28.2 22.8 -9999.0 -9999.0 -9999.0 -9999.0 -9999.0 -9999.0 -9999.0 -9999.0 -9999.0 -9999.0 -9999.0 -9999.0 -9999.0 -9999.0 -9999.0 -9999.0 -9999.0 -9999.0 -9999.0 -9999.0 -9999.0 -9999.0 -9999.0 -9999.0 -9999.0 -9999.0 -9999.0 -9999.0 -9999.0 -9999.0 -9999.0 -9999.0
nan nan nan nan nan nan nan nan nan nan nan nan nan nan nan nan nan nan nan nan nan nan nan nan nan nan nan nan nan nan nan nan 19.3 36.3 37.4 38.4 nan nan nan 29.0 22.0 23.5 nan nan 33.9 33.2 32.4 31.4 30.6 30.0 29.4 29.0 28.8 28.7 28.6 28.8 29.1 28.2 -9999.0 -9999.0 -9999.0 -9999.0 -9999.0 -9999.0 -9999.0 -9999.0 -9999.0 -9999.0 -9999.0 -9999.0 -9999.0 -9999.0 -9999.0 -9999.0 -9999.0 -9999.0 -9999.0 -9999.0 -9999.0 -9999.0 -9999.0 -9999.0 nan nan nan -9999.0 -9999.0 -9999.0 -9999.0 -9999.0
nan nan nan nan nan nan nan nan nan nan nan nan nan nan nan nan nan nan nan nan nan nan nan nan nan nan nan nan nan nan nan nan 34.8 36.1 37.3 38.4 nan nan nan nan 24.4 23.8 37.2 nan 33.1 33.7 33.0 32.0 31.2 30.6 30.1 29.7 29.5 29.5 29.6 29.6 29.8 29.0 -9999.0 -9999.0 -9999.0 -9999.0 -9999.0 -9999.0 -9999.0 -9999.0 -9999.0 -9999.0 -9999.0 -9999.0 -9999.0 -9999.0 -9999.0 -9999.0 -9999.0 -9999.0 -9999.0 -9999.0 -9999.0 -9999.0 nan nan nan nan nan nan nan nan -9999.0 -9999.0
nan nan nan nan nan nan nan nan nan nan nan nan nan nan nan nan nan nan nan nan nan nan nan nan nan nan nan nan nan nan nan nan nan 36.2 37.5 38.6 nan nan nan nan 30.8 27.3 32.5 24.4 nan 34.4 33.9 32.6 31.8 31.2 30.8 30.4 30.3 30.4 30.4 30.7 30.8 30.9 -9999.0 -9999.0 -9999.0 -9999.0 -9999.0 -9999.0 -9999.0 -9999.0 -9999.0 -9999.0 -9999.0 nan nan nan nan nan nan nan nan nan nan nan nan nan nan nan nan nan nan nan nan nan
nan nan nan nan nan nan nan nan nan nan nan nan nan nan nan nan nan nan nan nan nan nan nan nan nan nan nan nan nan nan nan nan nan 36.2 37.6 39.1 39.1 nan nan nan 39.1 27.8 29.4 38.7 nan nan 33.6 33.0 32.4 31.8 31.3 31.1 31.0 31.1 31.3 31.6 31.8 32.1 -9999.0 -9999.0 -9999.0 -9999.0 -9999.0 -9999.0 -9999.0 -9999.0 -9999.0 -9999.0 nan nan nan nan nan nan nan nan nan nan nan nan nan nan nan nan nan nan nan nan nan nan
