data/output/RUN203/ECOSPACE/ECOSPACE_in_PAR3/PAR-VarZ-VarK/PAR-VarZ-VarK_2003_04.asc
ncols        93
nrows        151 
xllcorner    -123.80739
yllcorner    48.29471 
cellsize     0.013497347 
NODATA_value  0.0
[rows 80 to 119 of 151, columns 0 to 89 of 93]
nan nan nan nan nan nan nan nan nan nan nan nan nan nan nan nan nan nan nan nan nan nan nan 33.9 34.0 33.6 35.7 35.6 34.3 32.9 31.5 30.1 28.7 27.6 26.7 26.0 25.6 25.2 24.9 24.6 24.3 24.0 23.7 23.3 22.9 22.4 21.8 21.2 20.5 19.4 18.3 17.4 16.3 15.6 nan nan nan nan nan nan nan nan nan nan nan nan 12.8 13.0 13.1 13.1 nan 12.9 12.9 13.0 13.0 13.2 13.2 13.1 13.0 13.1 13.4 13.5 13.6 nan nan nan nan nan nan nan
nan nan nan nan nan nan nan nan nan nan nan nan nan nan nan nan nan nan nan nan nan nan nan nan nan nan 36.9 36.6 35.5 34.0 32.5 30.9 29.4 28.2 27.2 26.3 25.8 25.4 25.0 24.8 24.3 23.9 23.6 23.3 22.9 22.4 21.9 21.4 20.7 19.9 18.9 18.0 17.0 15.9 15.0 nan nan nan nan nan nan nan nan nan nan nan 13.0 13.1 nan nan nan nan nan 13.0 13.2 13.4 nan 13.2 13.3 13.6 13.8 14.1 nan nan nan nan nan nan nan nan
nan nan nan nan nan nan nan nan nan nan nan nan nan nan nan nan nan nan nan nan nan nan nan nan nan nan nan 37.3 36.5 35.4 33.7 31.9 30.3 29.0 27.7 26.7 26.1 25.6 25.2 24.8 24.3 23.9 23.4 23.1 22.8 22.3 21.8 21.4 20.8 20.1 19.2 18.3 17.4 16.5 15.6 14.9 nan nan nan nan nan nan nan nan nan 13.0 13.2 nan nan nan nan nan nan 13.0 13.2 13.4 nan 13.4 13.7 13.9 14.2 nan nan nan nan nan nan nan nan nan
nan nan nan nan nan nan nan nan nan nan nan nan nan nan nan nan nan nan nan nan nan nan nan nan nan nan nan nan 35.6 36.0 35.2 33.2 31.5 30.0 28.5 27.3 26.5 25.9 25.5 25.0 24.4 23.7 23.3 23.0 22.5 22.0 21.6 21.2 20.7 20.1 19.4 18.6 17.9 17.1 16.3 15.4 14.8 nan nan nan nan nan nan nan nan 13.0 13.2 nan nan nan nan nan nan 13.1 13.3 13.5 13.9 14.2 14.2 14.2 nan nan nan nan nan nan nan nan nan nan
nan nan nan nan nan nan nan nan nan nan nan nan nan nan nan nan nan nan nan nan nan nan nan nan nan nan nan nan nan 12.2 36.3 34.6 32.6 30.9 29.4 28.1 27.1 26.4 25.8 25.1 24.3 23.6 23.1 22.7 22.3 21.8 21.4 21.0 20.6 20.1 19.5 18.9 18.2 17.6 17.0 16.1 15.3 14.8 nan nan nan nan nan nan 13.1 13.2 13.3 nan 13.6 13.6 13.6 nan nan 13.1 13.4 13.8 14.2 14.7 nan nan nan nan nan nan nan nan nan nan nan nan
nan nan nan nan nan nan nan nan nan nan nan nan nan nan nan nan nan nan nan nan nan nan nan nan nan nan nan nan nan nan 13.1 35.6 33.9 32.1 30.4 29.0 27.8 26.8 26.0 25.1 24.3 23.5 22.9 22.6 22.2 21.7 21.2 20.8 20.5 20.0 19.5 19.0 18.5 18.0 17.5 16.7 15.9 15.2 nan nan nan nan nan 13.2 13.3 13.5 13.6 13.6 13.6 13.6 13.6 8.3 nan 13.2 13.6 14.0 14.4 14.7 nan nan nan nan nan nan nan nan nan nan nan nan
nan nan nan nan nan nan nan nan nan nan nan nan nan nan nan nan nan nan nan nan nan nan nan nan nan nan nan nan nan nan nan 34.0 34.5 33.2 31.5 29.9 28.5 27.3 26.1 25.1 24.2 23.3 22.7 22.4 21.9 21.5 21.1 20.8 20.4 19.9 19.5 19.0 18.7 18.3 17.8 17.2 16.4 15.6 14.9 nan nan 13.6 13.8 13.7 13.6 13.8 13.8 13.8 13.8 13.7 13.7 nan nan 13.5 13.9 14.3 14.6 14.7 nan nan nan nan nan nan nan nan nan nan nan nan
nan nan nan nan nan nan nan nan nan nan nan nan nan nan nan nan nan nan nan nan nan nan nan nan nan nan nan nan nan nan nan nan 35.4 33.8 32.3 30.7 29.1 27.6 26.2 25.0 24.0 23.1 22.6 22.2 21.7 21.3 20.9 20.6 20.2 19.8 19.4 19.0 18.7 18.3 17.9 17.4 16.7 15.9 15.3 14.6 14.4 14.2 14.2 nan 13.9 14.1 14.2 14.2 14.1 14.0 13.9 13.8 13.8 14.0 14.2 14.5 14.7 nan nan nan nan nan nan nan nan nan nan nan nan nan
nan nan nan nan nan nan nan nan nan nan nan nan nan nan nan nan nan nan nan nan nan nan nan nan nan nan nan nan nan nan 35.6 35.5 35.1 34.0 32.7 31.2 29.7 28.0 26.3 24.9 23.9 22.9 22.4 22.0 21.5 21.1 20.8 20.4 19.9 19.6 19.2 18.9 18.6 18.3 17.9 17.4 17.0 16.4 15.9 15.4 15.1 14.7 14.5 14.4 14.4 14.5 14.7 14.6 14.5 14.5 14.2 14.1 14.1 14.3 14.5 14.8 14.9 nan nan nan nan nan nan nan nan nan nan nan nan nan
nan nan nan nan nan nan nan nan nan nan nan nan nan nan nan nan nan nan nan nan nan nan nan nan nan nan nan nan nan nan nan nan 35.1 34.0 33.0 31.8 30.3 28.4 26.6 25.1 24.0 23.0 22.3 21.9 21.5 21.0 20.6 20.2 19.8 19.4 19.1 18.8 18.5 18.2 17.9 17.5 17.1 16.6 16.2 15.8 15.4 15.0 14.9 14.9 14.8 14.8 14.9 nan nan nan 14.4 14.3 14.4 14.5 14.7 14.9 nan nan nan nan nan nan nan nan nan nan nan nan nan nan
nan nan nan nan nan nan nan nan nan nan nan nan nan nan nan nan nan nan nan nan nan nan nan nan nan nan nan nan nan nan 12.4 11.5 34.5 33.9 33.4 32.6 31.3 29.4 27.2 25.6 24.2 23.2 22.4 21.9 21.4 20.9 20.4 20.0 19.7 19.3 19.0 18.7 18.5 18.2 17.9 17.5 17.1 16.7 16.3 15.9 15.5 15.2 15.1 15.0 nan nan nan nan nan nan nan 14.6 14.6 14.8 15.0 15.0 nan nan nan nan nan nan nan nan nan nan nan nan nan nan
nan nan nan nan nan nan nan nan nan nan nan nan nan nan nan nan nan nan nan nan nan nan nan nan nan nan nan nan nan nan 13.3 33.5 34.3 34.4 34.0 14.9 32.5 30.6 28.0 26.2 24.7 23.5 22.5 21.8 21.2 20.8 20.3 19.9 19.6 19.2 19.0 18.7 18.5 18.2 17.9 17.6 17.2 16.7 16.3 15.9 15.6 15.3 15.1 nan nan nan nan nan nan 14.3 14.5 14.7 14.8 14.9 15.1 nan nan nan nan nan nan nan nan nan nan nan nan nan nan nan
nan nan nan nan nan nan nan nan nan nan nan nan nan nan nan nan nan nan nan nan nan nan nan nan nan nan nan nan nan nan 12.5 32.4 34.7 34.9 nan nan nan 30.9 29.1 27.0 25.4 24.0 22.8 21.9 21.3 20.8 20.3 19.9 19.5 19.2 18.9 18.7 18.4 18.2 17.9 17.6 17.2 16.9 16.5 16.2 15.8 15.5 15.3 nan nan nan nan nan 14.4 14.5 14.8 15.0 15.0 15.0 nan nan nan nan nan nan nan nan nan nan nan nan nan nan nan nan
nan nan nan nan nan nan nan nan nan nan nan nan nan nan nan nan nan nan nan nan nan nan nan nan nan nan nan nan nan nan 12.4 12.6 34.7 35.0 nan nan nan 28.9 29.8 28.2 26.3 24.6 23.3 22.2 21.5 20.9 20.4 19.9 19.5 19.2 18.9 18.7 18.5 18.3 18.0 17.8 17.5 17.2 16.9 16.6 16.2 15.8 15.5 15.0 14.8 nan 14.4 14.5 14.7 14.8 15.0 15.2 nan nan nan nan nan nan nan nan nan nan nan nan nan nan nan nan nan nan
nan nan nan nan nan nan nan nan nan nan nan nan nan nan nan nan nan nan nan nan nan nan nan nan nan nan nan nan nan nan nan nan 35.0 28.4 nan nan nan nan 29.0 29.2 27.4 25.4 23.8 22.6 21.7 21.0 20.4 19.9 19.5 19.2 19.0 18.8 18.6 18.5 18.3 18.2 18.0 17.8 17.6 17.2 16.8 16.4 16.0 15.6 15.3 15.0 14.9 14.8 14.9 15.0 15.1 nan nan nan nan nan nan nan nan nan nan nan nan nan nan nan nan nan nan nan
nan nan nan nan nan nan nan nan nan nan nan nan nan nan nan nan nan nan nan nan nan nan nan nan nan nan nan nan nan nan nan nan nan 31.0 15.3 nan nan nan 11.7 31.0 28.8 26.4 24.4 23.1 22.1 21.2 20.5 20.0 19.6 19.3 19.1 19.0 18.9 18.8 18.7 18.7 18.6 18.5 18.3 18.0 17.6 17.2 16.7 16.2 15.8 15.4 15.1 15.0 15.0 15.1 15.1 nan nan nan nan nan nan nan nan nan nan nan nan nan nan nan nan nan nan nan
nan nan nan nan nan nan nan nan nan nan nan nan nan nan nan nan nan nan nan nan nan nan nan nan nan nan nan nan nan nan nan nan nan nan 16.0 26.8 nan nan nan nan 29.7 27.5 25.1 23.5 22.3 21.4 20.6 20.1 19.7 19.4 19.3 19.2 19.2 19.2 19.2 19.3 19.3 19.2 19.1 18.9 18.6 18.1 17.5 16.9 16.4 15.9 15.4 15.2 15.1 15.1 15.1 15.1 nan nan nan nan nan nan nan nan nan nan nan nan nan nan nan nan nan nan
nan nan nan nan nan nan nan nan nan nan nan nan nan nan nan nan nan nan nan nan nan nan nan nan nan nan nan nan nan nan nan nan nan nan nan 20.3 12.4 nan nan nan nan 26.4 25.5 23.9 22.6 21.5 20.7 20.2 19.8 19.6 19.5 19.5 19.5 19.6 19.8 19.9 20.0 20.0 20.0 19.8 19.5 19.0 18.3 17.7 17.0 16.3 15.8 15.4 15.2 15.1 15.1 15.2 15.2 8.4 nan nan nan nan nan nan nan nan nan nan nan nan nan nan nan nan
nan nan nan nan nan nan nan nan nan nan nan nan nan nan nan nan nan nan nan nan nan nan nan nan nan nan nan nan nan nan nan nan nan nan 13.9 20.5 27.1 27.0 nan 12.5 nan 24.4 25.5 24.1 22.8 21.7 20.9 20.3 20.0 19.9 19.8 19.9 19.9 20.1 20.3 20.5 20.6 20.7 20.8 20.6 20.3 19.8 19.1 18.3 17.5 16.7 16.1 15.7 15.4 15.2 15.1 15.1 15.2 15.2 nan nan nan nan nan nan nan nan nan nan nan nan nan nan nan nan
nan nan nan nan nan nan nan nan nan nan nan nan nan nan nan nan nan nan nan nan nan nan nan nan nan nan nan nan nan nan nan nan nan nan 27.9 27.6 27.6 25.5 17.7 25.1 26.4 21.4 25.1 24.3 23.0 21.9 21.1 20.5 20.3 20.2 20.2 20.2 20.3 20.5 20.7 21.0 21.2 21.3 21.4 21.3 21.0 20.4 19.6 18.8 17.9 17.0 16.1 16.1 15.7 15.6 15.2 15.2 15.2 15.4 15.6 nan nan nan nan nan nan nan nan nan nan nan nan nan nan nan
nan nan nan nan nan nan nan nan nan nan nan nan nan nan nan nan nan nan nan nan nan nan nan nan nan nan nan nan nan nan nan nan nan nan 27.9 27.9 27.8 27.7 26.5 nan 27.8 25.6 26.0 24.5 23.2 22.1 21.3 20.8 20.5 20.5 20.5 20.5 20.7 20.9 21.1 21.4 21.7 21.9 22.0 21.8 21.5 20.8 -9999.0 -9999.0 -9999.0 -9999.0 -9999.0 -9999.0 -9999.0 8.9 15.5 15.4 15.4 15.4 15.5 nan nan nan nan nan nan nan nan nan nan nan nan nan nan -9999.0
nan nan nan nan nan nan nan nan nan nan nan nan nan nan nan nan nan nan nan nan nan nan nan nan nan nan nan nan nan nan nan nan nan nan 27.9 27.8 27.7 27.7 27.9 nan nan 28.1 26.6 24.9 23.4 22.4 21.5 21.0 20.8 20.7 20.7 20.8 21.0 21.2 21.5 21.8 22.1 22.4 22.5 22.4 21.9 -9999.0 -9999.0 -9999.0 -9999.0 -9999.0 -9999.0 -9999.0 -9999.0 nan 10.3 15.4 15.5 15.1 nan nan nan nan nan nan nan nan nan nan nan nan nan nan nan -9999.0
nan nan nan nan nan nan nan nan nan nan nan nan nan nan nan nan nan nan nan nan nan nan nan nan nan nan nan nan nan nan nan nan nan nan 27.8 27.7 27.7 27.8 28.3 nan 22.8 24.8 26.8 25.3 23.7 22.6 21.8 21.3 21.1 21.0 21.0 21.0 21.2 21.5 21.9 22.2 22.5 22.8 22.9 22.8 22.2 -9999.0 -9999.0 -9999.0 -9999.0 -9999.0 -9999.0 -9999.0 -9999.0 -9999.0 -9999.0 nan 8.8 8.8 nan nan nan nan nan nan nan nan nan nan nan nan nan nan nan -9999.0
nan nan nan nan nan nan nan nan nan nan nan nan nan nan nan nan nan nan nan nan nan nan nan nan nan nan nan nan nan nan nan nan nan nan 27.5 27.5 28.0 27.2 24.8 17.1 26.6 22.8 26.5 25.4 24.0 22.9 22.1 21.6 21.3 21.2 21.2 21.3 21.5 21.8 22.2 22.6 22.9 23.3 23.4 23.1 -9999.0 -9999.0 -9999.0 -9999.0 -9999.0 -9999.0 -9999.0 -9999.0 -9999.0 -9999.0 -9999.0 nan nan nan nan nan nan nan nan nan nan nan nan nan nan nan nan nan nan -9999.0
nan nan nan nan nan nan nan nan nan nan nan nan nan nan nan nan nan nan nan nan nan nan nan nan nan nan nan nan nan nan nan nan 26.6 26.6 27.6 28.0 28.5 29.1 28.8 26.0 nan 28.3 26.9 25.6 24.3 23.2 22.4 21.9 21.5 21.4 21.4 21.5 21.8 22.1 22.6 23.0 23.4 23.7 23.8 -9999.0 -9999.0 -9999.0 -9999.0 -9999.0 -9999.0 -9999.0 -9999.0 -9999.0 -9999.0 -9999.0 -9999.0 -9999.0 nan nan nan nan nan nan nan nan nan nan nan nan nan nan nan nan nan -9999.0
nan nan nan nan nan nan nan nan nan nan nan nan nan nan nan nan nan nan nan nan nan nan nan nan nan nan nan nan nan 12.5 nan nan 28.3 28.3 28.3 28.4 29.0 29.6 30.2 nan nan 28.2 27.2 25.9 24.6 23.6 22.7 22.1 21.8 21.6 21.6 21.8 22.0 22.4 22.8 23.3 23.8 24.1 24.1 -9999.0 -9999.0 -9999.0 -9999.0 -9999.0 -9999.0 -9999.0 -9999.0 -9999.0 -9999.0 -9999.0 -9999.0 -9999.0 -9999.0 -9999.0 nan nan nan nan nan nan nan nan nan nan nan nan nan nan nan -9999.0
nan nan nan nan nan nan nan nan nan nan nan nan nan nan nan nan nan nan nan nan nan nan nan nan nan nan nan nan nan 11.4 11.4 nan 28.6 29.0 27.0 26.1 28.0 29.9 30.4 29.0 nan 28.5 27.7 26.4 25.1 24.0 23.1 22.5 22.1 22.0 21.9 22.0 22.3 22.6 23.0 23.5 24.1 24.4 -9999.0 -9999.0 -9999.0 -9999.0 -9999.0 -9999.0 -9999.0 -9999.0 -9999.0 -9999.0 -9999.0 -9999.0 -9999.0 -9999.0 -9999.0 -9999.0 -9999.0 nan nan nan nan nan nan nan nan nan nan nan nan nan nan -9999.0
nan nan nan nan nan nan nan nan nan nan nan nan nan nan nan nan nan nan nan nan nan nan nan nan nan nan nan nan nan 12.0 28.9 28.8 29.1 29.5 29.9 nan 11.5 29.9 30.2 30.2 nan 27.9 28.3 27.0 25.7 24.4 23.6 22.9 22.5 22.3 22.3 22.3 22.5 22.8 23.2 23.7 24.3 24.6 -9999.0 -9999.0 -9999.0 -9999.0 -9999.0 -9999.0 -9999.0 -9999.0 -9999.0 -9999.0 -9999.0 -9999.0 -9999.0 -9999.0 -9999.0 -9999.0 -9999.0 -9999.0 nan nan nan nan nan nan nan nan nan nan nan nan nan -9999.0
nan nan nan nan nan nan nan nan nan nan nan nan nan nan nan nan nan nan nan nan nan nan nan nan nan nan nan nan nan nan 28.4 29.0 29.5 30.1 28.5 nan nan 28.6 29.0 27.9 nan 23.6 25.5 27.4 26.2 24.9 24.0 23.3 22.9 22.7 22.6 22.7 22.8 23.1 23.4 23.8 24.5 24.9 -9999.0 -9999.0 -9999.0 -9999.0 -9999.0 -9999.0 -9999.0 -9999.0 -9999.0 -9999.0 -9999.0 -9999.0 -9999.0 -9999.0 -9999.0 -9999.0 -9999.0 -9999.0 -9999.0 nan nan nan nan nan nan nan nan nan nan nan nan -9999.0
nan nan nan nan nan nan nan nan nan nan nan nan nan nan nan nan nan nan nan nan nan nan nan nan nan nan nan nan nan nan 26.7 29.3 29.9 30.5 27.1 nan 12.6 23.0 26.4 14.8 24.0 20.1 22.2 27.1 26.5 25.2 24.3 23.5 23.1 22.9 22.9 22.9 23.1 23.3 23.6 24.0 24.5 25.2 -9999.0 -9999.0 -9999.0 -9999.0 -9999.0 -9999.0 -9999.0 -9999.0 -9999.0 -9999.0 -9999.0 -9999.0 -9999.0 -9999.0 -9999.0 -9999.0 -9999.0 -9999.0 -9999.0 -9999.0 nan nan nan nan nan nan nan nan nan nan nan -9999.0
nan nan nan nan nan nan nan nan nan nan nan nan nan nan nan nan nan nan nan nan nan nan nan nan nan nan nan nan nan nan 27.5 29.0 29.9 30.3 28.6 12.6 nan 27.1 19.8 13.3 21.1 nan 29.0 28.6 27.3 25.9 24.8 24.0 23.5 23.2 23.1 23.2 23.3 23.5 23.8 24.3 24.5 20.2 -9999.0 -9999.0 -9999.0 -9999.0 -9999.0 -9999.0 -9999.0 -9999.0 -9999.0 -9999.0 -9999.0 -9999.0 -9999.0 -9999.0 -9999.0 -9999.0 -9999.0 -9999.0 -9999.0 -9999.0 -9999.0 -9999.0 nan nan nan nan nan nan nan nan nan -9999.0
nan nan nan nan nan nan nan nan nan nan nan nan nan nan nan nan nan nan nan nan nan nan nan nan nan nan nan nan nan nan nan 29.1 29.5 29.9 30.3 nan nan 20.8 19.4 15.2 nan nan 29.9 29.3 28.1 26.7 25.5 24.6 24.0 23.6 23.4 23.4 23.6 23.8 24.1 24.9 24.7 23.1 -9999.0 -9999.0 -9999.0 -9999.0 -9999.0 -9999.0 -9999.0 -9999.0 -9999.0 -9999.0 -9999.0 nan nan nan -9999.0 -9999.0 -9999.0 -9999.0 -9999.0 -9999.0 -9999.0 -9999.0 -9999.0 -9999.0 -9999.0 -9999.0 -9999.0 nan nan nan -9999.0 -9999.0
nan nan nan nan nan nan nan nan nan nan nan nan nan nan nan nan nan nan nan nan nan nan nan nan nan nan nan nan nan nan nan 27.8 29.1 29.7 30.6 nan 12.6 17.9 27.2 14.4 nan nan 30.4 30.1 28.9 27.5 26.3 25.2 24.5 24.0 23.8 23.7 23.8 24.0 24.5 25.4 25.8 23.6 -9999.0 -9999.0 -9999.0 -9999.0 -9999.0 -9999.0 -9999.0 -9999.0 -9999.0 -9999.0 -9999.0 nan nan nan nan nan -9999.0 -9999.0 -9999.0 -9999.0 -9999.0 -9999.0 -9999.0 -9999.0 -9999.0 -9999.0 -9999.0 -9999.0 -9999.0 -9999.0 -9999.0 -9999.0
nan nan nan nan nan nan nan nan nan nan nan nan nan nan nan nan nan nan nan nan nan nan nan nan nan nan nan nan nan nan nan 12.4 28.9 29.8 30.5 29.6 26.9 20.8 17.2 13.9 15.4 nan 30.5 30.7 29.9 28.5 27.1 25.9 25.0 24.5 24.1 24.1 24.1 24.3 24.7 25.5 25.7 21.5 -9999.0 -9999.0 -9999.0 -9999.0 -9999.0 -9999.0 -9999.0 -9999.0 -9999.0 -9999.0 -9999.0 -9999.0 -9999.0 -9999.0 -9999.0 -9999.0 -9999.0 -9999.0 -9999.0 -9999.0 -9999.0 -9999.0 -9999.0 -9999.0 -9999.0 -9999.0 -9999.0 -9999.0 -9999.0 -9999.0 -9999.0 -9999.0
nan nan nan nan nan nan nan nan nan nan nan nan nan nan nan nan nan nan nan nan nan nan nan nan nan nan nan nan nan nan nan 12.4 27.8 30.0 30.9 31.4 31.1 nan 19.8 22.8 13.4 nan 30.8 31.1 30.6 29.4 28.0 26.7 25.7 25.0 24.6 24.4 24.4 24.6 25.0 25.7 25.9 23.5 -9999.0 -9999.0 -9999.0 -9999.0 -9999.0 -9999.0 -9999.0 -9999.0 -9999.0 -9999.0 -9999.0 -9999.0 -9999.0 -9999.0 -9999.0 -9999.0 -9999.0 -9999.0 -9999.0 -9999.0 -9999.0 -9999.0 -9999.0 -9999.0 -9999.0 -9999.0 -9999.0 -9999.0 -9999.0 -9999.0 -9999.0 -9999.0
nan nan nan nan nan nan nan nan nan nan nan nan nan nan nan nan nan nan nan nan nan nan nan nan nan nan nan nan nan nan nan 12.5 26.0 28.7 30.8 31.0 30.8 nan nan 20.3 14.8 nan nan 31.7 31.5 30.3 29.0 27.6 26.5 25.6 25.1 24.9 24.8 24.9 25.3 25.9 26.2 22.0 -9999.0 -9999.0 -9999.0 -9999.0 -9999.0 -9999.0 -9999.0 -9999.0 -9999.0 -9999.0 -9999.0 -9999.0 -9999.0 -9999.0 -9999.0 -9999.0 -9999.0 -9999.0 -9999.0 -9999.0 -9999.0 -9999.0 -9999.0 -9999.0 -9999.0 -9999.0 -9999.0 -9999.0 -9999.0 -9999.0 -9999.0 -9999.0
nan nan nan nan nan nan nan nan nan nan nan nan nan nan nan nan nan nan nan nan nan nan nan nan nan nan nan nan nan nan nan nan 12.1 30.0 30.5 30.8 nan nan nan 20.8 14.6 13.4 nan nan 31.1 30.8 29.7 28.5 27.3 26.4 25.7 25.4 25.2 25.2 25.6 26.2 26.8 22.9 -9999.0 -9999.0 -9999.0 -9999.0 -9999.0 -9999.0 -9999.0 -9999.0 -9999.0 -9999.0 -9999.0 -9999.0 -9999.0 -9999.0 -9999.0 -9999.0 -9999.0 -9999.0 -9999.0 -9999.0 -9999.0 -9999.0 -9999.0 -9999.0 nan nan nan -9999.0 -9999.0 -9999.0 -9999.0 -9999.0
nan nan nan nan nan nan nan nan nan nan nan nan nan nan nan nan nan nan nan nan nan nan nan nan nan nan nan nan nan nan nan nan 28.4 29.4 30.1 30.6 nan nan nan nan 16.6 13.2 24.2 nan 29.4 31.2 30.4 29.1 28.0 27.0 26.2 25.8 25.6 25.6 25.8 26.5 27.3 26.2 -9999.0 -9999.0 -9999.0 -9999.0 -9999.0 -9999.0 -9999.0 -9999.0 -9999.0 -9999.0 -9999.0 -9999.0 -9999.0 -9999.0 -9999.0 -9999.0 -9999.0 -9999.0 -9999.0 -9999.0 -9999.0 -9999.0 nan nan nan nan nan nan nan nan -9999.0 -9999.0
nan nan nan nan nan nan nan nan nan nan nan nan nan nan nan nan nan nan nan nan nan nan nan nan nan nan nan nan nan nan nan nan nan 29.8 30.4 30.8 nan nan nan nan 22.4 14.8 17.9 16.7 nan 31.8 31.3 30.0 28.9 27.8 26.9 26.3 26.0 26.0 26.3 27.0 27.5 27.2 -9999.0 -9999.0 -9999.0 -9999.0 -9999.0 -9999.0 -9999.0 -9999.0 -9999.0 -9999.0 -9999.0 nan nan nan nan nan nan nan nan nan nan nan nan nan nan nan nan nan nan nan nan nan
nan nan nan nan nan nan nan nan nan nan nan nan nan nan nan nan nan nan nan nan nan nan nan nan nan nan nan nan nan nan nan nan nan 30.1 30.7 31.2 31.1 nan nan nan 30.8 17.5 16.1 29.4 nan nan 31.1 30.6 29.7 28.6 27.6 26.9 26.5 26.5 26.9 27.7 28.4 28.9 -9999.0 -9999.0 -9999.0 -9999.0 -9999.0 -9999.0 -9999.0 -9999.0 -9999.0 -9999.0 nan nan nan nan nan nan nan nan nan nan nan nan nan nan nan nan nan nan nan nan nan nan
