data/output/RUN203/ECOSPACE/ECOSPACE_in_PAR3/PAR-VarZ-VarK/PAR-VarZ-VarK_1980_07.asc
ncols        93
nrows        151 
xllcorner    -123.80739
yllcorner    48.29471 
cellsize     0.013497347 
NODATA_value  0.0
[rows 80 to 119 of 151, columns 0 to 89 of 93]
nan nan nan nan nan nan nan nan nan nan nan nan nan nan nan nan nan nan nan nan nan nan nan 29.2 29.2 29.3 30.8 30.2 29.1 27.9 26.7 25.7 24.7 23.9 23.2 22.6 22.2 21.9 21.7 21.5 21.4 21.2 21.0 20.8 20.5 20.1 19.8 19.4 19.1 18.9 18.7 18.4 18.1 17.9 nan nan nan nan nan nan nan nan nan nan nan nan 15.3 15.4 15.4 15.4 nan 15.2 15.2 15.2 15.2 15.2 15.2 15.1 15.0 15.3 15.7 15.8 15.6 nan nan nan nan nan nan nan
nan nan nan nan nan nan nan nan nan nan nan nan nan nan nan nan nan nan nan nan nan nan nan nan nan nan 31.2 30.7 29.7 28.5 27.3 26.3 25.3 24.3 23.5 22.9 22.4 22.0 21.7 21.5 21.4 21.2 21.0 20.7 20.4 20.1 19.8 19.5 19.2 19.0 18.8 18.5 18.2 17.9 17.5 nan nan nan nan nan nan nan nan nan nan nan 15.6 15.5 nan nan nan nan nan 15.2 15.3 15.4 nan 15.1 15.2 15.6 15.9 16.0 nan nan nan nan nan nan nan nan
nan nan nan nan nan nan nan nan nan nan nan nan nan nan nan nan nan nan nan nan nan nan nan nan nan nan nan 30.8 30.1 29.3 28.1 27.0 26.0 24.9 24.0 23.2 22.6 22.2 21.8 21.6 21.4 21.2 20.9 20.6 20.3 20.1 19.8 19.5 19.3 19.0 18.8 18.6 18.3 18.0 17.7 17.3 nan nan nan nan nan nan nan nan nan 15.6 15.7 nan nan nan nan nan nan 15.2 15.3 15.4 nan 15.3 15.6 15.9 16.1 nan nan nan nan nan nan nan nan nan
nan nan nan nan nan nan nan nan nan nan nan nan nan nan nan nan nan nan nan nan nan nan nan nan nan nan nan nan 28.6 29.6 29.0 27.8 26.7 25.7 24.6 23.7 23.0 22.4 22.0 21.7 21.4 21.2 20.9 20.6 20.2 20.0 19.8 19.5 19.3 19.1 18.9 18.7 18.5 18.2 17.9 17.5 17.3 nan nan nan nan nan nan nan nan 15.6 15.7 nan nan nan nan nan nan 15.3 15.4 15.6 15.9 16.3 16.2 16.1 nan nan nan nan nan nan nan nan nan nan
nan nan nan nan nan nan nan nan nan nan nan nan nan nan nan nan nan nan nan nan nan nan nan nan nan nan nan nan nan 15.9 29.9 28.8 27.5 26.4 25.4 24.4 23.5 22.9 22.4 22.0 21.6 21.3 20.9 20.5 20.2 19.9 19.7 19.5 19.3 19.1 18.9 18.8 18.6 18.4 18.1 17.8 17.4 17.2 nan nan nan nan nan nan 15.7 15.8 15.8 nan 15.8 15.8 15.8 nan nan 15.4 15.6 15.9 16.3 16.9 nan nan nan nan nan nan nan nan nan nan nan nan
nan nan nan nan nan nan nan nan nan nan nan nan nan nan nan nan nan nan nan nan nan nan nan nan nan nan nan nan nan nan 16.3 29.5 28.5 27.3 26.2 25.2 24.2 23.4 22.8 22.3 21.9 21.5 21.1 20.6 20.2 19.9 19.7 19.5 19.3 19.1 19.0 18.9 18.8 18.6 18.4 18.0 17.7 17.4 nan nan nan nan nan 15.8 15.9 15.9 15.9 15.9 15.9 15.8 15.8 11.2 nan 15.5 15.8 16.1 16.5 16.7 nan nan nan nan nan nan nan nan nan nan nan nan
nan nan nan nan nan nan nan nan nan nan nan nan nan nan nan nan nan nan nan nan nan nan nan nan nan nan nan nan nan nan nan 27.3 29.0 28.2 27.1 26.0 25.0 24.1 23.4 22.8 22.3 21.8 21.2 20.8 20.3 20.0 19.7 19.5 19.3 19.2 19.1 19.1 19.0 18.9 18.6 18.3 18.0 17.6 17.2 nan nan 16.2 16.3 16.2 16.1 16.1 16.1 16.1 16.0 15.9 15.9 nan nan 15.7 16.0 16.3 16.6 16.7 nan nan nan nan nan nan nan nan nan nan nan nan
nan nan nan nan nan nan nan nan nan nan nan nan nan nan nan nan nan nan nan nan nan nan nan nan nan nan nan nan nan nan nan nan 29.8 28.9 28.0 26.9 25.9 24.9 24.0 23.3 22.6 22.0 21.5 20.9 20.5 20.1 19.8 19.6 19.4 19.3 19.3 19.3 19.2 19.1 19.0 18.7 18.3 18.0 17.6 17.1 16.9 16.8 16.7 nan 16.3 16.4 16.4 16.4 16.3 16.2 16.1 16.0 16.0 16.1 16.2 16.5 16.7 nan nan nan nan nan nan nan nan nan nan nan nan nan
nan nan nan nan nan nan nan nan nan nan nan nan nan nan nan nan nan nan nan nan nan nan nan nan nan nan nan nan nan nan 29.4 29.7 29.9 29.4 28.7 27.7 26.7 25.7 24.7 23.9 23.1 22.4 21.7 21.1 20.7 20.3 20.0 19.7 19.6 19.5 19.5 19.5 19.4 19.4 19.3 19.1 18.8 18.4 18.1 17.8 17.4 17.2 17.0 16.9 16.8 16.8 16.9 16.8 16.7 16.6 16.4 16.2 16.2 16.3 16.4 16.7 16.7 nan nan nan nan nan nan nan nan nan nan nan nan nan
nan nan nan nan nan nan nan nan nan nan nan nan nan nan nan nan nan nan nan nan nan nan nan nan nan nan nan nan nan nan nan nan 29.7 29.5 29.1 28.4 27.5 26.5 25.5 24.5 23.6 22.7 22.0 21.3 20.8 20.5 20.1 19.9 19.7 19.7 19.6 19.7 19.7 19.7 19.6 19.5 19.3 19.0 18.6 18.3 18.0 17.6 17.5 17.4 17.1 17.0 17.1 nan nan nan 16.5 16.4 16.4 16.5 16.6 16.7 nan nan nan nan nan nan nan nan nan nan nan nan nan nan
nan nan nan nan nan nan nan nan nan nan nan nan nan nan nan nan nan nan nan nan nan nan nan nan nan nan nan nan nan nan 18.3 16.5 29.7 29.6 29.3 28.9 28.4 27.5 26.4 25.4 24.3 23.2 22.4 21.6 21.1 20.7 20.4 20.1 20.0 19.9 19.9 19.9 20.0 20.0 19.9 19.9 19.7 19.4 19.1 18.7 18.3 18.0 17.8 17.6 nan nan nan nan nan nan nan 16.7 16.6 16.6 16.7 16.7 nan nan nan nan nan nan nan nan nan nan nan nan nan nan
nan nan nan nan nan nan nan nan nan nan nan nan nan nan nan nan nan nan nan nan nan nan nan nan nan nan nan nan nan nan 17.0 29.4 29.9 29.9 29.5 17.6 29.0 28.3 27.1 26.0 24.9 23.8 22.8 22.0 21.4 20.9 20.6 20.3 20.1 20.1 20.1 20.1 20.2 20.2 20.2 20.1 19.9 19.7 19.4 19.0 18.6 18.2 17.8 nan nan nan nan nan nan 16.5 16.7 16.8 16.8 16.8 16.8 nan nan nan nan nan nan nan nan nan nan nan nan nan nan nan
nan nan nan nan nan nan nan nan nan nan nan nan nan nan nan nan nan nan nan nan nan nan nan nan nan nan nan nan nan nan 18.4 28.5 30.0 29.9 nan nan nan 28.1 27.5 26.5 25.4 24.3 23.2 22.4 21.7 21.2 20.8 20.5 20.4 20.3 20.3 20.3 20.4 20.4 20.4 20.3 20.2 19.9 19.5 19.1 18.7 18.3 17.9 nan nan nan nan nan 16.7 16.7 16.8 16.9 16.8 16.8 nan nan nan nan nan nan nan nan nan nan nan nan nan nan nan nan
nan nan nan nan nan nan nan nan nan nan nan nan nan nan nan nan nan nan nan nan nan nan nan nan nan nan nan nan nan nan 18.4 16.2 30.5 29.9 nan nan nan 26.2 27.6 26.9 26.0 24.8 23.7 22.7 22.0 21.4 21.0 20.7 20.5 20.5 20.5 20.5 20.5 20.6 20.6 20.5 20.3 20.0 19.7 19.3 18.9 18.4 18.0 17.4 17.1 nan 16.8 16.8 16.9 16.9 17.0 17.0 nan nan nan nan nan nan nan nan nan nan nan nan nan nan nan nan nan nan
nan nan nan nan nan nan nan nan nan nan nan nan nan nan nan nan nan nan nan nan nan nan nan nan nan nan nan nan nan nan nan nan 30.6 25.2 nan nan nan nan 27.6 27.4 26.6 25.4 24.1 23.1 22.3 21.6 21.2 20.9 20.7 20.5 20.5 20.5 20.6 20.7 20.7 20.6 20.4 20.2 19.9 19.5 19.1 18.7 18.1 17.7 17.4 17.2 17.1 17.0 17.0 17.0 17.0 nan nan nan nan nan nan nan nan nan nan nan nan nan nan nan nan nan nan nan
nan nan nan nan nan nan nan nan nan nan nan nan nan nan nan nan nan nan nan nan nan nan nan nan nan nan nan nan nan nan nan nan nan 23.5 13.5 nan nan nan 16.5 28.2 27.4 26.0 24.6 23.5 22.5 21.8 21.3 21.0 20.8 20.6 20.5 20.6 20.6 20.7 20.7 20.7 20.5 20.3 20.1 19.8 19.4 18.9 18.4 18.0 17.7 17.4 17.2 17.1 17.0 17.0 16.9 nan nan nan nan nan nan nan nan nan nan nan nan nan nan nan nan nan nan nan
nan nan nan nan nan nan nan nan nan nan nan nan nan nan nan nan nan nan nan nan nan nan nan nan nan nan nan nan nan nan nan nan nan nan 16.0 24.4 nan nan nan nan 27.6 26.6 24.9 23.7 22.7 22.0 21.4 21.1 20.8 20.7 20.6 20.5 20.6 20.7 20.8 20.7 20.6 20.5 20.3 20.0 19.6 19.1 18.7 18.3 17.9 17.6 17.4 17.3 17.1 17.0 17.0 16.8 nan nan nan nan nan nan nan nan nan nan nan nan nan nan nan nan nan nan
nan nan nan nan nan nan nan nan nan nan nan nan nan nan nan nan nan nan nan nan nan nan nan nan nan nan nan nan nan nan nan nan nan nan nan 18.3 18.1 nan nan nan nan 25.0 24.9 23.8 22.8 22.0 21.5 21.1 20.8 20.6 20.6 20.5 20.6 20.7 20.8 20.8 20.8 20.7 20.5 20.2 19.8 19.4 18.9 18.5 18.1 17.8 17.6 17.4 17.2 17.1 16.9 16.9 16.8 11.6 nan nan nan nan nan nan nan nan nan nan nan nan nan nan nan nan
nan nan nan nan nan nan nan nan nan nan nan nan nan nan nan nan nan nan nan nan nan nan nan nan nan nan nan nan nan nan nan nan nan nan 16.5 20.6 25.3 25.1 nan 18.0 nan 22.6 24.7 23.7 22.8 22.1 21.5 21.1 20.8 20.6 20.6 20.5 20.6 20.7 20.8 20.9 20.9 20.8 20.6 20.3 20.0 19.6 19.1 18.7 18.3 18.0 17.7 17.5 17.3 17.1 16.9 16.8 16.8 16.7 nan nan nan nan nan nan nan nan nan nan nan nan nan nan nan nan
nan nan nan nan nan nan nan nan nan nan nan nan nan nan nan nan nan nan nan nan nan nan nan nan nan nan nan nan nan nan nan nan nan nan 25.5 25.6 26.0 25.4 18.9 22.6 24.0 20.9 24.5 23.6 22.8 22.1 21.5 21.1 20.8 20.6 20.6 20.6 20.6 20.7 20.8 20.9 21.0 20.9 20.7 20.5 20.1 19.7 19.2 18.7 18.3 17.9 17.2 17.1 16.7 17.3 16.9 16.8 16.8 16.7 16.8 nan nan nan nan nan nan nan nan nan nan nan nan nan nan nan
nan nan nan nan nan nan nan nan nan nan nan nan nan nan nan nan nan nan nan nan nan nan nan nan nan nan nan nan nan nan nan nan nan nan 25.7 25.9 25.8 25.7 25.8 nan 24.7 23.9 24.5 23.6 22.8 22.1 21.5 21.1 20.8 20.6 20.6 20.6 20.7 20.8 20.9 21.0 21.1 21.1 20.9 20.6 20.3 19.8 -9999.0 -9999.0 -9999.0 -9999.0 -9999.0 -9999.0 -9999.0 12.6 17.0 16.8 16.8 16.7 16.7 nan nan nan nan nan nan nan nan nan nan nan nan nan nan -9999.0
nan nan nan nan nan nan nan nan nan nan nan nan nan nan nan nan nan nan nan nan nan nan nan nan nan nan nan nan nan nan nan nan nan nan 25.6 25.6 25.5 25.1 25.0 nan nan 25.2 24.5 23.6 22.8 22.1 21.6 21.2 20.9 20.7 20.7 20.7 20.8 20.9 21.0 21.2 21.3 21.3 21.1 20.8 20.3 -9999.0 -9999.0 -9999.0 -9999.0 -9999.0 -9999.0 -9999.0 -9999.0 nan 15.1 16.9 17.0 16.5 nan nan nan nan nan nan nan nan nan nan nan nan nan nan nan -9999.0
nan nan nan nan nan nan nan nan nan nan nan nan nan nan nan nan nan nan nan nan nan nan nan nan nan nan nan nan nan nan nan nan nan nan 25.3 25.2 25.1 25.1 25.4 nan 20.4 23.5 24.3 23.5 22.6 22.0 21.5 21.2 20.9 20.8 20.8 20.8 20.9 21.0 21.2 21.4 21.5 21.5 21.3 20.9 20.4 -9999.0 -9999.0 -9999.0 -9999.0 -9999.0 -9999.0 -9999.0 -9999.0 -9999.0 -9999.0 nan 12.3 12.3 nan nan nan nan nan nan nan nan nan nan nan nan nan nan nan -9999.0
nan nan nan nan nan nan nan nan nan nan nan nan nan nan nan nan nan nan nan nan nan nan nan nan nan nan nan nan nan nan nan nan nan nan 25.0 24.9 25.2 25.7 22.9 15.7 23.2 20.5 24.0 23.3 22.5 21.9 21.4 21.1 21.0 20.9 20.9 20.9 21.0 21.2 21.5 21.7 21.8 21.8 21.6 21.1 -9999.0 -9999.0 -9999.0 -9999.0 -9999.0 -9999.0 -9999.0 -9999.0 -9999.0 -9999.0 -9999.0 nan nan nan nan nan nan nan nan nan nan nan nan nan nan nan nan nan nan -9999.0
nan nan nan nan nan nan nan nan nan nan nan nan nan nan nan nan nan nan nan nan nan nan nan nan nan nan nan nan nan nan nan nan 24.2 24.5 24.8 25.1 25.8 26.5 26.9 26.2 nan 24.7 23.9 23.1 22.4 21.8 21.3 21.1 21.0 20.9 20.9 21.0 21.2 21.5 21.7 22.0 22.2 22.2 21.9 -9999.0 -9999.0 -9999.0 -9999.0 -9999.0 -9999.0 -9999.0 -9999.0 -9999.0 -9999.0 -9999.0 -9999.0 -9999.0 nan nan nan nan nan nan nan nan nan nan nan nan nan nan nan nan nan -9999.0
nan nan nan nan nan nan nan nan nan nan nan nan nan nan nan nan nan nan nan nan nan nan nan nan nan nan nan nan nan 18.1 nan nan 24.9 25.0 25.0 25.3 26.3 27.0 27.5 nan nan 24.3 23.8 23.0 22.3 21.7 21.3 21.1 21.0 21.0 21.0 21.2 21.4 21.8 22.1 22.5 22.7 22.7 22.4 -9999.0 -9999.0 -9999.0 -9999.0 -9999.0 -9999.0 -9999.0 -9999.0 -9999.0 -9999.0 -9999.0 -9999.0 -9999.0 -9999.0 -9999.0 nan nan nan nan nan nan nan nan nan nan nan nan nan nan nan -9999.0
nan nan nan nan nan nan nan nan nan nan nan nan nan nan nan nan nan nan nan nan nan nan nan nan nan nan nan nan nan 14.9 14.9 nan 25.4 25.5 24.0 22.5 25.6 26.6 26.7 25.9 nan 24.3 23.9 23.2 22.5 21.8 21.4 21.2 21.1 21.1 21.2 21.4 21.7 22.1 22.5 23.0 23.3 23.3 -9999.0 -9999.0 -9999.0 -9999.0 -9999.0 -9999.0 -9999.0 -9999.0 -9999.0 -9999.0 -9999.0 -9999.0 -9999.0 -9999.0 -9999.0 -9999.0 -9999.0 nan nan nan nan nan nan nan nan nan nan nan nan nan nan -9999.0
nan nan nan nan nan nan nan nan nan nan nan nan nan nan nan nan nan nan nan nan nan nan nan nan nan nan nan nan nan 15.7 25.2 25.4 25.7 25.9 26.0 nan 16.2 26.2 26.3 26.4 nan 24.5 24.2 23.4 22.8 22.1 21.6 21.3 21.2 21.3 21.4 21.7 22.0 22.5 23.0 23.6 24.0 24.0 -9999.0 -9999.0 -9999.0 -9999.0 -9999.0 -9999.0 -9999.0 -9999.0 -9999.0 -9999.0 -9999.0 -9999.0 -9999.0 -9999.0 -9999.0 -9999.0 -9999.0 -9999.0 nan nan nan nan nan nan nan nan nan nan nan nan nan -9999.0
nan nan nan nan nan nan nan nan nan nan nan nan nan nan nan nan nan nan nan nan nan nan nan nan nan nan nan nan nan nan 24.9 25.2 25.6 26.0 25.2 nan nan 26.0 26.2 25.9 nan 22.0 23.3 23.5 22.8 22.3 21.8 21.5 21.4 21.5 21.6 21.9 22.3 22.8 23.5 24.0 24.4 24.5 -9999.0 -9999.0 -9999.0 -9999.0 -9999.0 -9999.0 -9999.0 -9999.0 -9999.0 -9999.0 -9999.0 -9999.0 -9999.0 -9999.0 -9999.0 -9999.0 -9999.0 -9999.0 -9999.0 nan nan nan nan nan nan nan nan nan nan nan nan -9999.0
nan nan nan nan nan nan nan nan nan nan nan nan nan nan nan nan nan nan nan nan nan nan nan nan nan nan nan nan nan nan 22.8 25.1 25.5 25.9 23.1 nan 18.2 20.7 23.2 14.3 21.4 17.4 19.7 22.9 22.8 22.5 22.0 21.8 21.7 21.6 21.8 22.2 22.6 23.1 23.8 24.4 24.8 24.5 -9999.0 -9999.0 -9999.0 -9999.0 -9999.0 -9999.0 -9999.0 -9999.0 -9999.0 -9999.0 -9999.0 -9999.0 -9999.0 -9999.0 -9999.0 -9999.0 -9999.0 -9999.0 -9999.0 -9999.0 nan nan nan nan nan nan nan nan nan nan nan -9999.0
nan nan nan nan nan nan nan nan nan nan nan nan nan nan nan nan nan nan nan nan nan nan nan nan nan nan nan nan nan nan 22.8 24.7 25.4 25.8 25.5 18.2 nan 23.4 19.1 14.8 19.0 nan 24.2 24.0 23.4 22.8 22.4 22.0 21.9 21.9 22.0 22.3 22.8 23.3 24.0 24.6 24.4 19.8 -9999.0 -9999.0 -9999.0 -9999.0 -9999.0 -9999.0 -9999.0 -9999.0 -9999.0 -9999.0 -9999.0 -9999.0 -9999.0 -9999.0 -9999.0 -9999.0 -9999.0 -9999.0 -9999.0 -9999.0 -9999.0 -9999.0 nan nan nan nan nan nan nan nan nan -9999.0
nan nan nan nan nan nan nan nan nan nan nan nan nan nan nan nan nan nan nan nan nan nan nan nan nan nan nan nan nan nan nan 25.0 25.4 25.6 26.0 nan nan 19.1 18.6 18.0 nan nan 24.6 24.4 23.8 23.2 22.7 22.4 22.2 22.1 22.3 22.5 22.9 23.5 24.3 25.0 24.0 21.6 -9999.0 -9999.0 -9999.0 -9999.0 -9999.0 -9999.0 -9999.0 -9999.0 -9999.0 -9999.0 -9999.0 nan nan nan -9999.0 -9999.0 -9999.0 -9999.0 -9999.0 -9999.0 -9999.0 -9999.0 -9999.0 -9999.0 -9999.0 -9999.0 -9999.0 nan nan nan -9999.0 -9999.0
nan nan nan nan nan nan nan nan nan nan nan nan nan nan nan nan nan nan nan nan nan nan nan nan nan nan nan nan nan nan nan 24.7 25.2 25.6 26.0 nan 15.9 18.8 24.2 16.2 nan nan 24.9 24.7 24.2 23.7 23.2 22.8 22.5 22.5 22.5 22.8 23.1 23.8 24.6 25.6 26.1 23.1 -9999.0 -9999.0 -9999.0 -9999.0 -9999.0 -9999.0 -9999.0 -9999.0 -9999.0 -9999.0 -9999.0 nan nan nan nan nan -9999.0 -9999.0 -9999.0 -9999.0 -9999.0 -9999.0 -9999.0 -9999.0 -9999.0 -9999.0 -9999.0 -9999.0 -9999.0 -9999.0 -9999.0 -9999.0
nan nan nan nan nan nan nan nan nan nan nan nan nan nan nan nan nan nan nan nan nan nan nan nan nan nan nan nan nan nan nan 18.0 25.1 25.5 26.1 25.8 23.3 20.6 15.8 13.1 16.6 nan 25.0 24.9 24.6 24.1 23.6 23.2 22.9 22.8 22.8 23.0 23.4 24.0 24.9 25.9 26.9 21.9 -9999.0 -9999.0 -9999.0 -9999.0 -9999.0 -9999.0 -9999.0 -9999.0 -9999.0 -9999.0 -9999.0 -9999.0 -9999.0 -9999.0 -9999.0 -9999.0 -9999.0 -9999.0 -9999.0 -9999.0 -9999.0 -9999.0 -9999.0 -9999.0 -9999.0 -9999.0 -9999.0 -9999.0 -9999.0 -9999.0 -9999.0 -9999.0
nan nan nan nan nan nan nan nan nan nan nan nan nan nan nan nan nan nan nan nan nan nan nan nan nan nan nan nan nan nan nan 18.0 25.0 25.6 26.3 26.8 27.0 nan 16.7 19.9 12.6 nan 25.1 25.3 25.0 24.7 24.2 23.8 23.4 23.2 23.2 23.3 23.7 24.3 25.1 26.1 26.8 21.0 -9999.0 -9999.0 -9999.0 -9999.0 -9999.0 -9999.0 -9999.0 -9999.0 -9999.0 -9999.0 -9999.0 -9999.0 -9999.0 -9999.0 -9999.0 -9999.0 -9999.0 -9999.0 -9999.0 -9999.0 -9999.0 -9999.0 -9999.0 -9999.0 -9999.0 -9999.0 -9999.0 -9999.0 -9999.0 -9999.0 -9999.0 -9999.0
nan nan nan nan nan nan nan nan nan nan nan nan nan nan nan nan nan nan nan nan nan nan nan nan nan nan nan nan nan nan nan 18.0 23.7 25.6 26.5 27.1 27.1 nan nan 18.4 16.1 nan nan 25.4 25.3 25.0 24.7 24.2 23.9 23.7 23.6 23.7 24.0 24.6 25.4 26.3 27.2 20.2 -9999.0 -9999.0 -9999.0 -9999.0 -9999.0 -9999.0 -9999.0 -9999.0 -9999.0 -9999.0 -9999.0 -9999.0 -9999.0 -9999.0 -9999.0 -9999.0 -9999.0 -9999.0 -9999.0 -9999.0 -9999.0 -9999.0 -9999.0 -9999.0 -9999.0 -9999.0 -9999.0 -9999.0 -9999.0 -9999.0 -9999.0 -9999.0
nan nan nan nan nan nan nan nan nan nan nan nan nan nan nan nan nan nan nan nan nan nan nan nan nan nan nan nan nan nan nan nan 17.0 25.8 26.6 27.4 nan nan nan 20.0 15.1 17.4 nan nan 24.8 25.0 24.8 24.6 24.2 24.1 24.0 24.1 24.3 24.8 25.6 26.5 27.4 27.0 -9999.0 -9999.0 -9999.0 -9999.0 -9999.0 -9999.0 -9999.0 -9999.0 -9999.0 -9999.0 -9999.0 -9999.0 -9999.0 -9999.0 -9999.0 -9999.0 -9999.0 -9999.0 -9999.0 -9999.0 -9999.0 -9999.0 -9999.0 -9999.0 nan nan nan -9999.0 -9999.0 -9999.0 -9999.0 -9999.0
nan nan nan nan nan nan nan nan nan nan nan nan nan nan nan nan nan nan nan nan nan nan nan nan nan nan nan nan nan nan nan nan 25.0 25.9 26.6 27.4 nan nan nan nan 17.2 17.4 27.6 nan 24.6 25.2 25.2 25.0 24.8 24.5 24.4 24.5 24.7 25.2 25.9 26.8 27.5 28.4 -9999.0 -9999.0 -9999.0 -9999.0 -9999.0 -9999.0 -9999.0 -9999.0 -9999.0 -9999.0 -9999.0 -9999.0 -9999.0 -9999.0 -9999.0 -9999.0 -9999.0 -9999.0 -9999.0 -9999.0 -9999.0 -9999.0 nan nan nan nan nan nan nan nan -9999.0 -9999.0
nan nan nan nan nan nan nan nan nan nan nan nan nan nan nan nan nan nan nan nan nan nan nan nan nan nan nan nan nan nan nan nan nan 26.0 26.8 27.6 nan nan nan nan 22.0 20.2 25.4 20.3 nan 25.7 26.1 25.7 25.4 25.1 24.9 24.9 25.1 25.5 26.2 27.0 27.8 28.8 -9999.0 -9999.0 -9999.0 -9999.0 -9999.0 -9999.0 -9999.0 -9999.0 -9999.0 -9999.0 -9999.0 nan nan nan nan nan nan nan nan nan nan nan nan nan nan nan nan nan nan nan nan nan
nan nan nan nan nan nan nan nan nan nan nan nan nan nan nan nan nan nan nan nan nan nan nan nan nan nan nan nan nan nan nan nan nan 26.0 27.0 28.3 28.2 nan nan nan 26.7 20.9 22.0 27.9 nan nan 26.0 26.0 25.7 25.4 25.3 25.3 25.4 25.8 26.5 27.3 28.2 29.1 -9999.0 -9999.0 -9999.0 -9999.0 -9999.0 -9999.0 -9999.0 -9999.0 -9999.0 -9999.0 nan nan nan nan nan nan nan nan nan nan nan nan nan nan nan nan nan nan nan nan nan nan
