data/output/RUN203/ECOSPACE/ECOSPACE_in_PAR3/PAR-VarZ-VarK/PAR-VarZ-VarK_2000_05.asc
ncols        93
nrows        151 
xllcorner    -123.80739
yllcorner    48.29471 
cellsize     0.013497347 
NODATA_value  0.0
[rows 80 to 119 of 151, columns 0 to 89 of 93]
nan nan nan nan nan nan nan nan nan nan nan nan nan nan nan nan nan nan nan nan nan nan nan 37.6 37.2 36.9 39.2 38.7 37.2 35.7 34.4 33.2 32.2 31.0 29.8 28.5 27.3 26.1 24.7 23.4 22.2 21.2 20.5 19.9 19.4 18.9 18.5 18.1 17.7 17.2 16.7 16.3 16.0 15.8 nan nan nan nan nan nan nan nan nan nan nan nan 14.0 14.2 14.3 14.4 nan 14.1 14.2 14.2 14.2 14.4 14.4 14.3 14.2 14.4 14.7 14.9 14.9 nan nan nan nan nan nan nan
nan nan nan nan nan nan nan nan nan nan nan nan nan nan nan nan nan nan nan nan nan nan nan nan nan nan 40.5 39.7 38.3 36.7 35.2 34.0 32.8 31.5 30.2 28.9 27.7 26.4 25.0 23.5 22.3 21.2 20.5 19.8 19.3 18.8 18.4 18.1 17.7 17.2 16.8 16.4 16.1 15.9 15.7 nan nan nan nan nan nan nan nan nan nan nan 14.2 14.3 nan nan nan nan nan 14.3 14.4 14.5 nan 14.4 14.5 14.8 15.1 15.3 nan nan nan nan nan nan nan nan
nan nan nan nan nan nan nan nan nan nan nan nan nan nan nan nan nan nan nan nan nan nan nan nan nan nan nan 40.4 39.1 37.9 36.4 34.9 33.5 32.1 30.7 29.3 28.0 26.6 25.2 23.7 22.3 21.2 20.4 19.7 19.2 18.7 18.4 18.0 17.6 17.3 16.9 16.5 16.2 16.0 15.8 15.6 nan nan nan nan nan nan nan nan nan 14.2 14.4 nan nan nan nan nan nan 14.2 14.4 14.5 nan 14.5 14.8 15.1 15.3 nan nan nan nan nan nan nan nan nan
nan nan nan nan nan nan nan nan nan nan nan nan nan nan nan nan nan nan nan nan nan nan nan nan nan nan nan nan 38.0 38.3 37.7 36.1 34.5 32.9 31.3 29.8 28.4 26.9 25.4 23.9 22.4 21.3 20.3 19.6 19.0 18.6 18.2 17.9 17.6 17.2 16.9 16.5 16.2 16.0 15.8 15.6 15.4 nan nan nan nan nan nan nan nan 14.2 14.4 nan nan nan nan nan nan 14.2 14.4 14.5 14.9 15.2 15.2 15.2 nan nan nan nan nan nan nan nan nan nan
nan nan nan nan nan nan nan nan nan nan nan nan nan nan nan nan nan nan nan nan nan nan nan nan nan nan nan nan nan 15.3 38.9 37.4 35.6 33.8 32.0 30.3 28.8 27.2 25.7 24.1 22.6 21.4 20.3 19.5 18.9 18.5 18.1 17.8 17.5 17.2 16.9 16.6 16.3 16.0 15.8 15.6 15.4 15.2 nan nan nan nan nan nan 14.3 14.3 14.4 nan 14.6 14.6 14.7 nan nan 14.3 14.5 14.7 15.1 15.5 nan nan nan nan nan nan nan nan nan nan nan nan
nan nan nan nan nan nan nan nan nan nan nan nan nan nan nan nan nan nan nan nan nan nan nan nan nan nan nan nan nan nan 16.2 38.3 36.7 34.7 32.8 31.0 29.2 27.6 26.1 24.4 22.9 21.5 20.4 19.5 18.9 18.4 18.0 17.7 17.4 17.1 16.9 16.6 16.3 16.0 15.8 15.6 15.5 15.4 nan nan nan nan nan 14.4 14.4 14.5 14.6 14.7 14.7 14.6 14.6 9.9 nan 14.3 14.6 14.9 15.2 15.4 nan nan nan nan nan nan nan nan nan nan nan nan
nan nan nan nan nan nan nan nan nan nan nan nan nan nan nan nan nan nan nan nan nan nan nan nan nan nan nan nan nan nan nan 36.0 37.1 35.7 33.7 31.8 29.9 28.2 26.6 24.8 23.1 21.7 20.5 19.5 18.8 18.3 17.9 17.5 17.3 17.1 16.9 16.6 16.3 16.1 15.9 15.8 15.6 15.7 15.4 nan nan 14.6 14.7 14.7 14.6 14.7 14.8 14.8 14.8 14.7 14.6 nan nan 14.5 14.8 15.0 15.3 15.4 nan nan nan nan nan nan nan nan nan nan nan nan
nan nan nan nan nan nan nan nan nan nan nan nan nan nan nan nan nan nan nan nan nan nan nan nan nan nan nan nan nan nan nan nan 38.2 36.4 34.5 32.6 30.7 28.9 27.1 25.3 23.5 22.0 20.7 19.6 18.8 18.2 17.8 17.5 17.2 17.0 16.9 16.6 16.4 16.2 16.0 15.9 15.9 15.8 15.6 15.2 15.1 15.0 15.0 nan 14.8 14.9 15.0 15.1 15.0 14.9 14.8 14.7 14.7 14.9 15.0 15.2 15.3 nan nan nan nan nan nan nan nan nan nan nan nan nan
nan nan nan nan nan nan nan nan nan nan nan nan nan nan nan nan nan nan nan nan nan nan nan nan nan nan nan nan nan nan 37.7 37.9 38.0 36.6 35.0 33.3 31.5 29.6 27.8 25.9 24.0 22.3 20.9 19.8 18.9 18.3 17.8 17.5 17.2 17.0 16.9 16.6 16.4 16.3 16.2 16.1 16.1 16.0 15.9 15.7 15.6 15.4 15.3 15.2 15.2 15.3 15.4 15.4 15.4 15.3 15.1 14.9 15.0 15.0 15.2 15.4 15.4 nan nan nan nan nan nan nan nan nan nan nan nan nan
nan nan nan nan nan nan nan nan nan nan nan nan nan nan nan nan nan nan nan nan nan nan nan nan nan nan nan nan nan nan nan nan 37.5 36.5 35.3 34.0 32.4 30.6 28.7 26.6 24.6 22.8 21.3 20.1 19.1 18.4 17.9 17.5 17.3 17.1 16.9 16.8 16.6 16.5 16.4 16.3 16.3 16.2 16.2 16.1 15.9 15.7 15.6 15.5 15.5 15.5 15.5 nan nan nan 15.2 15.1 15.2 15.2 15.3 15.4 nan nan nan nan nan nan nan nan nan nan nan nan nan nan
nan nan nan nan nan nan nan nan nan nan nan nan nan nan nan nan nan nan nan nan nan nan nan nan nan nan nan nan nan nan 16.4 15.0 36.9 36.5 35.6 34.7 33.3 31.7 29.6 27.5 25.4 23.4 21.7 20.4 19.4 18.6 18.1 17.7 17.4 17.2 17.1 17.0 16.8 16.7 16.6 16.5 16.4 16.4 16.3 16.3 16.1 15.9 15.7 15.7 nan nan nan nan nan nan nan 15.3 15.3 15.3 15.4 15.4 nan nan nan nan nan nan nan nan nan nan nan nan nan nan
nan nan nan nan nan nan nan nan nan nan nan nan nan nan nan nan nan nan nan nan nan nan nan nan nan nan nan nan nan nan 16.5 36.4 37.0 37.0 36.1 17.8 34.4 32.9 30.5 28.4 26.2 24.1 22.4 20.9 19.8 19.0 18.4 17.9 17.6 17.5 17.3 17.2 17.1 17.0 16.8 16.7 16.6 16.5 16.5 16.4 16.2 15.9 15.7 nan nan nan nan nan nan 15.0 15.2 15.4 15.4 15.4 15.4 nan nan nan nan nan nan nan nan nan nan nan nan nan nan nan
nan nan nan nan nan nan nan nan nan nan nan nan nan nan nan nan nan nan nan nan nan nan nan nan nan nan nan nan nan nan 16.5 35.2 37.4 37.0 nan nan nan 32.7 31.4 29.4 27.2 25.1 23.1 21.5 20.3 19.4 18.7 18.2 17.9 17.8 17.6 17.5 17.4 17.3 17.1 17.0 16.9 16.8 16.7 16.5 16.2 16.0 15.7 nan nan nan nan nan 15.1 15.2 15.3 15.5 15.4 15.3 nan nan nan nan nan nan nan nan nan nan nan nan nan nan nan nan
nan nan nan nan nan nan nan nan nan nan nan nan nan nan nan nan nan nan nan nan nan nan nan nan nan nan nan nan nan nan 16.4 15.7 37.9 37.3 nan nan nan 30.3 31.3 30.5 28.5 26.2 24.0 22.3 20.9 19.9 19.2 18.7 18.3 18.1 18.0 17.9 17.8 17.7 17.5 17.4 17.2 17.1 16.9 16.6 16.3 16.0 15.7 15.3 15.2 nan 15.1 15.1 15.3 15.3 15.4 15.5 nan nan nan nan nan nan nan nan nan nan nan nan nan nan nan nan nan nan
nan nan nan nan nan nan nan nan nan nan nan nan nan nan nan nan nan nan nan nan nan nan nan nan nan nan nan nan nan nan nan nan 38.1 28.0 nan nan nan nan 30.5 31.4 30.0 27.5 25.0 23.0 21.6 20.5 19.7 19.1 18.8 18.6 18.4 18.3 18.2 18.1 17.9 17.7 17.5 17.3 17.1 16.8 16.5 16.2 15.9 15.6 15.4 15.4 15.3 15.3 15.3 15.3 15.2 nan nan nan nan nan nan nan nan nan nan nan nan nan nan nan nan nan nan nan
nan nan nan nan nan nan nan nan nan nan nan nan nan nan nan nan nan nan nan nan nan nan nan nan nan nan nan nan nan nan nan nan nan 30.4 16.1 nan nan nan 14.9 33.3 31.6 28.9 26.0 23.8 22.2 21.0 20.2 19.7 19.3 19.1 18.9 18.7 18.6 18.4 18.3 18.1 17.9 17.6 17.4 17.1 16.8 16.4 16.1 15.8 15.6 15.5 15.4 15.3 15.3 15.3 15.1 nan nan nan nan nan nan nan nan nan nan nan nan nan nan nan nan nan nan nan
nan nan nan nan nan nan nan nan nan nan nan nan nan nan nan nan nan nan nan nan nan nan nan nan nan nan nan nan nan nan nan nan nan nan 18.5 29.5 nan nan nan nan 32.3 30.1 26.8 24.4 22.8 21.6 20.7 20.2 19.8 19.5 19.3 19.1 18.9 18.8 18.6 18.4 18.2 18.0 17.8 17.5 17.1 16.7 16.4 16.1 15.8 15.6 15.5 15.4 15.3 15.3 15.2 15.0 nan nan nan nan nan nan nan nan nan nan nan nan nan nan nan nan nan nan
nan nan nan nan nan nan nan nan nan nan nan nan nan nan nan nan nan nan nan nan nan nan nan nan nan nan nan nan nan nan nan nan nan nan nan 21.7 16.1 nan nan nan nan 27.8 27.3 24.9 23.2 22.0 21.2 20.6 20.2 19.9 19.6 19.5 19.3 19.1 18.9 18.8 18.6 18.4 18.2 17.9 17.5 17.0 16.6 16.3 16.0 15.7 15.5 15.4 15.3 15.2 15.2 15.1 15.0 9.9 nan nan nan nan nan nan nan nan nan nan nan nan nan nan nan nan
nan nan nan nan nan nan nan nan nan nan nan nan nan nan nan nan nan nan nan nan nan nan nan nan nan nan nan nan nan nan nan nan nan nan 16.3 20.2 28.7 28.5 nan 16.0 nan 25.9 27.0 25.2 23.6 22.5 21.6 21.1 20.6 20.3 20.0 19.8 19.6 19.5 19.4 19.2 19.0 18.9 18.6 18.3 17.8 17.3 16.9 16.5 16.1 15.8 15.6 15.4 15.3 15.2 15.1 15.1 15.0 15.0 nan nan nan nan nan nan nan nan nan nan nan nan nan nan nan nan
nan nan nan nan nan nan nan nan nan nan nan nan nan nan nan nan nan nan nan nan nan nan nan nan nan nan nan nan nan nan nan nan nan nan 29.1 29.0 29.4 27.0 18.3 26.7 27.8 21.9 26.0 25.3 24.0 22.8 22.0 21.4 20.9 20.5 20.3 20.1 20.0 19.9 19.8 19.7 19.5 19.3 19.0 18.6 18.1 17.6 17.1 16.5 16.1 15.7 15.1 15.4 15.0 15.2 15.0 15.0 15.1 15.1 15.1 nan nan nan nan nan nan nan nan nan nan nan nan nan nan nan
nan nan nan nan nan nan nan nan nan nan nan nan nan nan nan nan nan nan nan nan nan nan nan nan nan nan nan nan nan nan nan nan nan nan 29.5 29.5 29.4 28.6 28.1 nan 28.2 26.5 27.2 25.7 24.2 23.1 22.3 21.7 21.2 20.8 20.6 20.5 20.5 20.4 20.3 20.2 20.0 19.8 19.3 18.9 18.3 17.8 -9999.0 -9999.0 -9999.0 -9999.0 -9999.0 -9999.0 -9999.0 10.7 15.2 15.1 15.1 15.0 15.1 nan nan nan nan nan nan nan nan nan nan nan nan nan nan -9999.0
nan nan nan nan nan nan nan nan nan nan nan nan nan nan nan nan nan nan nan nan nan nan nan nan nan nan nan nan nan nan nan nan nan nan 29.5 29.4 29.2 28.9 28.7 nan nan 28.7 27.6 26.0 24.5 23.5 22.6 21.9 21.4 21.1 21.0 21.0 21.0 21.0 20.9 20.8 20.6 20.2 19.7 19.2 18.5 -9999.0 -9999.0 -9999.0 -9999.0 -9999.0 -9999.0 -9999.0 -9999.0 nan 12.7 15.0 15.2 14.6 nan nan nan nan nan nan nan nan nan nan nan nan nan nan nan -9999.0
nan nan nan nan nan nan nan nan nan nan nan nan nan nan nan nan nan nan nan nan nan nan nan nan nan nan nan nan nan nan nan nan nan nan 29.3 29.0 28.8 28.9 28.2 nan 22.3 24.9 27.6 26.1 24.8 23.7 22.8 22.1 21.7 21.5 21.4 21.5 21.5 21.5 21.5 21.4 21.1 20.7 20.2 19.5 18.7 -9999.0 -9999.0 -9999.0 -9999.0 -9999.0 -9999.0 -9999.0 -9999.0 -9999.0 -9999.0 nan 10.3 10.4 nan nan nan nan nan nan nan nan nan nan nan nan nan nan nan -9999.0
nan nan nan nan nan nan nan nan nan nan nan nan nan nan nan nan nan nan nan nan nan nan nan nan nan nan nan nan nan nan nan nan nan nan 28.9 28.8 29.0 27.1 26.3 17.8 27.0 21.7 27.0 26.0 24.7 23.8 23.0 22.4 22.0 21.9 21.9 22.0 22.1 22.1 22.1 21.9 21.7 21.2 20.5 19.7 -9999.0 -9999.0 -9999.0 -9999.0 -9999.0 -9999.0 -9999.0 -9999.0 -9999.0 -9999.0 -9999.0 nan nan nan nan nan nan nan nan nan nan nan nan nan nan nan nan nan nan -9999.0
nan nan nan nan nan nan nan nan nan nan nan nan nan nan nan nan nan nan nan nan nan nan nan nan nan nan nan nan nan nan nan nan 24.9 26.4 27.9 29.4 29.8 30.4 28.9 28.7 nan 28.5 27.2 25.9 24.7 23.8 23.1 22.6 22.3 22.2 22.3 22.4 22.6 22.7 22.6 22.5 22.2 21.7 21.0 -9999.0 -9999.0 -9999.0 -9999.0 -9999.0 -9999.0 -9999.0 -9999.0 -9999.0 -9999.0 -9999.0 -9999.0 -9999.0 nan nan nan nan nan nan nan nan nan nan nan nan nan nan nan nan nan -9999.0
nan nan nan nan nan nan nan nan nan nan nan nan nan nan nan nan nan nan nan nan nan nan nan nan nan nan nan nan nan 16.1 nan nan 29.1 29.4 29.4 29.4 30.5 31.0 31.5 nan nan 28.2 27.2 25.9 24.8 23.9 23.3 22.8 22.6 22.5 22.6 22.8 23.0 23.2 23.2 23.1 22.8 22.2 21.5 -9999.0 -9999.0 -9999.0 -9999.0 -9999.0 -9999.0 -9999.0 -9999.0 -9999.0 -9999.0 -9999.0 -9999.0 -9999.0 -9999.0 -9999.0 nan nan nan nan nan nan nan nan nan nan nan nan nan nan nan -9999.0
nan nan nan nan nan nan nan nan nan nan nan nan nan nan nan nan nan nan nan nan nan nan nan nan nan nan nan nan nan 14.0 14.0 nan 29.8 30.1 27.6 26.7 28.8 30.8 31.0 29.9 nan 28.4 27.5 26.2 25.1 24.1 23.5 23.0 22.9 22.9 23.0 23.3 23.5 23.7 23.7 23.7 23.4 23.0 -9999.0 -9999.0 -9999.0 -9999.0 -9999.0 -9999.0 -9999.0 -9999.0 -9999.0 -9999.0 -9999.0 -9999.0 -9999.0 -9999.0 -9999.0 -9999.0 -9999.0 nan nan nan nan nan nan nan nan nan nan nan nan nan nan -9999.0
nan nan nan nan nan nan nan nan nan nan nan nan nan nan nan nan nan nan nan nan nan nan nan nan nan nan nan nan nan 14.8 29.5 29.8 30.2 30.6 30.7 nan 14.7 30.5 30.6 30.8 nan 27.2 27.9 26.8 25.6 24.5 23.8 23.3 23.1 23.2 23.4 23.7 23.9 24.2 24.4 24.4 24.3 23.9 -9999.0 -9999.0 -9999.0 -9999.0 -9999.0 -9999.0 -9999.0 -9999.0 -9999.0 -9999.0 -9999.0 -9999.0 -9999.0 -9999.0 -9999.0 -9999.0 -9999.0 -9999.0 nan nan nan nan nan nan nan nan nan nan nan nan nan -9999.0
nan nan nan nan nan nan nan nan nan nan nan nan nan nan nan nan nan nan nan nan nan nan nan nan nan nan nan nan nan nan 28.7 29.6 30.2 30.8 27.1 nan nan 29.4 30.2 31.1 nan 23.0 25.2 26.8 26.0 24.9 24.1 23.6 23.4 23.5 23.7 24.0 24.4 24.6 24.9 25.0 25.0 24.7 -9999.0 -9999.0 -9999.0 -9999.0 -9999.0 -9999.0 -9999.0 -9999.0 -9999.0 -9999.0 -9999.0 -9999.0 -9999.0 -9999.0 -9999.0 -9999.0 -9999.0 -9999.0 -9999.0 nan nan nan nan nan nan nan nan nan nan nan nan -9999.0
nan nan nan nan nan nan nan nan nan nan nan nan nan nan nan nan nan nan nan nan nan nan nan nan nan nan nan nan nan nan 26.6 29.7 30.2 30.8 27.0 nan 16.3 23.1 26.7 16.1 24.8 19.4 19.6 25.5 26.2 25.2 24.4 24.0 23.8 23.8 24.1 24.4 24.7 25.0 25.3 25.4 25.4 25.0 -9999.0 -9999.0 -9999.0 -9999.0 -9999.0 -9999.0 -9999.0 -9999.0 -9999.0 -9999.0 -9999.0 -9999.0 -9999.0 -9999.0 -9999.0 -9999.0 -9999.0 -9999.0 -9999.0 -9999.0 nan nan nan nan nan nan nan nan nan nan nan -9999.0
nan nan nan nan nan nan nan nan nan nan nan nan nan nan nan nan nan nan nan nan nan nan nan nan nan nan nan nan nan nan 27.2 29.1 30.2 30.6 27.7 16.3 nan 28.0 21.4 15.9 22.0 nan 27.8 27.6 26.6 25.7 24.9 24.4 24.1 24.1 24.4 24.7 25.1 25.4 25.7 25.7 25.0 19.4 -9999.0 -9999.0 -9999.0 -9999.0 -9999.0 -9999.0 -9999.0 -9999.0 -9999.0 -9999.0 -9999.0 -9999.0 -9999.0 -9999.0 -9999.0 -9999.0 -9999.0 -9999.0 -9999.0 -9999.0 -9999.0 -9999.0 nan nan nan nan nan nan nan nan nan -9999.0
nan nan nan nan nan nan nan nan nan nan nan nan nan nan nan nan nan nan nan nan nan nan nan nan nan nan nan nan nan nan nan 29.1 30.1 30.4 29.4 nan nan 21.6 21.3 19.2 nan nan 29.2 28.3 27.1 26.3 25.4 24.9 24.6 24.6 24.8 25.0 25.4 25.7 26.0 26.1 24.9 21.2 -9999.0 -9999.0 -9999.0 -9999.0 -9999.0 -9999.0 -9999.0 -9999.0 -9999.0 -9999.0 -9999.0 nan nan nan -9999.0 -9999.0 -9999.0 -9999.0 -9999.0 -9999.0 -9999.0 -9999.0 -9999.0 -9999.0 -9999.0 -9999.0 -9999.0 nan nan nan -9999.0 -9999.0
nan nan nan nan nan nan nan nan nan nan nan nan nan nan nan nan nan nan nan nan nan nan nan nan nan nan nan nan nan nan nan 27.3 29.4 30.4 31.0 nan 15.4 19.9 28.9 16.9 nan nan 29.6 29.1 27.9 26.9 26.1 25.5 25.1 25.1 25.2 25.4 25.7 26.0 26.3 26.4 25.8 22.0 -9999.0 -9999.0 -9999.0 -9999.0 -9999.0 -9999.0 -9999.0 -9999.0 -9999.0 -9999.0 -9999.0 nan nan nan nan nan -9999.0 -9999.0 -9999.0 -9999.0 -9999.0 -9999.0 -9999.0 -9999.0 -9999.0 -9999.0 -9999.0 -9999.0 -9999.0 -9999.0 -9999.0 -9999.0
nan nan nan nan nan nan nan nan nan nan nan nan nan nan nan nan nan nan nan nan nan nan nan nan nan nan nan nan nan nan nan 16.1 29.6 30.5 27.2 27.9 25.7 22.8 18.4 14.9 17.2 nan 29.9 29.7 28.9 27.9 26.9 26.2 25.8 25.7 25.7 25.8 26.0 26.3 26.5 26.6 26.2 19.7 -9999.0 -9999.0 -9999.0 -9999.0 -9999.0 -9999.0 -9999.0 -9999.0 -9999.0 -9999.0 -9999.0 -9999.0 -9999.0 -9999.0 -9999.0 -9999.0 -9999.0 -9999.0 -9999.0 -9999.0 -9999.0 -9999.0 -9999.0 -9999.0 -9999.0 -9999.0 -9999.0 -9999.0 -9999.0 -9999.0 -9999.0 -9999.0
nan nan nan nan nan nan nan nan nan nan nan nan nan nan nan nan nan nan nan nan nan nan nan nan nan nan nan nan nan nan nan 16.0 26.9 30.5 30.7 32.0 31.6 nan 20.1 24.0 14.2 nan 29.9 30.2 29.7 28.9 28.0 27.3 26.7 26.4 26.3 26.3 26.5 26.7 26.9 26.9 26.6 21.9 -9999.0 -9999.0 -9999.0 -9999.0 -9999.0 -9999.0 -9999.0 -9999.0 -9999.0 -9999.0 -9999.0 -9999.0 -9999.0 -9999.0 -9999.0 -9999.0 -9999.0 -9999.0 -9999.0 -9999.0 -9999.0 -9999.0 -9999.0 -9999.0 -9999.0 -9999.0 -9999.0 -9999.0 -9999.0 -9999.0 -9999.0 -9999.0
nan nan nan nan nan nan nan nan nan nan nan nan nan nan nan nan nan nan nan nan nan nan nan nan nan nan nan nan nan nan nan 16.1 26.7 29.5 31.6 32.4 32.6 nan nan 21.3 16.4 nan nan 30.9 30.6 29.8 29.0 28.3 27.6 27.1 26.9 26.9 27.0 27.2 27.3 27.3 27.1 20.9 -9999.0 -9999.0 -9999.0 -9999.0 -9999.0 -9999.0 -9999.0 -9999.0 -9999.0 -9999.0 -9999.0 -9999.0 -9999.0 -9999.0 -9999.0 -9999.0 -9999.0 -9999.0 -9999.0 -9999.0 -9999.0 -9999.0 -9999.0 -9999.0 -9999.0 -9999.0 -9999.0 -9999.0 -9999.0 -9999.0 -9999.0 -9999.0
nan nan nan nan nan nan nan nan nan nan nan nan nan nan nan nan nan nan nan nan nan nan nan nan nan nan nan nan nan nan nan nan 15.5 30.9 31.7 32.6 nan nan nan 22.0 16.0 16.0 nan nan 30.0 30.3 29.8 29.1 28.5 27.9 27.6 27.5 27.5 27.6 27.7 27.8 27.9 25.4 -9999.0 -9999.0 -9999.0 -9999.0 -9999.0 -9999.0 -9999.0 -9999.0 -9999.0 -9999.0 -9999.0 -9999.0 -9999.0 -9999.0 -9999.0 -9999.0 -9999.0 -9999.0 -9999.0 -9999.0 -9999.0 -9999.0 -9999.0 -9999.0 nan nan nan -9999.0 -9999.0 -9999.0 -9999.0 -9999.0
nan nan nan nan nan nan nan nan nan nan nan nan nan nan nan nan nan nan nan nan nan nan nan nan nan nan nan nan nan nan nan nan 29.1 30.7 31.7 32.7 nan nan nan nan 18.5 15.7 27.6 nan 29.1 30.4 30.6 30.0 29.3 28.8 28.4 28.2 28.1 28.1 28.2 28.4 28.4 28.1 -9999.0 -9999.0 -9999.0 -9999.0 -9999.0 -9999.0 -9999.0 -9999.0 -9999.0 -9999.0 -9999.0 -9999.0 -9999.0 -9999.0 -9999.0 -9999.0 -9999.0 -9999.0 -9999.0 -9999.0 -9999.0 -9999.0 nan nan nan nan nan nan nan nan -9999.0 -9999.0
nan nan nan nan nan nan nan nan nan nan nan nan nan nan nan nan nan nan nan nan nan nan nan nan nan nan nan nan nan nan nan nan nan 31.0 32.1 33.1 nan nan nan nan 23.7 17.8 21.5 19.8 nan 31.6 31.7 31.0 30.4 29.8 29.3 29.0 28.9 28.7 28.8 29.1 29.3 29.0 -9999.0 -9999.0 -9999.0 -9999.0 -9999.0 -9999.0 -9999.0 -9999.0 -9999.0 -9999.0 -9999.0 nan nan nan nan nan nan nan nan nan nan nan nan nan nan nan nan nan nan nan nan nan
nan nan nan nan nan nan nan nan nan nan nan nan nan nan nan nan nan nan nan nan nan nan nan nan nan nan nan nan nan nan nan nan nan 30.9 32.4 33.8 33.7 nan nan nan 31.5 20.1 19.6 30.5 nan nan 31.0 31.5 31.1 30.6 30.2 29.8 29.6 29.4 29.5 29.8 30.1 30.4 -9999.0 -9999.0 -9999.0 -9999.0 -9999.0 -9999.0 -9999.0 -9999.0 -9999.0 -9999.0 nan nan nan nan nan nan nan nan nan nan nan nan nan nan nan nan nan nan nan nan nan nan
