data/output/RUN203/ECOSPACE/ECOSPACE_in_PAR3/PAR-VarZ-VarK/PAR-VarZ-VarK_2006_07.asc
ncols        93
nrows        151 
xllcorner    -123.80739
yllcorner    48.29471 
cellsize     0.013497347 
NODATA_value  0.0
[rows 80 to 119 of 151, columns 0 to 89 of 93]
nan nan nan nan nan nan nan nan nan nan nan nan nan nan nan nan nan nan nan nan nan nan nan 36.2 35.9 36.3 38.5 38.1 37.4 36.7 35.8 34.9 34.0 33.1 32.3 31.8 31.3 30.9 30.4 30.1 29.7 29.4 29.1 28.8 28.6 28.4 28.1 27.9 27.4 26.6 25.5 24.2 22.9 22.1 nan nan nan nan nan nan nan nan nan nan nan nan 17.8 18.1 18.2 18.3 nan 17.9 17.9 17.9 17.9 18.0 18.0 17.7 17.6 18.0 18.4 18.5 18.3 nan nan nan nan nan nan nan
nan nan nan nan nan nan nan nan nan nan nan nan nan nan nan nan nan nan nan nan nan nan nan nan nan nan 38.5 38.2 37.6 36.9 36.1 35.2 34.3 33.3 32.5 31.8 31.3 30.8 30.3 29.8 29.5 29.1 28.8 28.4 28.1 27.9 27.7 27.5 27.3 26.8 26.0 24.8 23.6 22.5 21.4 nan nan nan nan nan nan nan nan nan nan nan 18.3 18.3 nan nan nan nan nan 18.1 18.2 18.4 nan 17.8 18.0 18.5 18.9 19.1 nan nan nan nan nan nan nan nan
nan nan nan nan nan nan nan nan nan nan nan nan nan nan nan nan nan nan nan nan nan nan nan nan nan nan nan 38.1 37.6 37.2 36.4 35.6 34.6 33.7 32.7 32.0 31.3 30.8 30.2 29.7 29.2 28.8 28.4 28.1 27.7 27.5 27.3 27.3 27.1 26.8 26.2 25.3 24.1 22.9 21.8 21.1 nan nan nan nan nan nan nan nan nan 18.4 18.8 nan nan nan nan nan nan 18.1 18.3 18.4 nan 18.1 18.6 19.0 19.3 nan nan nan nan nan nan nan nan nan
nan nan nan nan nan nan nan nan nan nan nan nan nan nan nan nan nan nan nan nan nan nan nan nan nan nan nan nan 35.6 37.1 37.0 36.2 35.2 34.1 33.1 32.2 31.5 30.8 30.2 29.6 29.1 28.6 28.1 27.7 27.3 27.1 26.9 26.9 26.8 26.7 26.3 25.6 24.6 23.5 22.4 21.5 21.0 nan nan nan nan nan nan nan nan 18.5 18.8 nan nan nan nan nan nan 18.2 18.4 18.6 18.9 19.3 19.2 19.2 nan nan nan nan nan nan nan nan nan nan
nan nan nan nan nan nan nan nan nan nan nan nan nan nan nan nan nan nan nan nan nan nan nan nan nan nan nan nan nan 17.7 37.6 36.7 35.6 34.5 33.5 32.5 31.7 30.9 30.2 29.5 29.0 28.4 27.9 27.4 27.0 26.8 26.6 26.6 26.6 26.6 26.4 25.9 25.1 24.1 23.0 22.0 21.4 20.9 nan nan nan nan nan nan 18.5 18.7 18.9 nan 19.0 19.0 19.1 nan nan 18.3 18.6 18.9 19.4 20.0 nan nan nan nan nan nan nan nan nan nan nan nan
nan nan nan nan nan nan nan nan nan nan nan nan nan nan nan nan nan nan nan nan nan nan nan nan nan nan nan nan nan nan 18.3 37.0 36.1 35.0 33.9 32.8 31.9 31.1 30.3 29.6 28.9 28.3 27.7 27.1 26.7 26.5 26.3 26.3 26.3 26.4 26.3 26.1 25.4 24.6 23.6 22.6 21.9 21.3 nan nan nan nan nan 18.6 18.7 18.9 19.0 19.1 19.0 19.0 19.0 12.7 nan 18.4 18.8 19.2 19.6 19.8 nan nan nan nan nan nan nan nan nan nan nan nan
nan nan nan nan nan nan nan nan nan nan nan nan nan nan nan nan nan nan nan nan nan nan nan nan nan nan nan nan nan nan nan 33.8 36.0 35.2 34.2 33.2 32.2 31.3 30.5 29.7 29.0 28.2 27.6 27.0 26.6 26.3 26.1 26.0 26.1 26.3 26.3 26.2 25.8 25.0 24.1 23.2 22.4 21.7 20.9 nan nan 19.1 19.4 19.2 19.1 19.2 19.3 19.3 19.2 19.2 19.1 nan nan 18.8 19.1 19.4 19.8 19.8 nan nan nan nan nan nan nan nan nan nan nan nan
nan nan nan nan nan nan nan nan nan nan nan nan nan nan nan nan nan nan nan nan nan nan nan nan nan nan nan nan nan nan nan nan 36.3 35.4 34.5 33.5 32.6 31.7 30.7 29.9 29.1 28.3 27.6 27.0 26.5 26.2 26.0 25.9 26.0 26.1 26.2 26.2 25.9 25.3 24.5 23.7 22.9 22.1 21.5 20.6 20.3 20.1 20.0 nan 19.5 19.7 19.8 19.9 19.8 19.7 19.6 19.4 19.3 19.4 19.4 19.6 19.7 nan nan nan nan nan nan nan nan nan nan nan nan nan
nan nan nan nan nan nan nan nan nan nan nan nan nan nan nan nan nan nan nan nan nan nan nan nan nan nan nan nan nan nan 35.3 35.6 36.2 35.3 34.5 33.8 32.9 32.0 31.0 30.1 29.2 28.4 27.7 27.0 26.5 26.1 25.9 25.8 25.8 26.0 26.1 26.2 26.0 25.6 24.9 24.3 23.5 22.8 22.1 21.6 21.1 20.8 20.6 20.6 20.4 20.4 20.6 20.5 20.5 20.4 20.1 19.8 19.7 19.6 19.6 19.8 19.7 nan nan nan nan nan nan nan nan nan nan nan nan nan
nan nan nan nan nan nan nan nan nan nan nan nan nan nan nan nan nan nan nan nan nan nan nan nan nan nan nan nan nan nan nan nan 35.5 35.0 34.3 33.7 33.2 32.3 31.3 30.4 29.4 28.6 27.9 27.1 26.6 26.1 25.9 25.8 25.8 25.9 26.0 26.2 26.1 25.9 25.4 24.9 24.4 23.8 23.1 22.5 22.0 21.6 21.4 21.3 21.0 20.8 20.9 nan nan nan 20.2 20.1 19.9 19.7 19.7 19.7 nan nan nan nan nan nan nan nan nan nan nan nan nan nan
nan nan nan nan nan nan nan nan nan nan nan nan nan nan nan nan nan nan nan nan nan nan nan nan nan nan nan nan nan nan 19.9 18.0 35.0 34.7 34.2 33.8 33.4 32.8 31.8 30.8 29.8 28.9 28.0 27.3 26.6 26.2 25.9 25.8 25.8 25.9 26.0 26.2 26.2 26.1 25.9 25.5 25.1 24.6 24.0 23.4 22.8 22.3 21.9 21.6 nan nan nan nan nan nan nan 20.3 20.0 19.7 19.7 19.6 nan nan nan nan nan nan nan nan nan nan nan nan nan nan
nan nan nan nan nan nan nan nan nan nan nan nan nan nan nan nan nan nan nan nan nan nan nan nan nan nan nan nan nan nan 18.8 34.5 34.8 34.9 34.3 19.6 33.8 33.3 32.1 31.1 30.2 29.2 28.3 27.5 26.8 26.3 26.0 25.9 25.9 26.0 26.1 26.3 26.4 26.4 26.3 26.0 25.7 25.3 24.7 24.0 23.3 22.7 22.2 nan nan nan nan nan nan 19.9 20.0 20.1 20.0 19.7 19.7 nan nan nan nan nan nan nan nan nan nan nan nan nan nan nan
nan nan nan nan nan nan nan nan nan nan nan nan nan nan nan nan nan nan nan nan nan nan nan nan nan nan nan nan nan nan 19.9 33.3 35.0 35.0 nan nan nan 32.8 32.2 31.4 30.5 29.6 28.6 27.8 27.0 26.5 26.2 26.0 26.0 26.1 26.2 26.4 26.6 26.6 26.6 26.4 26.1 25.7 25.2 24.5 23.7 23.1 22.5 nan nan nan nan nan 20.1 20.0 19.9 19.9 19.7 19.6 nan nan nan nan nan nan nan nan nan nan nan nan nan nan nan nan
nan nan nan nan nan nan nan nan nan nan nan nan nan nan nan nan nan nan nan nan nan nan nan nan nan nan nan nan nan nan 19.8 17.8 35.3 35.1 nan nan nan 30.5 32.2 31.7 30.9 30.0 29.0 28.1 27.4 26.8 26.4 26.2 26.2 26.3 26.4 26.6 26.7 26.8 26.8 26.7 26.5 26.1 25.5 24.9 24.1 23.3 22.5 21.4 20.8 nan 20.2 20.3 20.2 20.0 19.9 19.8 nan nan nan nan nan nan nan nan nan nan nan nan nan nan nan nan nan nan
nan nan nan nan nan nan nan nan nan nan nan nan nan nan nan nan nan nan nan nan nan nan nan nan nan nan nan nan nan nan nan nan 35.4 30.1 nan nan nan nan 31.9 31.8 31.4 30.5 29.5 28.5 27.8 27.1 26.7 26.5 26.5 26.5 26.6 26.7 26.9 27.0 27.0 27.0 26.8 26.4 25.9 25.3 24.5 23.6 22.6 21.8 21.4 21.0 20.7 20.4 20.1 19.9 19.7 nan nan nan nan nan nan nan nan nan nan nan nan nan nan nan nan nan nan nan
nan nan nan nan nan nan nan nan nan nan nan nan nan nan nan nan nan nan nan nan nan nan nan nan nan nan nan nan nan nan nan nan nan 28.0 15.6 nan nan nan 17.9 32.3 32.0 31.0 29.9 29.0 28.2 27.5 27.1 26.9 26.8 26.8 26.8 26.9 27.0 27.2 27.2 27.2 27.0 26.7 26.2 25.6 24.9 24.0 23.1 22.2 21.6 21.1 20.7 20.3 20.1 19.8 19.5 nan nan nan nan nan nan nan nan nan nan nan nan nan nan nan nan nan nan nan
nan nan nan nan nan nan nan nan nan nan nan nan nan nan nan nan nan nan nan nan nan nan nan nan nan nan nan nan nan nan nan nan nan nan 18.7 28.2 nan nan nan nan 32.1 31.5 30.3 29.3 28.6 28.0 27.5 27.3 27.1 27.1 27.0 27.1 27.3 27.4 27.4 27.4 27.2 26.9 26.5 25.9 25.1 24.3 23.4 22.5 21.8 21.2 20.7 20.3 20.1 19.8 19.6 19.3 nan nan nan nan nan nan nan nan nan nan nan nan nan nan nan nan nan nan
nan nan nan nan nan nan nan nan nan nan nan nan nan nan nan nan nan nan nan nan nan nan nan nan nan nan nan nan nan nan nan nan nan nan nan 21.9 19.9 nan nan nan nan 30.8 30.5 29.6 28.9 28.3 27.9 27.7 27.5 27.4 27.3 27.3 27.4 27.5 27.5 27.5 27.3 27.0 26.6 25.9 25.2 24.3 23.4 22.6 21.8 21.2 20.7 20.3 20.0 19.8 19.6 19.4 19.2 12.8 nan nan nan nan nan nan nan nan nan nan nan nan nan nan nan nan
nan nan nan nan nan nan nan nan nan nan nan nan nan nan nan nan nan nan nan nan nan nan nan nan nan nan nan nan nan nan nan nan nan nan 18.8 24.3 29.8 29.8 nan 20.0 nan 27.7 30.5 29.7 29.2 28.6 28.2 28.0 27.8 27.6 27.6 27.5 27.6 27.6 27.6 27.5 27.4 27.0 26.5 25.9 25.1 24.2 23.3 22.5 21.7 21.1 20.6 20.3 20.1 19.8 19.5 19.4 19.2 19.1 nan nan nan nan nan nan nan nan nan nan nan nan nan nan nan nan
nan nan nan nan nan nan nan nan nan nan nan nan nan nan nan nan nan nan nan nan nan nan nan nan nan nan nan nan nan nan nan nan nan nan 29.9 30.1 30.4 30.4 21.8 26.9 28.8 26.3 30.4 29.9 29.4 28.9 28.5 28.2 28.0 27.9 27.8 27.7 27.7 27.7 27.6 27.5 27.3 27.0 26.4 25.8 25.0 24.0 23.1 22.3 21.5 20.9 20.0 19.9 19.6 19.9 19.5 19.4 19.3 19.2 19.3 nan nan nan nan nan nan nan nan nan nan nan nan nan nan nan
nan nan nan nan nan nan nan nan nan nan nan nan nan nan nan nan nan nan nan nan nan nan nan nan nan nan nan nan nan nan nan nan nan nan 30.0 30.1 30.2 30.3 30.4 nan 29.6 29.5 30.7 30.1 29.6 29.1 28.7 28.4 28.2 28.0 27.9 27.8 27.8 27.7 27.6 27.5 27.2 26.9 26.3 25.6 24.8 23.8 -9999.0 -9999.0 -9999.0 -9999.0 -9999.0 -9999.0 -9999.0 13.9 19.6 19.4 19.4 19.2 19.2 nan nan nan nan nan nan nan nan nan nan nan nan nan nan -9999.0
nan nan nan nan nan nan nan nan nan nan nan nan nan nan nan nan nan nan nan nan nan nan nan nan nan nan nan nan nan nan nan nan nan nan 29.8 29.9 29.9 29.8 29.9 nan nan 31.1 30.8 30.3 29.7 29.2 28.8 28.5 28.3 28.1 27.9 27.9 27.8 27.7 27.6 27.4 27.2 26.8 26.1 25.4 24.5 -9999.0 -9999.0 -9999.0 -9999.0 -9999.0 -9999.0 -9999.0 -9999.0 nan 16.5 19.5 19.5 18.7 nan nan nan nan nan nan nan nan nan nan nan nan nan nan nan -9999.0
nan nan nan nan nan nan nan nan nan nan nan nan nan nan nan nan nan nan nan nan nan nan nan nan nan nan nan nan nan nan nan nan nan nan 29.6 29.5 29.5 29.7 30.1 nan 25.9 29.3 30.9 30.4 29.7 29.2 28.8 28.5 28.2 28.1 27.9 27.8 27.7 27.7 27.6 27.5 27.2 26.7 26.0 25.2 24.3 -9999.0 -9999.0 -9999.0 -9999.0 -9999.0 -9999.0 -9999.0 -9999.0 -9999.0 -9999.0 nan 13.5 13.5 nan nan nan nan nan nan nan nan nan nan nan nan nan nan nan -9999.0
nan nan nan nan nan nan nan nan nan nan nan nan nan nan nan nan nan nan nan nan nan nan nan nan nan nan nan nan nan nan nan nan nan nan 29.2 29.2 29.5 30.2 27.9 19.9 28.6 26.4 30.8 30.3 29.7 29.2 28.8 28.5 28.2 28.0 27.9 27.8 27.7 27.7 27.7 27.6 27.2 26.7 26.0 25.1 -9999.0 -9999.0 -9999.0 -9999.0 -9999.0 -9999.0 -9999.0 -9999.0 -9999.0 -9999.0 -9999.0 nan nan nan nan nan nan nan nan nan nan nan nan nan nan nan nan nan nan -9999.0
nan nan nan nan nan nan nan nan nan nan nan nan nan nan nan nan nan nan nan nan nan nan nan nan nan nan nan nan nan nan nan nan 27.9 28.5 29.0 29.4 30.1 31.0 31.4 31.3 nan 31.4 30.7 30.3 29.8 29.2 28.8 28.5 28.2 28.0 27.8 27.7 27.7 27.8 27.9 27.8 27.4 26.9 26.1 -9999.0 -9999.0 -9999.0 -9999.0 -9999.0 -9999.0 -9999.0 -9999.0 -9999.0 -9999.0 -9999.0 -9999.0 -9999.0 nan nan nan nan nan nan nan nan nan nan nan nan nan nan nan nan nan -9999.0
nan nan nan nan nan nan nan nan nan nan nan nan nan nan nan nan nan nan nan nan nan nan nan nan nan nan nan nan nan 19.8 nan nan 29.1 29.2 29.2 29.7 30.6 31.6 32.4 nan nan 30.7 30.6 30.3 29.9 29.3 28.8 28.4 28.1 27.9 27.8 27.7 27.8 28.0 28.0 28.0 27.6 27.1 26.3 -9999.0 -9999.0 -9999.0 -9999.0 -9999.0 -9999.0 -9999.0 -9999.0 -9999.0 -9999.0 -9999.0 -9999.0 -9999.0 -9999.0 -9999.0 nan nan nan nan nan nan nan nan nan nan nan nan nan nan nan -9999.0
nan nan nan nan nan nan nan nan nan nan nan nan nan nan nan nan nan nan nan nan nan nan nan nan nan nan nan nan nan 16.5 16.5 nan 29.3 29.6 28.1 26.6 29.9 31.3 31.7 31.2 nan 30.8 30.8 30.5 30.0 29.5 28.9 28.4 28.1 27.9 27.8 27.9 28.0 28.2 28.3 28.2 28.0 27.5 -9999.0 -9999.0 -9999.0 -9999.0 -9999.0 -9999.0 -9999.0 -9999.0 -9999.0 -9999.0 -9999.0 -9999.0 -9999.0 -9999.0 -9999.0 -9999.0 -9999.0 nan nan nan nan nan nan nan nan nan nan nan nan nan nan -9999.0
nan nan nan nan nan nan nan nan nan nan nan nan nan nan nan nan nan nan nan nan nan nan nan nan nan nan nan nan nan 17.4 28.8 29.0 29.4 29.9 30.5 nan 18.0 30.9 31.3 31.5 nan 30.3 31.3 30.8 30.2 29.6 29.0 28.5 28.2 28.0 27.9 28.0 28.2 28.5 28.6 28.6 28.4 27.9 -9999.0 -9999.0 -9999.0 -9999.0 -9999.0 -9999.0 -9999.0 -9999.0 -9999.0 -9999.0 -9999.0 -9999.0 -9999.0 -9999.0 -9999.0 -9999.0 -9999.0 -9999.0 nan nan nan nan nan nan nan nan nan nan nan nan nan -9999.0
nan nan nan nan nan nan nan nan nan nan nan nan nan nan nan nan nan nan nan nan nan nan nan nan nan nan nan nan nan nan 28.5 28.9 29.4 30.1 29.9 nan nan 30.6 31.1 31.2 nan 27.6 29.3 30.6 30.2 29.7 29.1 28.6 28.3 28.1 28.1 28.2 28.4 28.7 28.9 28.9 28.6 28.2 -9999.0 -9999.0 -9999.0 -9999.0 -9999.0 -9999.0 -9999.0 -9999.0 -9999.0 -9999.0 -9999.0 -9999.0 -9999.0 -9999.0 -9999.0 -9999.0 -9999.0 -9999.0 -9999.0 nan nan nan nan nan nan nan nan nan nan nan nan -9999.0
nan nan nan nan nan nan nan nan nan nan nan nan nan nan nan nan nan nan nan nan nan nan nan nan nan nan nan nan nan nan 26.1 28.8 29.5 30.1 27.6 nan 20.3 24.9 28.2 17.6 27.0 22.7 25.1 30.2 30.2 29.8 29.2 28.8 28.5 28.4 28.4 28.5 28.7 29.0 29.3 29.2 28.9 28.2 -9999.0 -9999.0 -9999.0 -9999.0 -9999.0 -9999.0 -9999.0 -9999.0 -9999.0 -9999.0 -9999.0 -9999.0 -9999.0 -9999.0 -9999.0 -9999.0 -9999.0 -9999.0 -9999.0 -9999.0 nan nan nan nan nan nan nan nan nan nan nan -9999.0
nan nan nan nan nan nan nan nan nan nan nan nan nan nan nan nan nan nan nan nan nan nan nan nan nan nan nan nan nan nan 26.1 28.6 29.5 30.2 30.2 20.2 nan 28.0 23.7 17.9 23.3 nan 30.8 30.8 30.3 29.9 29.5 29.1 28.8 28.7 28.7 28.8 29.0 29.3 29.6 29.5 28.7 22.5 -9999.0 -9999.0 -9999.0 -9999.0 -9999.0 -9999.0 -9999.0 -9999.0 -9999.0 -9999.0 -9999.0 -9999.0 -9999.0 -9999.0 -9999.0 -9999.0 -9999.0 -9999.0 -9999.0 -9999.0 -9999.0 -9999.0 nan nan nan nan nan nan nan nan nan -9999.0
nan nan nan nan nan nan nan nan nan nan nan nan nan nan nan nan nan nan nan nan nan nan nan nan nan nan nan nan nan nan nan 28.9 29.5 30.1 30.7 nan nan 22.9 23.0 21.5 nan nan 31.0 30.9 30.6 30.2 29.8 29.4 29.2 29.1 29.1 29.1 29.3 29.7 30.0 30.0 28.7 25.1 -9999.0 -9999.0 -9999.0 -9999.0 -9999.0 -9999.0 -9999.0 -9999.0 -9999.0 -9999.0 -9999.0 nan nan nan -9999.0 -9999.0 -9999.0 -9999.0 -9999.0 -9999.0 -9999.0 -9999.0 -9999.0 -9999.0 -9999.0 -9999.0 -9999.0 nan nan nan -9999.0 -9999.0
nan nan nan nan nan nan nan nan nan nan nan nan nan nan nan nan nan nan nan nan nan nan nan nan nan nan nan nan nan nan nan 28.4 29.3 30.0 30.6 nan 18.1 21.3 29.2 19.7 nan nan 31.0 31.0 30.8 30.5 30.1 29.8 29.6 29.4 29.4 29.5 29.7 30.1 30.5 30.8 30.5 26.6 -9999.0 -9999.0 -9999.0 -9999.0 -9999.0 -9999.0 -9999.0 -9999.0 -9999.0 -9999.0 -9999.0 nan nan nan nan nan -9999.0 -9999.0 -9999.0 -9999.0 -9999.0 -9999.0 -9999.0 -9999.0 -9999.0 -9999.0 -9999.0 -9999.0 -9999.0 -9999.0 -9999.0 -9999.0
nan nan nan nan nan nan nan nan nan nan nan nan nan nan nan nan nan nan nan nan nan nan nan nan nan nan nan nan nan nan nan 19.9 29.1 29.8 30.3 30.1 28.5 24.4 19.0 15.6 19.9 nan 31.0 31.0 31.0 30.7 30.4 30.1 29.9 29.8 29.7 29.8 30.0 30.4 30.9 31.3 31.8 26.2 -9999.0 -9999.0 -9999.0 -9999.0 -9999.0 -9999.0 -9999.0 -9999.0 -9999.0 -9999.0 -9999.0 -9999.0 -9999.0 -9999.0 -9999.0 -9999.0 -9999.0 -9999.0 -9999.0 -9999.0 -9999.0 -9999.0 -9999.0 -9999.0 -9999.0 -9999.0 -9999.0 -9999.0 -9999.0 -9999.0 -9999.0 -9999.0
nan nan nan nan nan nan nan nan nan nan nan nan nan nan nan nan nan nan nan nan nan nan nan nan nan nan nan nan nan nan nan 19.9 28.9 29.7 30.6 31.0 31.1 nan 20.1 23.5 15.9 nan 30.7 31.1 31.2 30.9 30.7 30.4 30.2 30.0 30.0 30.1 30.3 30.8 31.2 31.5 31.8 26.2 -9999.0 -9999.0 -9999.0 -9999.0 -9999.0 -9999.0 -9999.0 -9999.0 -9999.0 -9999.0 -9999.0 -9999.0 -9999.0 -9999.0 -9999.0 -9999.0 -9999.0 -9999.0 -9999.0 -9999.0 -9999.0 -9999.0 -9999.0 -9999.0 -9999.0 -9999.0 -9999.0 -9999.0 -9999.0 -9999.0 -9999.0 -9999.0
nan nan nan nan nan nan nan nan nan nan nan nan nan nan nan nan nan nan nan nan nan nan nan nan nan nan nan nan nan nan nan 19.9 27.0 29.5 30.4 31.0 31.0 nan nan 21.8 19.4 nan nan 31.1 31.2 31.1 30.9 30.7 30.5 30.4 30.4 30.4 30.7 31.1 31.5 31.8 32.1 26.0 -9999.0 -9999.0 -9999.0 -9999.0 -9999.0 -9999.0 -9999.0 -9999.0 -9999.0 -9999.0 -9999.0 -9999.0 -9999.0 -9999.0 -9999.0 -9999.0 -9999.0 -9999.0 -9999.0 -9999.0 -9999.0 -9999.0 -9999.0 -9999.0 -9999.0 -9999.0 -9999.0 -9999.0 -9999.0 -9999.0 -9999.0 -9999.0
nan nan nan nan nan nan nan nan nan nan nan nan nan nan nan nan nan nan nan nan nan nan nan nan nan nan nan nan nan nan nan nan 18.9 29.6 30.4 31.1 nan nan nan 23.7 18.6 21.5 nan nan 31.0 31.1 31.0 30.8 30.6 30.6 30.6 30.7 31.0 31.4 31.8 32.2 32.4 32.1 -9999.0 -9999.0 -9999.0 -9999.0 -9999.0 -9999.0 -9999.0 -9999.0 -9999.0 -9999.0 -9999.0 -9999.0 -9999.0 -9999.0 -9999.0 -9999.0 -9999.0 -9999.0 -9999.0 -9999.0 -9999.0 -9999.0 -9999.0 -9999.0 nan nan nan -9999.0 -9999.0 -9999.0 -9999.0 -9999.0
nan nan nan nan nan nan nan nan nan nan nan nan nan nan nan nan nan nan nan nan nan nan nan nan nan nan nan nan nan nan nan nan 28.7 29.6 30.3 31.0 nan nan nan nan 20.9 20.8 32.1 nan 30.4 31.2 31.3 31.0 30.8 30.8 30.8 31.0 31.3 31.7 32.1 32.6 32.9 33.0 -9999.0 -9999.0 -9999.0 -9999.0 -9999.0 -9999.0 -9999.0 -9999.0 -9999.0 -9999.0 -9999.0 -9999.0 -9999.0 -9999.0 -9999.0 -9999.0 -9999.0 -9999.0 -9999.0 -9999.0 -9999.0 -9999.0 nan nan nan nan nan nan nan nan -9999.0 -9999.0
nan nan nan nan nan nan nan nan nan nan nan nan nan nan nan nan nan nan nan nan nan nan nan nan nan nan nan nan nan nan nan nan nan 29.6 30.4 31.1 nan nan nan nan 25.6 23.4 28.6 22.7 nan 31.4 31.6 31.3 31.1 31.0 31.1 31.3 31.6 32.0 32.5 33.0 33.3 33.5 -9999.0 -9999.0 -9999.0 -9999.0 -9999.0 -9999.0 -9999.0 -9999.0 -9999.0 -9999.0 -9999.0 nan nan nan nan nan nan nan nan nan nan nan nan nan nan nan nan nan nan nan nan nan
nan nan nan nan nan nan nan nan nan nan nan nan nan nan nan nan nan nan nan nan nan nan nan nan nan nan nan nan nan nan nan nan nan 29.7 30.4 31.4 31.5 nan nan nan 30.7 24.6 26.0 32.6 nan nan 31.3 31.3 31.1 31.1 31.3 31.5 31.8 32.2 32.8 33.4 33.8 34.0 -9999.0 -9999.0 -9999.0 -9999.0 -9999.0 -9999.0 -9999.0 -9999.0 -9999.0 -9999.0 nan nan nan nan nan nan nan nan nan nan nan nan nan nan nan nan nan nan nan nan nan nan
