data/output/RUN203/ECOSPACE/ECOSPACE_in_PAR3/PAR-VarZ-VarK/PAR-VarZ-VarK_1991_07.asc
ncols        93
nrows        151 
xllcorner    -123.80739
yllcorner    48.29471 
cellsize     0.013497347 
NODATA_value  0.0
[rows 80 to 119 of 151, columns 0 to 89 of 93]
nan nan nan nan nan nan nan nan nan nan nan nan nan nan nan nan nan nan nan nan nan nan nan 28.4 28.6 28.0 29.0 29.3 29.0 28.7 28.3 27.9 27.5 27.2 27.0 26.9 26.8 26.7 26.6 26.5 26.3 26.0 25.9 25.6 25.2 24.6 24.0 23.4 22.8 22.2 21.7 21.2 20.6 20.2 nan nan nan nan nan nan nan nan nan nan nan nan 16.7 16.9 17.1 17.2 nan 16.8 16.8 16.8 16.9 17.0 16.9 16.7 16.7 17.0 17.4 17.6 17.4 nan nan nan nan nan nan nan
nan nan nan nan nan nan nan nan nan nan nan nan nan nan nan nan nan nan nan nan nan nan nan nan nan nan 29.4 29.4 29.1 28.8 28.5 28.2 27.7 27.4 27.0 26.8 26.6 26.4 26.3 26.2 26.0 25.8 25.7 25.5 25.2 24.8 24.3 23.7 23.1 22.5 22.0 21.4 20.9 20.5 19.9 nan nan nan nan nan nan nan nan nan nan nan 17.1 17.1 nan nan nan nan nan 17.0 17.1 17.2 nan 16.8 17.0 17.5 17.8 18.1 nan nan nan nan nan nan nan nan
nan nan nan nan nan nan nan nan nan nan nan nan nan nan nan nan nan nan nan nan nan nan nan nan nan nan nan 29.4 29.2 29.0 28.6 28.4 28.1 27.6 27.2 26.8 26.5 26.2 26.0 25.9 25.7 25.6 25.5 25.4 25.2 24.9 24.5 24.0 23.4 22.8 22.3 21.7 21.2 20.6 20.1 19.6 nan nan nan nan nan nan nan nan nan 17.0 17.4 nan nan nan nan nan nan 17.0 17.1 17.2 nan 17.0 17.5 17.9 18.2 nan nan nan nan nan nan nan nan nan
nan nan nan nan nan nan nan nan nan nan nan nan nan nan nan nan nan nan nan nan nan nan nan nan nan nan nan nan 27.6 28.9 29.0 28.8 28.4 27.9 27.4 26.9 26.4 26.1 25.9 25.7 25.5 25.4 25.3 25.3 25.1 24.9 24.6 24.1 23.6 23.1 22.6 22.1 21.5 20.9 20.4 19.9 19.5 nan nan nan nan nan nan nan nan 17.1 17.4 nan nan nan nan nan nan 17.0 17.1 17.3 17.7 18.1 18.1 18.1 nan nan nan nan nan nan nan nan nan nan
nan nan nan nan nan nan nan nan nan nan nan nan nan nan nan nan nan nan nan nan nan nan nan nan nan nan nan nan nan 15.9 29.4 29.1 28.6 28.2 27.7 27.1 26.5 26.1 25.8 25.5 25.4 25.3 25.2 25.1 25.1 24.9 24.7 24.3 23.9 23.4 23.0 22.5 21.9 21.4 20.9 20.4 19.8 19.4 nan nan nan nan nan nan 17.0 17.2 17.4 nan 17.6 17.6 17.7 nan nan 17.0 17.3 17.6 18.2 18.9 nan nan nan nan nan nan nan nan nan nan nan nan
nan nan nan nan nan nan nan nan nan nan nan nan nan nan nan nan nan nan nan nan nan nan nan nan nan nan nan nan nan nan 16.2 29.1 28.9 28.6 28.0 27.3 26.7 26.1 25.8 25.5 25.3 25.2 25.1 25.1 25.0 24.9 24.7 24.4 24.1 23.7 23.2 22.8 22.4 21.9 21.4 20.9 20.4 19.9 nan nan nan nan nan 17.1 17.3 17.4 17.5 17.6 17.6 17.6 17.6 12.0 nan 17.1 17.5 17.9 18.4 18.8 nan nan nan nan nan nan nan nan nan nan nan nan
nan nan nan nan nan nan nan nan nan nan nan nan nan nan nan nan nan nan nan nan nan nan nan nan nan nan nan nan nan nan nan 27.2 29.0 28.8 28.3 27.6 26.9 26.3 25.8 25.5 25.2 25.2 25.1 25.0 25.0 24.9 24.7 24.5 24.2 23.9 23.5 23.1 22.8 22.4 21.9 21.5 20.9 20.3 19.6 nan nan 17.6 17.8 17.7 17.6 17.8 17.9 17.9 17.9 17.8 17.7 nan nan 17.5 17.8 18.2 18.7 18.8 nan nan nan nan nan nan nan nan nan nan nan nan
nan nan nan nan nan nan nan nan nan nan nan nan nan nan nan nan nan nan nan nan nan nan nan nan nan nan nan nan nan nan nan nan 29.1 28.8 28.3 27.7 27.1 26.5 25.9 25.5 25.2 25.1 25.0 25.0 24.9 24.8 24.7 24.5 24.3 24.0 23.7 23.4 23.1 22.8 22.4 21.9 21.3 20.7 20.1 19.1 18.7 18.5 18.5 nan 18.0 18.2 18.4 18.5 18.5 18.3 18.2 17.9 17.9 18.0 18.1 18.4 18.7 nan nan nan nan nan nan nan nan nan nan nan nan nan
nan nan nan nan nan nan nan nan nan nan nan nan nan nan nan nan nan nan nan nan nan nan nan nan nan nan nan nan nan nan 28.4 28.5 28.8 28.5 28.0 27.6 27.1 26.5 26.0 25.6 25.3 25.1 25.0 24.9 24.8 24.8 24.7 24.5 24.3 24.1 23.9 23.7 23.5 23.2 22.8 22.3 21.7 21.0 20.4 19.8 19.4 19.1 19.0 19.0 18.9 18.9 19.1 19.2 19.1 19.0 18.6 18.3 18.3 18.3 18.4 18.7 18.8 nan nan nan nan nan nan nan nan nan nan nan nan nan
nan nan nan nan nan nan nan nan nan nan nan nan nan nan nan nan nan nan nan nan nan nan nan nan nan nan nan nan nan nan nan nan 28.2 28.0 27.8 27.5 27.1 26.7 26.1 25.6 25.3 25.0 24.9 24.8 24.7 24.7 24.6 24.5 24.4 24.2 24.0 23.9 23.7 23.5 23.2 22.8 22.2 21.7 21.1 20.5 20.0 19.8 19.7 19.7 19.4 19.3 19.5 nan nan nan 18.8 18.7 18.5 18.5 18.6 18.8 nan nan nan nan nan nan nan nan nan nan nan nan nan nan
nan nan nan nan nan nan nan nan nan nan nan nan nan nan nan nan nan nan nan nan nan nan nan nan nan nan nan nan nan nan 18.6 16.7 27.7 27.5 27.4 27.3 27.2 26.9 26.4 25.8 25.4 25.0 24.8 24.7 24.6 24.6 24.6 24.5 24.4 24.3 24.1 24.0 23.9 23.8 23.6 23.2 22.8 22.2 21.7 21.1 20.6 20.3 20.1 20.1 nan nan nan nan nan nan nan 19.0 18.8 18.7 18.8 18.8 nan nan nan nan nan nan nan nan nan nan nan nan nan nan
nan nan nan nan nan nan nan nan nan nan nan nan nan nan nan nan nan nan nan nan nan nan nan nan nan nan nan nan nan nan 16.7 27.2 27.4 27.4 27.1 17.0 27.0 26.9 26.4 25.9 25.5 25.1 24.8 24.6 24.5 24.4 24.5 24.5 24.4 24.3 24.2 24.1 24.0 24.0 23.8 23.6 23.2 22.7 22.1 21.6 21.1 20.8 20.4 nan nan nan nan nan nan 18.5 18.8 19.0 18.9 18.7 18.8 nan nan nan nan nan nan nan nan nan nan nan nan nan nan nan
nan nan nan nan nan nan nan nan nan nan nan nan nan nan nan nan nan nan nan nan nan nan nan nan nan nan nan nan nan nan 18.6 26.3 27.3 27.3 nan nan nan 26.4 26.2 25.9 25.5 25.1 24.7 24.5 24.3 24.3 24.3 24.4 24.4 24.3 24.2 24.1 24.0 24.1 24.0 23.8 23.5 23.1 22.6 22.1 21.5 21.1 20.7 nan nan nan nan nan 18.6 18.7 18.7 18.9 18.8 18.7 nan nan nan nan nan nan nan nan nan nan nan nan nan nan nan nan
nan nan nan nan nan nan nan nan nan nan nan nan nan nan nan nan nan nan nan nan nan nan nan nan nan nan nan nan nan nan 18.6 15.8 27.5 27.3 nan nan nan 24.5 25.9 25.8 25.5 25.1 24.7 24.4 24.2 24.1 24.2 24.2 24.3 24.3 24.3 24.2 24.1 24.1 24.1 24.0 23.8 23.5 23.0 22.4 21.8 21.2 20.6 19.6 19.0 nan 18.5 18.6 18.7 18.7 18.7 18.7 nan nan nan nan nan nan nan nan nan nan nan nan nan nan nan nan nan nan
nan nan nan nan nan nan nan nan nan nan nan nan nan nan nan nan nan nan nan nan nan nan nan nan nan nan nan nan nan nan nan nan 27.5 23.9 nan nan nan nan 25.5 25.5 25.5 25.2 24.7 24.3 24.1 24.0 24.0 24.1 24.3 24.3 24.3 24.2 24.1 24.1 24.2 24.1 23.9 23.7 23.3 22.7 22.0 21.3 20.6 19.9 19.5 19.1 18.9 18.7 18.7 18.6 18.4 nan nan nan nan nan nan nan nan nan nan nan nan nan nan nan nan nan nan nan
nan nan nan nan nan nan nan nan nan nan nan nan nan nan nan nan nan nan nan nan nan nan nan nan nan nan nan nan nan nan nan nan nan 22.1 13.2 nan nan nan 16.3 25.6 25.6 25.3 24.8 24.3 24.0 23.9 24.0 24.1 24.2 24.3 24.3 24.3 24.3 24.3 24.3 24.2 24.1 23.8 23.5 23.0 22.3 21.6 20.9 20.2 19.7 19.3 19.0 18.8 18.7 18.5 18.3 nan nan nan nan nan nan nan nan nan nan nan nan nan nan nan nan nan nan nan
nan nan nan nan nan nan nan nan nan nan nan nan nan nan nan nan nan nan nan nan nan nan nan nan nan nan nan nan nan nan nan nan nan nan 15.4 22.9 nan nan nan nan 25.4 25.5 24.8 24.3 24.1 23.9 24.0 24.1 24.2 24.3 24.4 24.4 24.4 24.4 24.4 24.3 24.2 23.9 23.6 23.1 22.5 21.9 21.2 20.5 19.9 19.5 19.1 18.9 18.7 18.5 18.3 18.0 nan nan nan nan nan nan nan nan nan nan nan nan nan nan nan nan nan nan
nan nan nan nan nan nan nan nan nan nan nan nan nan nan nan nan nan nan nan nan nan nan nan nan nan nan nan nan nan nan nan nan nan nan nan 17.8 18.5 nan nan nan nan 24.5 24.8 24.3 24.0 23.9 24.0 24.1 24.3 24.4 24.4 24.5 24.5 24.5 24.5 24.4 24.3 24.0 23.6 23.2 22.6 22.0 21.3 20.7 20.0 19.5 19.1 18.9 18.6 18.4 18.2 18.1 18.0 12.1 nan nan nan nan nan nan nan nan nan nan nan nan nan nan nan nan
nan nan nan nan nan nan nan nan nan nan nan nan nan nan nan nan nan nan nan nan nan nan nan nan nan nan nan nan nan nan nan nan nan nan 16.3 19.4 24.1 24.0 nan 18.5 nan 22.4 24.5 24.3 24.0 23.9 24.0 24.1 24.3 24.4 24.4 24.5 24.6 24.6 24.6 24.5 24.3 24.1 23.7 23.2 22.6 22.0 21.3 20.6 20.0 19.5 19.1 18.9 18.7 18.4 18.1 18.0 18.0 17.9 nan nan nan nan nan nan nan nan nan nan nan nan nan nan nan nan
nan nan nan nan nan nan nan nan nan nan nan nan nan nan nan nan nan nan nan nan nan nan nan nan nan nan nan nan nan nan nan nan nan nan 23.9 24.0 24.3 23.7 17.8 21.5 22.8 21.1 24.2 24.1 23.9 23.9 24.0 24.2 24.3 24.4 24.4 24.5 24.5 24.6 24.6 24.6 24.4 24.1 23.7 23.2 22.6 21.9 21.1 20.4 19.7 19.2 18.4 18.7 18.5 18.4 18.0 18.0 17.9 17.9 18.0 nan nan nan nan nan nan nan nan nan nan nan nan nan nan nan
nan nan nan nan nan nan nan nan nan nan nan nan nan nan nan nan nan nan nan nan nan nan nan nan nan nan nan nan nan nan nan nan nan nan 23.9 24.0 24.0 24.1 24.3 nan 23.0 23.1 24.1 23.9 23.8 23.8 23.9 24.1 24.3 24.3 24.3 24.3 24.4 24.5 24.6 24.5 24.3 24.0 23.6 23.1 22.4 21.6 -9999.0 -9999.0 -9999.0 -9999.0 -9999.0 -9999.0 -9999.0 13.1 18.0 17.9 18.0 17.9 18.0 nan nan nan nan nan nan nan nan nan nan nan nan nan nan -9999.0
nan nan nan nan nan nan nan nan nan nan nan nan nan nan nan nan nan nan nan nan nan nan nan nan nan nan nan nan nan nan nan nan nan nan 23.7 23.7 23.7 23.6 23.7 nan nan 23.9 23.8 23.8 23.7 23.7 23.8 24.0 24.2 24.2 24.1 24.1 24.3 24.4 24.5 24.4 24.3 24.0 23.5 23.0 22.2 -9999.0 -9999.0 -9999.0 -9999.0 -9999.0 -9999.0 -9999.0 -9999.0 nan 15.6 17.9 18.1 17.3 nan nan nan nan nan nan nan nan nan nan nan nan nan nan nan -9999.0
nan nan nan nan nan nan nan nan nan nan nan nan nan nan nan nan nan nan nan nan nan nan nan nan nan nan nan nan nan nan nan nan nan nan 23.4 23.2 23.2 23.3 23.8 nan 19.4 22.8 23.7 23.5 23.5 23.6 23.7 23.8 23.9 23.9 23.9 23.9 24.1 24.2 24.4 24.4 24.2 23.9 23.5 22.8 22.0 -9999.0 -9999.0 -9999.0 -9999.0 -9999.0 -9999.0 -9999.0 -9999.0 -9999.0 -9999.0 nan 12.7 12.7 nan nan nan nan nan nan nan nan nan nan nan nan nan nan nan -9999.0
nan nan nan nan nan nan nan nan nan nan nan nan nan nan nan nan nan nan nan nan nan nan nan nan nan nan nan nan nan nan nan nan nan nan 23.0 22.9 23.1 23.7 22.1 15.4 21.4 20.0 23.4 23.3 23.3 23.4 23.5 23.6 23.7 23.7 23.7 23.8 24.0 24.2 24.4 24.4 24.2 23.8 23.4 22.7 -9999.0 -9999.0 -9999.0 -9999.0 -9999.0 -9999.0 -9999.0 -9999.0 -9999.0 -9999.0 -9999.0 nan nan nan nan nan nan nan nan nan nan nan nan nan nan nan nan nan nan -9999.0
nan nan nan nan nan nan nan nan nan nan nan nan nan nan nan nan nan nan nan nan nan nan nan nan nan nan nan nan nan nan nan nan 21.9 22.4 22.7 23.0 23.4 24.2 25.0 24.4 nan 23.4 23.2 23.1 23.1 23.2 23.3 23.4 23.5 23.5 23.6 23.7 24.0 24.3 24.5 24.5 24.3 24.0 23.4 -9999.0 -9999.0 -9999.0 -9999.0 -9999.0 -9999.0 -9999.0 -9999.0 -9999.0 -9999.0 -9999.0 -9999.0 -9999.0 nan nan nan nan nan nan nan nan nan nan nan nan nan nan nan nan nan -9999.0
nan nan nan nan nan nan nan nan nan nan nan nan nan nan nan nan nan nan nan nan nan nan nan nan nan nan nan nan nan 18.2 nan nan 22.6 22.6 22.7 23.0 23.7 24.6 25.4 nan nan 22.9 23.0 23.0 23.1 23.1 23.2 23.2 23.3 23.4 23.5 23.7 24.0 24.4 24.6 24.8 24.6 24.3 23.7 -9999.0 -9999.0 -9999.0 -9999.0 -9999.0 -9999.0 -9999.0 -9999.0 -9999.0 -9999.0 -9999.0 -9999.0 -9999.0 -9999.0 -9999.0 nan nan nan nan nan nan nan nan nan nan nan nan nan nan nan -9999.0
nan nan nan nan nan nan nan nan nan nan nan nan nan nan nan nan nan nan nan nan nan nan nan nan nan nan nan nan nan 14.6 14.6 nan 22.7 22.9 22.0 20.6 23.0 24.3 24.7 24.3 nan 22.9 23.2 23.2 23.1 23.1 23.1 23.1 23.2 23.4 23.5 23.7 24.1 24.5 24.9 25.0 25.0 24.6 -9999.0 -9999.0 -9999.0 -9999.0 -9999.0 -9999.0 -9999.0 -9999.0 -9999.0 -9999.0 -9999.0 -9999.0 -9999.0 -9999.0 -9999.0 -9999.0 -9999.0 nan nan nan nan nan nan nan nan nan nan nan nan nan nan -9999.0
nan nan nan nan nan nan nan nan nan nan nan nan nan nan nan nan nan nan nan nan nan nan nan nan nan nan nan nan nan 15.3 22.4 22.5 22.8 23.1 23.5 nan 16.4 23.7 24.0 24.4 nan 22.7 23.4 23.4 23.3 23.2 23.1 23.1 23.1 23.3 23.5 23.8 24.1 24.6 25.1 25.3 25.3 25.0 -9999.0 -9999.0 -9999.0 -9999.0 -9999.0 -9999.0 -9999.0 -9999.0 -9999.0 -9999.0 -9999.0 -9999.0 -9999.0 -9999.0 -9999.0 -9999.0 -9999.0 -9999.0 nan nan nan nan nan nan nan nan nan nan nan nan nan -9999.0
nan nan nan nan nan nan nan nan nan nan nan nan nan nan nan nan nan nan nan nan nan nan nan nan nan nan nan nan nan nan 22.0 22.4 22.7 23.2 22.9 nan nan 23.4 23.8 24.3 nan 20.4 21.9 23.2 23.4 23.3 23.2 23.1 23.2 23.3 23.6 23.9 24.3 24.8 25.3 25.6 25.6 25.3 -9999.0 -9999.0 -9999.0 -9999.0 -9999.0 -9999.0 -9999.0 -9999.0 -9999.0 -9999.0 -9999.0 -9999.0 -9999.0 -9999.0 -9999.0 -9999.0 -9999.0 -9999.0 -9999.0 nan nan nan nan nan nan nan nan nan nan nan nan -9999.0
nan nan nan nan nan nan nan nan nan nan nan nan nan nan nan nan nan nan nan nan nan nan nan nan nan nan nan nan nan nan 20.2 22.3 22.7 23.1 20.9 nan 18.5 18.9 21.7 13.9 20.7 16.7 18.8 22.7 23.3 23.3 23.2 23.2 23.2 23.4 23.7 24.0 24.5 25.0 25.6 25.9 25.9 25.0 -9999.0 -9999.0 -9999.0 -9999.0 -9999.0 -9999.0 -9999.0 -9999.0 -9999.0 -9999.0 -9999.0 -9999.0 -9999.0 -9999.0 -9999.0 -9999.0 -9999.0 -9999.0 -9999.0 -9999.0 nan nan nan nan nan nan nan nan nan nan nan -9999.0
nan nan nan nan nan nan nan nan nan nan nan nan nan nan nan nan nan nan nan nan nan nan nan nan nan nan nan nan nan nan 20.4 22.0 22.6 23.0 23.1 18.6 nan 21.4 19.3 15.2 18.6 nan 23.0 23.2 23.2 23.3 23.3 23.3 23.3 23.5 23.8 24.1 24.6 25.2 25.7 25.9 25.5 19.9 -9999.0 -9999.0 -9999.0 -9999.0 -9999.0 -9999.0 -9999.0 -9999.0 -9999.0 -9999.0 -9999.0 -9999.0 -9999.0 -9999.0 -9999.0 -9999.0 -9999.0 -9999.0 -9999.0 -9999.0 -9999.0 -9999.0 nan nan nan nan nan nan nan nan nan -9999.0
nan nan nan nan nan nan nan nan nan nan nan nan nan nan nan nan nan nan nan nan nan nan nan nan nan nan nan nan nan nan nan 22.2 22.5 22.9 23.4 nan nan 18.1 19.1 18.4 nan nan 23.1 23.3 23.3 23.4 23.4 23.4 23.4 23.6 24.0 24.3 24.8 25.2 25.7 26.0 25.2 21.4 -9999.0 -9999.0 -9999.0 -9999.0 -9999.0 -9999.0 -9999.0 -9999.0 -9999.0 -9999.0 -9999.0 nan nan nan -9999.0 -9999.0 -9999.0 -9999.0 -9999.0 -9999.0 -9999.0 -9999.0 -9999.0 -9999.0 -9999.0 -9999.0 -9999.0 nan nan nan -9999.0 -9999.0
nan nan nan nan nan nan nan nan nan nan nan nan nan nan nan nan nan nan nan nan nan nan nan nan nan nan nan nan nan nan nan 21.9 22.4 22.9 23.4 nan 15.7 17.4 23.5 16.6 nan nan 23.1 23.3 23.3 23.4 23.5 23.6 23.7 23.8 24.1 24.5 24.9 25.2 25.7 26.1 26.5 23.1 -9999.0 -9999.0 -9999.0 -9999.0 -9999.0 -9999.0 -9999.0 -9999.0 -9999.0 -9999.0 -9999.0 nan nan nan nan nan -9999.0 -9999.0 -9999.0 -9999.0 -9999.0 -9999.0 -9999.0 -9999.0 -9999.0 -9999.0 -9999.0 -9999.0 -9999.0 -9999.0 -9999.0 -9999.0
nan nan nan nan nan nan nan nan nan nan nan nan nan nan nan nan nan nan nan nan nan nan nan nan nan nan nan nan nan nan nan 18.3 22.3 22.8 23.2 22.6 21.9 20.2 15.6 12.8 16.7 nan 23.0 23.3 23.5 23.5 23.6 23.7 23.7 24.0 24.3 24.6 24.9 25.3 25.8 26.3 26.9 23.2 -9999.0 -9999.0 -9999.0 -9999.0 -9999.0 -9999.0 -9999.0 -9999.0 -9999.0 -9999.0 -9999.0 -9999.0 -9999.0 -9999.0 -9999.0 -9999.0 -9999.0 -9999.0 -9999.0 -9999.0 -9999.0 -9999.0 -9999.0 -9999.0 -9999.0 -9999.0 -9999.0 -9999.0 -9999.0 -9999.0 -9999.0 -9999.0
nan nan nan nan nan nan nan nan nan nan nan nan nan nan nan nan nan nan nan nan nan nan nan nan nan nan nan nan nan nan nan 18.2 22.2 22.7 23.4 23.9 24.2 nan 16.2 18.9 12.7 nan 22.8 23.3 23.5 23.6 23.8 23.9 24.1 24.2 24.4 24.7 25.0 25.5 25.9 26.4 27.1 23.4 -9999.0 -9999.0 -9999.0 -9999.0 -9999.0 -9999.0 -9999.0 -9999.0 -9999.0 -9999.0 -9999.0 -9999.0 -9999.0 -9999.0 -9999.0 -9999.0 -9999.0 -9999.0 -9999.0 -9999.0 -9999.0 -9999.0 -9999.0 -9999.0 -9999.0 -9999.0 -9999.0 -9999.0 -9999.0 -9999.0 -9999.0 -9999.0
nan nan nan nan nan nan nan nan nan nan nan nan nan nan nan nan nan nan nan nan nan nan nan nan nan nan nan nan nan nan nan 18.3 20.7 22.6 23.4 24.1 24.3 nan nan 17.6 16.0 nan nan 23.1 23.6 23.7 23.9 24.0 24.2 24.3 24.6 24.9 25.2 25.6 26.0 26.5 27.2 23.2 -9999.0 -9999.0 -9999.0 -9999.0 -9999.0 -9999.0 -9999.0 -9999.0 -9999.0 -9999.0 -9999.0 -9999.0 -9999.0 -9999.0 -9999.0 -9999.0 -9999.0 -9999.0 -9999.0 -9999.0 -9999.0 -9999.0 -9999.0 -9999.0 -9999.0 -9999.0 -9999.0 -9999.0 -9999.0 -9999.0 -9999.0 -9999.0
nan nan nan nan nan nan nan nan nan nan nan nan nan nan nan nan nan nan nan nan nan nan nan nan nan nan nan nan nan nan nan nan 17.1 22.7 23.5 24.3 nan nan nan 18.9 14.8 18.5 nan nan 23.1 23.5 23.7 24.0 24.3 24.5 24.8 25.1 25.4 25.7 26.1 26.6 27.1 27.2 -9999.0 -9999.0 -9999.0 -9999.0 -9999.0 -9999.0 -9999.0 -9999.0 -9999.0 -9999.0 -9999.0 -9999.0 -9999.0 -9999.0 -9999.0 -9999.0 -9999.0 -9999.0 -9999.0 -9999.0 -9999.0 -9999.0 -9999.0 -9999.0 nan nan nan -9999.0 -9999.0 -9999.0 -9999.0 -9999.0
nan nan nan nan nan nan nan nan nan nan nan nan nan nan nan nan nan nan nan nan nan nan nan nan nan nan nan nan nan nan nan nan 22.0 22.6 23.4 24.2 nan nan nan nan 17.0 17.9 26.9 nan 22.6 23.3 23.7 24.1 24.5 24.7 25.0 25.3 25.6 26.0 26.4 26.8 27.3 27.9 -9999.0 -9999.0 -9999.0 -9999.0 -9999.0 -9999.0 -9999.0 -9999.0 -9999.0 -9999.0 -9999.0 -9999.0 -9999.0 -9999.0 -9999.0 -9999.0 -9999.0 -9999.0 -9999.0 -9999.0 -9999.0 -9999.0 nan nan nan nan nan nan nan nan -9999.0 -9999.0
nan nan nan nan nan nan nan nan nan nan nan nan nan nan nan nan nan nan nan nan nan nan nan nan nan nan nan nan nan nan nan nan nan 22.6 23.5 24.4 nan nan nan nan 20.6 20.0 26.1 19.8 nan 23.2 23.9 24.2 24.5 24.9 25.2 25.6 25.9 26.2 26.5 27.0 27.4 27.8 -9999.0 -9999.0 -9999.0 -9999.0 -9999.0 -9999.0 -9999.0 -9999.0 -9999.0 -9999.0 -9999.0 nan nan nan nan nan nan nan nan nan nan nan nan nan nan nan nan nan nan nan nan nan
nan nan nan nan nan nan nan nan nan nan nan nan nan nan nan nan nan nan nan nan nan nan nan nan nan nan nan nan nan nan nan nan nan 22.6 23.5 24.5 24.6 nan nan nan 23.9 21.0 23.0 26.2 nan nan 23.5 24.0 24.4 24.8 25.2 25.7 25.9 26.3 26.7 27.1 27.5 28.1 -9999.0 -9999.0 -9999.0 -9999.0 -9999.0 -9999.0 -9999.0 -9999.0 -9999.0 -9999.0 nan nan nan nan nan nan nan nan nan nan nan nan nan nan nan nan nan nan nan nan nan nan
