data/output/RUN203/ECOSPACE/ECOSPACE_in_PAR3/PAR-VarZ-VarK/PAR-VarZ-VarK_1989_09.asc
ncols        93
nrows        151 
xllcorner    -123.80739
yllcorner    48.29471 
cellsize     0.013497347 
NODATA_value  0.0
[rows 80 to 119 of 151, columns 0 to 89 of 93]
nan nan nan nan nan nan nan nan nan nan nan nan nan nan nan nan nan nan nan nan nan nan nan 30.0 28.6 29.7 31.0 31.2 31.3 31.3 31.2 31.1 30.9 30.6 30.4 30.2 30.1 30.0 29.9 29.7 29.4 29.1 28.9 28.6 28.4 28.2 28.0 27.7 27.3 26.8 26.1 25.2 24.4 23.6 nan nan nan nan nan nan nan nan nan nan nan nan 18.6 19.1 19.4 19.5 nan 18.9 18.9 19.0 19.1 19.3 19.3 18.9 18.7 19.0 19.6 19.9 19.8 nan nan nan nan nan nan nan
nan nan nan nan nan nan nan nan nan nan nan nan nan nan nan nan nan nan nan nan nan nan nan nan nan nan 31.0 31.0 31.0 31.1 31.1 30.9 30.8 30.5 30.3 30.1 30.0 29.9 29.7 29.5 29.2 29.0 28.7 28.5 28.2 28.0 27.9 27.6 27.3 26.9 26.3 25.5 24.7 23.9 22.9 nan nan nan nan nan nan nan nan nan nan nan 19.1 19.4 nan nan nan nan nan 19.1 19.3 19.6 nan 19.0 19.2 19.8 20.5 21.0 nan nan nan nan nan nan nan nan
nan nan nan nan nan nan nan nan nan nan nan nan nan nan nan nan nan nan nan nan nan nan nan nan nan nan nan 30.8 30.7 30.8 30.8 30.8 30.6 30.4 30.2 30.1 29.9 29.7 29.5 29.2 29.0 28.7 28.5 28.2 28.0 27.9 27.8 27.6 27.4 27.0 26.4 25.7 24.9 24.1 23.2 22.5 nan nan nan nan nan nan nan nan nan 19.0 19.6 nan nan nan nan nan nan 19.0 19.4 19.6 nan 19.4 20.1 20.7 21.1 nan nan nan nan nan nan nan nan nan
nan nan nan nan nan nan nan nan nan nan nan nan nan nan nan nan nan nan nan nan nan nan nan nan nan nan nan nan 29.3 30.3 30.6 30.5 30.4 30.3 30.1 30.0 29.8 29.6 29.3 29.0 28.7 28.5 28.2 28.0 27.8 27.7 27.6 27.5 27.4 27.0 26.5 25.9 25.1 24.3 23.6 22.8 22.3 nan nan nan nan nan nan nan nan 19.1 19.6 nan nan nan nan nan nan 19.1 19.4 19.8 20.6 21.1 21.1 21.2 nan nan nan nan nan nan nan nan nan nan
nan nan nan nan nan nan nan nan nan nan nan nan nan nan nan nan nan nan nan nan nan nan nan nan nan nan nan nan nan 13.2 30.4 30.4 30.2 30.1 30.0 29.9 29.7 29.5 29.1 28.7 28.4 28.2 27.9 27.7 27.5 27.5 27.5 27.4 27.3 27.0 26.6 26.1 25.4 24.7 23.9 23.2 22.5 22.1 nan nan nan nan nan nan 19.0 19.3 19.7 nan 20.2 20.2 20.4 nan nan 19.2 19.7 20.3 21.1 22.2 nan nan nan nan nan nan nan nan nan nan nan nan
nan nan nan nan nan nan nan nan nan nan nan nan nan nan nan nan nan nan nan nan nan nan nan nan nan nan nan nan nan nan 13.8 30.2 30.1 30.0 29.9 29.8 29.6 29.4 29.0 28.5 28.1 27.9 27.6 27.4 27.2 27.2 27.3 27.3 27.2 27.1 26.8 26.4 25.8 25.1 24.4 23.6 22.9 22.4 nan nan nan nan nan 19.1 19.4 19.7 20.0 20.1 20.1 20.2 20.3 10.9 nan 19.3 20.1 20.8 21.5 22.1 nan nan nan nan nan nan nan nan nan nan nan nan
nan nan nan nan nan nan nan nan nan nan nan nan nan nan nan nan nan nan nan nan nan nan nan nan nan nan nan nan nan nan nan 29.3 29.9 29.9 29.7 29.6 29.5 29.2 28.7 28.3 27.9 27.6 27.3 27.0 27.0 27.0 27.0 27.1 27.1 27.2 27.0 26.7 26.1 25.6 24.9 24.1 23.4 22.8 22.1 nan nan 19.8 20.2 20.1 20.1 20.4 20.5 20.6 20.5 20.5 20.5 nan nan 19.8 20.5 21.2 21.9 22.3 nan nan nan nan nan nan nan nan nan nan nan nan
nan nan nan nan nan nan nan nan nan nan nan nan nan nan nan nan nan nan nan nan nan nan nan nan nan nan nan nan nan nan nan nan 29.6 29.6 29.5 29.4 29.3 29.0 28.5 28.0 27.7 27.3 27.0 26.7 26.6 26.7 26.8 26.9 27.0 27.2 27.2 26.9 26.5 26.0 25.4 24.6 24.0 23.5 22.9 21.7 21.2 21.2 21.2 nan 20.7 21.2 21.6 21.8 21.7 21.5 21.2 20.7 20.6 20.8 21.1 21.7 22.2 nan nan nan nan nan nan nan nan nan nan nan nan nan
nan nan nan nan nan nan nan nan nan nan nan nan nan nan nan nan nan nan nan nan nan nan nan nan nan nan nan nan nan nan 29.5 29.3 29.2 29.2 29.1 29.1 29.0 28.7 28.4 27.9 27.5 27.1 26.8 26.5 26.4 26.4 26.5 26.6 26.8 27.0 27.2 27.1 26.8 26.4 25.9 25.3 24.8 24.2 23.6 23.1 22.5 22.1 22.1 22.3 22.2 22.6 23.0 23.1 23.0 22.9 22.1 21.4 21.2 21.3 21.7 22.2 22.4 nan nan nan nan nan nan nan nan nan nan nan nan nan
nan nan nan nan nan nan nan nan nan nan nan nan nan nan nan nan nan nan nan nan nan nan nan nan nan nan nan nan nan nan nan nan 28.9 28.8 28.7 28.7 28.7 28.6 28.3 27.9 27.5 27.0 26.7 26.4 26.2 26.1 26.2 26.4 26.6 26.9 27.0 27.1 26.9 26.7 26.3 26.0 25.7 25.3 24.8 24.3 23.7 23.3 23.2 23.4 23.1 23.2 23.6 nan nan nan 22.3 22.0 21.8 21.8 22.1 22.4 nan nan nan nan nan nan nan nan nan nan nan nan nan nan
nan nan nan nan nan nan nan nan nan nan nan nan nan nan nan nan nan nan nan nan nan nan nan nan nan nan nan nan nan nan 14.5 13.2 28.6 28.5 28.5 28.5 28.5 28.5 28.3 27.9 27.4 27.0 26.6 26.3 26.1 26.0 26.0 26.1 26.4 26.7 26.9 27.0 27.0 26.8 26.7 26.6 26.4 26.1 25.7 25.1 24.5 24.1 23.9 23.9 nan nan nan nan nan nan nan 22.4 22.1 22.1 22.3 22.4 nan nan nan nan nan nan nan nan nan nan nan nan nan nan
nan nan nan nan nan nan nan nan nan nan nan nan nan nan nan nan nan nan nan nan nan nan nan nan nan nan nan nan nan nan 14.2 28.2 28.4 28.5 28.4 15.2 28.3 28.5 28.3 27.9 27.4 27.0 26.5 26.2 25.9 25.8 25.8 25.9 26.2 26.5 26.8 26.9 26.9 26.9 26.9 26.9 26.9 26.7 26.3 25.8 25.2 24.7 24.3 nan nan nan nan nan nan 21.9 22.2 22.4 22.2 22.2 22.3 nan nan nan nan nan nan nan nan nan nan nan nan nan nan nan
nan nan nan nan nan nan nan nan nan nan nan nan nan nan nan nan nan nan nan nan nan nan nan nan nan nan nan nan nan nan 14.5 27.4 28.4 28.6 nan nan nan 28.1 28.0 27.8 27.4 27.0 26.6 26.2 25.9 25.7 25.6 25.8 26.0 26.3 26.6 26.7 26.8 26.9 27.0 27.1 27.1 27.0 26.7 26.2 25.7 25.1 24.7 nan nan nan nan nan 21.9 22.0 22.0 22.1 22.0 22.0 nan nan nan nan nan nan nan nan nan nan nan nan nan nan nan nan
nan nan nan nan nan nan nan nan nan nan nan nan nan nan nan nan nan nan nan nan nan nan nan nan nan nan nan nan nan nan 14.4 13.3 28.2 28.7 nan nan nan 26.6 27.5 27.4 27.2 26.8 26.5 26.1 25.8 25.6 25.5 25.6 25.8 26.1 26.4 26.6 26.7 26.8 27.0 27.2 27.3 27.2 27.0 26.6 26.1 25.5 25.0 23.7 23.1 nan 21.9 22.0 22.0 21.9 21.8 21.8 nan nan nan nan nan nan nan nan nan nan nan nan nan nan nan nan nan nan
nan nan nan nan nan nan nan nan nan nan nan nan nan nan nan nan nan nan nan nan nan nan nan nan nan nan nan nan nan nan nan nan 28.0 24.9 nan nan nan nan 27.0 26.9 27.0 26.9 26.5 26.2 25.9 25.6 25.5 25.5 25.6 25.9 26.1 26.3 26.5 26.7 26.9 27.1 27.2 27.2 27.1 26.8 26.3 25.7 25.1 24.5 24.0 23.2 22.7 22.3 22.1 21.9 21.6 nan nan nan nan nan nan nan nan nan nan nan nan nan nan nan nan nan nan nan
nan nan nan nan nan nan nan nan nan nan nan nan nan nan nan nan nan nan nan nan nan nan nan nan nan nan nan nan nan nan nan nan nan 24.3 12.1 nan nan nan 13.1 26.7 26.8 26.8 26.5 26.2 25.9 25.5 25.3 25.2 25.4 25.6 25.9 26.1 26.3 26.5 26.7 27.0 27.2 27.2 27.2 27.0 26.6 26.1 25.5 24.9 24.3 23.7 23.1 22.7 22.3 21.9 21.4 nan nan nan nan nan nan nan nan nan nan nan nan nan nan nan nan nan nan nan
nan nan nan nan nan nan nan nan nan nan nan nan nan nan nan nan nan nan nan nan nan nan nan nan nan nan nan nan nan nan nan nan nan nan 12.7 24.2 nan nan nan nan 26.7 27.1 26.8 26.3 25.9 25.5 25.1 25.0 25.1 25.3 25.6 25.8 26.0 26.3 26.6 26.8 27.0 27.2 27.2 27.1 26.8 26.5 26.0 25.5 24.9 24.2 23.6 23.1 22.5 22.0 21.5 21.0 nan nan nan nan nan nan nan nan nan nan nan nan nan nan nan nan nan nan
nan nan nan nan nan nan nan nan nan nan nan nan nan nan nan nan nan nan nan nan nan nan nan nan nan nan nan nan nan nan nan nan nan nan nan 18.8 14.5 nan nan nan nan 26.5 26.9 26.3 25.8 25.4 25.0 24.8 24.9 25.1 25.4 25.6 25.9 26.2 26.5 26.7 26.9 27.1 27.2 27.1 27.0 26.8 26.4 25.9 25.2 24.5 23.9 23.3 22.6 21.9 21.4 21.0 20.7 10.6 nan nan nan nan nan nan nan nan nan nan nan nan nan nan nan nan
nan nan nan nan nan nan nan nan nan nan nan nan nan nan nan nan nan nan nan nan nan nan nan nan nan nan nan nan nan nan nan nan nan nan 15.1 20.4 26.8 26.8 nan 14.5 nan 24.2 26.5 26.1 25.7 25.3 25.0 24.8 24.8 25.0 25.2 25.5 25.8 26.1 26.4 26.7 26.9 27.0 27.1 27.2 27.1 27.0 26.6 26.1 25.3 24.5 23.9 23.3 22.6 21.8 21.2 21.0 20.8 20.7 nan nan nan nan nan nan nan nan nan nan nan nan nan nan nan nan
nan nan nan nan nan nan nan nan nan nan nan nan nan nan nan nan nan nan nan nan nan nan nan nan nan nan nan nan nan nan nan nan nan nan 26.9 26.7 27.0 25.4 17.5 23.4 24.9 22.7 26.4 26.1 25.7 25.4 25.0 24.8 24.8 25.0 25.2 25.4 25.7 26.0 26.3 26.6 26.9 27.0 27.1 27.1 27.1 26.9 26.5 26.0 25.2 24.3 23.2 22.7 22.0 21.9 21.1 20.9 20.8 20.8 20.9 nan nan nan nan nan nan nan nan nan nan nan nan nan nan nan
nan nan nan nan nan nan nan nan nan nan nan nan nan nan nan nan nan nan nan nan nan nan nan nan nan nan nan nan nan nan nan nan nan nan 26.7 26.8 26.9 27.0 26.3 nan 25.2 25.0 26.4 26.1 25.7 25.4 25.1 24.9 24.9 25.0 25.1 25.3 25.6 25.9 26.3 26.6 26.8 27.0 27.1 27.1 27.0 26.8 -9999.0 -9999.0 -9999.0 -9999.0 -9999.0 -9999.0 -9999.0 11.1 21.1 21.0 20.9 20.7 20.8 nan nan nan nan nan nan nan nan nan nan nan nan nan nan -9999.0
nan nan nan nan nan nan nan nan nan nan nan nan nan nan nan nan nan nan nan nan nan nan nan nan nan nan nan nan nan nan nan nan nan nan 26.4 26.4 26.5 26.5 26.7 nan nan 26.0 26.1 26.0 25.6 25.4 25.1 25.0 24.9 25.0 25.1 25.3 25.6 25.9 26.2 26.6 26.8 27.0 27.1 27.1 26.9 -9999.0 -9999.0 -9999.0 -9999.0 -9999.0 -9999.0 -9999.0 -9999.0 nan 12.6 20.3 20.5 19.5 nan nan nan nan nan nan nan nan nan nan nan nan nan nan nan -9999.0
nan nan nan nan nan nan nan nan nan nan nan nan nan nan nan nan nan nan nan nan nan nan nan nan nan nan nan nan nan nan nan nan nan nan 26.1 26.0 26.0 26.1 26.5 nan 21.9 24.6 26.1 25.8 25.6 25.3 25.1 25.0 25.0 25.0 25.1 25.3 25.6 26.0 26.3 26.6 26.9 27.1 27.2 27.1 26.8 -9999.0 -9999.0 -9999.0 -9999.0 -9999.0 -9999.0 -9999.0 -9999.0 -9999.0 -9999.0 nan 10.7 10.7 nan nan nan nan nan nan nan nan nan nan nan nan nan nan nan -9999.0
nan nan nan nan nan nan nan nan nan nan nan nan nan nan nan nan nan nan nan nan nan nan nan nan nan nan nan nan nan nan nan nan nan nan 25.6 25.5 25.8 25.4 23.4 15.5 23.7 21.2 25.9 25.6 25.3 25.2 25.0 25.0 24.9 25.0 25.1 25.4 25.7 26.1 26.5 26.8 27.1 27.2 27.3 27.2 -9999.0 -9999.0 -9999.0 -9999.0 -9999.0 -9999.0 -9999.0 -9999.0 -9999.0 -9999.0 -9999.0 nan nan nan nan nan nan nan nan nan nan nan nan nan nan nan nan nan nan -9999.0
nan nan nan nan nan nan nan nan nan nan nan nan nan nan nan nan nan nan nan nan nan nan nan nan nan nan nan nan nan nan nan nan 24.8 25.1 25.5 25.7 26.2 26.7 27.2 24.1 nan 26.0 25.6 25.4 25.1 25.0 24.9 24.8 24.9 25.0 25.1 25.4 25.8 26.2 26.7 27.0 27.4 27.5 27.5 -9999.0 -9999.0 -9999.0 -9999.0 -9999.0 -9999.0 -9999.0 -9999.0 -9999.0 -9999.0 -9999.0 -9999.0 -9999.0 nan nan nan nan nan nan nan nan nan nan nan nan nan nan nan nan nan -9999.0
nan nan nan nan nan nan nan nan nan nan nan nan nan nan nan nan nan nan nan nan nan nan nan nan nan nan nan nan nan 14.4 nan nan 25.5 25.6 25.7 25.9 26.5 27.1 27.6 nan nan 25.4 25.3 25.2 25.0 24.9 24.8 24.8 24.8 25.0 25.1 25.5 25.9 26.4 26.9 27.4 27.6 27.8 27.8 -9999.0 -9999.0 -9999.0 -9999.0 -9999.0 -9999.0 -9999.0 -9999.0 -9999.0 -9999.0 -9999.0 -9999.0 -9999.0 -9999.0 -9999.0 nan nan nan nan nan nan nan nan nan nan nan nan nan nan nan -9999.0
nan nan nan nan nan nan nan nan nan nan nan nan nan nan nan nan nan nan nan nan nan nan nan nan nan nan nan nan nan 12.4 12.4 nan 25.7 26.0 24.0 23.3 25.5 26.9 27.0 26.3 nan 25.0 25.2 25.2 25.1 24.9 24.8 24.8 24.9 25.0 25.2 25.5 26.0 26.6 27.2 27.7 28.0 28.1 -9999.0 -9999.0 -9999.0 -9999.0 -9999.0 -9999.0 -9999.0 -9999.0 -9999.0 -9999.0 -9999.0 -9999.0 -9999.0 -9999.0 -9999.0 -9999.0 -9999.0 nan nan nan nan nan nan nan nan nan nan nan nan nan nan -9999.0
nan nan nan nan nan nan nan nan nan nan nan nan nan nan nan nan nan nan nan nan nan nan nan nan nan nan nan nan nan 13.1 25.3 25.4 25.9 26.3 26.9 nan 13.1 26.4 26.5 26.7 nan 24.8 25.4 25.3 25.1 24.9 24.8 24.8 24.9 25.0 25.2 25.6 26.2 26.9 27.6 28.1 28.4 28.5 -9999.0 -9999.0 -9999.0 -9999.0 -9999.0 -9999.0 -9999.0 -9999.0 -9999.0 -9999.0 -9999.0 -9999.0 -9999.0 -9999.0 -9999.0 -9999.0 -9999.0 -9999.0 nan nan nan nan nan nan nan nan nan nan nan nan nan -9999.0
nan nan nan nan nan nan nan nan nan nan nan nan nan nan nan nan nan nan nan nan nan nan nan nan nan nan nan nan nan nan 24.7 25.3 25.9 26.5 25.4 nan nan 25.9 25.9 26.3 nan 22.3 24.2 25.4 25.2 24.9 24.8 24.8 24.8 25.0 25.3 25.8 26.4 27.2 27.8 28.3 28.6 28.8 -9999.0 -9999.0 -9999.0 -9999.0 -9999.0 -9999.0 -9999.0 -9999.0 -9999.0 -9999.0 -9999.0 -9999.0 -9999.0 -9999.0 -9999.0 -9999.0 -9999.0 -9999.0 -9999.0 nan nan nan nan nan nan nan nan nan nan nan nan -9999.0
nan nan nan nan nan nan nan nan nan nan nan nan nan nan nan nan nan nan nan nan nan nan nan nan nan nan nan nan nan nan 23.0 25.4 26.0 26.6 23.9 nan 14.4 19.8 22.7 13.0 21.0 17.4 20.3 25.2 25.2 24.9 24.8 24.7 24.8 25.0 25.3 25.9 26.6 27.3 28.0 28.4 28.7 28.9 -9999.0 -9999.0 -9999.0 -9999.0 -9999.0 -9999.0 -9999.0 -9999.0 -9999.0 -9999.0 -9999.0 -9999.0 -9999.0 -9999.0 -9999.0 -9999.0 -9999.0 -9999.0 -9999.0 -9999.0 nan nan nan nan nan nan nan nan nan nan nan -9999.0
nan nan nan nan nan nan nan nan nan nan nan nan nan nan nan nan nan nan nan nan nan nan nan nan nan nan nan nan nan nan 23.2 24.9 25.9 26.3 25.6 14.5 nan 23.3 18.0 12.7 17.6 nan 25.4 25.5 25.1 24.9 24.7 24.6 24.7 24.9 25.3 25.9 26.6 27.3 27.9 28.4 28.6 23.9 -9999.0 -9999.0 -9999.0 -9999.0 -9999.0 -9999.0 -9999.0 -9999.0 -9999.0 -9999.0 -9999.0 -9999.0 -9999.0 -9999.0 -9999.0 -9999.0 -9999.0 -9999.0 -9999.0 -9999.0 -9999.0 -9999.0 nan nan nan nan nan nan nan nan nan -9999.0
nan nan nan nan nan nan nan nan nan nan nan nan nan nan nan nan nan nan nan nan nan nan nan nan nan nan nan nan nan nan nan 25.3 25.6 26.0 26.5 nan nan 18.0 17.1 15.2 nan nan 25.2 25.2 25.0 24.8 24.7 24.6 24.7 24.9 25.3 26.0 26.7 27.4 28.1 28.8 29.1 26.5 -9999.0 -9999.0 -9999.0 -9999.0 -9999.0 -9999.0 -9999.0 -9999.0 -9999.0 -9999.0 -9999.0 nan nan nan -9999.0 -9999.0 -9999.0 -9999.0 -9999.0 -9999.0 -9999.0 -9999.0 -9999.0 -9999.0 -9999.0 -9999.0 -9999.0 nan nan nan -9999.0 -9999.0
nan nan nan nan nan nan nan nan nan nan nan nan nan nan nan nan nan nan nan nan nan nan nan nan nan nan nan nan nan nan nan 24.6 25.3 25.8 26.4 nan 13.5 15.5 23.2 13.5 nan nan 25.0 25.0 24.9 24.8 24.6 24.6 24.6 24.9 25.3 25.9 26.6 27.4 28.4 29.3 29.4 26.4 -9999.0 -9999.0 -9999.0 -9999.0 -9999.0 -9999.0 -9999.0 -9999.0 -9999.0 -9999.0 -9999.0 nan nan nan nan nan -9999.0 -9999.0 -9999.0 -9999.0 -9999.0 -9999.0 -9999.0 -9999.0 -9999.0 -9999.0 -9999.0 -9999.0 -9999.0 -9999.0 -9999.0 -9999.0
nan nan nan nan nan nan nan nan nan nan nan nan nan nan nan nan nan nan nan nan nan nan nan nan nan nan nan nan nan nan nan 14.3 25.1 25.5 26.3 26.6 24.8 18.1 14.6 11.6 14.1 nan 24.8 24.8 24.7 24.7 24.6 24.5 24.6 24.9 25.3 25.9 26.6 27.5 28.5 29.6 30.3 27.5 -9999.0 -9999.0 -9999.0 -9999.0 -9999.0 -9999.0 -9999.0 -9999.0 -9999.0 -9999.0 -9999.0 -9999.0 -9999.0 -9999.0 -9999.0 -9999.0 -9999.0 -9999.0 -9999.0 -9999.0 -9999.0 -9999.0 -9999.0 -9999.0 -9999.0 -9999.0 -9999.0 -9999.0 -9999.0 -9999.0 -9999.0 -9999.0
nan nan nan nan nan nan nan nan nan nan nan nan nan nan nan nan nan nan nan nan nan nan nan nan nan nan nan nan nan nan nan 14.3 24.9 25.5 26.2 26.8 27.0 nan 16.6 18.9 11.4 nan 24.7 24.9 24.8 24.7 24.6 24.6 24.6 24.9 25.3 25.8 26.6 27.5 28.6 29.9 30.6 27.4 -9999.0 -9999.0 -9999.0 -9999.0 -9999.0 -9999.0 -9999.0 -9999.0 -9999.0 -9999.0 -9999.0 -9999.0 -9999.0 -9999.0 -9999.0 -9999.0 -9999.0 -9999.0 -9999.0 -9999.0 -9999.0 -9999.0 -9999.0 -9999.0 -9999.0 -9999.0 -9999.0 -9999.0 -9999.0 -9999.0 -9999.0 -9999.0
nan nan nan nan nan nan nan nan nan nan nan nan nan nan nan nan nan nan nan nan nan nan nan nan nan nan nan nan nan nan nan 14.3 22.5 25.1 26.1 26.6 26.8 nan nan 16.9 13.5 nan nan 24.9 24.8 24.6 24.6 24.6 24.7 24.9 25.2 25.8 26.5 27.5 28.7 30.2 31.1 25.1 -9999.0 -9999.0 -9999.0 -9999.0 -9999.0 -9999.0 -9999.0 -9999.0 -9999.0 -9999.0 -9999.0 -9999.0 -9999.0 -9999.0 -9999.0 -9999.0 -9999.0 -9999.0 -9999.0 -9999.0 -9999.0 -9999.0 -9999.0 -9999.0 -9999.0 -9999.0 -9999.0 -9999.0 -9999.0 -9999.0 -9999.0 -9999.0
nan nan nan nan nan nan nan nan nan nan nan nan nan nan nan nan nan nan nan nan nan nan nan nan nan nan nan nan nan nan nan nan 13.6 25.3 26.0 26.6 nan nan nan 18.0 13.0 15.9 nan nan 24.4 24.4 24.5 24.6 24.7 24.9 25.2 25.8 26.5 27.5 28.9 30.4 31.6 31.2 -9999.0 -9999.0 -9999.0 -9999.0 -9999.0 -9999.0 -9999.0 -9999.0 -9999.0 -9999.0 -9999.0 -9999.0 -9999.0 -9999.0 -9999.0 -9999.0 -9999.0 -9999.0 -9999.0 -9999.0 -9999.0 -9999.0 -9999.0 -9999.0 nan nan nan -9999.0 -9999.0 -9999.0 -9999.0 -9999.0
nan nan nan nan nan nan nan nan nan nan nan nan nan nan nan nan nan nan nan nan nan nan nan nan nan nan nan nan nan nan nan nan 24.9 25.2 25.8 26.5 nan nan nan nan 15.0 14.8 24.4 nan 23.7 24.3 24.5 24.6 24.8 25.1 25.5 25.9 26.5 27.6 29.1 30.6 31.5 31.3 -9999.0 -9999.0 -9999.0 -9999.0 -9999.0 -9999.0 -9999.0 -9999.0 -9999.0 -9999.0 -9999.0 -9999.0 -9999.0 -9999.0 -9999.0 -9999.0 -9999.0 -9999.0 -9999.0 -9999.0 -9999.0 -9999.0 nan nan nan nan nan nan nan nan -9999.0 -9999.0
nan nan nan nan nan nan nan nan nan nan nan nan nan nan nan nan nan nan nan nan nan nan nan nan nan nan nan nan nan nan nan nan nan 25.2 25.9 26.6 nan nan nan nan 19.3 17.6 21.3 16.7 nan 24.4 24.5 24.5 24.8 25.1 25.5 26.0 26.6 27.7 29.1 30.5 31.6 32.6 -9999.0 -9999.0 -9999.0 -9999.0 -9999.0 -9999.0 -9999.0 -9999.0 -9999.0 -9999.0 -9999.0 nan nan nan nan nan nan nan nan nan nan nan nan nan nan nan nan nan nan nan nan nan
nan nan nan nan nan nan nan nan nan nan nan nan nan nan nan nan nan nan nan nan nan nan nan nan nan nan nan nan nan nan nan nan nan 25.4 25.9 26.8 26.8 nan nan nan 25.2 17.5 20.3 24.9 nan nan 24.1 24.2 24.5 24.9 25.3 25.8 26.5 27.6 29.0 30.6 31.9 32.8 -9999.0 -9999.0 -9999.0 -9999.0 -9999.0 -9999.0 -9999.0 -9999.0 -9999.0 -9999.0 nan nan nan nan nan nan nan nan nan nan nan nan nan nan nan nan nan nan nan nan nan nan
