data/output/RUN203/ECOSPACE/ECOSPACE_in_PAR3/PAR-VarZ-VarK/PAR-VarZ-VarK_1996_06.asc
ncols        93
nrows        151 
xllcorner    -123.80739
yllcorner    48.29471 
cellsize     0.013497347 
NODATA_value  0.0
[rows 80 to 119 of 151, columns 0 to 89 of 93]
nan nan nan nan nan nan nan nan nan nan nan nan nan nan nan nan nan nan nan nan nan nan nan 26.8 26.7 26.9 28.8 28.5 27.8 27.1 26.4 25.9 25.5 25.3 25.1 24.9 24.8 24.7 24.6 24.5 24.5 24.4 24.1 23.6 22.9 22.1 21.4 20.6 20.0 19.4 18.7 18.1 17.6 17.2 nan nan nan nan nan nan nan nan nan nan nan nan 14.8 14.9 15.0 15.1 nan 14.8 14.8 14.9 14.9 15.0 15.0 14.8 14.8 15.0 15.4 15.5 15.3 nan nan nan nan nan nan nan
nan nan nan nan nan nan nan nan nan nan nan nan nan nan nan nan nan nan nan nan nan nan nan nan nan nan 28.8 28.8 28.4 27.7 27.0 26.4 26.0 25.6 25.4 25.2 25.0 24.9 24.8 24.8 24.8 24.7 24.5 24.1 23.4 22.7 21.9 21.1 20.5 19.8 19.2 18.5 17.9 17.4 16.8 nan nan nan nan nan nan nan nan nan nan nan 15.1 15.1 nan nan nan nan nan 15.0 15.1 15.2 nan 14.9 15.1 15.4 15.7 15.8 nan nan nan nan nan nan nan nan
nan nan nan nan nan nan nan nan nan nan nan nan nan nan nan nan nan nan nan nan nan nan nan nan nan nan nan 28.9 28.7 28.3 27.6 27.0 26.5 26.1 25.8 25.5 25.3 25.1 25.1 25.0 25.0 24.9 24.7 24.4 23.8 23.1 22.4 21.7 21.0 20.3 19.6 18.9 18.3 17.7 17.1 16.7 nan nan nan nan nan nan nan nan nan 15.1 15.3 nan nan nan nan nan nan 15.0 15.1 15.2 nan 15.1 15.4 15.7 15.9 nan nan nan nan nan nan nan nan nan
nan nan nan nan nan nan nan nan nan nan nan nan nan nan nan nan nan nan nan nan nan nan nan nan nan nan nan nan 26.9 28.3 28.2 27.6 27.1 26.6 26.2 25.9 25.6 25.4 25.4 25.3 25.2 25.1 24.9 24.5 24.0 23.5 22.8 22.1 21.4 20.7 20.0 19.3 18.7 18.0 17.5 17.0 16.7 nan nan nan nan nan nan nan nan 15.1 15.3 nan nan nan nan nan nan 15.0 15.2 15.3 15.7 16.0 15.9 15.9 nan nan nan nan nan nan nan nan nan nan
nan nan nan nan nan nan nan nan nan nan nan nan nan nan nan nan nan nan nan nan nan nan nan nan nan nan nan nan nan 15.8 28.5 28.2 27.6 27.1 26.7 26.3 26.0 25.8 25.6 25.5 25.4 25.2 25.0 24.6 24.1 23.6 23.0 22.4 21.8 21.1 20.4 19.8 19.1 18.5 17.9 17.4 16.9 16.6 nan nan nan nan nan nan 15.1 15.2 15.4 nan 15.5 15.5 15.6 nan nan 15.1 15.3 15.6 16.0 16.5 nan nan nan nan nan nan nan nan nan nan nan nan
nan nan nan nan nan nan nan nan nan nan nan nan nan nan nan nan nan nan nan nan nan nan nan nan nan nan nan nan nan nan 16.0 28.4 28.1 27.7 27.3 26.9 26.5 26.2 26.0 25.7 25.5 25.3 25.0 24.7 24.2 23.7 23.2 22.6 22.0 21.4 20.7 20.1 19.5 19.0 18.4 17.8 17.3 16.9 nan nan nan nan nan 15.2 15.3 15.4 15.5 15.6 15.6 15.6 15.6 11.2 nan 15.2 15.5 15.8 16.1 16.3 nan nan nan nan nan nan nan nan nan nan nan nan
nan nan nan nan nan nan nan nan nan nan nan nan nan nan nan nan nan nan nan nan nan nan nan nan nan nan nan nan nan nan nan 25.8 28.3 28.3 28.0 27.6 27.2 26.7 26.4 26.0 25.7 25.5 25.1 24.7 24.3 23.9 23.4 22.8 22.2 21.6 21.0 20.4 19.9 19.4 18.9 18.4 17.8 17.3 16.7 nan nan 15.6 15.7 15.6 15.6 15.6 15.7 15.7 15.7 15.7 15.6 nan nan 15.5 15.8 16.0 16.3 16.3 nan nan nan nan nan nan nan nan nan nan nan nan
nan nan nan nan nan nan nan nan nan nan nan nan nan nan nan nan nan nan nan nan nan nan nan nan nan nan nan nan nan nan nan nan 28.8 28.8 28.6 28.3 27.8 27.3 26.8 26.3 26.0 25.6 25.2 24.8 24.4 24.0 23.5 23.0 22.4 21.8 21.3 20.7 20.2 19.8 19.3 18.8 18.3 17.7 17.2 16.5 16.2 16.2 16.1 nan 15.9 16.0 16.1 16.2 16.1 16.1 15.9 15.8 15.9 16.0 16.0 16.1 16.2 nan nan nan nan nan nan nan nan nan nan nan nan nan
nan nan nan nan nan nan nan nan nan nan nan nan nan nan nan nan nan nan nan nan nan nan nan nan nan nan nan nan nan nan 27.7 28.2 28.9 28.9 28.8 28.6 28.2 27.7 27.2 26.7 26.3 25.8 25.3 24.9 24.5 24.1 23.6 23.1 22.6 22.1 21.6 21.1 20.6 20.2 19.8 19.3 18.7 18.1 17.6 17.2 16.9 16.6 16.5 16.6 16.5 16.5 16.7 16.7 16.6 16.6 16.3 16.1 16.0 16.1 16.1 16.2 16.2 nan nan nan nan nan nan nan nan nan nan nan nan nan
nan nan nan nan nan nan nan nan nan nan nan nan nan nan nan nan nan nan nan nan nan nan nan nan nan nan nan nan nan nan nan nan 28.4 28.6 28.7 28.6 28.3 28.0 27.6 27.1 26.6 26.0 25.5 25.0 24.6 24.1 23.7 23.2 22.8 22.3 21.8 21.4 21.0 20.6 20.2 19.7 19.2 18.7 18.2 17.8 17.5 17.2 17.1 17.1 16.9 16.8 16.9 nan nan nan 16.4 16.3 16.2 16.1 16.1 16.2 nan nan nan nan nan nan nan nan nan nan nan nan nan nan
nan nan nan nan nan nan nan nan nan nan nan nan nan nan nan nan nan nan nan nan nan nan nan nan nan nan nan nan nan nan 18.8 16.8 28.2 28.3 28.4 28.4 28.4 28.3 28.0 27.5 27.0 26.3 25.6 25.1 24.6 24.2 23.7 23.3 22.9 22.5 22.0 21.6 21.3 21.0 20.6 20.2 19.8 19.3 18.8 18.4 18.0 17.6 17.4 17.3 nan nan nan nan nan nan nan 16.4 16.3 16.2 16.1 16.1 nan nan nan nan nan nan nan nan nan nan nan nan nan nan
nan nan nan nan nan nan nan nan nan nan nan nan nan nan nan nan nan nan nan nan nan nan nan nan nan nan nan nan nan nan 17.0 27.7 28.3 28.5 28.3 17.4 28.5 28.7 28.3 27.8 27.1 26.5 25.8 25.2 24.7 24.2 23.8 23.4 23.0 22.6 22.2 21.9 21.6 21.3 21.0 20.6 20.2 19.8 19.4 18.9 18.4 17.9 17.5 nan nan nan nan nan nan 16.2 16.3 16.4 16.2 16.1 16.1 nan nan nan nan nan nan nan nan nan nan nan nan nan nan nan
nan nan nan nan nan nan nan nan nan nan nan nan nan nan nan nan nan nan nan nan nan nan nan nan nan nan nan nan nan nan 18.8 26.6 28.5 28.7 nan nan nan 28.3 28.2 27.8 27.3 26.6 26.0 25.4 24.8 24.3 23.9 23.4 23.1 22.7 22.4 22.1 21.8 21.6 21.4 21.1 20.8 20.4 19.9 19.4 18.8 18.2 17.7 nan nan nan nan nan 16.3 16.3 16.2 16.2 16.1 16.0 nan nan nan nan nan nan nan nan nan nan nan nan nan nan nan nan
nan nan nan nan nan nan nan nan nan nan nan nan nan nan nan nan nan nan nan nan nan nan nan nan nan nan nan nan nan nan 18.7 16.0 28.9 28.9 nan nan nan 25.9 27.9 27.7 27.4 26.8 26.2 25.5 25.0 24.4 23.9 23.5 23.2 22.9 22.5 22.3 22.0 21.8 21.7 21.5 21.2 20.8 20.4 19.7 19.1 18.4 17.8 17.0 16.6 nan 16.3 16.3 16.3 16.2 16.1 16.0 nan nan nan nan nan nan nan nan nan nan nan nan nan nan nan nan nan nan
nan nan nan nan nan nan nan nan nan nan nan nan nan nan nan nan nan nan nan nan nan nan nan nan nan nan nan nan nan nan nan nan 29.0 25.1 nan nan nan nan 27.7 27.8 27.6 27.1 26.5 25.7 25.0 24.5 24.0 23.6 23.2 23.0 22.7 22.5 22.3 22.1 21.9 21.8 21.5 21.2 20.7 20.0 19.3 18.5 17.8 17.3 16.9 16.6 16.5 16.3 16.2 16.1 15.9 nan nan nan nan nan nan nan nan nan nan nan nan nan nan nan nan nan nan nan
nan nan nan nan nan nan nan nan nan nan nan nan nan nan nan nan nan nan nan nan nan nan nan nan nan nan nan nan nan nan nan nan nan 22.6 13.4 nan nan nan 16.9 28.1 28.0 27.5 26.6 25.8 25.1 24.5 24.0 23.6 23.3 23.1 22.9 22.7 22.5 22.3 22.2 22.0 21.7 21.4 20.9 20.2 19.5 18.8 18.0 17.4 17.0 16.6 16.4 16.2 16.1 16.0 15.8 nan nan nan nan nan nan nan nan nan nan nan nan nan nan nan nan nan nan nan
nan nan nan nan nan nan nan nan nan nan nan nan nan nan nan nan nan nan nan nan nan nan nan nan nan nan nan nan nan nan nan nan nan nan 15.6 24.9 nan nan nan nan 28.1 27.8 26.7 25.8 25.1 24.4 24.0 23.6 23.4 23.1 23.0 22.8 22.7 22.5 22.4 22.2 21.9 21.5 21.0 20.4 19.6 18.9 18.2 17.5 17.0 16.7 16.4 16.2 16.1 15.9 15.8 15.6 nan nan nan nan nan nan nan nan nan nan nan nan nan nan nan nan nan nan
nan nan nan nan nan nan nan nan nan nan nan nan nan nan nan nan nan nan nan nan nan nan nan nan nan nan nan nan nan nan nan nan nan nan nan 19.1 19.0 nan nan nan nan 26.8 26.5 25.7 25.0 24.4 24.0 23.6 23.4 23.2 23.1 23.0 22.8 22.7 22.6 22.3 22.0 21.6 21.0 20.4 19.7 18.9 18.2 17.6 17.1 16.7 16.4 16.2 16.1 15.9 15.8 15.7 15.6 11.3 nan nan nan nan nan nan nan nan nan nan nan nan nan nan nan nan
nan nan nan nan nan nan nan nan nan nan nan nan nan nan nan nan nan nan nan nan nan nan nan nan nan nan nan nan nan nan nan nan nan nan 17.3 20.6 26.8 26.8 nan 18.9 nan 23.9 26.4 25.5 24.9 24.4 24.0 23.6 23.4 23.3 23.1 23.0 23.0 22.9 22.7 22.4 22.1 21.6 21.1 20.4 19.7 18.9 18.2 17.6 17.1 16.7 16.4 16.3 16.1 15.9 15.7 15.7 15.6 15.5 nan nan nan nan nan nan nan nan nan nan nan nan nan nan nan nan
nan nan nan nan nan nan nan nan nan nan nan nan nan nan nan nan nan nan nan nan nan nan nan nan nan nan nan nan nan nan nan nan nan nan 26.7 27.0 27.5 26.2 19.0 23.8 25.4 22.4 25.8 25.3 24.8 24.3 24.0 23.7 23.5 23.3 23.2 23.1 23.0 22.9 22.7 22.4 22.1 21.6 21.0 20.3 19.5 18.8 18.1 17.5 17.0 16.6 15.9 15.9 15.5 16.0 15.7 15.7 15.6 15.6 15.6 nan nan nan nan nan nan nan nan nan nan nan nan nan nan nan
nan nan nan nan nan nan nan nan nan nan nan nan nan nan nan nan nan nan nan nan nan nan nan nan nan nan nan nan nan nan nan nan nan nan 26.9 27.3 27.5 27.6 27.3 nan 26.2 25.1 25.9 25.2 24.7 24.2 23.9 23.7 23.5 23.4 23.3 23.2 23.1 22.9 22.7 22.4 22.0 21.5 20.8 20.1 19.3 18.6 -9999.0 -9999.0 -9999.0 -9999.0 -9999.0 -9999.0 -9999.0 12.4 15.8 15.6 15.7 15.6 15.6 nan nan nan nan nan nan nan nan nan nan nan nan nan nan -9999.0
nan nan nan nan nan nan nan nan nan nan nan nan nan nan nan nan nan nan nan nan nan nan nan nan nan nan nan nan nan nan nan nan nan nan 26.9 27.2 27.3 27.2 27.1 nan nan 26.4 25.8 25.2 24.6 24.2 23.9 23.6 23.5 23.4 23.3 23.2 23.1 22.9 22.7 22.3 21.9 21.3 20.6 19.9 19.1 -9999.0 -9999.0 -9999.0 -9999.0 -9999.0 -9999.0 -9999.0 -9999.0 nan 15.1 15.7 15.8 15.2 nan nan nan nan nan nan nan nan nan nan nan nan nan nan nan -9999.0
nan nan nan nan nan nan nan nan nan nan nan nan nan nan nan nan nan nan nan nan nan nan nan nan nan nan nan nan nan nan nan nan nan nan 26.7 26.8 26.8 27.0 27.4 nan 21.5 24.8 25.8 25.1 24.6 24.2 23.8 23.6 23.4 23.3 23.3 23.2 23.1 22.9 22.6 22.2 21.8 21.2 20.5 19.7 19.0 -9999.0 -9999.0 -9999.0 -9999.0 -9999.0 -9999.0 -9999.0 -9999.0 -9999.0 -9999.0 nan 12.1 12.1 nan nan nan nan nan nan nan nan nan nan nan nan nan nan nan -9999.0
nan nan nan nan nan nan nan nan nan nan nan nan nan nan nan nan nan nan nan nan nan nan nan nan nan nan nan nan nan nan nan nan nan nan 26.4 26.5 26.8 27.2 24.6 16.5 24.6 21.8 25.7 25.1 24.5 24.1 23.8 23.5 23.4 23.3 23.2 23.1 23.0 22.8 22.6 22.2 21.7 21.1 20.4 19.7 -9999.0 -9999.0 -9999.0 -9999.0 -9999.0 -9999.0 -9999.0 -9999.0 -9999.0 -9999.0 -9999.0 nan nan nan nan nan nan nan nan nan nan nan nan nan nan nan nan nan nan -9999.0
nan nan nan nan nan nan nan nan nan nan nan nan nan nan nan nan nan nan nan nan nan nan nan nan nan nan nan nan nan nan nan nan 25.3 25.7 26.1 26.6 27.2 28.1 27.8 27.3 nan 26.5 25.6 24.9 24.4 24.0 23.7 23.4 23.3 23.2 23.2 23.1 23.0 22.8 22.6 22.2 21.8 21.2 20.5 -9999.0 -9999.0 -9999.0 -9999.0 -9999.0 -9999.0 -9999.0 -9999.0 -9999.0 -9999.0 -9999.0 -9999.0 -9999.0 nan nan nan nan nan nan nan nan nan nan nan nan nan nan nan nan nan -9999.0
nan nan nan nan nan nan nan nan nan nan nan nan nan nan nan nan nan nan nan nan nan nan nan nan nan nan nan nan nan 18.9 nan nan 26.4 26.4 26.5 26.8 27.7 28.7 29.3 nan nan 25.8 25.3 24.9 24.4 23.9 23.6 23.3 23.2 23.1 23.1 23.1 23.0 22.9 22.7 22.4 22.0 21.4 20.7 -9999.0 -9999.0 -9999.0 -9999.0 -9999.0 -9999.0 -9999.0 -9999.0 -9999.0 -9999.0 -9999.0 -9999.0 -9999.0 -9999.0 -9999.0 nan nan nan nan nan nan nan nan nan nan nan nan nan nan nan -9999.0
nan nan nan nan nan nan nan nan nan nan nan nan nan nan nan nan nan nan nan nan nan nan nan nan nan nan nan nan nan 15.5 15.6 nan 26.7 26.9 25.2 23.8 26.8 28.4 28.7 27.5 nan 25.7 25.4 25.0 24.4 23.9 23.5 23.2 23.1 23.0 23.0 23.0 23.1 23.1 23.0 22.8 22.3 21.8 -9999.0 -9999.0 -9999.0 -9999.0 -9999.0 -9999.0 -9999.0 -9999.0 -9999.0 -9999.0 -9999.0 -9999.0 -9999.0 -9999.0 -9999.0 -9999.0 -9999.0 nan nan nan nan nan nan nan nan nan nan nan nan nan nan -9999.0
nan nan nan nan nan nan nan nan nan nan nan nan nan nan nan nan nan nan nan nan nan nan nan nan nan nan nan nan nan 16.4 26.6 26.7 27.1 27.4 27.8 nan 17.0 27.9 28.1 28.2 nan 25.6 25.8 25.2 24.6 24.0 23.5 23.2 23.0 22.9 23.0 23.1 23.2 23.3 23.2 23.1 22.8 22.4 -9999.0 -9999.0 -9999.0 -9999.0 -9999.0 -9999.0 -9999.0 -9999.0 -9999.0 -9999.0 -9999.0 -9999.0 -9999.0 -9999.0 -9999.0 -9999.0 -9999.0 -9999.0 nan nan nan nan nan nan nan nan nan nan nan nan nan -9999.0
nan nan nan nan nan nan nan nan nan nan nan nan nan nan nan nan nan nan nan nan nan nan nan nan nan nan nan nan nan nan 26.1 26.6 27.0 27.6 26.7 nan nan 27.5 27.6 27.9 nan 22.9 24.0 25.3 24.6 24.0 23.5 23.1 22.9 22.9 22.9 23.1 23.3 23.4 23.5 23.5 23.4 22.9 -9999.0 -9999.0 -9999.0 -9999.0 -9999.0 -9999.0 -9999.0 -9999.0 -9999.0 -9999.0 -9999.0 -9999.0 -9999.0 -9999.0 -9999.0 -9999.0 -9999.0 -9999.0 -9999.0 nan nan nan nan nan nan nan nan nan nan nan nan -9999.0
nan nan nan nan nan nan nan nan nan nan nan nan nan nan nan nan nan nan nan nan nan nan nan nan nan nan nan nan nan nan 23.9 26.5 27.0 27.5 24.5 nan 19.1 21.1 24.0 14.6 23.0 18.4 20.7 24.7 24.6 24.1 23.6 23.2 22.9 22.9 22.9 23.1 23.4 23.7 23.9 24.0 23.8 22.9 -9999.0 -9999.0 -9999.0 -9999.0 -9999.0 -9999.0 -9999.0 -9999.0 -9999.0 -9999.0 -9999.0 -9999.0 -9999.0 -9999.0 -9999.0 -9999.0 -9999.0 -9999.0 -9999.0 -9999.0 nan nan nan nan nan nan nan nan nan nan nan -9999.0
nan nan nan nan nan nan nan nan nan nan nan nan nan nan nan nan nan nan nan nan nan nan nan nan nan nan nan nan nan nan 24.2 26.0 27.0 27.4 26.7 19.0 nan 24.6 20.1 15.4 19.9 nan 25.6 25.4 24.8 24.2 23.7 23.3 23.0 22.9 23.0 23.1 23.5 23.8 24.2 24.2 23.8 17.2 -9999.0 -9999.0 -9999.0 -9999.0 -9999.0 -9999.0 -9999.0 -9999.0 -9999.0 -9999.0 -9999.0 -9999.0 -9999.0 -9999.0 -9999.0 -9999.0 -9999.0 -9999.0 -9999.0 -9999.0 -9999.0 -9999.0 nan nan nan nan nan nan nan nan nan -9999.0
nan nan nan nan nan nan nan nan nan nan nan nan nan nan nan nan nan nan nan nan nan nan nan nan nan nan nan nan nan nan nan 26.4 26.8 27.2 27.6 nan nan 20.0 19.8 18.1 nan nan 26.0 25.7 25.1 24.5 23.9 23.5 23.3 23.1 23.1 23.3 23.6 23.9 24.4 24.6 23.6 19.3 -9999.0 -9999.0 -9999.0 -9999.0 -9999.0 -9999.0 -9999.0 -9999.0 -9999.0 -9999.0 -9999.0 nan nan nan -9999.0 -9999.0 -9999.0 -9999.0 -9999.0 -9999.0 -9999.0 -9999.0 -9999.0 -9999.0 -9999.0 -9999.0 -9999.0 nan nan nan -9999.0 -9999.0
nan nan nan nan nan nan nan nan nan nan nan nan nan nan nan nan nan nan nan nan nan nan nan nan nan nan nan nan nan nan nan 25.9 26.6 27.1 27.7 nan 16.7 18.6 25.5 17.1 nan nan 26.2 26.0 25.5 24.9 24.3 23.8 23.5 23.4 23.3 23.5 23.8 24.1 24.6 25.0 24.9 21.1 -9999.0 -9999.0 -9999.0 -9999.0 -9999.0 -9999.0 -9999.0 -9999.0 -9999.0 -9999.0 -9999.0 nan nan nan nan nan -9999.0 -9999.0 -9999.0 -9999.0 -9999.0 -9999.0 -9999.0 -9999.0 -9999.0 -9999.0 -9999.0 -9999.0 -9999.0 -9999.0 -9999.0 -9999.0
nan nan nan nan nan nan nan nan nan nan nan nan nan nan nan nan nan nan nan nan nan nan nan nan nan nan nan nan nan nan nan 18.7 26.4 27.0 27.7 27.2 24.4 21.5 16.6 13.6 17.2 nan 26.2 26.2 25.8 25.3 24.7 24.2 23.9 23.7 23.7 23.8 24.0 24.4 24.8 25.2 25.6 19.9 -9999.0 -9999.0 -9999.0 -9999.0 -9999.0 -9999.0 -9999.0 -9999.0 -9999.0 -9999.0 -9999.0 -9999.0 -9999.0 -9999.0 -9999.0 -9999.0 -9999.0 -9999.0 -9999.0 -9999.0 -9999.0 -9999.0 -9999.0 -9999.0 -9999.0 -9999.0 -9999.0 -9999.0 -9999.0 -9999.0 -9999.0 -9999.0
nan nan nan nan nan nan nan nan nan nan nan nan nan nan nan nan nan nan nan nan nan nan nan nan nan nan nan nan nan nan nan 18.7 26.3 27.0 27.9 28.4 28.6 nan 17.7 20.9 13.1 nan 26.2 26.5 26.3 25.9 25.4 24.9 24.4 24.2 24.1 24.2 24.3 24.6 25.0 25.5 25.6 19.9 -9999.0 -9999.0 -9999.0 -9999.0 -9999.0 -9999.0 -9999.0 -9999.0 -9999.0 -9999.0 -9999.0 -9999.0 -9999.0 -9999.0 -9999.0 -9999.0 -9999.0 -9999.0 -9999.0 -9999.0 -9999.0 -9999.0 -9999.0 -9999.0 -9999.0 -9999.0 -9999.0 -9999.0 -9999.0 -9999.0 -9999.0 -9999.0
nan nan nan nan nan nan nan nan nan nan nan nan nan nan nan nan nan nan nan nan nan nan nan nan nan nan nan nan nan nan nan 18.7 24.2 26.9 27.9 28.6 28.7 nan nan 19.1 16.0 nan nan 26.7 26.6 26.3 25.9 25.4 25.0 24.7 24.6 24.6 24.7 25.0 25.4 25.7 26.1 19.3 -9999.0 -9999.0 -9999.0 -9999.0 -9999.0 -9999.0 -9999.0 -9999.0 -9999.0 -9999.0 -9999.0 -9999.0 -9999.0 -9999.0 -9999.0 -9999.0 -9999.0 -9999.0 -9999.0 -9999.0 -9999.0 -9999.0 -9999.0 -9999.0 -9999.0 -9999.0 -9999.0 -9999.0 -9999.0 -9999.0 -9999.0 -9999.0
nan nan nan nan nan nan nan nan nan nan nan nan nan nan nan nan nan nan nan nan nan nan nan nan nan nan nan nan nan nan nan nan 17.7 27.2 28.0 28.8 nan nan nan 20.1 15.4 17.2 nan nan 26.3 26.4 26.1 25.7 25.4 25.2 25.1 25.0 25.1 25.3 25.6 26.0 26.4 26.0 -9999.0 -9999.0 -9999.0 -9999.0 -9999.0 -9999.0 -9999.0 -9999.0 -9999.0 -9999.0 -9999.0 -9999.0 -9999.0 -9999.0 -9999.0 -9999.0 -9999.0 -9999.0 -9999.0 -9999.0 -9999.0 -9999.0 -9999.0 -9999.0 nan nan nan -9999.0 -9999.0 -9999.0 -9999.0 -9999.0
nan nan nan nan nan nan nan nan nan nan nan nan nan nan nan nan nan nan nan nan nan nan nan nan nan nan nan nan nan nan nan nan 26.1 27.1 28.0 28.9 nan nan nan nan 17.4 17.1 28.0 nan 25.8 26.4 26.4 26.1 25.9 25.7 25.6 25.5 25.5 25.7 26.0 26.4 26.7 26.9 -9999.0 -9999.0 -9999.0 -9999.0 -9999.0 -9999.0 -9999.0 -9999.0 -9999.0 -9999.0 -9999.0 -9999.0 -9999.0 -9999.0 -9999.0 -9999.0 -9999.0 -9999.0 -9999.0 -9999.0 -9999.0 -9999.0 nan nan nan nan nan nan nan nan -9999.0 -9999.0
nan nan nan nan nan nan nan nan nan nan nan nan nan nan nan nan nan nan nan nan nan nan nan nan nan nan nan nan nan nan nan nan nan 27.1 28.1 29.1 nan nan nan nan 21.8 19.1 24.0 21.2 nan 27.0 27.4 26.9 26.5 26.2 26.0 26.0 26.0 26.2 26.5 26.7 27.0 27.4 -9999.0 -9999.0 -9999.0 -9999.0 -9999.0 -9999.0 -9999.0 -9999.0 -9999.0 -9999.0 -9999.0 nan nan nan nan nan nan nan nan nan nan nan nan nan nan nan nan nan nan nan nan nan
nan nan nan nan nan nan nan nan nan nan nan nan nan nan nan nan nan nan nan nan nan nan nan nan nan nan nan nan nan nan nan nan nan 27.0 28.0 29.3 29.3 nan nan nan 27.1 20.4 21.9 28.9 nan nan 27.3 27.1 26.8 26.5 26.4 26.4 26.4 26.6 26.9 27.1 27.4 27.9 -9999.0 -9999.0 -9999.0 -9999.0 -9999.0 -9999.0 -9999.0 -9999.0 -9999.0 -9999.0 nan nan nan nan nan nan nan nan nan nan nan nan nan nan nan nan nan nan nan nan nan nan
