data/output/RUN203/ECOSPACE/ECOSPACE_in_PAR3/PAR-VarZ-VarK/PAR-VarZ-VarK_1987_06.asc
ncols        93
nrows        151 
xllcorner    -123.80739
yllcorner    48.29471 
cellsize     0.013497347 
NODATA_value  0.0
[rows 80 to 119 of 151, columns 0 to 89 of 93]
nan nan nan nan nan nan nan nan nan nan nan nan nan nan nan nan nan nan nan nan nan nan nan 32.0 31.9 30.6 32.0 32.2 31.2 30.1 29.1 28.3 27.5 26.8 26.2 25.8 25.4 25.0 24.7 24.5 24.2 24.0 23.7 23.4 23.0 22.5 22.0 21.4 20.9 20.3 19.8 19.2 18.7 18.3 nan nan nan nan nan nan nan nan nan nan nan nan 16.1 16.3 16.4 16.5 nan 16.2 16.2 16.3 16.4 16.5 16.5 16.4 16.3 16.6 17.1 17.2 16.9 nan nan nan nan nan nan nan
nan nan nan nan nan nan nan nan nan nan nan nan nan nan nan nan nan nan nan nan nan nan nan nan nan nan 32.6 32.2 31.5 30.4 29.4 28.5 27.7 26.9 26.2 25.7 25.2 24.8 24.4 24.1 23.9 23.6 23.3 23.1 22.7 22.3 21.8 21.3 20.9 20.4 19.9 19.4 18.9 18.4 17.7 nan nan nan nan nan nan nan nan nan nan nan 16.5 16.5 nan nan nan nan nan 16.4 16.6 16.8 nan 16.5 16.7 17.2 17.5 17.6 nan nan nan nan nan nan nan nan
nan nan nan nan nan nan nan nan nan nan nan nan nan nan nan nan nan nan nan nan nan nan nan nan nan nan nan 32.1 31.5 30.8 29.7 28.8 27.9 27.0 26.3 25.7 25.1 24.6 24.1 23.8 23.5 23.2 23.0 22.8 22.5 22.1 21.7 21.3 20.9 20.4 20.0 19.5 19.0 18.4 18.0 17.6 nan nan nan nan nan nan nan nan nan 16.5 16.8 nan nan nan nan nan nan 16.4 16.6 16.8 nan 16.7 17.1 17.6 17.8 nan nan nan nan nan nan nan nan nan
nan nan nan nan nan nan nan nan nan nan nan nan nan nan nan nan nan nan nan nan nan nan nan nan nan nan nan nan 29.4 30.4 30.2 29.2 28.2 27.3 26.5 25.7 25.1 24.5 24.0 23.6 23.2 23.0 22.8 22.6 22.3 22.0 21.7 21.4 21.0 20.5 20.1 19.6 19.1 18.5 18.1 17.7 17.5 nan nan nan nan nan nan nan nan 16.6 16.8 nan nan nan nan nan nan 16.5 16.7 17.0 17.6 18.0 17.8 17.8 nan nan nan nan nan nan nan nan nan nan
nan nan nan nan nan nan nan nan nan nan nan nan nan nan nan nan nan nan nan nan nan nan nan nan nan nan nan nan nan 16.2 30.5 29.7 28.6 27.6 26.7 25.9 25.1 24.5 23.9 23.5 23.1 22.8 22.6 22.4 22.2 22.0 21.7 21.4 21.1 20.7 20.3 19.8 19.2 18.8 18.3 18.0 17.6 17.4 nan nan nan nan nan nan 16.5 16.7 16.8 nan 17.0 16.9 17.0 nan nan 16.6 16.9 17.4 18.0 18.8 nan nan nan nan nan nan nan nan nan nan nan nan
nan nan nan nan nan nan nan nan nan nan nan nan nan nan nan nan nan nan nan nan nan nan nan nan nan nan nan nan nan nan 16.5 29.8 29.0 27.9 27.0 26.1 25.4 24.6 24.0 23.5 23.1 22.8 22.5 22.4 22.2 22.0 21.7 21.5 21.2 20.8 20.4 20.0 19.5 19.0 18.5 18.1 17.9 17.6 nan nan nan nan nan 16.6 16.7 16.8 16.9 17.0 17.0 17.0 17.0 11.8 nan 16.7 17.2 17.7 18.2 18.5 nan nan nan nan nan nan nan nan nan nan nan nan
nan nan nan nan nan nan nan nan nan nan nan nan nan nan nan nan nan nan nan nan nan nan nan nan nan nan nan nan nan nan nan 27.0 28.8 28.3 27.4 26.5 25.6 24.9 24.2 23.7 23.2 22.8 22.5 22.3 22.2 22.0 21.8 21.6 21.3 21.0 20.6 20.2 19.8 19.3 18.8 18.4 18.1 17.8 17.4 nan nan 16.9 17.0 17.0 16.9 17.0 17.0 17.1 17.0 17.0 17.0 nan nan 17.1 17.5 17.9 18.4 18.4 nan nan nan nan nan nan nan nan nan nan nan nan
nan nan nan nan nan nan nan nan nan nan nan nan nan nan nan nan nan nan nan nan nan nan nan nan nan nan nan nan nan nan nan nan 29.3 28.4 27.7 26.8 26.0 25.2 24.5 23.9 23.3 22.9 22.6 22.4 22.2 22.1 21.9 21.7 21.5 21.2 20.9 20.6 20.2 19.7 19.2 18.8 18.4 18.0 17.7 17.4 17.3 17.3 17.3 nan 17.1 17.2 17.3 17.4 17.4 17.3 17.3 17.2 17.4 17.6 17.7 18.0 18.3 nan nan nan nan nan nan nan nan nan nan nan nan nan
nan nan nan nan nan nan nan nan nan nan nan nan nan nan nan nan nan nan nan nan nan nan nan nan nan nan nan nan nan nan 28.4 28.8 29.0 28.4 27.9 27.2 26.4 25.6 24.8 24.1 23.5 23.0 22.7 22.5 22.3 22.2 22.0 21.8 21.7 21.5 21.3 21.0 20.7 20.2 19.7 19.3 18.8 18.4 18.1 17.8 17.6 17.5 17.5 17.6 17.6 17.7 17.8 17.9 17.8 17.8 17.5 17.4 17.5 17.7 17.9 18.2 18.3 nan nan nan nan nan nan nan nan nan nan nan nan nan
nan nan nan nan nan nan nan nan nan nan nan nan nan nan nan nan nan nan nan nan nan nan nan nan nan nan nan nan nan nan nan nan 28.6 28.4 28.1 27.6 26.9 26.0 25.1 24.4 23.7 23.2 22.9 22.6 22.4 22.3 22.1 22.0 21.9 21.8 21.6 21.5 21.2 20.8 20.4 19.9 19.4 19.0 18.6 18.3 18.0 17.9 18.0 18.0 17.9 17.8 17.9 nan nan nan 17.5 17.5 17.7 17.8 18.0 18.2 nan nan nan nan nan nan nan nan nan nan nan nan nan nan
nan nan nan nan nan nan nan nan nan nan nan nan nan nan nan nan nan nan nan nan nan nan nan nan nan nan nan nan nan nan 18.8 16.7 28.5 28.5 28.3 28.0 27.5 26.6 25.5 24.7 24.0 23.4 23.0 22.7 22.5 22.4 22.3 22.2 22.1 22.1 22.0 21.9 21.7 21.4 21.0 20.5 20.1 19.6 19.1 18.7 18.5 18.2 18.2 18.2 nan nan nan nan nan nan nan 17.8 17.8 17.9 18.1 18.1 nan nan nan nan nan nan nan nan nan nan nan nan nan nan
nan nan nan nan nan nan nan nan nan nan nan nan nan nan nan nan nan nan nan nan nan nan nan nan nan nan nan nan nan nan 16.9 27.9 28.6 29.0 28.6 17.5 28.1 27.1 25.8 24.9 24.2 23.6 23.2 22.9 22.7 22.6 22.5 22.4 22.4 22.4 22.4 22.3 22.2 21.9 21.6 21.2 20.7 20.2 19.7 19.2 18.8 18.5 18.4 nan nan nan nan nan nan 17.6 17.9 18.1 18.0 18.1 18.2 nan nan nan nan nan nan nan nan nan nan nan nan nan nan nan
nan nan nan nan nan nan nan nan nan nan nan nan nan nan nan nan nan nan nan nan nan nan nan nan nan nan nan nan nan nan 18.8 26.6 28.8 29.2 nan nan nan 26.7 25.9 25.1 24.4 23.9 23.5 23.2 23.0 22.8 22.7 22.7 22.7 22.7 22.8 22.7 22.6 22.4 22.2 21.9 21.4 20.9 20.3 19.7 19.2 18.9 18.6 nan nan nan nan nan 17.8 17.9 18.1 18.3 18.2 18.1 nan nan nan nan nan nan nan nan nan nan nan nan nan nan nan nan
nan nan nan nan nan nan nan nan nan nan nan nan nan nan nan nan nan nan nan nan nan nan nan nan nan nan nan nan nan nan 18.7 15.9 29.1 29.3 nan nan nan 24.5 25.9 25.3 24.7 24.2 23.8 23.5 23.3 23.1 23.0 23.0 23.1 23.1 23.1 23.2 23.1 23.0 22.8 22.5 22.1 21.6 21.0 20.4 19.8 19.2 18.9 18.3 18.1 nan 17.8 17.9 18.1 18.1 18.3 18.4 nan nan nan nan nan nan nan nan nan nan nan nan nan nan nan nan nan nan
nan nan nan nan nan nan nan nan nan nan nan nan nan nan nan nan nan nan nan nan nan nan nan nan nan nan nan nan nan nan nan nan 29.1 24.1 nan nan nan nan 25.6 25.6 25.2 24.6 24.2 23.9 23.6 23.5 23.4 23.4 23.5 23.5 23.6 23.6 23.6 23.6 23.4 23.2 22.9 22.4 21.7 21.0 20.4 19.7 19.2 18.7 18.5 18.3 18.2 18.1 18.2 18.2 18.3 nan nan nan nan nan nan nan nan nan nan nan nan nan nan nan nan nan nan nan
nan nan nan nan nan nan nan nan nan nan nan nan nan nan nan nan nan nan nan nan nan nan nan nan nan nan nan nan nan nan nan nan nan 22.9 14.4 nan nan nan 16.4 26.0 25.7 25.2 24.7 24.3 24.0 23.9 23.8 23.8 23.9 23.9 24.0 24.0 24.1 24.1 24.0 23.9 23.5 23.1 22.5 21.8 21.1 20.4 19.7 19.1 18.7 18.5 18.3 18.2 18.2 18.3 18.1 nan nan nan nan nan nan nan nan nan nan nan nan nan nan nan nan nan nan nan
nan nan nan nan nan nan nan nan nan nan nan nan nan nan nan nan nan nan nan nan nan nan nan nan nan nan nan nan nan nan nan nan nan nan 17.4 25.4 nan nan nan nan 25.9 25.8 25.2 24.8 24.5 24.3 24.2 24.2 24.2 24.3 24.3 24.4 24.5 24.6 24.6 24.5 24.2 23.8 23.3 22.6 21.8 21.0 20.2 19.5 19.0 18.7 18.4 18.3 18.3 18.3 18.3 18.0 nan nan nan nan nan nan nan nan nan nan nan nan nan nan nan nan nan nan
nan nan nan nan nan nan nan nan nan nan nan nan nan nan nan nan nan nan nan nan nan nan nan nan nan nan nan nan nan nan nan nan nan nan nan 19.6 19.0 nan nan nan nan 24.8 25.6 25.2 24.9 24.8 24.7 24.6 24.6 24.6 24.7 24.8 24.9 25.0 25.0 25.0 24.8 24.5 24.0 23.3 22.4 21.5 20.7 20.0 19.3 18.9 18.6 18.4 18.4 18.3 18.3 18.2 18.1 12.2 nan nan nan nan nan nan nan nan nan nan nan nan nan nan nan nan
nan nan nan nan nan nan nan nan nan nan nan nan nan nan nan nan nan nan nan nan nan nan nan nan nan nan nan nan nan nan nan nan nan nan 17.0 21.3 26.2 26.2 nan 19.0 nan 22.8 25.8 25.5 25.3 25.2 25.1 25.0 25.0 25.0 25.0 25.1 25.2 25.2 25.4 25.4 25.3 25.0 24.6 23.9 23.0 22.1 21.2 20.3 19.6 19.1 18.8 18.6 18.5 18.3 18.2 18.2 18.1 18.0 nan nan nan nan nan nan nan nan nan nan nan nan nan nan nan nan
nan nan nan nan nan nan nan nan nan nan nan nan nan nan nan nan nan nan nan nan nan nan nan nan nan nan nan nan nan nan nan nan nan nan 25.8 26.2 26.7 26.7 19.1 23.6 24.7 22.0 26.2 25.8 25.7 25.6 25.5 25.4 25.3 25.3 25.3 25.3 25.3 25.4 25.6 25.7 25.6 25.4 25.0 24.3 23.4 22.4 21.4 20.5 19.7 19.0 18.1 17.9 17.5 18.4 18.2 18.1 18.1 18.1 18.1 nan nan nan nan nan nan nan nan nan nan nan nan nan nan nan
nan nan nan nan nan nan nan nan nan nan nan nan nan nan nan nan nan nan nan nan nan nan nan nan nan nan nan nan nan nan nan nan nan nan 26.0 26.5 26.9 27.2 26.4 nan 24.4 25.1 26.4 26.2 26.0 25.9 25.9 25.7 25.6 25.5 25.4 25.4 25.4 25.4 25.6 25.8 25.8 25.6 25.2 24.5 23.5 22.5 -9999.0 -9999.0 -9999.0 -9999.0 -9999.0 -9999.0 -9999.0 13.3 18.2 18.0 18.0 17.9 18.0 nan nan nan nan nan nan nan nan nan nan nan nan nan nan -9999.0
nan nan nan nan nan nan nan nan nan nan nan nan nan nan nan nan nan nan nan nan nan nan nan nan nan nan nan nan nan nan nan nan nan nan 26.0 26.4 26.7 26.8 26.8 nan nan 26.3 26.7 26.5 26.3 26.2 26.1 26.0 25.8 25.6 25.5 25.4 25.4 25.5 25.7 25.9 25.9 25.7 25.2 24.5 23.4 -9999.0 -9999.0 -9999.0 -9999.0 -9999.0 -9999.0 -9999.0 -9999.0 nan 16.0 17.9 18.2 17.2 nan nan nan nan nan nan nan nan nan nan nan nan nan nan nan -9999.0
nan nan nan nan nan nan nan nan nan nan nan nan nan nan nan nan nan nan nan nan nan nan nan nan nan nan nan nan nan nan nan nan nan nan 25.8 26.1 26.3 26.5 26.9 nan 20.7 25.0 26.8 26.6 26.5 26.4 26.3 26.0 25.9 25.7 25.5 25.5 25.5 25.5 25.7 25.9 26.0 25.7 25.2 24.4 23.2 -9999.0 -9999.0 -9999.0 -9999.0 -9999.0 -9999.0 -9999.0 -9999.0 -9999.0 -9999.0 nan 13.0 13.0 nan nan nan nan nan nan nan nan nan nan nan nan nan nan nan -9999.0
nan nan nan nan nan nan nan nan nan nan nan nan nan nan nan nan nan nan nan nan nan nan nan nan nan nan nan nan nan nan nan nan nan nan 25.5 25.7 26.2 27.0 25.3 17.5 24.2 22.0 26.3 26.5 26.5 26.5 26.3 26.1 25.9 25.8 25.6 25.5 25.5 25.5 25.7 25.8 25.9 25.7 25.2 24.2 -9999.0 -9999.0 -9999.0 -9999.0 -9999.0 -9999.0 -9999.0 -9999.0 -9999.0 -9999.0 -9999.0 nan nan nan nan nan nan nan nan nan nan nan nan nan nan nan nan nan nan -9999.0
nan nan nan nan nan nan nan nan nan nan nan nan nan nan nan nan nan nan nan nan nan nan nan nan nan nan nan nan nan nan nan nan 24.0 24.5 25.5 26.0 26.8 27.9 28.6 28.6 nan 26.2 26.5 26.4 26.5 26.4 26.3 26.1 26.0 25.8 25.6 25.5 25.5 25.6 25.7 25.8 25.9 25.7 25.1 -9999.0 -9999.0 -9999.0 -9999.0 -9999.0 -9999.0 -9999.0 -9999.0 -9999.0 -9999.0 -9999.0 -9999.0 -9999.0 nan nan nan nan nan nan nan nan nan nan nan nan nan nan nan nan nan -9999.0
nan nan nan nan nan nan nan nan nan nan nan nan nan nan nan nan nan nan nan nan nan nan nan nan nan nan nan nan nan 19.1 nan nan 25.5 25.7 25.9 26.3 27.5 28.8 29.8 nan nan 26.2 26.6 26.6 26.6 26.5 26.4 26.2 26.0 25.8 25.7 25.6 25.6 25.6 25.7 25.9 25.9 25.7 25.1 -9999.0 -9999.0 -9999.0 -9999.0 -9999.0 -9999.0 -9999.0 -9999.0 -9999.0 -9999.0 -9999.0 -9999.0 -9999.0 -9999.0 -9999.0 nan nan nan nan nan nan nan nan nan nan nan nan nan nan nan -9999.0
nan nan nan nan nan nan nan nan nan nan nan nan nan nan nan nan nan nan nan nan nan nan nan nan nan nan nan nan nan 15.5 15.6 nan 25.9 26.5 25.5 23.9 26.5 28.6 29.1 28.5 nan 26.2 26.7 26.9 26.8 26.7 26.5 26.3 26.1 25.9 25.8 25.7 25.7 25.7 25.8 26.0 26.1 25.9 -9999.0 -9999.0 -9999.0 -9999.0 -9999.0 -9999.0 -9999.0 -9999.0 -9999.0 -9999.0 -9999.0 -9999.0 -9999.0 -9999.0 -9999.0 -9999.0 -9999.0 nan nan nan nan nan nan nan nan nan nan nan nan nan nan -9999.0
nan nan nan nan nan nan nan nan nan nan nan nan nan nan nan nan nan nan nan nan nan nan nan nan nan nan nan nan nan 16.4 25.7 26.0 26.4 27.1 28.0 nan 17.2 28.0 28.5 28.9 nan 25.6 27.0 27.1 27.1 26.9 26.6 26.5 26.2 26.0 25.9 25.8 25.9 25.9 26.0 26.1 26.4 26.2 -9999.0 -9999.0 -9999.0 -9999.0 -9999.0 -9999.0 -9999.0 -9999.0 -9999.0 -9999.0 -9999.0 -9999.0 -9999.0 -9999.0 -9999.0 -9999.0 -9999.0 -9999.0 nan nan nan nan nan nan nan nan nan nan nan nan nan -9999.0
nan nan nan nan nan nan nan nan nan nan nan nan nan nan nan nan nan nan nan nan nan nan nan nan nan nan nan nan nan nan 25.4 25.9 26.5 27.4 26.8 nan nan 27.5 28.3 28.9 nan 24.1 25.2 27.1 27.1 27.0 26.8 26.6 26.4 26.2 26.0 26.0 25.9 26.0 26.1 26.4 26.6 26.5 -9999.0 -9999.0 -9999.0 -9999.0 -9999.0 -9999.0 -9999.0 -9999.0 -9999.0 -9999.0 -9999.0 -9999.0 -9999.0 -9999.0 -9999.0 -9999.0 -9999.0 -9999.0 -9999.0 nan nan nan nan nan nan nan nan nan nan nan nan -9999.0
nan nan nan nan nan nan nan nan nan nan nan nan nan nan nan nan nan nan nan nan nan nan nan nan nan nan nan nan nan nan 23.5 25.9 26.6 27.5 25.2 nan 19.5 22.4 25.5 16.0 24.1 19.4 22.0 26.5 27.1 27.0 26.9 26.7 26.5 26.4 26.2 26.1 26.1 26.1 26.3 26.5 26.6 25.9 -9999.0 -9999.0 -9999.0 -9999.0 -9999.0 -9999.0 -9999.0 -9999.0 -9999.0 -9999.0 -9999.0 -9999.0 -9999.0 -9999.0 -9999.0 -9999.0 -9999.0 -9999.0 -9999.0 -9999.0 nan nan nan nan nan nan nan nan nan nan nan -9999.0
nan nan nan nan nan nan nan nan nan nan nan nan nan nan nan nan nan nan nan nan nan nan nan nan nan nan nan nan nan nan 23.5 25.5 26.7 27.4 27.2 19.6 nan 25.5 22.0 18.0 21.8 nan 27.2 27.4 27.3 27.2 27.1 26.9 26.7 26.6 26.4 26.3 26.3 26.3 26.5 26.6 25.8 19.4 -9999.0 -9999.0 -9999.0 -9999.0 -9999.0 -9999.0 -9999.0 -9999.0 -9999.0 -9999.0 -9999.0 -9999.0 -9999.0 -9999.0 -9999.0 -9999.0 -9999.0 -9999.0 -9999.0 -9999.0 -9999.0 -9999.0 nan nan nan nan nan nan nan nan nan -9999.0
nan nan nan nan nan nan nan nan nan nan nan nan nan nan nan nan nan nan nan nan nan nan nan nan nan nan nan nan nan nan nan 26.0 26.7 27.4 28.0 nan nan 21.7 21.8 21.5 nan nan 27.6 27.7 27.6 27.4 27.3 27.1 26.9 26.8 26.6 26.5 26.5 26.5 26.7 27.0 26.0 21.8 -9999.0 -9999.0 -9999.0 -9999.0 -9999.0 -9999.0 -9999.0 -9999.0 -9999.0 -9999.0 -9999.0 nan nan nan -9999.0 -9999.0 -9999.0 -9999.0 -9999.0 -9999.0 -9999.0 -9999.0 -9999.0 -9999.0 -9999.0 -9999.0 -9999.0 nan nan nan -9999.0 -9999.0
nan nan nan nan nan nan nan nan nan nan nan nan nan nan nan nan nan nan nan nan nan nan nan nan nan nan nan nan nan nan nan 25.4 26.5 27.4 28.1 nan 17.2 21.3 28.1 19.3 nan nan 27.7 27.9 27.8 27.6 27.5 27.3 27.1 27.0 26.8 26.8 26.8 26.9 27.1 27.5 27.7 22.7 -9999.0 -9999.0 -9999.0 -9999.0 -9999.0 -9999.0 -9999.0 -9999.0 -9999.0 -9999.0 -9999.0 nan nan nan nan nan -9999.0 -9999.0 -9999.0 -9999.0 -9999.0 -9999.0 -9999.0 -9999.0 -9999.0 -9999.0 -9999.0 -9999.0 -9999.0 -9999.0 -9999.0 -9999.0
nan nan nan nan nan nan nan nan nan nan nan nan nan nan nan nan nan nan nan nan nan nan nan nan nan nan nan nan nan nan nan 19.2 26.4 27.2 27.8 27.1 24.3 22.9 18.5 15.6 19.4 nan 27.5 27.9 27.9 27.8 27.6 27.5 27.4 27.2 27.1 27.1 27.1 27.2 27.4 27.7 28.3 21.8 -9999.0 -9999.0 -9999.0 -9999.0 -9999.0 -9999.0 -9999.0 -9999.0 -9999.0 -9999.0 -9999.0 -9999.0 -9999.0 -9999.0 -9999.0 -9999.0 -9999.0 -9999.0 -9999.0 -9999.0 -9999.0 -9999.0 -9999.0 -9999.0 -9999.0 -9999.0 -9999.0 -9999.0 -9999.0 -9999.0 -9999.0 -9999.0
nan nan nan nan nan nan nan nan nan nan nan nan nan nan nan nan nan nan nan nan nan nan nan nan nan nan nan nan nan nan nan 19.1 26.0 27.2 28.2 28.9 29.2 nan 19.2 22.9 15.6 nan 27.4 27.9 28.1 28.0 27.8 27.7 27.5 27.4 27.3 27.4 27.4 27.5 27.7 27.9 28.3 23.0 -9999.0 -9999.0 -9999.0 -9999.0 -9999.0 -9999.0 -9999.0 -9999.0 -9999.0 -9999.0 -9999.0 -9999.0 -9999.0 -9999.0 -9999.0 -9999.0 -9999.0 -9999.0 -9999.0 -9999.0 -9999.0 -9999.0 -9999.0 -9999.0 -9999.0 -9999.0 -9999.0 -9999.0 -9999.0 -9999.0 -9999.0 -9999.0
nan nan nan nan nan nan nan nan nan nan nan nan nan nan nan nan nan nan nan nan nan nan nan nan nan nan nan nan nan nan nan 19.2 24.5 26.9 28.2 29.1 29.4 nan nan 21.2 18.7 nan nan 27.8 28.1 28.1 28.0 27.9 27.8 27.6 27.6 27.6 27.7 27.8 28.0 28.2 28.3 22.6 -9999.0 -9999.0 -9999.0 -9999.0 -9999.0 -9999.0 -9999.0 -9999.0 -9999.0 -9999.0 -9999.0 -9999.0 -9999.0 -9999.0 -9999.0 -9999.0 -9999.0 -9999.0 -9999.0 -9999.0 -9999.0 -9999.0 -9999.0 -9999.0 -9999.0 -9999.0 -9999.0 -9999.0 -9999.0 -9999.0 -9999.0 -9999.0
nan nan nan nan nan nan nan nan nan nan nan nan nan nan nan nan nan nan nan nan nan nan nan nan nan nan nan nan nan nan nan nan 18.1 27.3 28.3 29.3 nan nan nan 22.6 17.5 19.9 nan nan 27.7 27.9 27.9 27.8 27.8 27.8 27.8 27.9 28.0 28.2 28.4 28.6 28.8 27.7 -9999.0 -9999.0 -9999.0 -9999.0 -9999.0 -9999.0 -9999.0 -9999.0 -9999.0 -9999.0 -9999.0 -9999.0 -9999.0 -9999.0 -9999.0 -9999.0 -9999.0 -9999.0 -9999.0 -9999.0 -9999.0 -9999.0 -9999.0 -9999.0 nan nan nan -9999.0 -9999.0 -9999.0 -9999.0 -9999.0
nan nan nan nan nan nan nan nan nan nan nan nan nan nan nan nan nan nan nan nan nan nan nan nan nan nan nan nan nan nan nan nan 26.1 27.1 28.2 29.3 nan nan nan nan 20.2 20.1 31.2 nan 27.1 27.9 28.0 28.0 28.0 27.9 28.0 28.1 28.3 28.6 28.8 29.0 29.1 29.4 -9999.0 -9999.0 -9999.0 -9999.0 -9999.0 -9999.0 -9999.0 -9999.0 -9999.0 -9999.0 -9999.0 -9999.0 -9999.0 -9999.0 -9999.0 -9999.0 -9999.0 -9999.0 -9999.0 -9999.0 -9999.0 -9999.0 nan nan nan nan nan nan nan nan -9999.0 -9999.0
nan nan nan nan nan nan nan nan nan nan nan nan nan nan nan nan nan nan nan nan nan nan nan nan nan nan nan nan nan nan nan nan nan 27.1 28.4 29.6 nan nan nan nan 24.4 22.0 27.3 22.1 nan 28.2 28.5 28.3 28.2 28.3 28.4 28.4 28.7 29.0 29.3 29.5 29.8 30.0 -9999.0 -9999.0 -9999.0 -9999.0 -9999.0 -9999.0 -9999.0 -9999.0 -9999.0 -9999.0 -9999.0 nan nan nan nan nan nan nan nan nan nan nan nan nan nan nan nan nan nan nan nan nan
nan nan nan nan nan nan nan nan nan nan nan nan nan nan nan nan nan nan nan nan nan nan nan nan nan nan nan nan nan nan nan nan nan 27.1 28.5 29.8 29.8 nan nan nan 29.1 23.7 24.3 32.1 nan nan 28.3 28.3 28.4 28.5 28.6 28.8 29.0 29.4 29.8 30.2 30.4 30.8 -9999.0 -9999.0 -9999.0 -9999.0 -9999.0 -9999.0 -9999.0 -9999.0 -9999.0 -9999.0 nan nan nan nan nan nan nan nan nan nan nan nan nan nan nan nan nan nan nan nan nan nan
