data/output/RUN203/ECOSPACE/ECOSPACE_in_PAR3/PAR-VarZ-VarK/PAR-VarZ-VarK_2001_10.asc
ncols        93
nrows        151 
xllcorner    -123.80739
yllcorner    48.29471 
cellsize     0.013497347 
NODATA_value  0.0
[rows 80 to 119 of 151, columns 0 to 90 of 93]
nan nan nan nan nan nan nan nan nan nan nan nan nan nan nan nan nan nan nan nan nan nan nan 16.7 15.9 16.9 17.8 17.6 17.1 16.5 15.9 15.4 14.9 14.6 14.4 14.2 14.1 14.1 14.2 14.2 14.2 14.1 14.1 14.2 14.2 14.1 14.0 13.8 13.4 13.0 12.3 11.8 11.1 10.6 nan nan nan nan nan nan nan nan nan nan nan nan 8.2 8.5 8.6 8.7 nan 8.4 8.4 8.4 8.3 8.4 8.4 8.2 8.1 8.3 8.5 8.5 8.5 nan nan nan nan nan nan nan nan
nan nan nan nan nan nan nan nan nan nan nan nan nan nan nan nan nan nan nan nan nan nan nan nan nan nan 18.1 17.8 17.3 16.7 16.1 15.6 15.0 14.6 14.4 14.2 14.1 14.0 14.1 14.1 14.1 14.1 14.1 14.2 14.2 14.1 14.0 13.8 13.6 13.2 12.7 12.2 11.5 10.9 10.3 nan nan nan nan nan nan nan nan nan nan nan 8.5 8.6 nan nan nan nan nan 8.5 8.5 8.6 nan 8.3 8.4 8.6 8.8 8.9 nan nan nan nan nan nan nan nan nan
nan nan nan nan nan nan nan nan nan nan nan nan nan nan nan nan nan nan nan nan nan nan nan nan nan nan nan 17.8 17.4 17.0 16.5 15.8 15.2 14.7 14.4 14.1 14.0 13.9 14.0 14.1 14.1 14.1 14.1 14.2 14.2 14.1 14.0 13.9 13.7 13.4 13.1 12.6 12.0 11.3 10.7 10.2 nan nan nan nan nan nan nan nan nan 8.5 8.9 nan nan nan nan nan nan 8.5 8.5 8.6 nan 8.5 8.7 8.9 9.0 nan nan nan nan nan nan nan nan nan nan
nan nan nan nan nan nan nan nan nan nan nan nan nan nan nan nan nan nan nan nan nan nan nan nan nan nan nan nan 16.9 17.1 16.8 16.0 15.4 14.8 14.4 14.1 14.0 13.9 13.9 13.9 14.0 14.0 14.1 14.1 14.1 14.1 14.0 13.9 13.8 13.5 13.2 12.8 12.3 11.7 11.1 10.5 10.1 nan nan nan nan nan nan nan nan 8.6 8.9 nan nan nan nan nan nan 8.5 8.6 8.7 8.9 9.1 9.1 9.0 nan nan nan nan nan nan nan nan nan nan nan
nan nan nan nan nan nan nan nan nan nan nan nan nan nan nan nan nan nan nan nan nan nan nan nan nan nan nan nan nan 6.4 17.0 16.3 15.6 14.9 14.4 14.1 13.9 13.8 13.8 13.8 13.9 13.9 14.0 14.0 14.1 14.1 14.0 13.9 13.8 13.6 13.3 13.0 12.6 12.1 11.4 10.9 10.4 10.1 nan nan nan nan nan nan 8.6 8.7 8.9 nan 9.2 9.2 9.2 nan nan 8.5 8.7 8.8 9.1 9.4 nan nan nan nan nan nan nan nan nan nan nan nan nan
nan nan nan nan nan nan nan nan nan nan nan nan nan nan nan nan nan nan nan nan nan nan nan nan nan nan nan nan nan nan 6.8 16.5 15.9 15.2 14.6 14.1 13.9 13.7 13.7 13.7 13.8 13.8 13.9 13.9 14.0 14.0 13.9 13.8 13.7 13.6 13.3 13.1 12.8 12.4 11.8 11.2 10.8 10.4 nan nan nan nan nan 8.7 8.8 9.0 9.1 9.2 9.2 9.2 9.2 4.9 nan 8.6 8.8 9.0 9.2 9.4 nan nan nan nan nan nan nan nan nan nan nan nan nan
nan nan nan nan nan nan nan nan nan nan nan nan nan nan nan nan nan nan nan nan nan nan nan nan nan nan nan nan nan nan nan 15.8 16.0 15.3 14.7 14.2 13.8 13.7 13.6 13.6 13.6 13.6 13.7 13.8 13.8 13.8 13.8 13.7 13.6 13.5 13.4 13.2 13.0 12.6 12.0 11.5 11.1 10.7 10.3 nan nan 9.0 9.2 9.2 9.2 9.4 9.4 9.5 9.4 9.4 9.3 nan nan 8.8 9.1 9.2 9.4 9.4 nan nan nan nan nan nan nan nan nan nan nan nan nan
nan nan nan nan nan nan nan nan nan nan nan nan nan nan nan nan nan nan nan nan nan nan nan nan nan nan nan nan nan nan nan nan 16.2 15.4 14.8 14.2 13.9 13.6 13.5 13.4 13.5 13.5 13.6 13.6 13.7 13.7 13.6 13.6 13.5 13.4 13.4 13.3 13.1 12.7 12.2 11.8 11.3 11.0 10.6 10.1 9.8 9.7 9.8 nan 9.5 9.8 9.9 10.0 10.0 9.9 9.7 9.4 9.4 9.3 9.3 9.4 9.4 nan nan nan nan nan nan nan nan nan nan nan nan nan nan
nan nan nan nan nan nan nan nan nan nan nan nan nan nan nan nan nan nan nan nan nan nan nan nan nan nan nan nan nan nan 16.1 16.0 15.8 15.3 14.8 14.4 14.0 13.7 13.5 13.4 13.4 13.4 13.4 13.5 13.5 13.5 13.4 13.4 13.4 13.4 13.4 13.3 13.2 12.9 12.5 12.1 11.7 11.3 11.0 10.6 10.4 10.2 10.2 10.3 10.2 10.4 10.6 10.7 10.6 10.5 10.2 9.9 9.7 9.6 9.5 9.5 9.5 nan nan nan nan nan nan nan nan nan nan nan nan nan nan
nan nan nan nan nan nan nan nan nan nan nan nan nan nan nan nan nan nan nan nan nan nan nan nan nan nan nan nan nan nan nan nan 15.7 15.4 15.0 14.6 14.2 13.8 13.5 13.4 13.3 13.3 13.3 13.3 13.3 13.3 13.3 13.3 13.4 13.4 13.4 13.3 13.2 13.0 12.8 12.4 12.2 11.9 11.6 11.3 11.0 10.8 10.7 10.7 10.7 10.7 10.9 nan nan nan 10.3 10.1 9.9 9.7 9.6 9.5 nan nan nan nan nan nan nan nan nan nan nan nan nan nan nan
nan nan nan nan nan nan nan nan nan nan nan nan nan nan nan nan nan nan nan nan nan nan nan nan nan nan nan nan nan nan 6.7 6.2 15.5 15.4 15.2 15.0 14.6 14.2 13.7 13.4 13.2 13.2 13.2 13.2 13.2 13.2 13.2 13.2 13.3 13.4 13.4 13.4 13.3 13.1 13.0 12.8 12.6 12.4 12.1 11.8 11.5 11.2 11.1 11.0 nan nan nan nan nan nan nan 10.3 10.0 9.7 9.6 9.4 nan nan nan nan nan nan nan nan nan nan nan nan nan nan nan
nan nan nan nan nan nan nan nan nan nan nan nan nan nan nan nan nan nan nan nan nan nan nan nan nan nan nan nan nan nan 6.9 15.4 15.5 15.6 15.6 7.5 15.2 14.7 13.9 13.5 13.3 13.2 13.1 13.1 13.1 13.1 13.1 13.2 13.3 13.4 13.4 13.4 13.3 13.2 13.2 13.1 13.0 12.8 12.6 12.2 11.8 11.5 11.3 nan nan nan nan nan nan 9.9 10.0 10.0 9.8 9.6 9.5 nan nan nan nan nan nan nan nan nan nan nan nan nan nan nan nan
nan nan nan nan nan nan nan nan nan nan nan nan nan nan nan nan nan nan nan nan nan nan nan nan nan nan nan nan nan nan 6.8 14.9 15.6 15.8 nan nan nan 14.6 14.2 13.8 13.4 13.2 13.1 13.0 13.0 13.0 13.1 13.2 13.4 13.5 13.5 13.5 13.5 13.4 13.4 13.4 13.3 13.1 12.9 12.5 12.1 11.8 11.5 nan nan nan nan nan 9.9 9.9 9.7 9.6 9.5 9.3 nan nan nan nan nan nan nan nan nan nan nan nan nan nan nan nan nan
nan nan nan nan nan nan nan nan nan nan nan nan nan nan nan nan nan nan nan nan nan nan nan nan nan nan nan nan nan nan 6.7 6.4 15.6 15.9 nan nan nan 14.0 14.4 14.0 13.6 13.4 13.2 13.1 13.0 13.0 13.1 13.2 13.4 13.5 13.6 13.6 13.6 13.7 13.6 13.6 13.6 13.4 13.2 12.8 12.4 12.0 11.6 10.9 10.6 nan 10.0 10.0 9.9 9.7 9.5 9.3 nan nan nan nan nan nan nan nan nan nan nan nan nan nan nan nan nan nan nan
nan nan nan nan nan nan nan nan nan nan nan nan nan nan nan nan nan nan nan nan nan nan nan nan nan nan nan nan nan nan nan nan 15.6 13.6 nan nan nan nan 14.3 14.3 14.0 13.6 13.3 13.1 13.0 13.0 13.1 13.2 13.4 13.6 13.7 13.8 13.8 13.9 13.9 13.9 13.8 13.6 13.4 13.1 12.8 12.4 11.9 11.4 11.0 10.6 10.3 10.0 9.8 9.5 9.2 nan nan nan nan nan nan nan nan nan nan nan nan nan nan nan nan nan nan nan nan
nan nan nan nan nan nan nan nan nan nan nan nan nan nan nan nan nan nan nan nan nan nan nan nan nan nan nan nan nan nan nan nan nan 14.2 7.4 nan nan nan 6.3 14.6 14.4 13.9 13.5 13.2 13.1 13.0 13.1 13.2 13.4 13.6 13.7 13.8 13.9 14.0 14.0 14.0 13.9 13.8 13.6 13.4 13.1 12.8 12.3 11.8 11.3 10.9 10.4 10.1 9.7 9.4 9.1 nan nan nan nan nan nan nan nan nan nan nan nan nan nan nan nan nan nan nan nan
nan nan nan nan nan nan nan nan nan nan nan nan nan nan nan nan nan nan nan nan nan nan nan nan nan nan nan nan nan nan nan nan nan nan 7.5 14.2 nan nan nan nan 14.7 14.4 13.8 13.4 13.2 13.1 13.1 13.2 13.4 13.7 13.9 13.9 14.0 14.1 14.1 14.1 14.1 14.0 13.8 13.7 13.4 13.1 12.7 12.1 11.6 11.0 10.5 10.1 9.7 9.3 9.1 8.9 nan nan nan nan nan nan nan nan nan nan nan nan nan nan nan nan nan nan nan
nan nan nan nan nan nan nan nan nan nan nan nan nan nan nan nan nan nan nan nan nan nan nan nan nan nan nan nan nan nan nan nan nan nan nan 10.7 6.8 nan nan nan nan 14.2 14.2 13.7 13.3 13.1 13.1 13.2 13.4 13.7 13.9 14.0 14.1 14.2 14.2 14.2 14.2 14.1 14.0 13.8 13.7 13.3 12.9 12.4 11.7 11.1 10.5 10.0 9.6 9.3 9.0 8.9 8.8 4.6 nan nan nan nan nan nan nan nan nan nan nan nan nan nan nan nan -9999.0
nan nan nan nan nan nan nan nan nan nan nan nan nan nan nan nan nan nan nan nan nan nan nan nan nan nan nan nan nan nan nan nan nan nan 7.7 9.5 15.4 15.2 nan 6.8 nan 13.3 14.3 13.9 13.6 13.3 13.2 13.3 13.4 13.7 13.9 14.1 14.2 14.2 14.3 14.3 14.3 14.2 14.1 14.0 13.8 13.4 13.0 12.4 11.7 11.0 10.4 10.0 9.6 9.2 9.0 8.9 8.8 8.8 nan nan nan nan nan nan nan nan nan nan nan nan nan nan nan nan -9999.0
nan nan nan nan nan nan nan nan nan nan nan nan nan nan nan nan nan nan nan nan nan nan nan nan nan nan nan nan nan nan nan nan nan nan 15.3 15.3 15.4 13.4 7.5 13.5 14.4 12.5 14.5 14.3 13.9 13.6 13.4 13.4 13.5 13.7 13.9 14.1 14.2 14.3 14.3 14.4 14.4 14.3 14.2 14.0 13.8 13.4 12.9 12.2 11.5 10.8 10.1 9.8 9.3 9.3 9.0 8.9 8.9 8.9 8.9 nan nan nan nan nan nan nan nan nan nan nan nan nan nan nan -9999.0
nan nan nan nan nan nan nan nan nan nan nan nan nan nan nan nan nan nan nan nan nan nan nan nan nan nan nan nan nan nan nan nan nan nan 15.5 15.5 15.3 15.1 13.1 nan 15.4 14.0 14.9 14.6 14.2 13.9 13.6 13.5 13.6 13.7 13.9 14.1 14.2 14.3 14.4 14.4 14.4 14.4 14.2 14.0 13.8 13.3 -9999.0 -9999.0 -9999.0 -9999.0 -9999.0 -9999.0 -9999.0 4.9 9.0 8.9 8.9 8.9 8.8 nan nan nan nan nan nan nan nan nan nan nan nan nan nan -9999.0 -9999.0
nan nan nan nan nan nan nan nan nan nan nan nan nan nan nan nan nan nan nan nan nan nan nan nan nan nan nan nan nan nan nan nan nan nan 15.5 15.4 15.5 15.6 15.6 nan nan 15.2 15.2 14.9 14.5 14.1 13.9 13.7 13.7 13.8 13.9 14.1 14.2 14.3 14.4 14.4 14.4 14.4 14.3 14.0 13.7 -9999.0 -9999.0 -9999.0 -9999.0 -9999.0 -9999.0 -9999.0 -9999.0 nan 5.6 8.8 8.9 8.5 nan nan nan nan nan nan nan nan nan nan nan nan nan nan nan -9999.0 -9999.0
nan nan nan nan nan nan nan nan nan nan nan nan nan nan nan nan nan nan nan nan nan nan nan nan nan nan nan nan nan nan nan nan nan nan 15.4 15.4 15.4 15.5 15.2 nan 13.1 14.1 15.3 15.1 14.8 14.4 14.1 13.9 13.9 13.9 14.0 14.1 14.3 14.3 14.4 14.4 14.4 14.4 14.2 13.9 13.5 -9999.0 -9999.0 -9999.0 -9999.0 -9999.0 -9999.0 -9999.0 -9999.0 -9999.0 -9999.0 nan 4.7 4.7 nan nan nan nan nan nan nan nan nan nan nan nan nan nan nan -9999.0 -9999.0
nan nan nan nan nan nan nan nan nan nan nan nan nan nan nan nan nan nan nan nan nan nan nan nan nan nan nan nan nan nan nan nan nan nan 15.2 15.3 15.4 13.3 13.1 8.8 14.2 12.8 15.2 15.2 14.9 14.6 14.3 14.1 14.0 14.0 14.0 14.1 14.2 14.3 14.4 14.4 14.4 14.3 14.2 13.8 -9999.0 -9999.0 -9999.0 -9999.0 -9999.0 -9999.0 -9999.0 -9999.0 -9999.0 -9999.0 -9999.0 nan nan nan nan nan nan nan nan nan nan nan nan nan nan nan nan nan nan -9999.0 -9999.0
nan nan nan nan nan nan nan nan nan nan nan nan nan nan nan nan nan nan nan nan nan nan nan nan nan nan nan nan nan nan nan nan 12.9 13.7 14.3 15.4 15.5 15.3 13.9 13.1 nan 15.7 15.3 15.2 14.9 14.7 14.4 14.2 14.1 14.0 14.0 14.1 14.2 14.3 14.3 14.4 14.4 14.3 14.1 -9999.0 -9999.0 -9999.0 -9999.0 -9999.0 -9999.0 -9999.0 -9999.0 -9999.0 -9999.0 -9999.0 -9999.0 -9999.0 nan nan nan nan nan nan nan nan nan nan nan nan nan nan nan nan nan -9999.0 -9999.0
nan nan nan nan nan nan nan nan nan nan nan nan nan nan nan nan nan nan nan nan nan nan nan nan nan nan nan nan nan 6.8 nan nan 15.3 15.2 15.5 15.2 15.6 15.7 15.7 nan nan 15.3 15.3 15.2 15.0 14.8 14.5 14.3 14.1 14.1 14.0 14.1 14.3 14.3 14.3 14.3 14.3 14.3 14.0 -9999.0 -9999.0 -9999.0 -9999.0 -9999.0 -9999.0 -9999.0 -9999.0 -9999.0 -9999.0 -9999.0 -9999.0 -9999.0 -9999.0 -9999.0 nan nan nan nan nan nan nan nan nan nan nan nan nan nan nan -9999.0 -9999.0
nan nan nan nan nan nan nan nan nan nan nan nan nan nan nan nan nan nan nan nan nan nan nan nan nan nan nan nan nan 6.1 6.1 nan 15.4 15.6 13.9 14.2 14.3 15.8 15.9 15.5 nan 15.6 15.6 15.4 15.2 14.9 14.7 14.4 14.2 14.1 14.1 14.1 14.2 14.3 14.3 14.4 14.4 14.2 -9999.0 -9999.0 -9999.0 -9999.0 -9999.0 -9999.0 -9999.0 -9999.0 -9999.0 -9999.0 -9999.0 -9999.0 -9999.0 -9999.0 -9999.0 -9999.0 -9999.0 nan nan nan nan nan nan nan nan nan nan nan nan nan nan -9999.0 -9999.0
nan nan nan nan nan nan nan nan nan nan nan nan nan nan nan nan nan nan nan nan nan nan nan nan nan nan nan nan nan 6.4 15.2 15.6 15.6 15.9 16.0 nan 6.2 15.4 15.9 15.9 nan 15.2 15.9 15.6 15.4 15.1 14.8 14.6 14.4 14.2 14.1 14.2 14.2 14.3 14.4 14.4 14.4 14.2 -9999.0 -9999.0 -9999.0 -9999.0 -9999.0 -9999.0 -9999.0 -9999.0 -9999.0 -9999.0 -9999.0 -9999.0 -9999.0 -9999.0 -9999.0 -9999.0 -9999.0 -9999.0 nan nan nan nan nan nan nan nan nan nan nan nan nan -9999.0 -9999.0
nan nan nan nan nan nan nan nan nan nan nan nan nan nan nan nan nan nan nan nan nan nan nan nan nan nan nan nan nan nan 14.7 15.6 15.8 16.1 13.7 nan nan 14.1 14.9 14.4 nan 13.4 14.7 15.8 15.6 15.3 15.0 14.7 14.6 14.4 14.2 14.3 14.3 14.4 14.4 14.4 14.3 14.1 -9999.0 -9999.0 -9999.0 -9999.0 -9999.0 -9999.0 -9999.0 -9999.0 -9999.0 -9999.0 -9999.0 -9999.0 -9999.0 -9999.0 -9999.0 -9999.0 -9999.0 -9999.0 -9999.0 nan nan nan nan nan nan nan nan nan nan nan nan -9999.0 -9999.0
nan nan nan nan nan nan nan nan nan nan nan nan nan nan nan nan nan nan nan nan nan nan nan nan nan nan nan nan nan nan 14.4 15.6 15.9 16.3 14.5 nan 6.8 11.5 13.2 7.7 12.1 10.6 12.4 15.6 15.7 15.3 15.0 14.8 14.6 14.5 14.4 14.3 14.4 14.4 14.4 14.5 14.3 14.0 -9999.0 -9999.0 -9999.0 -9999.0 -9999.0 -9999.0 -9999.0 -9999.0 -9999.0 -9999.0 -9999.0 -9999.0 -9999.0 -9999.0 -9999.0 -9999.0 -9999.0 -9999.0 -9999.0 -9999.0 nan nan nan nan nan nan nan nan nan nan nan -9999.0 -9999.0
nan nan nan nan nan nan nan nan nan nan nan nan nan nan nan nan nan nan nan nan nan nan nan nan nan nan nan nan nan nan 14.7 15.4 15.9 16.3 14.0 6.8 nan 14.1 9.8 6.9 10.2 nan 15.6 15.8 15.5 15.2 15.0 14.8 14.7 14.6 14.5 14.4 14.4 14.4 14.4 14.4 13.8 11.9 -9999.0 -9999.0 -9999.0 -9999.0 -9999.0 -9999.0 -9999.0 -9999.0 -9999.0 -9999.0 -9999.0 -9999.0 -9999.0 -9999.0 -9999.0 -9999.0 -9999.0 -9999.0 -9999.0 -9999.0 -9999.0 -9999.0 nan nan nan nan nan nan nan nan nan -9999.0 -9999.0
nan nan nan nan nan nan nan nan nan nan nan nan nan nan nan nan nan nan nan nan nan nan nan nan nan nan nan nan nan nan nan 15.2 15.8 16.1 15.4 nan nan 10.5 9.5 7.4 nan nan 15.8 15.7 15.3 15.1 14.9 14.8 14.7 14.6 14.5 14.4 14.4 14.5 14.6 14.7 14.3 13.1 -9999.0 -9999.0 -9999.0 -9999.0 -9999.0 -9999.0 -9999.0 -9999.0 -9999.0 -9999.0 -9999.0 nan nan nan -9999.0 -9999.0 -9999.0 -9999.0 -9999.0 -9999.0 -9999.0 -9999.0 -9999.0 -9999.0 -9999.0 -9999.0 -9999.0 nan nan nan -9999.0 -9999.0 -9999.0
nan nan nan nan nan nan nan nan nan nan nan nan nan nan nan nan nan nan nan nan nan nan nan nan nan nan nan nan nan nan nan 14.3 15.3 16.0 16.4 nan 6.7 8.7 13.4 7.3 nan nan 15.8 15.6 15.3 15.0 14.9 14.7 14.6 14.6 14.6 14.5 14.5 14.6 14.8 15.1 15.2 13.3 -9999.0 -9999.0 -9999.0 -9999.0 -9999.0 -9999.0 -9999.0 -9999.0 -9999.0 -9999.0 -9999.0 nan nan nan nan nan -9999.0 -9999.0 -9999.0 -9999.0 -9999.0 -9999.0 -9999.0 -9999.0 -9999.0 -9999.0 -9999.0 -9999.0 -9999.0 -9999.0 -9999.0 -9999.0 -9999.0
nan nan nan nan nan nan nan nan nan nan nan nan nan nan nan nan nan nan nan nan nan nan nan nan nan nan nan nan nan nan nan 6.7 15.2 15.9 15.2 14.6 13.4 10.3 8.4 6.6 7.6 nan 15.7 15.7 15.4 15.1 14.9 14.7 14.6 14.6 14.6 14.6 14.6 14.8 15.1 15.3 15.5 13.4 -9999.0 -9999.0 -9999.0 -9999.0 -9999.0 -9999.0 -9999.0 -9999.0 -9999.0 -9999.0 -9999.0 -9999.0 -9999.0 -9999.0 -9999.0 -9999.0 -9999.0 -9999.0 -9999.0 -9999.0 -9999.0 -9999.0 -9999.0 -9999.0 -9999.0 -9999.0 -9999.0 -9999.0 -9999.0 -9999.0 -9999.0 -9999.0 -9999.0
nan nan nan nan nan nan nan nan nan nan nan nan nan nan nan nan nan nan nan nan nan nan nan nan nan nan nan nan nan nan nan 6.7 13.7 15.7 16.1 16.2 16.2 nan 9.9 11.1 6.4 nan 15.8 15.9 15.5 15.1 14.9 14.8 14.7 14.7 14.7 14.7 14.8 15.0 15.3 15.6 15.9 14.4 -9999.0 -9999.0 -9999.0 -9999.0 -9999.0 -9999.0 -9999.0 -9999.0 -9999.0 -9999.0 -9999.0 -9999.0 -9999.0 -9999.0 -9999.0 -9999.0 -9999.0 -9999.0 -9999.0 -9999.0 -9999.0 -9999.0 -9999.0 -9999.0 -9999.0 -9999.0 -9999.0 -9999.0 -9999.0 -9999.0 -9999.0 -9999.0 -9999.0
nan nan nan nan nan nan nan nan nan nan nan nan nan nan nan nan nan nan nan nan nan nan nan nan nan nan nan nan nan nan nan 6.7 13.4 14.3 15.9 16.3 16.1 nan nan 9.8 7.1 nan nan 15.9 15.7 15.3 15.0 14.7 14.6 14.7 14.8 14.8 14.9 15.1 15.4 15.9 16.2 13.5 -9999.0 -9999.0 -9999.0 -9999.0 -9999.0 -9999.0 -9999.0 -9999.0 -9999.0 -9999.0 -9999.0 -9999.0 -9999.0 -9999.0 -9999.0 -9999.0 -9999.0 -9999.0 -9999.0 -9999.0 -9999.0 -9999.0 -9999.0 -9999.0 -9999.0 -9999.0 -9999.0 -9999.0 -9999.0 -9999.0 -9999.0 -9999.0 -9999.0
nan nan nan nan nan nan nan nan nan nan nan nan nan nan nan nan nan nan nan nan nan nan nan nan nan nan nan nan nan nan nan nan 6.5 15.5 15.9 16.1 nan nan nan 9.9 7.0 7.0 nan nan 15.4 15.3 15.1 14.8 14.7 14.8 14.9 14.9 15.0 15.2 15.5 16.1 16.5 15.7 -9999.0 -9999.0 -9999.0 -9999.0 -9999.0 -9999.0 -9999.0 -9999.0 -9999.0 -9999.0 -9999.0 -9999.0 -9999.0 -9999.0 -9999.0 -9999.0 -9999.0 -9999.0 -9999.0 -9999.0 -9999.0 -9999.0 -9999.0 -9999.0 nan nan nan -9999.0 -9999.0 -9999.0 -9999.0 -9999.0 -9999.0
nan nan nan nan nan nan nan nan nan nan nan nan nan nan nan nan nan nan nan nan nan nan nan nan nan nan nan nan nan nan nan nan 15.1 15.4 15.7 16.0 nan nan nan nan 7.9 6.7 12.2 nan 15.1 15.4 15.1 14.9 14.8 14.9 14.9 15.0 15.1 15.3 15.7 16.3 16.6 16.4 -9999.0 -9999.0 -9999.0 -9999.0 -9999.0 -9999.0 -9999.0 -9999.0 -9999.0 -9999.0 -9999.0 -9999.0 -9999.0 -9999.0 -9999.0 -9999.0 -9999.0 -9999.0 -9999.0 -9999.0 -9999.0 -9999.0 nan nan nan nan nan nan nan nan -9999.0 -9999.0 -9999.0
nan nan nan nan nan nan nan nan nan nan nan nan nan nan nan nan nan nan nan nan nan nan nan nan nan nan nan nan nan nan nan nan nan 15.5 15.8 16.0 nan nan nan nan 10.7 7.9 9.8 8.5 nan 15.7 15.5 15.2 15.0 15.0 15.1 15.1 15.3 15.5 15.8 16.3 16.8 16.8 -9999.0 -9999.0 -9999.0 -9999.0 -9999.0 -9999.0 -9999.0 -9999.0 -9999.0 -9999.0 -9999.0 nan nan nan nan nan nan nan nan nan nan nan nan nan nan nan nan nan nan nan nan nan nan
nan nan nan nan nan nan nan nan nan nan nan nan nan nan nan nan nan nan nan nan nan nan nan nan nan nan nan nan nan nan nan nan nan 15.6 15.8 16.0 15.9 nan nan nan 14.7 8.6 9.2 14.3 nan nan 15.4 15.3 15.2 15.1 15.2 15.3 15.4 15.6 15.9 16.4 16.9 17.2 -9999.0 -9999.0 -9999.0 -9999.0 -9999.0 -9999.0 -9999.0 -9999.0 -9999.0 -9999.0 nan nan nan nan nan nan nan nan nan nan nan nan nan nan nan nan nan nan nan nan nan nan nan
