data/output/RUN203/ECOSPACE/ECOSPACE_in_PAR3/PAR-VarZ-VarK/PAR-VarZ-VarK_1992_05.asc
ncols        93
nrows        151 
xllcorner    -123.80739
yllcorner    48.29471 
cellsize     0.013497347 
NODATA_value  0.0
[rows 80 to 119 of 151, columns 0 to 89 of 93]
nan nan nan nan nan nan nan nan nan nan nan nan nan nan nan nan nan nan nan nan nan nan nan 36.4 36.2 35.3 37.1 37.0 35.8 34.5 33.3 32.3 31.4 30.7 30.1 29.7 29.4 29.2 28.9 28.8 28.6 28.6 28.5 28.3 28.1 27.8 27.5 27.2 26.7 26.2 25.4 24.6 23.8 23.2 nan nan nan nan nan nan nan nan nan nan nan nan 19.2 19.5 19.7 19.9 nan 19.4 19.4 19.4 19.5 19.7 19.7 19.5 19.4 19.8 20.4 20.6 20.4 nan nan nan nan nan nan nan
nan nan nan nan nan nan nan nan nan nan nan nan nan nan nan nan nan nan nan nan nan nan nan nan nan nan 37.4 37.2 36.4 35.3 34.1 33.0 32.0 31.1 30.4 29.9 29.5 29.2 28.9 28.6 28.5 28.4 28.3 28.1 27.9 27.6 27.4 27.2 26.8 26.3 25.6 24.8 24.1 23.5 22.7 nan nan nan nan nan nan nan nan nan nan nan 19.7 19.8 nan nan nan nan nan 19.6 19.8 20.0 nan 19.6 19.9 20.5 21.1 21.3 nan nan nan nan nan nan nan nan
nan nan nan nan nan nan nan nan nan nan nan nan nan nan nan nan nan nan nan nan nan nan nan nan nan nan nan 37.0 36.6 35.9 34.9 33.7 32.6 31.6 30.8 30.2 29.7 29.3 28.9 28.6 28.4 28.2 28.1 27.9 27.7 27.4 27.3 27.1 26.8 26.4 25.9 25.1 24.3 23.6 23.0 22.5 nan nan nan nan nan nan nan nan nan 19.6 20.2 nan nan nan nan nan nan 19.6 19.9 20.0 nan 20.0 20.6 21.1 21.5 nan nan nan nan nan nan nan nan nan
nan nan nan nan nan nan nan nan nan nan nan nan nan nan nan nan nan nan nan nan nan nan nan nan nan nan nan nan 34.5 35.7 35.5 34.5 33.3 32.3 31.4 30.5 29.9 29.5 29.1 28.7 28.4 28.1 27.9 27.6 27.4 27.2 27.0 26.9 26.6 26.3 25.9 25.2 24.6 23.9 23.3 22.8 22.3 nan nan nan nan nan nan nan nan 19.7 20.2 nan nan nan nan nan nan 19.7 20.0 20.2 20.9 21.5 21.4 21.4 nan nan nan nan nan nan nan nan nan nan
nan nan nan nan nan nan nan nan nan nan nan nan nan nan nan nan nan nan nan nan nan nan nan nan nan nan nan nan nan 16.9 36.0 35.2 34.0 32.9 31.9 31.0 30.3 29.7 29.2 28.8 28.4 28.0 27.8 27.4 27.1 26.9 26.7 26.5 26.4 26.1 25.9 25.5 24.9 24.3 23.6 23.0 22.5 22.1 nan nan nan nan nan nan 19.6 19.9 20.2 nan 20.6 20.6 20.8 nan nan 19.8 20.2 20.8 21.5 22.4 nan nan nan nan nan nan nan nan nan nan nan nan
nan nan nan nan nan nan nan nan nan nan nan nan nan nan nan nan nan nan nan nan nan nan nan nan nan nan nan nan nan nan 17.5 35.3 34.6 33.6 32.6 31.6 30.8 30.1 29.5 29.0 28.5 28.0 27.6 27.3 26.9 26.7 26.4 26.2 26.0 25.9 25.8 25.5 25.2 24.7 24.1 23.4 22.9 22.4 nan nan nan nan nan 19.8 20.0 20.2 20.5 20.6 20.6 20.6 20.7 13.2 nan 20.0 20.6 21.1 21.8 22.2 nan nan nan nan nan nan nan nan nan nan nan nan
nan nan nan nan nan nan nan nan nan nan nan nan nan nan nan nan nan nan nan nan nan nan nan nan nan nan nan nan nan nan nan 32.2 34.5 34.2 33.2 32.3 31.3 30.5 29.8 29.1 28.6 28.0 27.6 27.2 26.9 26.5 26.2 26.0 25.8 25.8 25.8 25.7 25.5 25.1 24.5 23.9 23.4 23.0 22.3 nan nan 20.3 20.7 20.6 20.5 20.7 20.9 21.0 20.9 20.9 20.9 nan nan 20.5 21.0 21.5 22.1 22.2 nan nan nan nan nan nan nan nan nan nan nan nan
nan nan nan nan nan nan nan nan nan nan nan nan nan nan nan nan nan nan nan nan nan nan nan nan nan nan nan nan nan nan nan nan 34.7 34.3 33.6 32.8 31.8 30.9 30.1 29.4 28.7 28.1 27.6 27.2 26.8 26.4 26.1 25.9 25.7 25.7 25.8 25.8 25.6 25.3 24.9 24.4 23.9 23.5 23.2 22.3 21.8 21.6 21.5 nan 21.1 21.4 21.7 21.9 21.9 21.8 21.6 21.3 21.3 21.4 21.5 21.8 22.1 nan nan nan nan nan nan nan nan nan nan nan nan nan
nan nan nan nan nan nan nan nan nan nan nan nan nan nan nan nan nan nan nan nan nan nan nan nan nan nan nan nan nan nan 34.0 34.3 34.6 34.2 33.7 33.1 32.1 31.2 30.4 29.6 29.0 28.4 27.7 27.2 26.8 26.4 26.0 25.8 25.6 25.6 25.7 25.7 25.7 25.5 25.2 24.9 24.4 24.0 23.6 23.1 22.7 22.3 22.2 22.3 22.3 22.5 22.9 23.0 22.9 22.9 22.3 21.8 21.7 21.7 21.8 22.1 22.1 nan nan nan nan nan nan nan nan nan nan nan nan nan
nan nan nan nan nan nan nan nan nan nan nan nan nan nan nan nan nan nan nan nan nan nan nan nan nan nan nan nan nan nan nan nan 34.0 33.9 33.5 33.0 32.4 31.6 30.7 29.9 29.2 28.6 27.8 27.3 26.8 26.3 26.0 25.7 25.5 25.6 25.7 25.8 25.8 25.7 25.6 25.3 25.0 24.7 24.3 23.8 23.4 23.2 23.2 23.2 23.0 23.0 23.2 nan nan nan 22.4 22.1 21.9 21.8 21.9 22.0 nan nan nan nan nan nan nan nan nan nan nan nan nan nan
nan nan nan nan nan nan nan nan nan nan nan nan nan nan nan nan nan nan nan nan nan nan nan nan nan nan nan nan nan nan 18.8 17.0 33.5 33.6 33.5 33.2 32.6 32.0 31.2 30.4 29.5 28.8 27.9 27.3 26.8 26.3 25.9 25.6 25.5 25.6 25.8 25.9 26.0 26.0 26.0 25.9 25.6 25.3 24.8 24.3 23.9 23.7 23.6 23.5 nan nan nan nan nan nan nan 22.3 22.0 21.9 21.9 21.8 nan nan nan nan nan nan nan nan nan nan nan nan nan nan
nan nan nan nan nan nan nan nan nan nan nan nan nan nan nan nan nan nan nan nan nan nan nan nan nan nan nan nan nan nan 17.9 33.1 33.7 33.9 33.5 18.9 32.9 32.5 31.6 30.8 29.9 29.1 28.2 27.5 26.9 26.3 25.9 25.6 25.4 25.6 25.8 26.0 26.2 26.3 26.3 26.2 26.1 25.8 25.3 24.8 24.3 24.0 23.7 nan nan nan nan nan nan 21.7 21.9 22.1 21.9 21.8 21.7 nan nan nan nan nan nan nan nan nan nan nan nan nan nan nan
nan nan nan nan nan nan nan nan nan nan nan nan nan nan nan nan nan nan nan nan nan nan nan nan nan nan nan nan nan nan 18.9 31.8 33.8 34.2 nan nan nan 31.9 31.6 30.9 30.1 29.4 28.6 27.7 27.1 26.5 26.0 25.6 25.5 25.6 25.9 26.1 26.3 26.5 26.6 26.6 26.5 26.1 25.7 25.2 24.6 24.2 24.0 nan nan nan nan nan 21.8 21.8 21.7 21.7 21.6 21.5 nan nan nan nan nan nan nan nan nan nan nan nan nan nan nan nan
nan nan nan nan nan nan nan nan nan nan nan nan nan nan nan nan nan nan nan nan nan nan nan nan nan nan nan nan nan nan 18.7 16.8 33.7 34.0 nan nan nan 30.0 31.3 30.9 30.3 29.7 29.0 28.1 27.4 26.7 26.1 25.7 25.6 25.7 25.9 26.2 26.5 26.7 26.9 26.9 26.8 26.5 26.1 25.6 25.0 24.6 24.2 23.1 22.6 nan 21.7 21.8 21.8 21.6 21.5 21.3 nan nan nan nan nan nan nan nan nan nan nan nan nan nan nan nan nan nan
nan nan nan nan nan nan nan nan nan nan nan nan nan nan nan nan nan nan nan nan nan nan nan nan nan nan nan nan nan nan nan nan 33.3 28.8 nan nan nan nan 30.8 30.8 30.6 30.0 29.4 28.5 27.8 27.1 26.5 26.0 25.8 25.9 26.1 26.4 26.8 27.0 27.2 27.2 27.1 26.8 26.4 26.0 25.4 24.9 24.3 23.7 23.2 22.6 22.2 21.9 21.6 21.4 21.1 nan nan nan nan nan nan nan nan nan nan nan nan nan nan nan nan nan nan nan
nan nan nan nan nan nan nan nan nan nan nan nan nan nan nan nan nan nan nan nan nan nan nan nan nan nan nan nan nan nan nan nan nan 27.1 15.4 nan nan nan 17.0 31.1 31.0 30.4 29.7 29.0 28.3 27.5 26.9 26.4 26.1 26.2 26.4 26.8 27.2 27.5 27.6 27.6 27.5 27.2 26.8 26.4 25.8 25.3 24.7 24.0 23.5 22.8 22.2 21.8 21.5 21.2 20.8 nan nan nan nan nan nan nan nan nan nan nan nan nan nan nan nan nan nan nan
nan nan nan nan nan nan nan nan nan nan nan nan nan nan nan nan nan nan nan nan nan nan nan nan nan nan nan nan nan nan nan nan nan nan 17.4 28.3 nan nan nan nan 31.0 31.0 30.1 29.5 28.7 28.0 27.3 26.8 26.5 26.5 26.7 27.1 27.5 27.8 28.0 27.9 27.8 27.6 27.2 26.7 26.3 25.8 25.2 24.4 23.7 23.0 22.3 21.8 21.4 21.1 20.8 20.5 nan nan nan nan nan nan nan nan nan nan nan nan nan nan nan nan nan nan
nan nan nan nan nan nan nan nan nan nan nan nan nan nan nan nan nan nan nan nan nan nan nan nan nan nan nan nan nan nan nan nan nan nan nan 22.1 19.1 nan nan nan nan 29.9 30.5 29.7 29.0 28.3 27.7 27.2 26.9 26.8 27.0 27.4 27.8 28.1 28.3 28.2 28.0 27.7 27.3 26.9 26.5 26.0 25.4 24.6 23.8 23.0 22.3 21.8 21.3 21.0 20.7 20.7 20.5 12.9 nan nan nan nan nan nan nan nan nan nan nan nan nan nan nan nan
nan nan nan nan nan nan nan nan nan nan nan nan nan nan nan nan nan nan nan nan nan nan nan nan nan nan nan nan nan nan nan nan nan nan 18.7 25.2 31.1 31.1 nan 19.1 nan 27.2 30.2 29.6 28.9 28.4 27.9 27.5 27.2 27.1 27.2 27.6 28.0 28.3 28.5 28.4 28.3 27.9 27.4 27.0 26.5 26.0 25.4 24.6 23.7 22.9 22.2 21.7 21.2 20.9 20.6 20.6 20.5 20.4 nan nan nan nan nan nan nan nan nan nan nan nan nan nan nan nan
nan nan nan nan nan nan nan nan nan nan nan nan nan nan nan nan nan nan nan nan nan nan nan nan nan nan nan nan nan nan nan nan nan nan 31.0 31.1 31.4 30.9 24.1 27.1 28.4 25.3 29.9 29.3 28.8 28.4 27.9 27.5 27.3 27.2 27.4 27.7 28.1 28.4 28.5 28.5 28.4 27.9 27.4 26.9 26.4 25.7 25.0 24.2 23.4 22.5 21.2 20.2 19.5 20.6 20.6 20.6 20.5 20.5 20.6 nan nan nan nan nan nan nan nan nan nan nan nan nan nan nan
nan nan nan nan nan nan nan nan nan nan nan nan nan nan nan nan nan nan nan nan nan nan nan nan nan nan nan nan nan nan nan nan nan nan 31.0 31.1 31.3 31.7 32.3 nan 28.9 28.6 29.8 29.3 28.8 28.3 27.9 27.5 27.4 27.3 27.5 27.8 28.1 28.4 28.5 28.5 28.4 27.9 27.4 26.9 26.2 25.5 -9999.0 -9999.0 -9999.0 -9999.0 -9999.0 -9999.0 -9999.0 13.7 20.6 20.4 20.6 20.3 20.4 nan nan nan nan nan nan nan nan nan nan nan nan nan nan -9999.0
nan nan nan nan nan nan nan nan nan nan nan nan nan nan nan nan nan nan nan nan nan nan nan nan nan nan nan nan nan nan nan nan nan nan 30.7 30.9 31.1 31.1 31.4 nan nan 29.7 29.5 29.0 28.6 28.2 27.9 27.6 27.4 27.4 27.5 27.7 28.0 28.3 28.5 28.6 28.4 27.9 27.4 26.8 26.0 -9999.0 -9999.0 -9999.0 -9999.0 -9999.0 -9999.0 -9999.0 -9999.0 nan 16.0 20.1 20.5 19.8 nan nan nan nan nan nan nan nan nan nan nan nan nan nan nan -9999.0
nan nan nan nan nan nan nan nan nan nan nan nan nan nan nan nan nan nan nan nan nan nan nan nan nan nan nan nan nan nan nan nan nan nan 30.4 30.5 30.5 30.8 31.6 nan 24.8 27.6 29.2 28.9 28.3 28.1 27.8 27.6 27.4 27.4 27.4 27.6 27.9 28.2 28.4 28.6 28.4 27.9 27.4 26.7 25.9 -9999.0 -9999.0 -9999.0 -9999.0 -9999.0 -9999.0 -9999.0 -9999.0 -9999.0 -9999.0 nan 13.2 13.3 nan nan nan nan nan nan nan nan nan nan nan nan nan nan nan -9999.0
nan nan nan nan nan nan nan nan nan nan nan nan nan nan nan nan nan nan nan nan nan nan nan nan nan nan nan nan nan nan nan nan nan nan 30.1 30.2 30.6 31.4 28.8 19.9 28.0 24.9 29.3 28.8 28.3 28.0 27.8 27.6 27.5 27.4 27.4 27.5 27.8 28.1 28.4 28.5 28.4 28.0 27.4 26.6 -9999.0 -9999.0 -9999.0 -9999.0 -9999.0 -9999.0 -9999.0 -9999.0 -9999.0 -9999.0 -9999.0 nan nan nan nan nan nan nan nan nan nan nan nan nan nan nan nan nan nan -9999.0
nan nan nan nan nan nan nan nan nan nan nan nan nan nan nan nan nan nan nan nan nan nan nan nan nan nan nan nan nan nan nan nan 29.1 29.7 30.2 30.8 31.5 32.3 33.2 31.3 nan 30.3 29.3 28.8 28.3 28.1 27.8 27.6 27.5 27.4 27.4 27.5 27.7 28.0 28.3 28.5 28.4 28.0 27.5 -9999.0 -9999.0 -9999.0 -9999.0 -9999.0 -9999.0 -9999.0 -9999.0 -9999.0 -9999.0 -9999.0 -9999.0 -9999.0 nan nan nan nan nan nan nan nan nan nan nan nan nan nan nan nan nan -9999.0
nan nan nan nan nan nan nan nan nan nan nan nan nan nan nan nan nan nan nan nan nan nan nan nan nan nan nan nan nan 19.1 nan nan 30.3 30.6 30.8 31.3 32.2 33.1 34.1 nan nan 29.3 29.0 28.6 28.4 28.1 27.8 27.6 27.5 27.4 27.4 27.5 27.6 27.9 28.2 28.4 28.3 28.1 27.6 -9999.0 -9999.0 -9999.0 -9999.0 -9999.0 -9999.0 -9999.0 -9999.0 -9999.0 -9999.0 -9999.0 -9999.0 -9999.0 -9999.0 -9999.0 nan nan nan nan nan nan nan nan nan nan nan nan nan nan nan -9999.0
nan nan nan nan nan nan nan nan nan nan nan nan nan nan nan nan nan nan nan nan nan nan nan nan nan nan nan nan nan 16.3 16.2 nan 30.8 31.4 29.8 28.2 31.4 33.0 33.4 32.2 nan 29.3 29.3 29.0 28.7 28.3 28.0 27.7 27.6 27.5 27.5 27.4 27.6 27.8 28.1 28.2 28.3 28.2 -9999.0 -9999.0 -9999.0 -9999.0 -9999.0 -9999.0 -9999.0 -9999.0 -9999.0 -9999.0 -9999.0 -9999.0 -9999.0 -9999.0 -9999.0 -9999.0 -9999.0 nan nan nan nan nan nan nan nan nan nan nan nan nan nan -9999.0
nan nan nan nan nan nan nan nan nan nan nan nan nan nan nan nan nan nan nan nan nan nan nan nan nan nan nan nan nan 17.1 30.6 30.7 31.4 32.1 33.0 nan 17.3 32.5 32.8 33.0 nan 29.3 30.1 29.6 29.0 28.6 28.2 27.9 27.7 27.5 27.5 27.4 27.5 27.8 28.0 28.1 28.4 28.3 -9999.0 -9999.0 -9999.0 -9999.0 -9999.0 -9999.0 -9999.0 -9999.0 -9999.0 -9999.0 -9999.0 -9999.0 -9999.0 -9999.0 -9999.0 -9999.0 -9999.0 -9999.0 nan nan nan nan nan nan nan nan nan nan nan nan nan -9999.0
nan nan nan nan nan nan nan nan nan nan nan nan nan nan nan nan nan nan nan nan nan nan nan nan nan nan nan nan nan nan 30.0 30.6 31.6 32.6 32.4 nan nan 32.0 32.2 33.2 nan 26.2 28.4 29.9 29.3 28.7 28.3 28.0 27.8 27.6 27.5 27.4 27.5 27.7 27.9 28.0 28.3 28.2 -9999.0 -9999.0 -9999.0 -9999.0 -9999.0 -9999.0 -9999.0 -9999.0 -9999.0 -9999.0 -9999.0 -9999.0 -9999.0 -9999.0 -9999.0 -9999.0 -9999.0 -9999.0 -9999.0 nan nan nan nan nan nan nan nan nan nan nan nan -9999.0
nan nan nan nan nan nan nan nan nan nan nan nan nan nan nan nan nan nan nan nan nan nan nan nan nan nan nan nan nan nan 27.4 30.7 31.7 32.8 29.7 nan 19.2 25.5 28.2 17.2 26.0 21.5 24.3 29.5 29.3 28.8 28.3 28.0 27.8 27.6 27.5 27.4 27.5 27.7 28.0 28.2 27.9 26.4 -9999.0 -9999.0 -9999.0 -9999.0 -9999.0 -9999.0 -9999.0 -9999.0 -9999.0 -9999.0 -9999.0 -9999.0 -9999.0 -9999.0 -9999.0 -9999.0 -9999.0 -9999.0 -9999.0 -9999.0 nan nan nan nan nan nan nan nan nan nan nan -9999.0
nan nan nan nan nan nan nan nan nan nan nan nan nan nan nan nan nan nan nan nan nan nan nan nan nan nan nan nan nan nan 27.8 30.2 31.8 32.6 32.3 19.3 nan 28.5 22.8 16.7 21.8 nan 29.6 29.7 29.2 28.7 28.3 28.0 27.8 27.6 27.5 27.4 27.5 27.7 28.0 28.2 26.6 19.8 -9999.0 -9999.0 -9999.0 -9999.0 -9999.0 -9999.0 -9999.0 -9999.0 -9999.0 -9999.0 -9999.0 -9999.0 -9999.0 -9999.0 -9999.0 -9999.0 -9999.0 -9999.0 -9999.0 -9999.0 -9999.0 -9999.0 nan nan nan nan nan nan nan nan nan -9999.0
nan nan nan nan nan nan nan nan nan nan nan nan nan nan nan nan nan nan nan nan nan nan nan nan nan nan nan nan nan nan nan 30.7 31.4 32.3 33.2 nan nan 22.6 22.0 19.6 nan nan 29.4 29.1 28.9 28.6 28.2 27.9 27.7 27.5 27.5 27.5 27.6 27.8 28.2 28.6 27.1 22.5 -9999.0 -9999.0 -9999.0 -9999.0 -9999.0 -9999.0 -9999.0 -9999.0 -9999.0 -9999.0 -9999.0 nan nan nan -9999.0 -9999.0 -9999.0 -9999.0 -9999.0 -9999.0 -9999.0 -9999.0 -9999.0 -9999.0 -9999.0 -9999.0 -9999.0 nan nan nan -9999.0 -9999.0
nan nan nan nan nan nan nan nan nan nan nan nan nan nan nan nan nan nan nan nan nan nan nan nan nan nan nan nan nan nan nan 29.9 31.0 32.0 33.1 nan 17.6 20.8 29.3 17.9 nan nan 29.0 29.0 28.7 28.4 28.1 27.8 27.6 27.5 27.5 27.5 27.7 28.0 28.4 29.1 29.0 24.3 -9999.0 -9999.0 -9999.0 -9999.0 -9999.0 -9999.0 -9999.0 -9999.0 -9999.0 -9999.0 -9999.0 nan nan nan nan nan -9999.0 -9999.0 -9999.0 -9999.0 -9999.0 -9999.0 -9999.0 -9999.0 -9999.0 -9999.0 -9999.0 -9999.0 -9999.0 -9999.0 -9999.0 -9999.0
nan nan nan nan nan nan nan nan nan nan nan nan nan nan nan nan nan nan nan nan nan nan nan nan nan nan nan nan nan nan nan 18.9 30.7 31.9 33.1 32.1 27.6 23.2 19.0 15.4 18.6 nan 28.6 28.7 28.5 28.3 27.9 27.6 27.5 27.5 27.5 27.6 27.9 28.2 28.7 29.4 29.5 22.5 -9999.0 -9999.0 -9999.0 -9999.0 -9999.0 -9999.0 -9999.0 -9999.0 -9999.0 -9999.0 -9999.0 -9999.0 -9999.0 -9999.0 -9999.0 -9999.0 -9999.0 -9999.0 -9999.0 -9999.0 -9999.0 -9999.0 -9999.0 -9999.0 -9999.0 -9999.0 -9999.0 -9999.0 -9999.0 -9999.0 -9999.0 -9999.0
nan nan nan nan nan nan nan nan nan nan nan nan nan nan nan nan nan nan nan nan nan nan nan nan nan nan nan nan nan nan nan 18.8 30.3 31.9 33.2 34.0 34.5 nan 21.0 24.0 15.2 nan 28.4 28.5 28.5 28.2 27.9 27.6 27.5 27.4 27.5 27.7 28.0 28.4 29.0 29.6 29.8 23.3 -9999.0 -9999.0 -9999.0 -9999.0 -9999.0 -9999.0 -9999.0 -9999.0 -9999.0 -9999.0 -9999.0 -9999.0 -9999.0 -9999.0 -9999.0 -9999.0 -9999.0 -9999.0 -9999.0 -9999.0 -9999.0 -9999.0 -9999.0 -9999.0 -9999.0 -9999.0 -9999.0 -9999.0 -9999.0 -9999.0 -9999.0 -9999.0
nan nan nan nan nan nan nan nan nan nan nan nan nan nan nan nan nan nan nan nan nan nan nan nan nan nan nan nan nan nan nan 18.8 28.4 31.5 33.0 33.9 34.2 nan nan 21.9 18.2 nan nan 28.5 28.5 28.1 27.9 27.6 27.5 27.5 27.6 27.8 28.1 28.6 29.1 29.8 30.0 21.2 -9999.0 -9999.0 -9999.0 -9999.0 -9999.0 -9999.0 -9999.0 -9999.0 -9999.0 -9999.0 -9999.0 -9999.0 -9999.0 -9999.0 -9999.0 -9999.0 -9999.0 -9999.0 -9999.0 -9999.0 -9999.0 -9999.0 -9999.0 -9999.0 -9999.0 -9999.0 -9999.0 -9999.0 -9999.0 -9999.0 -9999.0 -9999.0
nan nan nan nan nan nan nan nan nan nan nan nan nan nan nan nan nan nan nan nan nan nan nan nan nan nan nan nan nan nan nan nan 18.0 31.6 32.9 33.9 nan nan nan 23.4 17.2 18.5 nan nan 27.8 27.9 27.7 27.6 27.5 27.5 27.7 27.9 28.3 28.7 29.4 30.1 30.8 28.3 -9999.0 -9999.0 -9999.0 -9999.0 -9999.0 -9999.0 -9999.0 -9999.0 -9999.0 -9999.0 -9999.0 -9999.0 -9999.0 -9999.0 -9999.0 -9999.0 -9999.0 -9999.0 -9999.0 -9999.0 -9999.0 -9999.0 -9999.0 -9999.0 nan nan nan -9999.0 -9999.0 -9999.0 -9999.0 -9999.0
nan nan nan nan nan nan nan nan nan nan nan nan nan nan nan nan nan nan nan nan nan nan nan nan nan nan nan nan nan nan nan nan 29.9 31.2 32.6 34.0 nan nan nan nan 19.1 18.6 30.2 nan 26.9 27.7 27.8 27.5 27.5 27.5 27.7 28.0 28.4 28.9 29.6 30.5 31.2 30.5 -9999.0 -9999.0 -9999.0 -9999.0 -9999.0 -9999.0 -9999.0 -9999.0 -9999.0 -9999.0 -9999.0 -9999.0 -9999.0 -9999.0 -9999.0 -9999.0 -9999.0 -9999.0 -9999.0 -9999.0 -9999.0 -9999.0 nan nan nan nan nan nan nan nan -9999.0 -9999.0
nan nan nan nan nan nan nan nan nan nan nan nan nan nan nan nan nan nan nan nan nan nan nan nan nan nan nan nan nan nan nan nan nan 31.4 32.8 34.2 nan nan nan nan 24.7 20.5 25.4 22.1 nan 27.8 28.0 27.5 27.5 27.5 27.7 28.0 28.7 29.2 29.9 30.9 31.8 32.3 -9999.0 -9999.0 -9999.0 -9999.0 -9999.0 -9999.0 -9999.0 -9999.0 -9999.0 -9999.0 -9999.0 nan nan nan nan nan nan nan nan nan nan nan nan nan nan nan nan nan nan nan nan nan
nan nan nan nan nan nan nan nan nan nan nan nan nan nan nan nan nan nan nan nan nan nan nan nan nan nan nan nan nan nan nan nan nan 31.5 32.9 34.5 34.7 nan nan nan 32.4 21.6 22.5 32.0 nan nan 27.4 27.4 27.4 27.5 27.7 28.1 28.8 29.4 30.2 31.3 32.3 33.2 -9999.0 -9999.0 -9999.0 -9999.0 -9999.0 -9999.0 -9999.0 -9999.0 -9999.0 -9999.0 nan nan nan nan nan nan nan nan nan nan nan nan nan nan nan nan nan nan nan nan nan nan
