data/output/RUN203/ECOSPACE/ECOSPACE_in_PAR3/PAR-VarZ-VarK/PAR-VarZ-VarK_1979_08.asc
ncols        93
nrows        151 
xllcorner    -123.80739
yllcorner    48.29471 
cellsize     0.013497347 
NODATA_value  0.0
[rows 80 to 119 of 151, columns 0 to 89 of 93]
nan nan nan nan nan nan nan nan nan nan nan nan nan nan nan nan nan nan nan nan nan nan nan 30.8 29.8 31.5 32.8 32.9 32.7 32.3 31.8 31.2 30.6 30.0 29.4 28.8 28.2 27.9 27.7 27.7 27.6 27.5 27.4 27.2 27.0 26.6 26.3 25.8 25.1 24.2 23.3 22.3 21.3 20.6 nan nan nan nan nan nan nan nan nan nan nan nan 16.5 16.7 16.8 16.8 nan 16.5 16.4 16.3 16.3 16.3 16.2 15.9 15.8 15.9 16.3 16.4 16.3 nan nan nan nan nan nan nan
nan nan nan nan nan nan nan nan nan nan nan nan nan nan nan nan nan nan nan nan nan nan nan nan nan nan 32.7 32.9 32.9 32.6 32.2 31.6 30.9 30.2 29.6 28.9 28.3 28.0 27.8 27.8 27.8 27.6 27.5 27.3 27.1 26.9 26.6 26.2 25.7 24.9 24.0 23.0 22.0 21.1 20.1 nan nan nan nan nan nan nan nan nan nan nan 16.9 16.9 nan nan nan nan nan 16.5 16.5 16.5 nan 16.0 16.1 16.3 16.6 16.8 nan nan nan nan nan nan nan nan
nan nan nan nan nan nan nan nan nan nan nan nan nan nan nan nan nan nan nan nan nan nan nan nan nan nan nan 32.8 32.8 32.8 32.4 31.8 31.2 30.5 29.9 29.2 28.5 28.1 27.9 27.9 27.8 27.7 27.6 27.4 27.3 27.1 26.9 26.6 26.2 25.6 24.8 23.9 22.7 21.6 20.6 19.8 nan nan nan nan nan nan nan nan nan 16.9 17.3 nan nan nan nan nan nan 16.5 16.5 16.5 nan 16.3 16.5 16.7 16.9 nan nan nan nan nan nan nan nan nan
nan nan nan nan nan nan nan nan nan nan nan nan nan nan nan nan nan nan nan nan nan nan nan nan nan nan nan nan 31.2 32.5 32.7 32.2 31.5 30.8 30.1 29.4 28.8 28.3 28.0 27.9 27.8 27.7 27.6 27.5 27.4 27.3 27.1 26.9 26.6 26.1 25.5 24.6 23.5 22.3 21.3 20.4 19.7 nan nan nan nan nan nan nan nan 17.0 17.3 nan nan nan nan nan nan 16.6 16.6 16.7 16.9 17.2 17.0 16.9 nan nan nan nan nan nan nan nan nan nan
nan nan nan nan nan nan nan nan nan nan nan nan nan nan nan nan nan nan nan nan nan nan nan nan nan nan nan nan nan 15.8 33.0 32.6 31.9 31.1 30.4 29.7 29.0 28.5 28.1 27.9 27.8 27.6 27.5 27.4 27.4 27.4 27.3 27.1 26.9 26.5 26.0 25.3 24.3 23.2 22.0 21.0 20.2 19.6 nan nan nan nan nan nan 17.0 17.2 17.4 nan 17.5 17.4 17.4 nan nan 16.7 16.8 17.0 17.2 17.6 nan nan nan nan nan nan nan nan nan nan nan nan
nan nan nan nan nan nan nan nan nan nan nan nan nan nan nan nan nan nan nan nan nan nan nan nan nan nan nan nan nan nan 16.3 32.6 32.1 31.4 30.7 30.1 29.4 28.8 28.3 28.0 27.8 27.6 27.5 27.3 27.3 27.3 27.3 27.1 26.9 26.7 26.3 25.8 25.0 23.9 22.9 21.8 21.0 20.4 nan nan nan nan nan 17.2 17.3 17.5 17.6 17.6 17.6 17.5 17.4 11.4 nan 16.8 17.0 17.2 17.4 17.5 nan nan nan nan nan nan nan nan nan nan nan nan
nan nan nan nan nan nan nan nan nan nan nan nan nan nan nan nan nan nan nan nan nan nan nan nan nan nan nan nan nan nan nan 30.3 32.0 31.8 31.1 30.5 29.8 29.1 28.5 28.1 27.9 27.7 27.5 27.3 27.2 27.2 27.2 27.1 26.9 26.8 26.6 26.2 25.6 24.7 23.6 22.6 21.8 21.0 19.9 nan nan 17.7 17.9 17.8 17.7 17.8 17.9 17.9 17.8 17.7 17.5 nan nan 17.1 17.2 17.4 17.6 17.6 nan nan nan nan nan nan nan nan nan nan nan nan
nan nan nan nan nan nan nan nan nan nan nan nan nan nan nan nan nan nan nan nan nan nan nan nan nan nan nan nan nan nan nan nan 32.3 32.0 31.4 30.8 30.1 29.4 28.7 28.2 27.9 27.7 27.5 27.2 27.1 27.1 27.1 27.0 26.9 26.8 26.7 26.5 26.0 25.3 24.3 23.3 22.3 21.4 20.6 19.4 18.8 18.6 18.5 nan 18.1 18.3 18.4 18.5 18.4 18.2 18.0 17.7 17.6 17.6 17.5 17.6 17.7 nan nan nan nan nan nan nan nan nan nan nan nan nan
nan nan nan nan nan nan nan nan nan nan nan nan nan nan nan nan nan nan nan nan nan nan nan nan nan nan nan nan nan nan 31.7 32.0 32.1 32.0 31.6 31.1 30.4 29.5 28.8 28.3 28.0 27.8 27.5 27.3 27.1 27.0 27.0 27.0 27.0 26.9 26.8 26.6 26.3 25.8 25.0 24.1 23.1 22.1 21.2 20.3 19.8 19.4 19.1 19.0 18.9 19.0 19.1 19.1 19.0 19.0 18.6 18.2 18.0 17.8 17.8 17.8 17.7 nan nan nan nan nan nan nan nan nan nan nan nan nan
nan nan nan nan nan nan nan nan nan nan nan nan nan nan nan nan nan nan nan nan nan nan nan nan nan nan nan nan nan nan nan nan 31.8 31.7 31.5 31.1 30.5 29.8 29.2 28.6 28.2 27.9 27.6 27.4 27.1 27.0 27.0 27.0 27.0 26.9 26.8 26.6 26.5 26.1 25.6 24.9 24.0 23.0 22.1 21.3 20.6 20.1 19.9 19.7 19.5 19.3 19.4 nan nan nan 18.8 18.5 18.2 18.0 17.9 17.9 nan nan nan nan nan nan nan nan nan nan nan nan nan nan
nan nan nan nan nan nan nan nan nan nan nan nan nan nan nan nan nan nan nan nan nan nan nan nan nan nan nan nan nan nan 17.6 15.9 31.5 31.4 31.2 31.0 30.5 30.2 29.7 29.1 28.6 28.1 27.8 27.5 27.2 27.0 27.0 27.0 27.0 27.0 26.8 26.7 26.6 26.4 26.0 25.5 24.8 23.9 23.0 22.1 21.4 20.8 20.4 20.1 nan nan nan nan nan nan nan 18.6 18.2 18.0 17.9 17.8 nan nan nan nan nan nan nan nan nan nan nan nan nan nan
nan nan nan nan nan nan nan nan nan nan nan nan nan nan nan nan nan nan nan nan nan nan nan nan nan nan nan nan nan nan 16.9 30.7 31.3 31.4 31.2 17.6 30.7 30.9 30.2 29.6 29.0 28.5 28.0 27.6 27.3 27.1 27.0 27.0 27.0 27.0 26.9 26.8 26.7 26.6 26.3 26.0 25.4 24.6 23.8 22.9 22.0 21.3 20.6 nan nan nan nan nan nan 18.4 18.5 18.5 18.2 17.9 17.8 nan nan nan nan nan nan nan nan nan nan nan nan nan nan nan
nan nan nan nan nan nan nan nan nan nan nan nan nan nan nan nan nan nan nan nan nan nan nan nan nan nan nan nan nan nan 17.6 30.0 31.1 31.6 nan nan nan 30.3 30.5 29.9 29.4 28.9 28.4 27.9 27.5 27.2 27.1 27.0 27.0 27.0 26.9 26.9 26.8 26.8 26.6 26.3 25.9 25.2 24.4 23.5 22.6 21.8 21.0 nan nan nan nan nan 18.6 18.5 18.3 18.1 18.0 17.8 nan nan nan nan nan nan nan nan nan nan nan nan nan nan nan nan
nan nan nan nan nan nan nan nan nan nan nan nan nan nan nan nan nan nan nan nan nan nan nan nan nan nan nan nan nan nan 17.6 15.9 31.8 31.9 nan nan nan 28.0 30.0 30.0 29.6 29.2 28.7 28.3 27.8 27.5 27.2 27.1 27.1 27.0 27.0 26.9 26.9 26.9 26.8 26.6 26.3 25.8 25.0 24.1 23.2 22.2 21.3 20.0 19.5 nan 18.7 18.7 18.6 18.4 18.1 17.9 nan nan nan nan nan nan nan nan nan nan nan nan nan nan nan nan nan nan
nan nan nan nan nan nan nan nan nan nan nan nan nan nan nan nan nan nan nan nan nan nan nan nan nan nan nan nan nan nan nan nan 31.9 27.9 nan nan nan nan 29.2 29.8 29.8 29.5 29.1 28.6 28.0 27.7 27.4 27.2 27.1 27.1 27.0 26.9 27.0 27.0 27.0 26.9 26.7 26.3 25.6 24.8 23.8 22.8 21.8 20.8 20.2 19.6 19.2 18.8 18.5 18.2 17.9 nan nan nan nan nan nan nan nan nan nan nan nan nan nan nan nan nan nan nan
nan nan nan nan nan nan nan nan nan nan nan nan nan nan nan nan nan nan nan nan nan nan nan nan nan nan nan nan nan nan nan nan nan 25.9 13.4 nan nan nan 16.0 29.8 30.0 29.8 29.3 28.8 28.3 27.9 27.6 27.4 27.3 27.2 27.1 27.0 27.0 27.1 27.1 27.1 27.0 26.8 26.2 25.4 24.5 23.5 22.5 21.5 20.7 20.0 19.4 18.9 18.5 18.2 17.9 nan nan nan nan nan nan nan nan nan nan nan nan nan nan nan nan nan nan nan
nan nan nan nan nan nan nan nan nan nan nan nan nan nan nan nan nan nan nan nan nan nan nan nan nan nan nan nan nan nan nan nan nan nan 14.0 26.5 nan nan nan nan 30.0 30.4 29.7 29.1 28.5 28.1 27.8 27.6 27.4 27.2 27.1 27.0 27.1 27.2 27.2 27.2 27.2 27.1 26.7 26.1 25.2 24.2 23.2 22.2 21.2 20.3 19.6 19.0 18.5 18.2 17.9 17.7 nan nan nan nan nan nan nan nan nan nan nan nan nan nan nan nan nan nan
nan nan nan nan nan nan nan nan nan nan nan nan nan nan nan nan nan nan nan nan nan nan nan nan nan nan nan nan nan nan nan nan nan nan nan 20.0 17.8 nan nan nan nan 29.4 30.0 29.3 28.7 28.3 28.0 27.7 27.5 27.3 27.1 27.1 27.1 27.2 27.3 27.3 27.4 27.3 27.1 26.5 25.7 24.8 23.7 22.6 21.6 20.6 19.8 19.1 18.6 18.2 18.0 17.9 17.7 11.4 nan nan nan nan nan nan nan nan nan nan nan nan nan nan nan nan
nan nan nan nan nan nan nan nan nan nan nan nan nan nan nan nan nan nan nan nan nan nan nan nan nan nan nan nan nan nan nan nan nan nan 17.8 22.9 29.8 29.7 nan 17.8 nan 27.0 29.8 29.4 28.9 28.5 28.1 27.8 27.5 27.3 27.2 27.1 27.2 27.2 27.3 27.4 27.5 27.5 27.3 26.8 26.1 25.1 24.0 22.9 21.7 20.8 20.0 19.4 18.8 18.3 18.0 17.9 17.8 17.7 nan nan nan nan nan nan nan nan nan nan nan nan nan nan nan nan
nan nan nan nan nan nan nan nan nan nan nan nan nan nan nan nan nan nan nan nan nan nan nan nan nan nan nan nan nan nan nan nan nan nan 30.1 30.1 29.9 28.6 20.3 25.8 27.6 25.6 30.0 29.5 29.0 28.6 28.2 27.9 27.6 27.3 27.2 27.1 27.1 27.2 27.4 27.5 27.6 27.6 27.4 26.9 26.2 25.3 24.1 22.9 21.7 20.7 19.7 19.5 19.0 18.6 18.0 17.9 17.9 17.8 17.8 nan nan nan nan nan nan nan nan nan nan nan nan nan nan nan
nan nan nan nan nan nan nan nan nan nan nan nan nan nan nan nan nan nan nan nan nan nan nan nan nan nan nan nan nan nan nan nan nan nan 30.0 30.0 29.9 30.0 29.3 nan 28.7 28.5 29.9 29.5 29.1 28.7 28.3 27.9 27.6 27.4 27.2 27.1 27.2 27.3 27.4 27.5 27.6 27.6 27.4 26.9 26.1 25.2 -9999.0 -9999.0 -9999.0 -9999.0 -9999.0 -9999.0 -9999.0 12.3 18.2 18.0 18.0 17.8 17.8 nan nan nan nan nan nan nan nan nan nan nan nan nan nan -9999.0
nan nan nan nan nan nan nan nan nan nan nan nan nan nan nan nan nan nan nan nan nan nan nan nan nan nan nan nan nan nan nan nan nan nan 29.8 29.7 29.7 29.7 29.4 nan nan 29.8 30.0 29.7 29.3 28.8 28.3 28.0 27.6 27.4 27.2 27.2 27.2 27.3 27.5 27.6 27.7 27.6 27.2 26.6 25.8 -9999.0 -9999.0 -9999.0 -9999.0 -9999.0 -9999.0 -9999.0 -9999.0 nan 14.4 18.0 18.0 17.1 nan nan nan nan nan nan nan nan nan nan nan nan nan nan nan -9999.0
nan nan nan nan nan nan nan nan nan nan nan nan nan nan nan nan nan nan nan nan nan nan nan nan nan nan nan nan nan nan nan nan nan nan 29.5 29.4 29.3 29.4 29.7 nan 25.0 28.7 30.2 29.8 29.4 28.9 28.4 28.0 27.7 27.4 27.3 27.2 27.2 27.3 27.5 27.7 27.8 27.6 27.1 26.3 25.5 -9999.0 -9999.0 -9999.0 -9999.0 -9999.0 -9999.0 -9999.0 -9999.0 -9999.0 -9999.0 nan 11.9 11.9 nan nan nan nan nan nan nan nan nan nan nan nan nan nan nan -9999.0
nan nan nan nan nan nan nan nan nan nan nan nan nan nan nan nan nan nan nan nan nan nan nan nan nan nan nan nan nan nan nan nan nan nan 29.2 29.0 29.1 29.5 26.2 17.7 27.1 24.9 30.1 29.8 29.4 28.9 28.4 28.0 27.7 27.4 27.2 27.2 27.2 27.3 27.6 27.9 27.9 27.6 27.1 26.2 -9999.0 -9999.0 -9999.0 -9999.0 -9999.0 -9999.0 -9999.0 -9999.0 -9999.0 -9999.0 -9999.0 nan nan nan nan nan nan nan nan nan nan nan nan nan nan nan nan nan nan -9999.0
nan nan nan nan nan nan nan nan nan nan nan nan nan nan nan nan nan nan nan nan nan nan nan nan nan nan nan nan nan nan nan nan 28.3 28.8 29.0 29.1 29.4 29.9 29.9 27.8 nan 30.5 29.9 29.7 29.4 28.9 28.4 28.0 27.6 27.3 27.2 27.1 27.2 27.4 27.7 27.9 28.0 27.7 27.0 -9999.0 -9999.0 -9999.0 -9999.0 -9999.0 -9999.0 -9999.0 -9999.0 -9999.0 -9999.0 -9999.0 -9999.0 -9999.0 nan nan nan nan nan nan nan nan nan nan nan nan nan nan nan nan nan -9999.0
nan nan nan nan nan nan nan nan nan nan nan nan nan nan nan nan nan nan nan nan nan nan nan nan nan nan nan nan nan 17.6 nan nan 29.0 29.1 29.1 29.3 29.6 30.1 30.7 nan nan 29.7 29.7 29.7 29.4 28.9 28.4 28.0 27.6 27.3 27.1 27.1 27.2 27.5 27.8 28.1 28.1 27.8 27.1 -9999.0 -9999.0 -9999.0 -9999.0 -9999.0 -9999.0 -9999.0 -9999.0 -9999.0 -9999.0 -9999.0 -9999.0 -9999.0 -9999.0 -9999.0 nan nan nan nan nan nan nan nan nan nan nan nan nan nan nan -9999.0
nan nan nan nan nan nan nan nan nan nan nan nan nan nan nan nan nan nan nan nan nan nan nan nan nan nan nan nan nan 15.0 15.1 nan 29.3 29.4 27.1 26.0 29.0 30.1 30.3 29.7 nan 29.6 29.9 29.9 29.6 29.0 28.4 28.0 27.6 27.3 27.1 27.1 27.3 27.6 28.0 28.3 28.3 28.0 -9999.0 -9999.0 -9999.0 -9999.0 -9999.0 -9999.0 -9999.0 -9999.0 -9999.0 -9999.0 -9999.0 -9999.0 -9999.0 -9999.0 -9999.0 -9999.0 -9999.0 nan nan nan nan nan nan nan nan nan nan nan nan nan nan -9999.0
nan nan nan nan nan nan nan nan nan nan nan nan nan nan nan nan nan nan nan nan nan nan nan nan nan nan nan nan nan 15.8 28.9 29.0 29.4 29.6 30.0 nan 16.0 29.8 30.1 30.3 nan 29.7 30.5 30.3 29.7 29.1 28.4 27.9 27.6 27.3 27.2 27.2 27.5 27.8 28.2 28.6 28.5 28.1 -9999.0 -9999.0 -9999.0 -9999.0 -9999.0 -9999.0 -9999.0 -9999.0 -9999.0 -9999.0 -9999.0 -9999.0 -9999.0 -9999.0 -9999.0 -9999.0 -9999.0 -9999.0 nan nan nan nan nan nan nan nan nan nan nan nan nan -9999.0
nan nan nan nan nan nan nan nan nan nan nan nan nan nan nan nan nan nan nan nan nan nan nan nan nan nan nan nan nan nan 28.3 28.8 29.4 29.9 28.6 nan nan 29.5 29.8 30.2 nan 27.0 29.1 30.4 29.8 29.1 28.4 27.9 27.6 27.3 27.2 27.3 27.6 28.0 28.5 28.8 28.7 28.4 -9999.0 -9999.0 -9999.0 -9999.0 -9999.0 -9999.0 -9999.0 -9999.0 -9999.0 -9999.0 -9999.0 -9999.0 -9999.0 -9999.0 -9999.0 -9999.0 -9999.0 -9999.0 -9999.0 nan nan nan nan nan nan nan nan nan nan nan nan -9999.0
nan nan nan nan nan nan nan nan nan nan nan nan nan nan nan nan nan nan nan nan nan nan nan nan nan nan nan nan nan nan 26.1 28.9 29.4 30.0 26.6 nan 17.8 23.1 26.6 15.5 24.0 20.5 24.4 29.8 29.6 29.0 28.4 27.9 27.6 27.4 27.3 27.4 27.7 28.1 28.7 29.0 28.8 28.7 -9999.0 -9999.0 -9999.0 -9999.0 -9999.0 -9999.0 -9999.0 -9999.0 -9999.0 -9999.0 -9999.0 -9999.0 -9999.0 -9999.0 -9999.0 -9999.0 -9999.0 -9999.0 -9999.0 -9999.0 nan nan nan nan nan nan nan nan nan nan nan -9999.0
nan nan nan nan nan nan nan nan nan nan nan nan nan nan nan nan nan nan nan nan nan nan nan nan nan nan nan nan nan nan 26.4 28.3 29.4 29.9 29.0 17.8 nan 26.5 21.4 14.8 20.2 nan 29.8 30.0 29.5 28.9 28.3 27.9 27.6 27.4 27.4 27.5 27.8 28.3 28.9 29.2 28.8 25.0 -9999.0 -9999.0 -9999.0 -9999.0 -9999.0 -9999.0 -9999.0 -9999.0 -9999.0 -9999.0 -9999.0 -9999.0 -9999.0 -9999.0 -9999.0 -9999.0 -9999.0 -9999.0 -9999.0 -9999.0 -9999.0 -9999.0 nan nan nan nan nan nan nan nan nan -9999.0
nan nan nan nan nan nan nan nan nan nan nan nan nan nan nan nan nan nan nan nan nan nan nan nan nan nan nan nan nan nan nan 28.8 29.1 29.6 30.1 nan nan 20.6 20.0 16.8 nan nan 30.0 30.0 29.4 28.9 28.3 27.9 27.6 27.5 27.5 27.7 28.0 28.6 29.2 29.8 29.5 26.4 -9999.0 -9999.0 -9999.0 -9999.0 -9999.0 -9999.0 -9999.0 -9999.0 -9999.0 -9999.0 -9999.0 nan nan nan -9999.0 -9999.0 -9999.0 -9999.0 -9999.0 -9999.0 -9999.0 -9999.0 -9999.0 -9999.0 -9999.0 -9999.0 -9999.0 nan nan nan -9999.0 -9999.0
nan nan nan nan nan nan nan nan nan nan nan nan nan nan nan nan nan nan nan nan nan nan nan nan nan nan nan nan nan nan nan 28.4 28.9 29.4 30.2 nan 16.3 17.9 26.2 15.6 nan nan 30.0 29.9 29.5 28.9 28.4 28.0 27.7 27.6 27.7 27.9 28.2 28.9 29.7 30.5 30.8 28.1 -9999.0 -9999.0 -9999.0 -9999.0 -9999.0 -9999.0 -9999.0 -9999.0 -9999.0 -9999.0 -9999.0 nan nan nan nan nan -9999.0 -9999.0 -9999.0 -9999.0 -9999.0 -9999.0 -9999.0 -9999.0 -9999.0 -9999.0 -9999.0 -9999.0 -9999.0 -9999.0 -9999.0 -9999.0
nan nan nan nan nan nan nan nan nan nan nan nan nan nan nan nan nan nan nan nan nan nan nan nan nan nan nan nan nan nan nan 17.6 28.8 29.4 30.0 30.5 28.2 21.0 16.7 13.4 16.2 nan 30.0 30.0 29.5 29.0 28.5 28.1 27.9 27.8 27.9 28.1 28.5 29.2 30.1 31.1 31.8 28.9 -9999.0 -9999.0 -9999.0 -9999.0 -9999.0 -9999.0 -9999.0 -9999.0 -9999.0 -9999.0 -9999.0 -9999.0 -9999.0 -9999.0 -9999.0 -9999.0 -9999.0 -9999.0 -9999.0 -9999.0 -9999.0 -9999.0 -9999.0 -9999.0 -9999.0 -9999.0 -9999.0 -9999.0 -9999.0 -9999.0 -9999.0 -9999.0
nan nan nan nan nan nan nan nan nan nan nan nan nan nan nan nan nan nan nan nan nan nan nan nan nan nan nan nan nan nan nan 17.6 28.6 29.3 30.1 30.7 30.9 nan 18.9 21.6 13.7 nan 30.0 30.2 29.8 29.3 28.8 28.3 28.0 28.0 28.0 28.3 28.8 29.5 30.5 31.6 32.2 29.6 -9999.0 -9999.0 -9999.0 -9999.0 -9999.0 -9999.0 -9999.0 -9999.0 -9999.0 -9999.0 -9999.0 -9999.0 -9999.0 -9999.0 -9999.0 -9999.0 -9999.0 -9999.0 -9999.0 -9999.0 -9999.0 -9999.0 -9999.0 -9999.0 -9999.0 -9999.0 -9999.0 -9999.0 -9999.0 -9999.0 -9999.0 -9999.0
nan nan nan nan nan nan nan nan nan nan nan nan nan nan nan nan nan nan nan nan nan nan nan nan nan nan nan nan nan nan nan 17.6 26.1 28.9 30.0 30.5 30.7 nan nan 19.4 16.4 nan nan 30.2 30.0 29.4 29.0 28.6 28.4 28.2 28.3 28.5 29.0 29.8 30.8 31.9 32.8 28.9 -9999.0 -9999.0 -9999.0 -9999.0 -9999.0 -9999.0 -9999.0 -9999.0 -9999.0 -9999.0 -9999.0 -9999.0 -9999.0 -9999.0 -9999.0 -9999.0 -9999.0 -9999.0 -9999.0 -9999.0 -9999.0 -9999.0 -9999.0 -9999.0 -9999.0 -9999.0 -9999.0 -9999.0 -9999.0 -9999.0 -9999.0 -9999.0
nan nan nan nan nan nan nan nan nan nan nan nan nan nan nan nan nan nan nan nan nan nan nan nan nan nan nan nan nan nan nan nan 16.8 29.2 29.8 30.4 nan nan nan 21.0 15.6 19.0 nan nan 29.6 29.4 29.0 28.7 28.4 28.4 28.4 28.7 29.2 30.0 31.1 32.2 32.9 33.3 -9999.0 -9999.0 -9999.0 -9999.0 -9999.0 -9999.0 -9999.0 -9999.0 -9999.0 -9999.0 -9999.0 -9999.0 -9999.0 -9999.0 -9999.0 -9999.0 -9999.0 -9999.0 -9999.0 -9999.0 -9999.0 -9999.0 -9999.0 -9999.0 nan nan nan -9999.0 -9999.0 -9999.0 -9999.0 -9999.0
nan nan nan nan nan nan nan nan nan nan nan nan nan nan nan nan nan nan nan nan nan nan nan nan nan nan nan nan nan nan nan nan 28.9 29.2 29.7 30.4 nan nan nan nan 17.8 17.9 29.2 nan 29.1 29.6 29.3 28.9 28.7 28.5 28.6 28.9 29.4 30.2 31.3 32.5 33.5 34.4 -9999.0 -9999.0 -9999.0 -9999.0 -9999.0 -9999.0 -9999.0 -9999.0 -9999.0 -9999.0 -9999.0 -9999.0 -9999.0 -9999.0 -9999.0 -9999.0 -9999.0 -9999.0 -9999.0 -9999.0 -9999.0 -9999.0 nan nan nan nan nan nan nan nan -9999.0 -9999.0
nan nan nan nan nan nan nan nan nan nan nan nan nan nan nan nan nan nan nan nan nan nan nan nan nan nan nan nan nan nan nan nan nan 29.2 29.9 30.6 nan nan nan nan 22.7 20.9 25.9 20.4 nan 29.9 29.8 29.2 28.9 28.7 28.8 29.2 29.6 30.2 31.3 32.6 33.6 34.4 -9999.0 -9999.0 -9999.0 -9999.0 -9999.0 -9999.0 -9999.0 -9999.0 -9999.0 -9999.0 -9999.0 nan nan nan nan nan nan nan nan nan nan nan nan nan nan nan nan nan nan nan nan nan
nan nan nan nan nan nan nan nan nan nan nan nan nan nan nan nan nan nan nan nan nan nan nan nan nan nan nan nan nan nan nan nan nan 29.3 30.0 30.8 30.9 nan nan nan 29.4 20.3 24.3 29.4 nan nan 29.5 29.2 29.0 28.8 28.9 29.3 29.7 30.4 31.4 32.8 34.0 34.9 -9999.0 -9999.0 -9999.0 -9999.0 -9999.0 -9999.0 -9999.0 -9999.0 -9999.0 -9999.0 nan nan nan nan nan nan nan nan nan nan nan nan nan nan nan nan nan nan nan nan nan nan
