data/output/RUN203/ECOSPACE/ECOSPACE_in_PAR3/PAR-VarZ-VarK/PAR-VarZ-VarK_2009_05.asc
ncols        93
nrows        151 
xllcorner    -123.80739
yllcorner    48.29471 
cellsize     0.013497347 
NODATA_value  0.0
[rows 80 to 119 of 151, columns 0 to 89 of 93]
nan nan nan nan nan nan nan nan nan nan nan nan nan nan nan nan nan nan nan nan nan nan nan 44.5 43.3 44.1 46.2 46.6 45.0 43.2 41.4 39.8 38.4 37.3 36.2 35.2 34.2 33.5 32.6 31.8 31.2 30.8 30.0 29.3 28.4 27.7 26.9 26.0 25.0 23.9 22.8 21.8 20.8 20.2 nan nan nan nan nan nan nan nan nan nan nan nan 16.6 16.8 16.8 16.9 nan 16.6 16.5 16.5 16.5 16.5 16.5 16.3 16.3 16.5 16.9 17.1 17.0 nan nan nan nan nan nan nan
nan nan nan nan nan nan nan nan nan nan nan nan nan nan nan nan nan nan nan nan nan nan nan nan nan nan 47.6 47.1 45.9 44.2 42.5 40.8 39.3 38.0 36.9 35.8 34.7 33.7 32.7 32.0 31.3 30.9 30.4 29.8 29.1 28.5 27.6 26.7 25.8 24.7 23.6 22.5 21.5 20.6 19.9 nan nan nan nan nan nan nan nan nan nan nan 16.9 16.9 nan nan nan nan nan 16.6 16.7 16.8 nan 16.4 16.5 16.9 17.2 17.4 nan nan nan nan nan nan nan nan
nan nan nan nan nan nan nan nan nan nan nan nan nan nan nan nan nan nan nan nan nan nan nan nan nan nan nan 47.3 46.3 45.2 43.7 41.9 40.3 38.9 37.6 36.3 35.2 34.2 33.3 32.5 31.9 31.4 30.9 30.3 29.8 29.2 28.5 27.6 26.7 25.7 24.6 23.4 22.4 21.3 20.4 19.7 nan nan nan nan nan nan nan nan nan 16.9 17.2 nan nan nan nan nan nan 16.6 16.7 16.8 nan 16.7 17.0 17.3 17.5 nan nan nan nan nan nan nan nan nan
nan nan nan nan nan nan nan nan nan nan nan nan nan nan nan nan nan nan nan nan nan nan nan nan nan nan nan nan 44.6 45.3 44.8 43.1 41.4 39.9 38.5 37.0 35.7 34.6 33.7 32.9 32.2 31.9 31.3 30.8 30.4 29.9 29.2 28.5 27.6 26.7 25.6 24.4 23.3 22.1 21.1 20.2 19.6 nan nan nan nan nan nan nan nan 17.0 17.2 nan nan nan nan nan nan 16.7 16.8 16.9 17.2 17.6 17.5 17.4 nan nan nan nan nan nan nan nan nan nan
nan nan nan nan nan nan nan nan nan nan nan nan nan nan nan nan nan nan nan nan nan nan nan nan nan nan nan nan nan 17.4 45.7 44.3 42.6 40.9 39.3 37.9 36.3 35.1 34.1 33.3 32.7 32.2 31.8 31.3 30.9 30.5 30.0 29.3 28.5 27.6 26.7 25.6 24.4 23.1 22.0 21.0 20.1 19.5 nan nan nan nan nan nan 17.1 17.3 17.4 nan 17.6 17.5 17.5 nan nan 16.8 17.0 17.2 17.6 18.1 nan nan nan nan nan nan nan nan nan nan nan nan
nan nan nan nan nan nan nan nan nan nan nan nan nan nan nan nan nan nan nan nan nan nan nan nan nan nan nan nan nan nan 18.4 45.0 43.5 41.8 40.1 38.6 37.0 35.7 34.6 33.8 33.1 32.6 32.2 31.9 31.5 31.1 30.6 30.0 29.3 28.5 27.6 26.5 25.4 24.1 23.0 21.9 20.9 20.2 nan nan nan nan nan 17.4 17.4 17.5 17.6 17.7 17.6 17.5 17.5 11.6 nan 16.9 17.2 17.5 17.8 18.0 nan nan nan nan nan nan nan nan nan nan nan nan
nan nan nan nan nan nan nan nan nan nan nan nan nan nan nan nan nan nan nan nan nan nan nan nan nan nan nan nan nan nan nan 42.2 43.5 42.4 40.8 39.2 37.7 36.4 35.2 34.2 33.5 33.0 32.6 32.3 32.1 31.8 31.3 30.7 30.0 29.3 28.5 27.5 26.4 25.1 23.9 22.7 21.7 20.8 19.7 nan nan 17.8 18.0 17.9 17.8 17.9 17.9 17.9 17.8 17.7 17.6 nan nan 17.2 17.5 17.7 18.0 18.1 nan nan nan nan nan nan nan nan nan nan nan nan
nan nan nan nan nan nan nan nan nan nan nan nan nan nan nan nan nan nan nan nan nan nan nan nan nan nan nan nan nan nan nan nan 44.4 42.8 41.2 39.7 38.3 37.0 35.8 34.8 34.0 33.5 33.1 32.8 32.6 32.3 31.9 31.3 30.7 30.0 29.2 28.3 27.2 26.0 24.8 23.5 22.4 21.4 20.5 19.4 18.8 18.6 18.5 nan 18.1 18.3 18.4 18.4 18.3 18.2 18.1 17.8 17.8 17.8 17.8 17.9 18.1 nan nan nan nan nan nan nan nan nan nan nan nan nan
nan nan nan nan nan nan nan nan nan nan nan nan nan nan nan nan nan nan nan nan nan nan nan nan nan nan nan nan nan nan 43.4 43.8 43.9 42.8 41.5 40.3 39.0 37.7 36.5 35.4 34.6 34.0 33.6 33.3 33.0 32.7 32.3 31.8 31.2 30.6 29.9 29.0 28.0 26.9 25.7 24.5 23.3 22.1 21.1 20.2 19.6 19.1 19.0 19.0 18.9 19.0 19.1 19.1 19.0 18.9 18.6 18.2 18.1 18.0 18.0 18.2 18.1 nan nan nan nan nan nan nan nan nan nan nan nan nan
nan nan nan nan nan nan nan nan nan nan nan nan nan nan nan nan nan nan nan nan nan nan nan nan nan nan nan nan nan nan nan nan 43.2 42.6 41.7 40.8 39.7 38.5 37.1 36.1 35.2 34.6 34.1 33.8 33.4 33.0 32.5 32.0 31.4 30.9 30.3 29.6 28.6 27.7 26.7 25.6 24.4 23.2 22.1 21.1 20.3 19.8 19.5 19.6 19.4 19.3 19.4 nan nan nan 18.8 18.6 18.4 18.3 18.2 18.2 nan nan nan nan nan nan nan nan nan nan nan nan nan nan
nan nan nan nan nan nan nan nan nan nan nan nan nan nan nan nan nan nan nan nan nan nan nan nan nan nan nan nan nan nan 18.6 17.0 42.6 42.4 41.8 41.2 40.5 39.4 38.0 37.0 36.0 35.2 34.7 34.2 33.7 33.2 32.6 32.1 31.5 31.0 30.5 29.8 29.1 28.4 27.5 26.6 25.5 24.3 23.1 22.0 21.1 20.4 19.9 19.8 nan nan nan nan nan nan nan 18.8 18.5 18.4 18.3 18.2 nan nan nan nan nan nan nan nan nan nan nan nan nan nan
nan nan nan nan nan nan nan nan nan nan nan nan nan nan nan nan nan nan nan nan nan nan nan nan nan nan nan nan nan nan 18.8 41.7 42.5 42.6 42.2 20.5 41.0 40.4 38.9 37.7 36.7 35.8 35.1 34.6 34.0 33.3 32.7 32.0 31.4 30.9 30.4 29.9 29.5 29.0 28.3 27.4 26.4 25.2 23.9 22.8 21.8 21.0 20.3 nan nan nan nan nan nan 18.6 18.7 18.8 18.6 18.4 18.3 nan nan nan nan nan nan nan nan nan nan nan nan nan nan nan
nan nan nan nan nan nan nan nan nan nan nan nan nan nan nan nan nan nan nan nan nan nan nan nan nan nan nan nan nan nan 18.6 40.0 42.5 42.8 nan nan nan 40.4 39.7 38.5 37.3 36.4 35.6 34.9 34.2 33.4 32.7 31.9 31.2 30.6 30.2 29.9 29.6 29.3 28.8 28.0 27.0 25.9 24.7 23.4 22.3 21.5 20.8 nan nan nan nan nan 18.8 18.7 18.6 18.7 18.5 18.3 nan nan nan nan nan nan nan nan nan nan nan nan nan nan nan nan
nan nan nan nan nan nan nan nan nan nan nan nan nan nan nan nan nan nan nan nan nan nan nan nan nan nan nan nan nan nan 18.4 17.6 42.5 42.8 nan nan nan 38.2 39.8 39.1 37.9 36.9 36.0 35.2 34.3 33.5 32.6 31.6 30.9 30.4 30.0 29.7 29.6 29.4 29.1 28.5 27.7 26.7 25.4 24.1 22.8 21.8 21.0 19.9 19.3 nan 18.9 18.8 18.8 18.6 18.6 18.5 nan nan nan nan nan nan nan nan nan nan nan nan nan nan nan nan nan nan
nan nan nan nan nan nan nan nan nan nan nan nan nan nan nan nan nan nan nan nan nan nan nan nan nan nan nan nan nan nan nan nan 42.4 35.5 nan nan nan nan 39.1 39.5 38.7 37.4 36.4 35.5 34.5 33.6 32.6 31.6 30.7 30.1 29.7 29.6 29.5 29.4 29.3 28.9 28.3 27.3 26.2 24.8 23.4 22.2 21.3 20.4 19.9 19.4 19.1 18.9 18.7 18.5 18.4 nan nan nan nan nan nan nan nan nan nan nan nan nan nan nan nan nan nan nan
nan nan nan nan nan nan nan nan nan nan nan nan nan nan nan nan nan nan nan nan nan nan nan nan nan nan nan nan nan nan nan nan nan 37.2 20.3 nan nan nan 17.2 40.5 39.5 38.2 36.8 35.8 34.8 33.8 32.8 31.6 30.7 30.1 29.6 29.5 29.5 29.5 29.4 29.1 28.6 27.8 26.6 25.4 24.0 22.7 21.6 20.8 20.2 19.6 19.2 18.9 18.7 18.6 18.1 nan nan nan nan nan nan nan nan nan nan nan nan nan nan nan nan nan nan nan
nan nan nan nan nan nan nan nan nan nan nan nan nan nan nan nan nan nan nan nan nan nan nan nan nan nan nan nan nan nan nan nan nan nan 22.0 37.3 nan nan nan nan 40.4 39.4 37.8 36.3 35.1 34.1 33.0 31.8 30.8 30.1 29.6 29.5 29.5 29.5 29.5 29.3 28.9 28.1 27.0 25.9 24.5 23.2 22.0 21.1 20.4 19.7 19.3 19.0 18.7 18.5 18.3 18.0 nan nan nan nan nan nan nan nan nan nan nan nan nan nan nan nan nan nan
nan nan nan nan nan nan nan nan nan nan nan nan nan nan nan nan nan nan nan nan nan nan nan nan nan nan nan nan nan nan nan nan nan nan nan 28.4 18.7 nan nan nan nan 37.7 38.5 37.0 35.6 34.5 33.3 32.0 31.0 30.2 29.8 29.5 29.5 29.5 29.5 29.3 28.8 28.3 27.3 26.1 24.8 23.5 22.3 21.3 20.5 19.8 19.3 18.9 18.7 18.5 18.3 18.2 18.0 11.6 nan nan nan nan nan nan nan nan nan nan nan nan nan nan nan nan
nan nan nan nan nan nan nan nan nan nan nan nan nan nan nan nan nan nan nan nan nan nan nan nan nan nan nan nan nan nan nan nan nan nan 20.2 26.3 38.5 38.4 nan 18.6 nan 35.3 37.1 37.2 35.9 34.7 33.5 32.3 31.4 30.5 29.9 29.6 29.5 29.5 29.3 29.2 28.8 28.3 27.4 26.3 25.1 23.8 22.5 21.5 20.5 19.8 19.3 19.0 18.7 18.4 18.1 18.1 18.0 17.8 nan nan nan nan nan nan nan nan nan nan nan nan nan nan nan nan
nan nan nan nan nan nan nan nan nan nan nan nan nan nan nan nan nan nan nan nan nan nan nan nan nan nan nan nan nan nan nan nan nan nan 38.8 39.0 39.1 37.9 23.9 35.1 36.7 31.0 37.2 37.5 36.2 35.0 33.7 32.6 31.6 30.8 30.1 29.8 29.6 29.5 29.3 29.1 28.7 28.2 27.4 26.3 25.1 23.8 22.5 21.4 20.4 19.6 18.8 18.6 18.4 18.6 18.1 17.9 17.9 17.9 18.0 nan nan nan nan nan nan nan nan nan nan nan nan nan nan nan
nan nan nan nan nan nan nan nan nan nan nan nan nan nan nan nan nan nan nan nan nan nan nan nan nan nan nan nan nan nan nan nan nan nan 38.9 39.0 39.0 39.0 38.2 nan 37.3 36.4 38.8 37.9 36.6 35.3 34.1 32.9 31.9 31.1 30.5 30.0 29.8 29.5 29.4 29.1 28.7 28.2 27.4 26.3 25.1 23.8 -9999.0 -9999.0 -9999.0 -9999.0 -9999.0 -9999.0 -9999.0 12.4 18.1 17.9 18.0 17.8 17.9 nan nan nan nan nan nan nan nan nan nan nan nan nan nan -9999.0
nan nan nan nan nan nan nan nan nan nan nan nan nan nan nan nan nan nan nan nan nan nan nan nan nan nan nan nan nan nan nan nan nan nan 38.7 38.7 38.6 38.6 38.7 nan nan 39.5 39.1 38.3 36.9 35.7 34.5 33.3 32.2 31.4 30.7 30.2 29.9 29.6 29.5 29.1 28.7 28.2 27.4 26.3 25.0 -9999.0 -9999.0 -9999.0 -9999.0 -9999.0 -9999.0 -9999.0 -9999.0 nan 14.8 17.9 17.9 17.3 nan nan nan nan nan nan nan nan nan nan nan nan nan nan nan -9999.0
nan nan nan nan nan nan nan nan nan nan nan nan nan nan nan nan nan nan nan nan nan nan nan nan nan nan nan nan nan nan nan nan nan nan 38.2 38.0 38.0 38.3 38.3 nan 31.3 34.2 39.1 38.4 37.2 36.0 34.9 33.7 32.6 31.7 31.0 30.4 30.0 29.8 29.6 29.3 28.9 28.3 27.4 26.2 24.9 -9999.0 -9999.0 -9999.0 -9999.0 -9999.0 -9999.0 -9999.0 -9999.0 -9999.0 -9999.0 nan 12.1 12.2 nan nan nan nan nan nan nan nan nan nan nan nan nan nan nan -9999.0
nan nan nan nan nan nan nan nan nan nan nan nan nan nan nan nan nan nan nan nan nan nan nan nan nan nan nan nan nan nan nan nan nan nan 37.8 37.8 38.2 36.3 35.2 24.3 35.4 30.1 37.8 38.2 37.3 36.3 35.3 34.2 33.1 32.1 31.2 30.6 30.1 29.8 29.7 29.4 28.9 28.3 27.4 26.1 -9999.0 -9999.0 -9999.0 -9999.0 -9999.0 -9999.0 -9999.0 -9999.0 -9999.0 -9999.0 -9999.0 nan nan nan nan nan nan nan nan nan nan nan nan nan nan nan nan nan nan -9999.0
nan nan nan nan nan nan nan nan nan nan nan nan nan nan nan nan nan nan nan nan nan nan nan nan nan nan nan nan nan nan nan nan 32.0 33.7 36.5 38.2 39.0 40.0 38.9 37.6 nan 38.7 38.8 38.2 37.4 36.5 35.7 34.6 33.5 32.4 31.5 30.8 30.3 30.0 29.9 29.5 29.0 28.3 27.3 -9999.0 -9999.0 -9999.0 -9999.0 -9999.0 -9999.0 -9999.0 -9999.0 -9999.0 -9999.0 -9999.0 -9999.0 -9999.0 nan nan nan nan nan nan nan nan nan nan nan nan nan nan nan nan nan -9999.0
nan nan nan nan nan nan nan nan nan nan nan nan nan nan nan nan nan nan nan nan nan nan nan nan nan nan nan nan nan 18.5 nan nan 37.5 37.7 37.9 38.3 39.7 40.8 41.8 nan nan 39.0 38.8 38.4 37.7 36.8 36.0 35.1 34.0 32.9 31.8 31.1 30.5 30.3 29.9 29.4 29.1 28.3 27.2 -9999.0 -9999.0 -9999.0 -9999.0 -9999.0 -9999.0 -9999.0 -9999.0 -9999.0 -9999.0 -9999.0 -9999.0 -9999.0 -9999.0 -9999.0 nan nan nan nan nan nan nan nan nan nan nan nan nan nan nan -9999.0
nan nan nan nan nan nan nan nan nan nan nan nan nan nan nan nan nan nan nan nan nan nan nan nan nan nan nan nan nan 16.4 16.4 nan 37.9 38.4 35.8 35.1 37.8 40.6 41.1 39.9 nan 39.2 39.2 38.7 38.0 37.1 36.2 35.3 34.2 33.1 32.2 31.4 30.9 30.5 30.0 29.6 29.1 28.3 -9999.0 -9999.0 -9999.0 -9999.0 -9999.0 -9999.0 -9999.0 -9999.0 -9999.0 -9999.0 -9999.0 -9999.0 -9999.0 -9999.0 -9999.0 -9999.0 -9999.0 nan nan nan nan nan nan nan nan nan nan nan nan nan nan -9999.0
nan nan nan nan nan nan nan nan nan nan nan nan nan nan nan nan nan nan nan nan nan nan nan nan nan nan nan nan nan 17.2 37.5 37.8 38.3 38.9 39.6 nan 17.0 40.0 40.5 40.5 nan 37.1 39.5 39.0 38.2 37.4 36.4 35.4 34.3 33.3 32.4 31.7 31.2 30.7 30.0 29.5 29.0 28.3 -9999.0 -9999.0 -9999.0 -9999.0 -9999.0 -9999.0 -9999.0 -9999.0 -9999.0 -9999.0 -9999.0 -9999.0 -9999.0 -9999.0 -9999.0 -9999.0 -9999.0 -9999.0 nan nan nan nan nan nan nan nan nan nan nan nan nan -9999.0
nan nan nan nan nan nan nan nan nan nan nan nan nan nan nan nan nan nan nan nan nan nan nan nan nan nan nan nan nan nan 36.7 37.6 38.4 39.3 36.8 nan nan 38.8 39.5 40.2 nan 33.7 35.4 38.7 38.2 37.4 36.5 35.4 34.4 33.4 32.6 31.9 31.4 30.7 30.0 29.3 29.0 28.3 -9999.0 -9999.0 -9999.0 -9999.0 -9999.0 -9999.0 -9999.0 -9999.0 -9999.0 -9999.0 -9999.0 -9999.0 -9999.0 -9999.0 -9999.0 -9999.0 -9999.0 -9999.0 -9999.0 nan nan nan nan nan nan nan nan nan nan nan nan -9999.0
nan nan nan nan nan nan nan nan nan nan nan nan nan nan nan nan nan nan nan nan nan nan nan nan nan nan nan nan nan nan 34.3 37.6 38.4 39.4 35.7 nan 18.7 30.9 35.4 22.3 33.7 28.0 29.1 36.9 38.0 37.2 36.3 35.3 34.4 33.5 32.7 32.0 31.5 30.8 30.1 29.4 29.0 28.4 -9999.0 -9999.0 -9999.0 -9999.0 -9999.0 -9999.0 -9999.0 -9999.0 -9999.0 -9999.0 -9999.0 -9999.0 -9999.0 -9999.0 -9999.0 -9999.0 -9999.0 -9999.0 -9999.0 -9999.0 nan nan nan nan nan nan nan nan nan nan nan -9999.0
nan nan nan nan nan nan nan nan nan nan nan nan nan nan nan nan nan nan nan nan nan nan nan nan nan nan nan nan nan nan 34.7 37.2 38.3 39.2 37.1 18.7 nan 36.1 28.4 20.5 29.4 nan 38.7 38.8 38.0 37.1 36.1 35.2 34.3 33.5 32.7 32.1 31.5 30.9 30.3 29.5 27.7 22.6 -9999.0 -9999.0 -9999.0 -9999.0 -9999.0 -9999.0 -9999.0 -9999.0 -9999.0 -9999.0 -9999.0 -9999.0 -9999.0 -9999.0 -9999.0 -9999.0 -9999.0 -9999.0 -9999.0 -9999.0 -9999.0 -9999.0 nan nan nan nan nan nan nan nan nan -9999.0
nan nan nan nan nan nan nan nan nan nan nan nan nan nan nan nan nan nan nan nan nan nan nan nan nan nan nan nan nan nan nan 37.3 38.0 38.8 39.2 nan nan 28.0 27.7 24.2 nan nan 39.2 38.8 38.0 37.0 36.0 35.2 34.4 33.5 32.8 32.2 31.6 30.9 30.5 30.0 27.4 24.6 -9999.0 -9999.0 -9999.0 -9999.0 -9999.0 -9999.0 -9999.0 -9999.0 -9999.0 -9999.0 -9999.0 nan nan nan -9999.0 -9999.0 -9999.0 -9999.0 -9999.0 -9999.0 -9999.0 -9999.0 -9999.0 -9999.0 -9999.0 -9999.0 -9999.0 nan nan nan -9999.0 -9999.0
nan nan nan nan nan nan nan nan nan nan nan nan nan nan nan nan nan nan nan nan nan nan nan nan nan nan nan nan nan nan nan 35.3 37.4 38.5 39.5 nan 18.1 25.0 37.1 22.6 nan nan 39.3 38.9 38.0 37.1 36.1 35.3 34.5 33.7 32.9 32.3 31.7 31.1 30.7 30.4 29.9 25.2 -9999.0 -9999.0 -9999.0 -9999.0 -9999.0 -9999.0 -9999.0 -9999.0 -9999.0 -9999.0 -9999.0 nan nan nan nan nan -9999.0 -9999.0 -9999.0 -9999.0 -9999.0 -9999.0 -9999.0 -9999.0 -9999.0 -9999.0 -9999.0 -9999.0 -9999.0 -9999.0 -9999.0 -9999.0
nan nan nan nan nan nan nan nan nan nan nan nan nan nan nan nan nan nan nan nan nan nan nan nan nan nan nan nan nan nan nan 18.3 37.3 38.4 38.0 36.4 32.7 27.7 23.4 19.6 22.7 nan 38.9 38.9 38.2 37.3 36.3 35.5 34.6 33.8 33.1 32.5 31.9 31.3 30.9 30.5 29.6 22.4 -9999.0 -9999.0 -9999.0 -9999.0 -9999.0 -9999.0 -9999.0 -9999.0 -9999.0 -9999.0 -9999.0 -9999.0 -9999.0 -9999.0 -9999.0 -9999.0 -9999.0 -9999.0 -9999.0 -9999.0 -9999.0 -9999.0 -9999.0 -9999.0 -9999.0 -9999.0 -9999.0 -9999.0 -9999.0 -9999.0 -9999.0 -9999.0
nan nan nan nan nan nan nan nan nan nan nan nan nan nan nan nan nan nan nan nan nan nan nan nan nan nan nan nan nan nan nan 18.2 35.2 38.4 39.7 40.5 40.7 nan 26.0 30.5 18.3 nan 38.8 39.1 38.5 37.5 36.6 35.7 34.9 34.0 33.3 32.6 32.1 31.6 31.3 30.9 30.0 24.2 -9999.0 -9999.0 -9999.0 -9999.0 -9999.0 -9999.0 -9999.0 -9999.0 -9999.0 -9999.0 -9999.0 -9999.0 -9999.0 -9999.0 -9999.0 -9999.0 -9999.0 -9999.0 -9999.0 -9999.0 -9999.0 -9999.0 -9999.0 -9999.0 -9999.0 -9999.0 -9999.0 -9999.0 -9999.0 -9999.0 -9999.0 -9999.0
nan nan nan nan nan nan nan nan nan nan nan nan nan nan nan nan nan nan nan nan nan nan nan nan nan nan nan nan nan nan nan 18.3 33.4 36.5 39.3 40.0 40.2 nan nan 27.5 21.0 nan nan 39.3 39.0 38.0 37.0 36.0 35.2 34.3 33.5 32.9 32.3 32.0 31.8 31.4 30.1 22.9 -9999.0 -9999.0 -9999.0 -9999.0 -9999.0 -9999.0 -9999.0 -9999.0 -9999.0 -9999.0 -9999.0 -9999.0 -9999.0 -9999.0 -9999.0 -9999.0 -9999.0 -9999.0 -9999.0 -9999.0 -9999.0 -9999.0 -9999.0 -9999.0 -9999.0 -9999.0 -9999.0 -9999.0 -9999.0 -9999.0 -9999.0 -9999.0
nan nan nan nan nan nan nan nan nan nan nan nan nan nan nan nan nan nan nan nan nan nan nan nan nan nan nan nan nan nan nan nan 17.6 38.0 39.0 40.0 nan nan nan 27.9 20.5 20.3 nan nan 38.4 38.2 37.3 36.3 35.5 34.7 33.9 33.3 32.7 32.4 32.2 32.0 31.9 27.9 -9999.0 -9999.0 -9999.0 -9999.0 -9999.0 -9999.0 -9999.0 -9999.0 -9999.0 -9999.0 -9999.0 -9999.0 -9999.0 -9999.0 -9999.0 -9999.0 -9999.0 -9999.0 -9999.0 -9999.0 -9999.0 -9999.0 -9999.0 -9999.0 nan nan nan -9999.0 -9999.0 -9999.0 -9999.0 -9999.0
nan nan nan nan nan nan nan nan nan nan nan nan nan nan nan nan nan nan nan nan nan nan nan nan nan nan nan nan nan nan nan nan 35.7 37.4 38.7 39.9 nan nan nan nan 23.6 20.4 34.3 nan 36.2 38.3 37.6 36.6 35.9 35.1 34.4 33.8 33.3 33.0 32.9 32.8 32.5 31.2 -9999.0 -9999.0 -9999.0 -9999.0 -9999.0 -9999.0 -9999.0 -9999.0 -9999.0 -9999.0 -9999.0 -9999.0 -9999.0 -9999.0 -9999.0 -9999.0 -9999.0 -9999.0 -9999.0 -9999.0 -9999.0 -9999.0 nan nan nan nan nan nan nan nan -9999.0 -9999.0
nan nan nan nan nan nan nan nan nan nan nan nan nan nan nan nan nan nan nan nan nan nan nan nan nan nan nan nan nan nan nan nan nan 37.7 38.9 40.1 nan nan nan nan 30.4 22.8 27.6 23.2 nan 38.8 38.3 37.2 36.5 35.7 35.0 34.4 33.9 33.6 33.6 33.6 33.4 33.1 -9999.0 -9999.0 -9999.0 -9999.0 -9999.0 -9999.0 -9999.0 -9999.0 -9999.0 -9999.0 -9999.0 nan nan nan nan nan nan nan nan nan nan nan nan nan nan nan nan nan nan nan nan nan
nan nan nan nan nan nan nan nan nan nan nan nan nan nan nan nan nan nan nan nan nan nan nan nan nan nan nan nan nan nan nan nan nan 37.8 39.1 40.4 40.5 nan nan nan 40.1 25.3 25.4 38.5 nan nan 38.1 37.5 36.9 36.3 35.7 35.2 34.7 34.3 34.3 34.4 34.5 34.3 -9999.0 -9999.0 -9999.0 -9999.0 -9999.0 -9999.0 -9999.0 -9999.0 -9999.0 -9999.0 nan nan nan nan nan nan nan nan nan nan nan nan nan nan nan nan nan nan nan nan nan nan
