data/output/RUN203/ECOSPACE/ECOSPACE_in_PAR3/PAR-VarZ-VarK/PAR-VarZ-VarK_1998_07.asc
ncols        93
nrows        151 
xllcorner    -123.80739
yllcorner    48.29471 
cellsize     0.013497347 
NODATA_value  0.0
[rows 80 to 119 of 151, columns 0 to 89 of 93]
nan nan nan nan nan nan nan nan nan nan nan nan nan nan nan nan nan nan nan nan nan nan nan 29.9 29.5 29.8 31.3 31.0 30.4 29.8 29.1 28.4 27.8 27.2 26.7 26.0 25.2 24.4 23.6 23.0 22.5 22.1 21.8 21.5 21.2 20.9 20.5 20.0 19.5 19.1 18.6 18.3 18.0 17.8 nan nan nan nan nan nan nan nan nan nan nan nan 15.3 15.3 15.3 15.3 nan 15.1 15.0 15.0 14.9 15.0 14.9 14.7 14.7 14.9 15.2 15.3 15.1 nan nan nan nan nan nan nan
nan nan nan nan nan nan nan nan nan nan nan nan nan nan nan nan nan nan nan nan nan nan nan nan nan nan 31.6 31.5 31.0 30.4 29.8 29.1 28.4 27.7 27.0 26.3 25.4 24.5 23.6 23.0 22.4 22.0 21.7 21.5 21.2 20.9 20.5 20.1 19.7 19.3 18.9 18.5 18.1 17.9 17.4 nan nan nan nan nan nan nan nan nan nan nan 15.5 15.5 nan nan nan nan nan 15.1 15.1 15.2 nan 14.8 14.9 15.2 15.5 15.6 nan nan nan nan nan nan nan nan
nan nan nan nan nan nan nan nan nan nan nan nan nan nan nan nan nan nan nan nan nan nan nan nan nan nan nan 31.7 31.3 31.0 30.4 29.7 28.9 28.2 27.5 26.6 25.6 24.6 23.7 23.0 22.4 22.0 21.6 21.4 21.1 20.8 20.5 20.2 19.8 19.4 19.0 18.7 18.3 17.9 17.5 17.1 nan nan nan nan nan nan nan nan nan 15.5 15.7 nan nan nan nan nan nan 15.1 15.2 15.2 nan 15.0 15.2 15.5 15.7 nan nan nan nan nan nan nan nan nan
nan nan nan nan nan nan nan nan nan nan nan nan nan nan nan nan nan nan nan nan nan nan nan nan nan nan nan nan 29.5 31.1 31.1 30.4 29.6 28.8 27.9 26.9 25.8 24.8 23.8 23.0 22.4 21.9 21.6 21.3 21.0 20.8 20.5 20.2 19.9 19.5 19.2 18.8 18.5 18.1 17.7 17.3 17.0 nan nan nan nan nan nan nan nan 15.6 15.7 nan nan nan nan nan nan 15.1 15.2 15.3 15.6 15.9 15.7 15.7 nan nan nan nan nan nan nan nan nan nan
nan nan nan nan nan nan nan nan nan nan nan nan nan nan nan nan nan nan nan nan nan nan nan nan nan nan nan nan nan 16.2 31.6 31.1 30.2 29.3 28.4 27.3 26.1 24.9 23.9 23.0 22.4 21.9 21.5 21.2 20.9 20.7 20.5 20.2 20.0 19.7 19.4 19.0 18.7 18.3 17.9 17.5 17.1 16.9 nan nan nan nan nan nan 15.6 15.7 15.7 nan 15.8 15.7 15.7 nan nan 15.2 15.4 15.6 15.9 16.3 nan nan nan nan nan nan nan nan nan nan nan nan
nan nan nan nan nan nan nan nan nan nan nan nan nan nan nan nan nan nan nan nan nan nan nan nan nan nan nan nan nan nan 16.6 31.5 30.8 29.9 28.9 27.7 26.4 25.1 24.0 23.1 22.4 21.9 21.5 21.1 20.9 20.6 20.5 20.3 20.0 19.8 19.5 19.1 18.8 18.4 18.0 17.7 17.4 17.0 nan nan nan nan nan 15.8 15.8 15.8 15.8 15.9 15.8 15.8 15.7 11.1 nan 15.3 15.6 15.8 16.1 16.2 nan nan nan nan nan nan nan nan nan nan nan nan
nan nan nan nan nan nan nan nan nan nan nan nan nan nan nan nan nan nan nan nan nan nan nan nan nan nan nan nan nan nan nan 28.7 31.0 30.5 29.4 28.1 26.7 25.4 24.2 23.3 22.5 21.9 21.5 21.1 20.9 20.7 20.5 20.3 20.1 19.9 19.7 19.3 19.0 18.6 18.2 17.9 17.5 17.2 16.8 nan nan 16.1 16.2 16.1 16.0 16.0 16.0 16.0 15.9 15.9 15.8 nan nan 15.6 15.8 16.0 16.2 16.2 nan nan nan nan nan nan nan nan nan nan nan nan
nan nan nan nan nan nan nan nan nan nan nan nan nan nan nan nan nan nan nan nan nan nan nan nan nan nan nan nan nan nan nan nan 31.6 30.9 29.9 28.5 27.1 25.8 24.5 23.5 22.7 22.0 21.5 21.2 20.9 20.7 20.5 20.4 20.3 20.1 19.9 19.6 19.2 18.8 18.5 18.1 17.8 17.5 17.1 16.7 16.5 16.5 16.5 nan 16.2 16.2 16.3 16.3 16.2 16.1 16.0 15.9 15.9 15.9 16.0 16.1 16.3 nan nan nan nan nan nan nan nan nan nan nan nan nan
nan nan nan nan nan nan nan nan nan nan nan nan nan nan nan nan nan nan nan nan nan nan nan nan nan nan nan nan nan nan 30.8 31.1 31.5 31.0 30.1 28.9 27.6 26.3 25.0 23.8 22.9 22.2 21.7 21.3 21.0 20.8 20.7 20.6 20.4 20.3 20.1 19.8 19.4 19.1 18.8 18.4 18.1 17.8 17.5 17.2 17.0 16.8 16.7 16.7 16.6 16.6 16.7 16.7 16.6 16.5 16.3 16.1 16.0 16.0 16.1 16.3 16.3 nan nan nan nan nan nan nan nan nan nan nan nan nan
nan nan nan nan nan nan nan nan nan nan nan nan nan nan nan nan nan nan nan nan nan nan nan nan nan nan nan nan nan nan nan nan 31.1 30.6 30.0 29.2 28.2 26.9 25.5 24.2 23.2 22.5 21.9 21.5 21.2 21.0 20.9 20.7 20.6 20.5 20.3 20.0 19.7 19.3 19.0 18.7 18.4 18.1 17.9 17.6 17.4 17.2 17.2 17.1 17.0 16.9 16.9 nan nan nan 16.4 16.3 16.2 16.2 16.3 16.4 nan nan nan nan nan nan nan nan nan nan nan nan nan nan
nan nan nan nan nan nan nan nan nan nan nan nan nan nan nan nan nan nan nan nan nan nan nan nan nan nan nan nan nan nan 18.5 16.7 30.7 30.4 30.0 29.5 28.8 27.6 26.0 24.7 23.7 22.8 22.1 21.7 21.4 21.2 21.0 20.9 20.8 20.6 20.4 20.2 19.9 19.6 19.3 19.0 18.7 18.4 18.1 17.9 17.7 17.5 17.4 17.3 nan nan nan nan nan nan nan 16.5 16.4 16.3 16.3 16.3 nan nan nan nan nan nan nan nan nan nan nan nan nan nan
nan nan nan nan nan nan nan nan nan nan nan nan nan nan nan nan nan nan nan nan nan nan nan nan nan nan nan nan nan nan 17.3 29.8 30.4 30.4 29.9 17.7 29.3 28.3 26.6 25.2 24.1 23.3 22.5 22.0 21.6 21.4 21.2 21.1 21.0 20.8 20.6 20.4 20.1 19.8 19.5 19.3 19.0 18.7 18.4 18.1 17.9 17.7 17.5 nan nan nan nan nan nan 16.5 16.6 16.6 16.4 16.4 16.4 nan nan nan nan nan nan nan nan nan nan nan nan nan nan nan
nan nan nan nan nan nan nan nan nan nan nan nan nan nan nan nan nan nan nan nan nan nan nan nan nan nan nan nan nan nan 18.5 28.6 30.4 30.4 nan nan nan 28.0 27.0 25.8 24.6 23.7 22.9 22.3 21.9 21.5 21.4 21.2 21.1 21.0 20.8 20.6 20.3 20.1 19.8 19.6 19.3 19.0 18.7 18.5 18.2 17.9 17.7 nan nan nan nan nan 16.7 16.6 16.6 16.5 16.4 16.4 nan nan nan nan nan nan nan nan nan nan nan nan nan nan nan nan
nan nan nan nan nan nan nan nan nan nan nan nan nan nan nan nan nan nan nan nan nan nan nan nan nan nan nan nan nan nan 18.4 16.3 30.9 30.8 nan nan nan 25.9 27.2 26.2 25.2 24.2 23.3 22.6 22.1 21.8 21.5 21.4 21.2 21.1 21.0 20.8 20.5 20.3 20.1 19.9 19.6 19.4 19.1 18.8 18.5 18.2 17.8 17.3 17.1 nan 16.8 16.8 16.8 16.7 16.6 16.5 nan nan nan nan nan nan nan nan nan nan nan nan nan nan nan nan nan nan
nan nan nan nan nan nan nan nan nan nan nan nan nan nan nan nan nan nan nan nan nan nan nan nan nan nan nan nan nan nan nan nan 31.2 26.5 nan nan nan nan 27.1 26.8 26.0 24.8 23.8 23.0 22.4 22.0 21.7 21.5 21.4 21.3 21.1 21.0 20.8 20.5 20.4 20.2 20.0 19.7 19.4 19.1 18.8 18.4 18.0 17.6 17.4 17.2 17.1 16.9 16.8 16.6 16.4 nan nan nan nan nan nan nan nan nan nan nan nan nan nan nan nan nan nan nan
nan nan nan nan nan nan nan nan nan nan nan nan nan nan nan nan nan nan nan nan nan nan nan nan nan nan nan nan nan nan nan nan nan 23.7 13.3 nan nan nan 16.3 27.6 26.8 25.6 24.3 23.4 22.7 22.2 21.9 21.7 21.6 21.5 21.3 21.1 21.0 20.8 20.6 20.4 20.2 20.0 19.7 19.5 19.1 18.7 18.3 17.9 17.6 17.4 17.1 16.9 16.8 16.6 16.4 nan nan nan nan nan nan nan nan nan nan nan nan nan nan nan nan nan nan nan
nan nan nan nan nan nan nan nan nan nan nan nan nan nan nan nan nan nan nan nan nan nan nan nan nan nan nan nan nan nan nan nan nan nan 15.9 24.3 nan nan nan nan 27.1 26.3 24.8 23.8 23.0 22.5 22.1 21.9 21.8 21.6 21.5 21.3 21.2 21.0 20.9 20.7 20.5 20.3 20.0 19.7 19.4 19.0 18.6 18.1 17.8 17.4 17.1 17.0 16.8 16.6 16.4 16.2 nan nan nan nan nan nan nan nan nan nan nan nan nan nan nan nan nan nan
nan nan nan nan nan nan nan nan nan nan nan nan nan nan nan nan nan nan nan nan nan nan nan nan nan nan nan nan nan nan nan nan nan nan nan 18.6 18.2 nan nan nan nan 25.3 25.1 24.1 23.3 22.7 22.4 22.1 21.9 21.8 21.6 21.5 21.4 21.3 21.1 20.9 20.7 20.5 20.2 19.9 19.5 19.1 18.7 18.3 17.8 17.4 17.1 17.0 16.8 16.6 16.4 16.4 16.2 11.3 nan nan nan nan nan nan nan nan nan nan nan nan nan nan nan nan
nan nan nan nan nan nan nan nan nan nan nan nan nan nan nan nan nan nan nan nan nan nan nan nan nan nan nan nan nan nan nan nan nan nan 16.9 21.0 26.1 25.9 nan 18.1 nan 22.6 25.1 24.2 23.5 22.9 22.5 22.3 22.1 21.9 21.7 21.6 21.5 21.4 21.3 21.1 21.0 20.7 20.4 20.1 19.7 19.2 18.8 18.3 17.9 17.5 17.2 17.0 16.8 16.6 16.4 16.3 16.2 16.1 nan nan nan nan nan nan nan nan nan nan nan nan nan nan nan nan
nan nan nan nan nan nan nan nan nan nan nan nan nan nan nan nan nan nan nan nan nan nan nan nan nan nan nan nan nan nan nan nan nan nan 26.2 26.4 26.8 26.1 19.7 23.0 24.4 21.9 25.3 24.3 23.6 23.0 22.6 22.4 22.1 22.0 21.8 21.7 21.7 21.6 21.5 21.4 21.2 21.0 20.6 20.2 19.8 19.3 18.7 18.3 17.8 17.4 16.7 16.7 16.5 16.8 16.4 16.3 16.3 16.2 16.3 nan nan nan nan nan nan nan nan nan nan nan nan nan nan nan
nan nan nan nan nan nan nan nan nan nan nan nan nan nan nan nan nan nan nan nan nan nan nan nan nan nan nan nan nan nan nan nan nan nan 26.3 26.6 26.7 26.6 26.7 nan 25.1 24.9 25.3 24.4 23.7 23.1 22.7 22.4 22.2 22.0 21.9 21.9 21.8 21.8 21.7 21.6 21.5 21.2 20.8 20.4 19.8 19.2 -9999.0 -9999.0 -9999.0 -9999.0 -9999.0 -9999.0 -9999.0 12.4 16.5 16.4 16.4 16.2 16.2 nan nan nan nan nan nan nan nan nan nan nan nan nan nan -9999.0
nan nan nan nan nan nan nan nan nan nan nan nan nan nan nan nan nan nan nan nan nan nan nan nan nan nan nan nan nan nan nan nan nan nan 26.3 26.5 26.5 26.2 26.1 nan nan 26.1 25.4 24.6 23.8 23.1 22.7 22.4 22.3 22.1 22.1 22.0 22.1 22.1 22.0 21.9 21.7 21.4 21.0 20.4 19.9 -9999.0 -9999.0 -9999.0 -9999.0 -9999.0 -9999.0 -9999.0 -9999.0 nan 14.8 16.5 16.5 16.1 nan nan nan nan nan nan nan nan nan nan nan nan nan nan nan -9999.0
nan nan nan nan nan nan nan nan nan nan nan nan nan nan nan nan nan nan nan nan nan nan nan nan nan nan nan nan nan nan nan nan nan nan 26.1 26.1 26.1 26.1 26.4 nan 21.1 25.4 25.6 24.6 23.8 23.2 22.8 22.5 22.4 22.3 22.3 22.3 22.4 22.4 22.4 22.2 22.0 21.6 21.1 20.5 19.9 -9999.0 -9999.0 -9999.0 -9999.0 -9999.0 -9999.0 -9999.0 -9999.0 -9999.0 -9999.0 nan 12.1 12.1 nan nan nan nan nan nan nan nan nan nan nan nan nan nan nan -9999.0
nan nan nan nan nan nan nan nan nan nan nan nan nan nan nan nan nan nan nan nan nan nan nan nan nan nan nan nan nan nan nan nan nan nan 25.8 25.8 26.0 26.7 24.3 16.8 24.2 22.3 25.5 24.7 23.9 23.3 22.9 22.6 22.5 22.5 22.5 22.6 22.7 22.8 22.8 22.7 22.4 22.0 21.4 20.8 -9999.0 -9999.0 -9999.0 -9999.0 -9999.0 -9999.0 -9999.0 -9999.0 -9999.0 -9999.0 -9999.0 nan nan nan nan nan nan nan nan nan nan nan nan nan nan nan nan nan nan -9999.0
nan nan nan nan nan nan nan nan nan nan nan nan nan nan nan nan nan nan nan nan nan nan nan nan nan nan nan nan nan nan nan nan 24.8 25.1 25.5 25.9 26.5 27.4 27.9 27.4 nan 26.5 25.6 24.7 24.0 23.4 23.0 22.8 22.6 22.6 22.7 22.9 23.0 23.2 23.2 23.2 22.9 22.4 21.8 -9999.0 -9999.0 -9999.0 -9999.0 -9999.0 -9999.0 -9999.0 -9999.0 -9999.0 -9999.0 -9999.0 -9999.0 -9999.0 nan nan nan nan nan nan nan nan nan nan nan nan nan nan nan nan nan -9999.0
nan nan nan nan nan nan nan nan nan nan nan nan nan nan nan nan nan nan nan nan nan nan nan nan nan nan nan nan nan 18.2 nan nan 25.6 25.6 25.6 25.9 26.8 27.8 28.5 nan nan 26.1 25.6 24.8 24.1 23.5 23.1 22.9 22.7 22.7 22.8 23.1 23.3 23.5 23.7 23.7 23.5 23.0 22.3 -9999.0 -9999.0 -9999.0 -9999.0 -9999.0 -9999.0 -9999.0 -9999.0 -9999.0 -9999.0 -9999.0 -9999.0 -9999.0 -9999.0 -9999.0 nan nan nan nan nan nan nan nan nan nan nan nan nan nan nan -9999.0
nan nan nan nan nan nan nan nan nan nan nan nan nan nan nan nan nan nan nan nan nan nan nan nan nan nan nan nan nan 15.1 15.1 nan 25.8 26.0 24.6 23.1 26.0 27.4 27.8 27.3 nan 26.1 25.7 25.0 24.3 23.6 23.2 22.9 22.8 22.8 22.9 23.2 23.5 23.9 24.2 24.2 24.0 23.6 -9999.0 -9999.0 -9999.0 -9999.0 -9999.0 -9999.0 -9999.0 -9999.0 -9999.0 -9999.0 -9999.0 -9999.0 -9999.0 -9999.0 -9999.0 -9999.0 -9999.0 nan nan nan nan nan nan nan nan nan nan nan nan nan nan -9999.0
nan nan nan nan nan nan nan nan nan nan nan nan nan nan nan nan nan nan nan nan nan nan nan nan nan nan nan nan nan 15.9 25.6 25.8 26.0 26.3 26.7 nan 16.4 27.0 27.2 27.5 nan 26.0 26.0 25.3 24.5 23.8 23.4 23.0 22.9 22.9 23.0 23.3 23.7 24.2 24.6 24.8 24.6 24.2 -9999.0 -9999.0 -9999.0 -9999.0 -9999.0 -9999.0 -9999.0 -9999.0 -9999.0 -9999.0 -9999.0 -9999.0 -9999.0 -9999.0 -9999.0 -9999.0 -9999.0 -9999.0 nan nan nan nan nan nan nan nan nan nan nan nan nan -9999.0
nan nan nan nan nan nan nan nan nan nan nan nan nan nan nan nan nan nan nan nan nan nan nan nan nan nan nan nan nan nan 25.3 25.6 25.9 26.4 26.2 nan nan 26.8 27.2 27.8 nan 24.1 25.2 25.4 24.7 24.0 23.5 23.2 23.0 23.0 23.2 23.5 23.9 24.4 24.9 25.2 25.1 24.8 -9999.0 -9999.0 -9999.0 -9999.0 -9999.0 -9999.0 -9999.0 -9999.0 -9999.0 -9999.0 -9999.0 -9999.0 -9999.0 -9999.0 -9999.0 -9999.0 -9999.0 -9999.0 -9999.0 nan nan nan nan nan nan nan nan nan nan nan nan -9999.0
nan nan nan nan nan nan nan nan nan nan nan nan nan nan nan nan nan nan nan nan nan nan nan nan nan nan nan nan nan nan 23.0 25.5 25.9 26.3 23.3 nan 18.4 21.8 24.2 15.3 22.9 18.7 22.0 25.1 24.7 24.2 23.7 23.3 23.2 23.2 23.4 23.7 24.2 24.8 25.4 25.8 25.7 24.9 -9999.0 -9999.0 -9999.0 -9999.0 -9999.0 -9999.0 -9999.0 -9999.0 -9999.0 -9999.0 -9999.0 -9999.0 -9999.0 -9999.0 -9999.0 -9999.0 -9999.0 -9999.0 -9999.0 -9999.0 nan nan nan nan nan nan nan nan nan nan nan -9999.0
nan nan nan nan nan nan nan nan nan nan nan nan nan nan nan nan nan nan nan nan nan nan nan nan nan nan nan nan nan nan 23.2 25.1 25.9 26.3 26.2 18.4 nan 24.4 20.1 16.3 20.0 nan 26.6 26.0 25.2 24.5 24.0 23.6 23.4 23.4 23.6 24.0 24.4 25.0 25.7 26.2 25.8 20.3 -9999.0 -9999.0 -9999.0 -9999.0 -9999.0 -9999.0 -9999.0 -9999.0 -9999.0 -9999.0 -9999.0 -9999.0 -9999.0 -9999.0 -9999.0 -9999.0 -9999.0 -9999.0 -9999.0 -9999.0 -9999.0 -9999.0 nan nan nan nan nan nan nan nan nan -9999.0
nan nan nan nan nan nan nan nan nan nan nan nan nan nan nan nan nan nan nan nan nan nan nan nan nan nan nan nan nan nan nan 25.6 26.0 26.3 26.8 nan nan 19.6 20.1 19.9 nan nan 26.8 26.4 25.7 25.0 24.4 23.9 23.7 23.8 23.9 24.2 24.7 25.3 26.0 26.6 25.9 22.5 -9999.0 -9999.0 -9999.0 -9999.0 -9999.0 -9999.0 -9999.0 -9999.0 -9999.0 -9999.0 -9999.0 nan nan nan -9999.0 -9999.0 -9999.0 -9999.0 -9999.0 -9999.0 -9999.0 -9999.0 -9999.0 -9999.0 -9999.0 -9999.0 -9999.0 nan nan nan -9999.0 -9999.0
nan nan nan nan nan nan nan nan nan nan nan nan nan nan nan nan nan nan nan nan nan nan nan nan nan nan nan nan nan nan nan 25.3 25.9 26.4 27.0 nan 16.3 18.9 25.3 17.5 nan nan 27.1 26.8 26.2 25.5 24.8 24.4 24.1 24.1 24.3 24.5 25.0 25.5 26.3 26.9 26.9 23.5 -9999.0 -9999.0 -9999.0 -9999.0 -9999.0 -9999.0 -9999.0 -9999.0 -9999.0 -9999.0 -9999.0 nan nan nan nan nan -9999.0 -9999.0 -9999.0 -9999.0 -9999.0 -9999.0 -9999.0 -9999.0 -9999.0 -9999.0 -9999.0 -9999.0 -9999.0 -9999.0 -9999.0 -9999.0
nan nan nan nan nan nan nan nan nan nan nan nan nan nan nan nan nan nan nan nan nan nan nan nan nan nan nan nan nan nan nan 18.2 25.8 26.4 27.1 26.6 24.8 21.7 16.3 13.6 17.9 nan 27.2 27.2 26.7 26.1 25.5 24.9 24.6 24.5 24.6 24.9 25.3 25.8 26.5 27.1 27.5 22.8 -9999.0 -9999.0 -9999.0 -9999.0 -9999.0 -9999.0 -9999.0 -9999.0 -9999.0 -9999.0 -9999.0 -9999.0 -9999.0 -9999.0 -9999.0 -9999.0 -9999.0 -9999.0 -9999.0 -9999.0 -9999.0 -9999.0 -9999.0 -9999.0 -9999.0 -9999.0 -9999.0 -9999.0 -9999.0 -9999.0 -9999.0 -9999.0
nan nan nan nan nan nan nan nan nan nan nan nan nan nan nan nan nan nan nan nan nan nan nan nan nan nan nan nan nan nan nan 18.2 25.7 26.4 27.2 27.5 27.5 nan 17.1 20.5 13.4 nan 27.3 27.5 27.2 26.7 26.1 25.5 25.1 25.0 25.0 25.2 25.6 26.1 26.7 27.2 27.3 22.8 -9999.0 -9999.0 -9999.0 -9999.0 -9999.0 -9999.0 -9999.0 -9999.0 -9999.0 -9999.0 -9999.0 -9999.0 -9999.0 -9999.0 -9999.0 -9999.0 -9999.0 -9999.0 -9999.0 -9999.0 -9999.0 -9999.0 -9999.0 -9999.0 -9999.0 -9999.0 -9999.0 -9999.0 -9999.0 -9999.0 -9999.0 -9999.0
nan nan nan nan nan nan nan nan nan nan nan nan nan nan nan nan nan nan nan nan nan nan nan nan nan nan nan nan nan nan nan 18.2 24.1 26.4 27.2 27.7 27.7 nan nan 19.3 17.4 nan nan 27.8 27.7 27.2 26.6 26.1 25.7 25.5 25.5 25.6 26.0 26.4 27.0 27.5 27.7 22.4 -9999.0 -9999.0 -9999.0 -9999.0 -9999.0 -9999.0 -9999.0 -9999.0 -9999.0 -9999.0 -9999.0 -9999.0 -9999.0 -9999.0 -9999.0 -9999.0 -9999.0 -9999.0 -9999.0 -9999.0 -9999.0 -9999.0 -9999.0 -9999.0 -9999.0 -9999.0 -9999.0 -9999.0 -9999.0 -9999.0 -9999.0 -9999.0
nan nan nan nan nan nan nan nan nan nan nan nan nan nan nan nan nan nan nan nan nan nan nan nan nan nan nan nan nan nan nan nan 17.3 26.6 27.2 27.8 nan nan nan 21.6 16.0 20.1 nan nan 27.6 27.5 27.0 26.5 26.2 26.0 25.9 26.1 26.4 26.7 27.1 27.8 28.0 27.4 -9999.0 -9999.0 -9999.0 -9999.0 -9999.0 -9999.0 -9999.0 -9999.0 -9999.0 -9999.0 -9999.0 -9999.0 -9999.0 -9999.0 -9999.0 -9999.0 -9999.0 -9999.0 -9999.0 -9999.0 -9999.0 -9999.0 -9999.0 -9999.0 nan nan nan -9999.0 -9999.0 -9999.0 -9999.0 -9999.0
nan nan nan nan nan nan nan nan nan nan nan nan nan nan nan nan nan nan nan nan nan nan nan nan nan nan nan nan nan nan nan nan 25.8 26.5 27.1 27.7 nan nan nan nan 18.2 19.8 29.7 nan 27.5 27.9 27.7 27.2 26.9 26.6 26.4 26.4 26.6 27.0 27.4 28.0 28.3 28.4 -9999.0 -9999.0 -9999.0 -9999.0 -9999.0 -9999.0 -9999.0 -9999.0 -9999.0 -9999.0 -9999.0 -9999.0 -9999.0 -9999.0 -9999.0 -9999.0 -9999.0 -9999.0 -9999.0 -9999.0 -9999.0 -9999.0 nan nan nan nan nan nan nan nan -9999.0 -9999.0
nan nan nan nan nan nan nan nan nan nan nan nan nan nan nan nan nan nan nan nan nan nan nan nan nan nan nan nan nan nan nan nan nan 26.5 27.3 27.8 nan nan nan nan 22.7 23.0 28.3 20.7 nan 28.5 28.6 27.9 27.4 27.1 26.9 26.9 27.0 27.2 27.7 28.2 28.7 28.9 -9999.0 -9999.0 -9999.0 -9999.0 -9999.0 -9999.0 -9999.0 -9999.0 -9999.0 -9999.0 -9999.0 nan nan nan nan nan nan nan nan nan nan nan nan nan nan nan nan nan nan nan nan nan
nan nan nan nan nan nan nan nan nan nan nan nan nan nan nan nan nan nan nan nan nan nan nan nan nan nan nan nan nan nan nan nan nan 26.5 27.3 28.4 28.3 nan nan nan 27.9 23.4 25.0 29.9 nan nan 28.4 28.0 27.7 27.4 27.2 27.2 27.3 27.6 28.0 28.5 28.9 29.3 -9999.0 -9999.0 -9999.0 -9999.0 -9999.0 -9999.0 -9999.0 -9999.0 -9999.0 -9999.0 nan nan nan nan nan nan nan nan nan nan nan nan nan nan nan nan nan nan nan nan nan nan
