data/output/RUN203/ECOSPACE/ECOSPACE_in_PAR3/PAR-VarZ-VarK/PAR-VarZ-VarK_1983_06.asc
ncols        93
nrows        151 
xllcorner    -123.80739
yllcorner    48.29471 
cellsize     0.013497347 
NODATA_value  0.0
[rows 80 to 119 of 151, columns 0 to 89 of 93]
nan nan nan nan nan nan nan nan nan nan nan nan nan nan nan nan nan nan nan nan nan nan nan 26.0 26.1 25.7 27.6 26.5 24.9 23.4 22.1 21.0 20.0 19.3 18.5 17.7 16.9 16.0 15.3 14.7 14.2 13.7 13.4 13.1 12.9 12.6 12.5 12.5 12.5 12.6 12.7 12.9 13.1 13.2 nan nan nan nan nan nan nan nan nan nan nan nan 11.6 11.7 11.7 11.6 nan 11.4 11.4 11.4 11.4 11.4 11.4 11.3 11.2 11.3 11.6 11.6 11.4 nan nan nan nan nan nan nan
nan nan nan nan nan nan nan nan nan nan nan nan nan nan nan nan nan nan nan nan nan nan nan nan nan nan 28.3 27.5 26.3 24.7 23.3 22.1 21.0 20.1 19.2 18.3 17.3 16.4 15.6 14.9 14.3 13.9 13.5 13.1 12.9 12.6 12.5 12.4 12.4 12.4 12.5 12.6 12.9 13.1 12.8 nan nan nan nan nan nan nan nan nan nan nan 11.8 11.8 nan nan nan nan nan 11.5 11.5 11.6 nan 11.3 11.4 11.6 11.8 11.8 nan nan nan nan nan nan nan nan
nan nan nan nan nan nan nan nan nan nan nan nan nan nan nan nan nan nan nan nan nan nan nan nan nan nan nan 28.3 27.2 26.2 24.7 23.4 22.2 21.1 20.0 19.0 17.9 16.8 15.9 15.2 14.5 14.0 13.6 13.2 12.9 12.6 12.5 12.4 12.3 12.3 12.4 12.5 12.6 12.8 12.9 12.7 nan nan nan nan nan nan nan nan nan 11.9 12.0 nan nan nan nan nan nan 11.5 11.5 11.6 nan 11.4 11.6 11.8 11.9 nan nan nan nan nan nan nan nan nan
nan nan nan nan nan nan nan nan nan nan nan nan nan nan nan nan nan nan nan nan nan nan nan nan nan nan nan nan 26.2 26.8 26.2 24.8 23.5 22.2 21.0 19.7 18.5 17.3 16.3 15.5 14.8 14.2 13.7 13.3 13.0 12.7 12.5 12.4 12.3 12.3 12.3 12.4 12.5 12.6 12.7 12.7 12.6 nan nan nan nan nan nan nan nan 11.9 11.9 nan nan nan nan nan nan 11.5 11.6 11.7 11.9 12.1 12.0 11.9 nan nan nan nan nan nan nan nan nan nan
nan nan nan nan nan nan nan nan nan nan nan nan nan nan nan nan nan nan nan nan nan nan nan nan nan nan nan nan nan 13.6 27.4 26.3 24.9 23.5 22.1 20.7 19.2 17.9 16.8 15.9 15.1 14.4 13.8 13.4 13.1 12.8 12.6 12.4 12.4 12.3 12.3 12.3 12.4 12.5 12.6 12.6 12.6 12.5 nan nan nan nan nan nan 12.0 12.0 12.0 nan 12.0 11.9 11.9 nan nan 11.6 11.7 11.9 12.2 12.5 nan nan nan nan nan nan nan nan nan nan nan nan
nan nan nan nan nan nan nan nan nan nan nan nan nan nan nan nan nan nan nan nan nan nan nan nan nan nan nan nan nan nan 14.1 27.3 26.3 24.8 23.3 21.7 20.1 18.6 17.4 16.3 15.4 14.7 14.0 13.5 13.2 12.9 12.6 12.5 12.4 12.4 12.3 12.3 12.4 12.4 12.5 12.6 12.6 12.5 nan nan nan nan nan 12.1 12.1 12.1 12.1 12.1 12.0 11.9 11.9 8.6 nan 11.7 11.9 12.1 12.3 12.4 nan nan nan nan nan nan nan nan nan nan nan nan
nan nan nan nan nan nan nan nan nan nan nan nan nan nan nan nan nan nan nan nan nan nan nan nan nan nan nan nan nan nan nan 24.9 26.8 25.9 24.5 22.8 21.1 19.4 18.0 16.9 15.9 15.0 14.3 13.8 13.4 13.0 12.8 12.6 12.5 12.4 12.4 12.4 12.4 12.4 12.5 12.5 12.5 12.5 12.4 nan nan 12.3 12.3 12.3 12.2 12.1 12.1 12.1 12.0 12.0 11.9 nan nan 11.9 12.0 12.2 12.4 12.3 nan nan nan nan nan nan nan nan nan nan nan nan
nan nan nan nan nan nan nan nan nan nan nan nan nan nan nan nan nan nan nan nan nan nan nan nan nan nan nan nan nan nan nan nan 27.5 26.7 25.4 23.9 22.1 20.3 18.8 17.5 16.4 15.4 14.6 14.0 13.6 13.2 12.9 12.7 12.6 12.5 12.5 12.5 12.5 12.5 12.5 12.5 12.5 12.4 12.4 12.4 12.4 12.4 12.3 nan 12.2 12.2 12.2 12.2 12.1 12.1 12.0 12.0 12.0 12.1 12.1 12.2 12.3 nan nan nan nan nan nan nan nan nan nan nan nan nan
nan nan nan nan nan nan nan nan nan nan nan nan nan nan nan nan nan nan nan nan nan nan nan nan nan nan nan nan nan nan 26.6 27.0 27.6 27.0 26.1 24.8 23.0 21.2 19.5 18.1 16.9 15.9 15.0 14.3 13.8 13.4 13.1 12.9 12.8 12.7 12.6 12.6 12.6 12.6 12.6 12.5 12.4 12.4 12.4 12.4 12.4 12.4 12.3 12.3 12.3 12.3 12.3 12.3 12.2 12.2 12.1 12.0 12.0 12.1 12.2 12.3 12.3 nan nan nan nan nan nan nan nan nan nan nan nan nan
nan nan nan nan nan nan nan nan nan nan nan nan nan nan nan nan nan nan nan nan nan nan nan nan nan nan nan nan nan nan nan nan 27.4 27.0 26.3 25.3 24.0 22.2 20.4 18.8 17.5 16.4 15.4 14.7 14.2 13.7 13.4 13.2 13.0 12.9 12.9 12.8 12.8 12.8 12.7 12.6 12.5 12.4 12.4 12.4 12.4 12.4 12.4 12.4 12.4 12.3 12.3 nan nan nan 12.1 12.1 12.1 12.2 12.3 12.3 nan nan nan nan nan nan nan nan nan nan nan nan nan nan
nan nan nan nan nan nan nan nan nan nan nan nan nan nan nan nan nan nan nan nan nan nan nan nan nan nan nan nan nan nan 15.3 13.9 27.4 27.0 26.3 25.8 24.9 23.2 21.2 19.6 18.2 17.0 16.0 15.2 14.6 14.1 13.7 13.4 13.3 13.2 13.1 13.1 13.0 12.9 12.8 12.7 12.6 12.5 12.4 12.4 12.4 12.4 12.4 12.4 nan nan nan nan nan nan nan 12.2 12.2 12.3 12.4 12.3 nan nan nan nan nan nan nan nan nan nan nan nan nan nan
nan nan nan nan nan nan nan nan nan nan nan nan nan nan nan nan nan nan nan nan nan nan nan nan nan nan nan nan nan nan 14.6 26.9 27.5 27.3 26.5 15.1 25.7 23.9 21.8 20.2 18.8 17.6 16.5 15.7 15.0 14.5 14.1 13.8 13.6 13.4 13.4 13.3 13.2 13.1 12.9 12.8 12.7 12.6 12.5 12.5 12.5 12.4 12.4 nan nan nan nan nan nan 12.2 12.3 12.4 12.4 12.4 12.4 nan nan nan nan nan nan nan nan nan nan nan nan nan nan nan
nan nan nan nan nan nan nan nan nan nan nan nan nan nan nan nan nan nan nan nan nan nan nan nan nan nan nan nan nan nan 15.4 25.8 27.6 27.0 nan nan nan 23.6 22.3 20.8 19.5 18.2 17.1 16.2 15.4 14.9 14.4 14.1 13.9 13.7 13.6 13.5 13.4 13.2 13.1 12.9 12.8 12.7 12.6 12.6 12.5 12.5 12.5 nan nan nan nan nan 12.3 12.4 12.4 12.6 12.5 12.4 nan nan nan nan nan nan nan nan nan nan nan nan nan nan nan nan
nan nan nan nan nan nan nan nan nan nan nan nan nan nan nan nan nan nan nan nan nan nan nan nan nan nan nan nan nan nan 15.3 14.0 28.1 27.2 nan nan nan 21.7 22.8 21.6 20.4 19.0 17.8 16.7 15.9 15.3 14.8 14.4 14.2 14.0 13.8 13.6 13.5 13.4 13.2 13.1 13.0 12.9 12.8 12.7 12.6 12.6 12.5 12.4 12.4 nan 12.4 12.5 12.5 12.6 12.7 12.7 nan nan nan nan nan nan nan nan nan nan nan nan nan nan nan nan nan nan
nan nan nan nan nan nan nan nan nan nan nan nan nan nan nan nan nan nan nan nan nan nan nan nan nan nan nan nan nan nan nan nan 28.2 22.6 nan nan nan nan 23.0 22.5 21.4 19.9 18.4 17.3 16.4 15.7 15.2 14.8 14.5 14.2 14.1 13.9 13.7 13.6 13.5 13.3 13.2 13.1 12.9 12.8 12.7 12.6 12.6 12.5 12.6 12.6 12.6 12.6 12.6 12.7 12.7 nan nan nan nan nan nan nan nan nan nan nan nan nan nan nan nan nan nan nan
nan nan nan nan nan nan nan nan nan nan nan nan nan nan nan nan nan nan nan nan nan nan nan nan nan nan nan nan nan nan nan nan nan 20.8 12.0 nan nan nan 13.5 23.9 22.6 20.8 19.0 17.8 16.8 16.1 15.5 15.1 14.8 14.5 14.3 14.1 14.0 13.9 13.7 13.6 13.4 13.3 13.1 13.0 12.9 12.8 12.7 12.6 12.6 12.6 12.6 12.7 12.7 12.7 12.6 nan nan nan nan nan nan nan nan nan nan nan nan nan nan nan nan nan nan nan
nan nan nan nan nan nan nan nan nan nan nan nan nan nan nan nan nan nan nan nan nan nan nan nan nan nan nan nan nan nan nan nan nan nan 14.9 21.6 nan nan nan nan 23.1 21.6 19.5 18.2 17.2 16.5 15.9 15.4 15.1 14.8 14.6 14.5 14.3 14.2 14.1 13.9 13.7 13.6 13.4 13.2 13.1 13.0 12.9 12.8 12.7 12.7 12.7 12.7 12.7 12.7 12.6 12.4 nan nan nan nan nan nan nan nan nan nan nan nan nan nan nan nan nan nan
nan nan nan nan nan nan nan nan nan nan nan nan nan nan nan nan nan nan nan nan nan nan nan nan nan nan nan nan nan nan nan nan nan nan nan 15.7 14.9 nan nan nan nan 20.5 19.9 18.5 17.5 16.8 16.2 15.8 15.4 15.2 15.0 14.9 14.7 14.6 14.5 14.3 14.1 13.9 13.6 13.5 13.3 13.1 13.0 12.9 12.8 12.8 12.8 12.8 12.7 12.7 12.6 12.6 12.4 8.9 nan nan nan nan nan nan nan nan nan nan nan nan nan nan nan nan
nan nan nan nan nan nan nan nan nan nan nan nan nan nan nan nan nan nan nan nan nan nan nan nan nan nan nan nan nan nan nan nan nan nan 13.8 16.4 21.4 21.1 nan 14.6 nan 18.4 20.0 18.8 17.8 17.1 16.5 16.1 15.8 15.6 15.4 15.3 15.1 15.0 14.9 14.6 14.4 14.2 13.9 13.7 13.5 13.3 13.1 13.0 12.9 12.8 12.8 12.7 12.7 12.6 12.6 12.5 12.4 12.3 nan nan nan nan nan nan nan nan nan nan nan nan nan nan nan nan
nan nan nan nan nan nan nan nan nan nan nan nan nan nan nan nan nan nan nan nan nan nan nan nan nan nan nan nan nan nan nan nan nan nan 21.6 21.9 22.2 21.4 15.0 19.0 20.0 16.7 20.2 19.0 18.1 17.3 16.8 16.4 16.1 15.9 15.8 15.7 15.6 15.4 15.3 15.1 14.8 14.5 14.3 14.0 13.7 13.5 13.3 13.1 12.9 12.8 12.2 11.9 11.6 12.6 12.5 12.5 12.5 12.4 12.4 nan nan nan nan nan nan nan nan nan nan nan nan nan nan nan
nan nan nan nan nan nan nan nan nan nan nan nan nan nan nan nan nan nan nan nan nan nan nan nan nan nan nan nan nan nan nan nan nan nan 22.1 22.3 22.3 22.2 22.3 nan 21.0 20.0 20.2 19.2 18.3 17.6 17.0 16.7 16.5 16.3 16.2 16.1 16.1 15.9 15.7 15.5 15.2 14.9 14.6 14.3 14.0 13.7 -9999.0 -9999.0 -9999.0 -9999.0 -9999.0 -9999.0 -9999.0 9.8 12.5 12.4 12.5 12.3 12.4 nan nan nan nan nan nan nan nan nan nan nan nan nan nan -9999.0
nan nan nan nan nan nan nan nan nan nan nan nan nan nan nan nan nan nan nan nan nan nan nan nan nan nan nan nan nan nan nan nan nan nan 22.3 22.4 22.3 22.0 21.9 nan nan 21.4 20.4 19.4 18.5 17.8 17.3 17.0 16.8 16.7 16.7 16.6 16.5 16.4 16.2 16.0 15.7 15.4 15.0 14.7 14.3 -9999.0 -9999.0 -9999.0 -9999.0 -9999.0 -9999.0 -9999.0 -9999.0 nan 11.9 12.4 12.4 12.0 nan nan nan nan nan nan nan nan nan nan nan nan nan nan nan -9999.0
nan nan nan nan nan nan nan nan nan nan nan nan nan nan nan nan nan nan nan nan nan nan nan nan nan nan nan nan nan nan nan nan nan nan 22.2 22.1 22.0 22.0 22.4 nan 16.8 20.2 20.6 19.6 18.7 18.0 17.6 17.3 17.2 17.1 17.1 17.0 17.0 16.8 16.7 16.5 16.2 15.9 15.5 15.0 14.5 -9999.0 -9999.0 -9999.0 -9999.0 -9999.0 -9999.0 -9999.0 -9999.0 -9999.0 -9999.0 nan 9.5 9.5 nan nan nan nan nan nan nan nan nan nan nan nan nan nan nan -9999.0
nan nan nan nan nan nan nan nan nan nan nan nan nan nan nan nan nan nan nan nan nan nan nan nan nan nan nan nan nan nan nan nan nan nan 21.9 21.9 22.1 22.5 20.2 13.5 20.1 17.7 20.5 19.7 18.9 18.2 17.8 17.6 17.6 17.5 17.5 17.4 17.4 17.3 17.1 17.0 16.7 16.4 15.9 15.4 -9999.0 -9999.0 -9999.0 -9999.0 -9999.0 -9999.0 -9999.0 -9999.0 -9999.0 -9999.0 -9999.0 nan nan nan nan nan nan nan nan nan nan nan nan nan nan nan nan nan nan -9999.0
nan nan nan nan nan nan nan nan nan nan nan nan nan nan nan nan nan nan nan nan nan nan nan nan nan nan nan nan nan nan nan nan 21.0 21.1 21.9 22.2 22.8 23.5 23.2 23.5 nan 22.0 20.9 19.9 19.1 18.5 18.1 17.9 17.8 17.8 17.7 17.7 17.7 17.7 17.6 17.5 17.2 16.9 16.4 -9999.0 -9999.0 -9999.0 -9999.0 -9999.0 -9999.0 -9999.0 -9999.0 -9999.0 -9999.0 -9999.0 -9999.0 -9999.0 nan nan nan nan nan nan nan nan nan nan nan nan nan nan nan nan nan -9999.0
nan nan nan nan nan nan nan nan nan nan nan nan nan nan nan nan nan nan nan nan nan nan nan nan nan nan nan nan nan 15.0 nan nan 22.3 22.4 22.3 22.5 23.4 24.2 24.9 nan nan 21.9 21.1 20.1 19.3 18.7 18.3 18.1 18.0 17.9 17.9 17.9 18.0 18.0 18.1 18.0 17.8 17.4 16.8 -9999.0 -9999.0 -9999.0 -9999.0 -9999.0 -9999.0 -9999.0 -9999.0 -9999.0 -9999.0 -9999.0 -9999.0 -9999.0 -9999.0 -9999.0 nan nan nan nan nan nan nan nan nan nan nan nan nan nan nan -9999.0
nan nan nan nan nan nan nan nan nan nan nan nan nan nan nan nan nan nan nan nan nan nan nan nan nan nan nan nan nan 12.6 12.6 nan 22.8 23.0 21.7 20.1 22.9 24.1 24.4 23.6 nan 22.0 21.4 20.5 19.6 19.0 18.6 18.3 18.2 18.1 18.1 18.1 18.3 18.4 18.5 18.5 18.3 18.0 -9999.0 -9999.0 -9999.0 -9999.0 -9999.0 -9999.0 -9999.0 -9999.0 -9999.0 -9999.0 -9999.0 -9999.0 -9999.0 -9999.0 -9999.0 -9999.0 -9999.0 nan nan nan nan nan nan nan nan nan nan nan nan nan nan -9999.0
nan nan nan nan nan nan nan nan nan nan nan nan nan nan nan nan nan nan nan nan nan nan nan nan nan nan nan nan nan 13.3 23.0 23.0 23.2 23.5 23.8 nan 13.6 24.0 24.1 24.2 nan 21.9 21.9 21.0 20.0 19.3 18.8 18.6 18.4 18.3 18.3 18.4 18.6 18.7 18.9 19.0 18.9 18.6 -9999.0 -9999.0 -9999.0 -9999.0 -9999.0 -9999.0 -9999.0 -9999.0 -9999.0 -9999.0 -9999.0 -9999.0 -9999.0 -9999.0 -9999.0 -9999.0 -9999.0 -9999.0 nan nan nan nan nan nan nan nan nan nan nan nan nan -9999.0
nan nan nan nan nan nan nan nan nan nan nan nan nan nan nan nan nan nan nan nan nan nan nan nan nan nan nan nan nan nan 22.7 22.9 23.2 23.7 23.2 nan nan 23.8 23.9 23.8 nan 19.7 20.5 21.2 20.4 19.6 19.1 18.8 18.6 18.6 18.6 18.7 18.9 19.1 19.3 19.4 19.5 19.2 -9999.0 -9999.0 -9999.0 -9999.0 -9999.0 -9999.0 -9999.0 -9999.0 -9999.0 -9999.0 -9999.0 -9999.0 -9999.0 -9999.0 -9999.0 -9999.0 -9999.0 -9999.0 -9999.0 nan nan nan nan nan nan nan nan nan nan nan nan -9999.0
nan nan nan nan nan nan nan nan nan nan nan nan nan nan nan nan nan nan nan nan nan nan nan nan nan nan nan nan nan nan 20.5 23.0 23.3 23.8 21.2 nan 15.3 18.5 20.8 12.9 20.1 15.9 17.7 20.5 20.7 20.0 19.5 19.1 19.0 18.9 18.9 19.1 19.2 19.5 19.7 19.7 19.7 19.1 -9999.0 -9999.0 -9999.0 -9999.0 -9999.0 -9999.0 -9999.0 -9999.0 -9999.0 -9999.0 -9999.0 -9999.0 -9999.0 -9999.0 -9999.0 -9999.0 -9999.0 -9999.0 -9999.0 -9999.0 nan nan nan nan nan nan nan nan nan nan nan -9999.0
nan nan nan nan nan nan nan nan nan nan nan nan nan nan nan nan nan nan nan nan nan nan nan nan nan nan nan nan nan nan 20.9 22.6 23.4 23.8 23.5 15.3 nan 21.7 17.5 14.0 17.7 nan 22.6 22.3 21.4 20.6 20.0 19.6 19.4 19.3 19.3 19.4 19.6 19.8 20.0 20.1 19.5 15.0 -9999.0 -9999.0 -9999.0 -9999.0 -9999.0 -9999.0 -9999.0 -9999.0 -9999.0 -9999.0 -9999.0 -9999.0 -9999.0 -9999.0 -9999.0 -9999.0 -9999.0 -9999.0 -9999.0 -9999.0 -9999.0 -9999.0 nan nan nan nan nan nan nan nan nan -9999.0
nan nan nan nan nan nan nan nan nan nan nan nan nan nan nan nan nan nan nan nan nan nan nan nan nan nan nan nan nan nan nan 23.1 23.5 23.8 24.2 nan nan 17.5 17.6 16.8 nan nan 23.5 23.0 22.1 21.3 20.6 20.1 19.9 19.8 19.8 19.8 19.9 20.1 20.2 20.3 19.5 16.5 -9999.0 -9999.0 -9999.0 -9999.0 -9999.0 -9999.0 -9999.0 -9999.0 -9999.0 -9999.0 -9999.0 nan nan nan -9999.0 -9999.0 -9999.0 -9999.0 -9999.0 -9999.0 -9999.0 -9999.0 -9999.0 -9999.0 -9999.0 -9999.0 -9999.0 nan nan nan -9999.0 -9999.0
nan nan nan nan nan nan nan nan nan nan nan nan nan nan nan nan nan nan nan nan nan nan nan nan nan nan nan nan nan nan nan 22.7 23.4 23.9 24.4 nan 13.8 16.3 22.8 15.6 nan nan 24.1 23.7 23.0 22.1 21.4 20.8 20.5 20.3 20.3 20.2 20.3 20.4 20.5 20.6 20.5 16.5 -9999.0 -9999.0 -9999.0 -9999.0 -9999.0 -9999.0 -9999.0 -9999.0 -9999.0 -9999.0 -9999.0 nan nan nan nan nan -9999.0 -9999.0 -9999.0 -9999.0 -9999.0 -9999.0 -9999.0 -9999.0 -9999.0 -9999.0 -9999.0 -9999.0 -9999.0 -9999.0 -9999.0 -9999.0
nan nan nan nan nan nan nan nan nan nan nan nan nan nan nan nan nan nan nan nan nan nan nan nan nan nan nan nan nan nan nan 15.0 23.4 23.9 24.0 23.4 20.6 19.0 14.9 12.3 15.9 nan 24.4 24.4 23.8 23.0 22.2 21.6 21.2 21.0 20.8 20.7 20.7 20.8 20.9 21.0 21.2 15.4 -9999.0 -9999.0 -9999.0 -9999.0 -9999.0 -9999.0 -9999.0 -9999.0 -9999.0 -9999.0 -9999.0 -9999.0 -9999.0 -9999.0 -9999.0 -9999.0 -9999.0 -9999.0 -9999.0 -9999.0 -9999.0 -9999.0 -9999.0 -9999.0 -9999.0 -9999.0 -9999.0 -9999.0 -9999.0 -9999.0 -9999.0 -9999.0
nan nan nan nan nan nan nan nan nan nan nan nan nan nan nan nan nan nan nan nan nan nan nan nan nan nan nan nan nan nan nan 15.0 23.3 24.0 24.7 25.1 25.3 nan 15.7 18.9 12.2 nan 24.9 25.0 24.6 23.9 23.1 22.4 21.9 21.6 21.4 21.3 21.3 21.3 21.3 21.3 21.6 15.7 -9999.0 -9999.0 -9999.0 -9999.0 -9999.0 -9999.0 -9999.0 -9999.0 -9999.0 -9999.0 -9999.0 -9999.0 -9999.0 -9999.0 -9999.0 -9999.0 -9999.0 -9999.0 -9999.0 -9999.0 -9999.0 -9999.0 -9999.0 -9999.0 -9999.0 -9999.0 -9999.0 -9999.0 -9999.0 -9999.0 -9999.0 -9999.0
nan nan nan nan nan nan nan nan nan nan nan nan nan nan nan nan nan nan nan nan nan nan nan nan nan nan nan nan nan nan nan 15.1 21.4 24.0 24.9 25.4 25.5 nan nan 17.5 15.0 nan nan 25.6 25.4 24.7 24.0 23.3 22.8 22.4 22.1 21.9 21.9 21.9 21.8 21.8 21.8 15.9 -9999.0 -9999.0 -9999.0 -9999.0 -9999.0 -9999.0 -9999.0 -9999.0 -9999.0 -9999.0 -9999.0 -9999.0 -9999.0 -9999.0 -9999.0 -9999.0 -9999.0 -9999.0 -9999.0 -9999.0 -9999.0 -9999.0 -9999.0 -9999.0 -9999.0 -9999.0 -9999.0 -9999.0 -9999.0 -9999.0 -9999.0 -9999.0
nan nan nan nan nan nan nan nan nan nan nan nan nan nan nan nan nan nan nan nan nan nan nan nan nan nan nan nan nan nan nan nan 14.4 24.5 25.1 25.6 nan nan nan 18.6 14.3 16.3 nan nan 25.2 25.3 24.7 24.1 23.6 23.2 22.8 22.6 22.5 22.4 22.4 22.3 22.3 21.7 -9999.0 -9999.0 -9999.0 -9999.0 -9999.0 -9999.0 -9999.0 -9999.0 -9999.0 -9999.0 -9999.0 -9999.0 -9999.0 -9999.0 -9999.0 -9999.0 -9999.0 -9999.0 -9999.0 -9999.0 -9999.0 -9999.0 -9999.0 -9999.0 nan nan nan -9999.0 -9999.0 -9999.0 -9999.0 -9999.0
nan nan nan nan nan nan nan nan nan nan nan nan nan nan nan nan nan nan nan nan nan nan nan nan nan nan nan nan nan nan nan nan 23.4 24.5 25.2 25.8 nan nan nan nan 16.0 16.5 26.4 nan 25.3 25.9 25.6 25.0 24.5 24.0 23.6 23.2 23.0 22.9 22.9 22.9 22.8 22.6 -9999.0 -9999.0 -9999.0 -9999.0 -9999.0 -9999.0 -9999.0 -9999.0 -9999.0 -9999.0 -9999.0 -9999.0 -9999.0 -9999.0 -9999.0 -9999.0 -9999.0 -9999.0 -9999.0 -9999.0 -9999.0 -9999.0 nan nan nan nan nan nan nan nan -9999.0 -9999.0
nan nan nan nan nan nan nan nan nan nan nan nan nan nan nan nan nan nan nan nan nan nan nan nan nan nan nan nan nan nan nan nan nan 24.7 25.6 26.3 nan nan nan nan 20.6 18.4 23.0 18.4 nan 26.7 26.9 26.1 25.5 24.9 24.4 24.0 23.7 23.5 23.5 23.5 23.5 23.4 -9999.0 -9999.0 -9999.0 -9999.0 -9999.0 -9999.0 -9999.0 -9999.0 -9999.0 -9999.0 -9999.0 nan nan nan nan nan nan nan nan nan nan nan nan nan nan nan nan nan nan nan nan nan
nan nan nan nan nan nan nan nan nan nan nan nan nan nan nan nan nan nan nan nan nan nan nan nan nan nan nan nan nan nan nan nan nan 24.9 25.8 26.7 26.4 nan nan nan 25.2 20.0 20.7 27.6 nan nan 27.0 26.8 26.3 25.7 25.2 24.8 24.4 24.2 24.1 24.1 24.1 24.2 -9999.0 -9999.0 -9999.0 -9999.0 -9999.0 -9999.0 -9999.0 -9999.0 -9999.0 -9999.0 nan nan nan nan nan nan nan nan nan nan nan nan nan nan nan nan nan nan nan nan nan nan
