data/output/RUN203/ECOSPACE/ECOSPACE_in_PAR3/PAR-VarZ-VarK/PAR-VarZ-VarK_1999_06.asc
ncols        93
nrows        151 
xllcorner    -123.80739
yllcorner    48.29471 
cellsize     0.013497347 
NODATA_value  0.0
[rows 80 to 119 of 151, columns 0 to 89 of 93]
nan nan nan nan nan nan nan nan nan nan nan nan nan nan nan nan nan nan nan nan nan nan nan 25.8 25.4 25.4 27.0 26.7 25.8 24.8 23.9 22.9 21.9 20.9 20.1 19.3 18.6 18.0 17.5 17.0 16.5 16.1 15.7 15.3 14.9 14.5 14.1 13.7 13.3 13.0 12.7 12.5 12.3 12.2 nan nan nan nan nan nan nan nan nan nan nan nan 11.0 11.1 11.2 11.2 nan 11.0 11.0 11.0 11.0 11.1 11.1 11.0 10.9 11.1 11.3 11.4 11.4 nan nan nan nan nan nan nan
nan nan nan nan nan nan nan nan nan nan nan nan nan nan nan nan nan nan nan nan nan nan nan nan nan nan 27.8 27.1 26.4 25.5 24.7 23.7 22.7 21.7 20.7 19.9 19.1 18.4 17.8 17.3 16.8 16.4 15.9 15.5 15.1 14.6 14.2 13.8 13.5 13.1 12.8 12.6 12.5 12.3 12.0 nan nan nan nan nan nan nan nan nan nan nan 11.2 11.2 nan nan nan nan nan 11.0 11.1 11.2 nan 11.0 11.1 11.3 11.5 11.6 nan nan nan nan nan nan nan nan
nan nan nan nan nan nan nan nan nan nan nan nan nan nan nan nan nan nan nan nan nan nan nan nan nan nan nan 27.7 27.1 26.3 25.4 24.6 23.5 22.4 21.4 20.5 19.6 18.9 18.2 17.6 17.1 16.6 16.1 15.7 15.2 14.8 14.4 14.0 13.6 13.2 12.9 12.7 12.5 12.3 12.1 11.9 nan nan nan nan nan nan nan nan nan 11.2 11.3 nan nan nan nan nan nan 11.0 11.1 11.1 nan 11.1 11.3 11.5 11.6 nan nan nan nan nan nan nan nan nan
nan nan nan nan nan nan nan nan nan nan nan nan nan nan nan nan nan nan nan nan nan nan nan nan nan nan nan nan 25.9 26.8 26.4 25.6 24.5 23.3 22.1 21.0 20.1 19.3 18.5 17.9 17.4 16.8 16.3 15.9 15.4 14.9 14.5 14.1 13.7 13.3 13.0 12.7 12.6 12.4 12.2 12.1 11.9 nan nan nan nan nan nan nan nan 11.2 11.3 nan nan nan nan nan nan 11.0 11.1 11.2 11.4 11.6 11.5 11.6 nan nan nan nan nan nan nan nan nan nan
nan nan nan nan nan nan nan nan nan nan nan nan nan nan nan nan nan nan nan nan nan nan nan nan nan nan nan nan nan 13.6 27.3 26.5 25.4 24.1 22.9 21.7 20.6 19.7 18.9 18.2 17.6 17.0 16.5 16.0 15.6 15.1 14.6 14.2 13.8 13.4 13.1 12.9 12.7 12.5 12.4 12.2 12.0 11.9 nan nan nan nan nan nan 11.3 11.3 11.4 nan 11.4 11.3 11.4 nan nan 11.1 11.2 11.4 11.5 11.8 nan nan nan nan nan nan nan nan nan nan nan nan
nan nan nan nan nan nan nan nan nan nan nan nan nan nan nan nan nan nan nan nan nan nan nan nan nan nan nan nan nan nan 14.0 26.9 26.3 25.0 23.8 22.5 21.2 20.1 19.2 18.5 17.8 17.2 16.7 16.1 15.7 15.2 14.7 14.3 13.9 13.6 13.2 13.0 12.8 12.6 12.5 12.4 12.2 12.1 nan nan nan nan nan 11.4 11.4 11.4 11.4 11.5 11.4 11.4 11.3 8.5 nan 11.1 11.3 11.4 11.6 11.7 nan nan nan nan nan nan nan nan nan nan nan nan
nan nan nan nan nan nan nan nan nan nan nan nan nan nan nan nan nan nan nan nan nan nan nan nan nan nan nan nan nan nan nan 24.8 26.5 25.8 24.6 23.2 21.9 20.7 19.7 18.9 18.2 17.5 16.9 16.3 15.8 15.4 14.9 14.4 14.1 13.7 13.4 13.2 13.0 12.8 12.7 12.5 12.4 12.2 12.0 nan nan 11.5 11.6 11.6 11.5 11.6 11.6 11.6 11.5 11.4 11.4 nan nan 11.3 11.4 11.5 11.6 11.6 nan nan nan nan nan nan nan nan nan nan nan nan
nan nan nan nan nan nan nan nan nan nan nan nan nan nan nan nan nan nan nan nan nan nan nan nan nan nan nan nan nan nan nan nan 27.1 26.4 25.3 24.0 22.7 21.4 20.3 19.3 18.5 17.8 17.1 16.5 16.0 15.5 15.0 14.6 14.2 13.9 13.6 13.4 13.2 13.0 12.8 12.7 12.5 12.3 12.1 11.9 11.8 11.7 11.7 nan 11.6 11.7 11.8 11.8 11.7 11.6 11.5 11.4 11.5 11.5 11.5 11.6 11.6 nan nan nan nan nan nan nan nan nan nan nan nan nan
nan nan nan nan nan nan nan nan nan nan nan nan nan nan nan nan nan nan nan nan nan nan nan nan nan nan nan nan nan nan 26.1 26.7 27.5 26.9 25.9 24.8 23.6 22.2 21.0 19.9 19.0 18.2 17.5 16.8 16.2 15.7 15.2 14.8 14.4 14.1 13.8 13.6 13.4 13.2 13.0 12.9 12.7 12.5 12.3 12.1 11.9 11.9 11.9 11.9 11.9 11.9 12.0 12.0 12.0 11.9 11.8 11.6 11.6 11.6 11.6 11.6 11.6 nan nan nan nan nan nan nan nan nan nan nan nan nan
nan nan nan nan nan nan nan nan nan nan nan nan nan nan nan nan nan nan nan nan nan nan nan nan nan nan nan nan nan nan nan nan 27.2 27.1 26.5 25.6 24.5 23.1 21.7 20.5 19.5 18.6 17.8 17.1 16.4 15.9 15.4 15.0 14.7 14.4 14.1 13.8 13.6 13.5 13.3 13.1 12.9 12.7 12.5 12.3 12.1 12.0 12.0 12.1 12.1 12.1 12.1 nan nan nan 11.8 11.8 11.7 11.6 11.6 11.6 nan nan nan nan nan nan nan nan nan nan nan nan nan nan
nan nan nan nan nan nan nan nan nan nan nan nan nan nan nan nan nan nan nan nan nan nan nan nan nan nan nan nan nan nan 15.5 14.1 27.5 27.5 26.8 26.2 25.5 24.4 22.8 21.4 20.2 19.1 18.2 17.4 16.8 16.2 15.7 15.3 15.0 14.7 14.4 14.1 13.9 13.7 13.5 13.3 13.1 12.9 12.7 12.5 12.3 12.2 12.2 12.2 nan nan nan nan nan nan nan 11.8 11.7 11.7 11.6 11.6 nan nan nan nan nan nan nan nan nan nan nan nan nan nan
nan nan nan nan nan nan nan nan nan nan nan nan nan nan nan nan nan nan nan nan nan nan nan nan nan nan nan nan nan nan 14.7 27.1 27.6 27.7 27.1 15.4 26.5 25.5 23.7 22.3 20.9 19.8 18.7 17.8 17.1 16.5 16.0 15.6 15.2 14.9 14.6 14.4 14.2 14.0 13.8 13.6 13.4 13.1 12.9 12.7 12.5 12.4 12.2 nan nan nan nan nan nan 11.8 11.8 11.8 11.7 11.6 11.6 nan nan nan nan nan nan nan nan nan nan nan nan nan nan nan
nan nan nan nan nan nan nan nan nan nan nan nan nan nan nan nan nan nan nan nan nan nan nan nan nan nan nan nan nan nan 15.6 25.9 27.6 27.5 nan nan nan 25.1 24.3 23.0 21.7 20.5 19.3 18.3 17.5 16.9 16.4 15.9 15.6 15.2 14.9 14.7 14.5 14.3 14.1 13.9 13.6 13.4 13.2 12.9 12.7 12.5 12.4 nan nan nan nan nan 11.8 11.8 11.7 11.6 11.6 11.5 nan nan nan nan nan nan nan nan nan nan nan nan nan nan nan nan
nan nan nan nan nan nan nan nan nan nan nan nan nan nan nan nan nan nan nan nan nan nan nan nan nan nan nan nan nan nan 15.6 13.9 27.8 27.5 nan nan nan 23.1 24.6 23.8 22.5 21.2 19.9 18.8 18.0 17.3 16.7 16.2 15.9 15.5 15.2 15.0 14.7 14.5 14.3 14.1 13.9 13.6 13.4 13.1 12.8 12.6 12.4 12.1 12.0 nan 11.9 11.9 11.8 11.7 11.6 11.5 nan nan nan nan nan nan nan nan nan nan nan nan nan nan nan nan nan nan
nan nan nan nan nan nan nan nan nan nan nan nan nan nan nan nan nan nan nan nan nan nan nan nan nan nan nan nan nan nan nan nan 27.8 22.9 nan nan nan nan 24.9 24.5 23.5 22.0 20.6 19.4 18.4 17.7 17.1 16.6 16.2 15.8 15.5 15.3 15.0 14.8 14.6 14.4 14.1 13.8 13.6 13.3 13.0 12.7 12.4 12.2 12.1 12.0 11.9 11.8 11.7 11.6 11.5 nan nan nan nan nan nan nan nan nan nan nan nan nan nan nan nan nan nan nan
nan nan nan nan nan nan nan nan nan nan nan nan nan nan nan nan nan nan nan nan nan nan nan nan nan nan nan nan nan nan nan nan nan 21.6 11.8 nan nan nan 14.0 25.4 24.5 22.9 21.3 19.9 18.9 18.1 17.5 16.9 16.5 16.1 15.8 15.5 15.3 15.1 14.9 14.6 14.3 14.0 13.7 13.4 13.1 12.8 12.5 12.3 12.1 12.0 11.9 11.8 11.7 11.6 11.4 nan nan nan nan nan nan nan nan nan nan nan nan nan nan nan nan nan nan nan
nan nan nan nan nan nan nan nan nan nan nan nan nan nan nan nan nan nan nan nan nan nan nan nan nan nan nan nan nan nan nan nan nan nan 13.7 22.1 nan nan nan nan 24.8 23.8 21.9 20.5 19.3 18.5 17.8 17.3 16.8 16.4 16.1 15.8 15.5 15.3 15.1 14.8 14.5 14.1 13.8 13.5 13.2 12.9 12.6 12.3 12.1 12.0 11.9 11.7 11.6 11.6 11.5 11.4 nan nan nan nan nan nan nan nan nan nan nan nan nan nan nan nan nan nan
nan nan nan nan nan nan nan nan nan nan nan nan nan nan nan nan nan nan nan nan nan nan nan nan nan nan nan nan nan nan nan nan nan nan nan 15.8 15.5 nan nan nan nan 22.7 22.2 20.9 19.7 18.8 18.1 17.6 17.1 16.7 16.3 16.0 15.7 15.5 15.2 14.9 14.6 14.3 13.9 13.6 13.2 12.9 12.6 12.3 12.1 11.9 11.8 11.7 11.6 11.5 11.5 11.4 11.4 8.6 nan nan nan nan nan nan nan nan nan nan nan nan nan nan nan nan
nan nan nan nan nan nan nan nan nan nan nan nan nan nan nan nan nan nan nan nan nan nan nan nan nan nan nan nan nan nan nan nan nan nan 14.5 16.3 23.0 22.9 nan 15.4 nan 20.3 22.2 21.1 20.1 19.1 18.4 17.9 17.3 16.9 16.5 16.2 15.9 15.7 15.4 15.1 14.7 14.4 14.0 13.7 13.3 12.9 12.6 12.3 12.1 11.9 11.8 11.7 11.6 11.5 11.4 11.4 11.4 11.3 nan nan nan nan nan nan nan nan nan nan nan nan nan nan nan nan
nan nan nan nan nan nan nan nan nan nan nan nan nan nan nan nan nan nan nan nan nan nan nan nan nan nan nan nan nan nan nan nan nan nan 23.1 23.3 23.7 22.5 14.6 20.7 22.0 18.5 22.3 21.4 20.3 19.4 18.7 18.1 17.6 17.1 16.7 16.4 16.1 15.8 15.5 15.2 14.9 14.5 14.1 13.7 13.3 12.9 12.6 12.3 12.0 11.8 11.4 11.5 11.1 11.6 11.4 11.4 11.4 11.3 11.4 nan nan nan nan nan nan nan nan nan nan nan nan nan nan nan
nan nan nan nan nan nan nan nan nan nan nan nan nan nan nan nan nan nan nan nan nan nan nan nan nan nan nan nan nan nan nan nan nan nan 23.4 23.6 23.7 23.7 23.4 nan 23.1 22.2 22.6 21.6 20.5 19.6 19.0 18.4 17.8 17.4 16.9 16.6 16.2 15.9 15.6 15.3 15.0 14.6 14.2 13.8 13.4 13.0 -9999.0 -9999.0 -9999.0 -9999.0 -9999.0 -9999.0 -9999.0 9.5 11.4 11.3 11.4 11.3 11.3 nan nan nan nan nan nan nan nan nan nan nan nan nan nan -9999.0
nan nan nan nan nan nan nan nan nan nan nan nan nan nan nan nan nan nan nan nan nan nan nan nan nan nan nan nan nan nan nan nan nan nan 23.4 23.5 23.5 23.4 23.4 nan nan 23.4 22.7 21.7 20.7 19.8 19.1 18.6 18.0 17.6 17.2 16.8 16.4 16.1 15.8 15.5 15.1 14.7 14.3 13.8 13.4 -9999.0 -9999.0 -9999.0 -9999.0 -9999.0 -9999.0 -9999.0 -9999.0 nan 11.7 11.4 11.4 11.0 nan nan nan nan nan nan nan nan nan nan nan nan nan nan nan -9999.0
nan nan nan nan nan nan nan nan nan nan nan nan nan nan nan nan nan nan nan nan nan nan nan nan nan nan nan nan nan nan nan nan nan nan 23.3 23.2 23.2 23.4 23.8 nan 18.8 21.3 22.8 21.8 20.8 19.9 19.3 18.7 18.3 17.9 17.4 17.0 16.6 16.3 16.0 15.7 15.3 14.9 14.4 13.9 13.4 -9999.0 -9999.0 -9999.0 -9999.0 -9999.0 -9999.0 -9999.0 -9999.0 -9999.0 -9999.0 nan 9.2 9.2 nan nan nan nan nan nan nan nan nan nan nan nan nan nan nan -9999.0
nan nan nan nan nan nan nan nan nan nan nan nan nan nan nan nan nan nan nan nan nan nan nan nan nan nan nan nan nan nan nan nan nan nan 23.0 23.0 23.3 23.7 21.3 14.0 22.2 19.4 22.9 21.8 20.8 20.0 19.4 18.9 18.5 18.1 17.7 17.3 16.9 16.6 16.3 15.9 15.5 15.0 14.6 14.0 -9999.0 -9999.0 -9999.0 -9999.0 -9999.0 -9999.0 -9999.0 -9999.0 -9999.0 -9999.0 -9999.0 nan nan nan nan nan nan nan nan nan nan nan nan nan nan nan nan nan nan -9999.0
nan nan nan nan nan nan nan nan nan nan nan nan nan nan nan nan nan nan nan nan nan nan nan nan nan nan nan nan nan nan nan nan 21.4 22.0 22.8 23.2 23.8 24.6 24.7 23.5 nan 24.0 22.8 21.9 20.9 20.1 19.5 19.0 18.6 18.3 17.9 17.5 17.1 16.9 16.5 16.2 15.8 15.3 14.8 -9999.0 -9999.0 -9999.0 -9999.0 -9999.0 -9999.0 -9999.0 -9999.0 -9999.0 -9999.0 -9999.0 -9999.0 -9999.0 nan nan nan nan nan nan nan nan nan nan nan nan nan nan nan nan nan -9999.0
nan nan nan nan nan nan nan nan nan nan nan nan nan nan nan nan nan nan nan nan nan nan nan nan nan nan nan nan nan 15.6 nan nan 23.1 23.2 23.1 23.4 24.3 25.1 25.8 nan nan 23.4 22.9 22.0 21.1 20.3 19.6 19.1 18.8 18.5 18.1 17.8 17.4 17.2 16.9 16.5 16.1 15.6 15.1 -9999.0 -9999.0 -9999.0 -9999.0 -9999.0 -9999.0 -9999.0 -9999.0 -9999.0 -9999.0 -9999.0 -9999.0 -9999.0 -9999.0 -9999.0 nan nan nan nan nan nan nan nan nan nan nan nan nan nan nan -9999.0
nan nan nan nan nan nan nan nan nan nan nan nan nan nan nan nan nan nan nan nan nan nan nan nan nan nan nan nan nan 13.0 13.0 nan 23.4 23.6 21.9 20.7 23.3 24.9 25.3 24.6 nan 23.6 23.1 22.3 21.4 20.5 19.8 19.3 19.0 18.7 18.4 18.0 17.7 17.5 17.2 16.9 16.5 16.0 -9999.0 -9999.0 -9999.0 -9999.0 -9999.0 -9999.0 -9999.0 -9999.0 -9999.0 -9999.0 -9999.0 -9999.0 -9999.0 -9999.0 -9999.0 -9999.0 -9999.0 nan nan nan nan nan nan nan nan nan nan nan nan nan nan -9999.0
nan nan nan nan nan nan nan nan nan nan nan nan nan nan nan nan nan nan nan nan nan nan nan nan nan nan nan nan nan 13.7 23.2 23.4 23.6 23.8 24.2 nan 14.2 24.6 25.0 25.2 nan 23.6 23.8 22.9 21.7 20.8 20.0 19.5 19.1 18.9 18.6 18.3 18.0 17.8 17.6 17.3 17.0 16.5 -9999.0 -9999.0 -9999.0 -9999.0 -9999.0 -9999.0 -9999.0 -9999.0 -9999.0 -9999.0 -9999.0 -9999.0 -9999.0 -9999.0 -9999.0 -9999.0 -9999.0 -9999.0 nan nan nan nan nan nan nan nan nan nan nan nan nan -9999.0
nan nan nan nan nan nan nan nan nan nan nan nan nan nan nan nan nan nan nan nan nan nan nan nan nan nan nan nan nan nan 22.9 23.3 23.7 24.1 22.8 nan nan 24.5 24.8 25.2 nan 20.6 21.9 23.0 22.1 21.1 20.3 19.8 19.4 19.1 18.8 18.5 18.3 18.1 17.9 17.7 17.4 16.8 -9999.0 -9999.0 -9999.0 -9999.0 -9999.0 -9999.0 -9999.0 -9999.0 -9999.0 -9999.0 -9999.0 -9999.0 -9999.0 -9999.0 -9999.0 -9999.0 -9999.0 -9999.0 -9999.0 nan nan nan nan nan nan nan nan nan nan nan nan -9999.0
nan nan nan nan nan nan nan nan nan nan nan nan nan nan nan nan nan nan nan nan nan nan nan nan nan nan nan nan nan nan 20.7 23.3 23.7 24.2 21.4 nan 16.0 19.0 22.2 13.1 20.6 16.8 19.1 22.5 22.3 21.4 20.6 20.0 19.6 19.3 19.1 18.8 18.6 18.4 18.3 18.0 17.6 17.0 -9999.0 -9999.0 -9999.0 -9999.0 -9999.0 -9999.0 -9999.0 -9999.0 -9999.0 -9999.0 -9999.0 -9999.0 -9999.0 -9999.0 -9999.0 -9999.0 -9999.0 -9999.0 -9999.0 -9999.0 nan nan nan nan nan nan nan nan nan nan nan -9999.0
nan nan nan nan nan nan nan nan nan nan nan nan nan nan nan nan nan nan nan nan nan nan nan nan nan nan nan nan nan nan 21.1 23.0 23.7 24.1 23.7 15.9 nan 22.3 17.9 13.4 17.7 nan 24.1 23.7 22.8 21.8 21.0 20.4 19.9 19.6 19.4 19.1 18.9 18.7 18.5 18.3 16.8 13.0 -9999.0 -9999.0 -9999.0 -9999.0 -9999.0 -9999.0 -9999.0 -9999.0 -9999.0 -9999.0 -9999.0 -9999.0 -9999.0 -9999.0 -9999.0 -9999.0 -9999.0 -9999.0 -9999.0 -9999.0 -9999.0 -9999.0 nan nan nan nan nan nan nan nan nan -9999.0
nan nan nan nan nan nan nan nan nan nan nan nan nan nan nan nan nan nan nan nan nan nan nan nan nan nan nan nan nan nan nan 23.3 23.6 24.0 24.5 nan nan 17.3 17.7 15.6 nan nan 24.5 24.0 23.2 22.3 21.4 20.8 20.3 20.0 19.7 19.4 19.2 19.0 18.8 18.6 17.4 14.2 -9999.0 -9999.0 -9999.0 -9999.0 -9999.0 -9999.0 -9999.0 -9999.0 -9999.0 -9999.0 -9999.0 nan nan nan -9999.0 -9999.0 -9999.0 -9999.0 -9999.0 -9999.0 -9999.0 -9999.0 -9999.0 -9999.0 -9999.0 -9999.0 -9999.0 nan nan nan -9999.0 -9999.0
nan nan nan nan nan nan nan nan nan nan nan nan nan nan nan nan nan nan nan nan nan nan nan nan nan nan nan nan nan nan nan 22.7 23.5 24.0 24.6 nan 14.2 15.2 22.8 14.1 nan nan 24.7 24.3 23.6 22.7 21.9 21.2 20.7 20.4 20.0 19.8 19.6 19.3 19.1 18.9 18.3 14.7 -9999.0 -9999.0 -9999.0 -9999.0 -9999.0 -9999.0 -9999.0 -9999.0 -9999.0 -9999.0 -9999.0 nan nan nan nan nan -9999.0 -9999.0 -9999.0 -9999.0 -9999.0 -9999.0 -9999.0 -9999.0 -9999.0 -9999.0 -9999.0 -9999.0 -9999.0 -9999.0 -9999.0 -9999.0
nan nan nan nan nan nan nan nan nan nan nan nan nan nan nan nan nan nan nan nan nan nan nan nan nan nan nan nan nan nan nan 15.7 23.4 24.0 24.2 23.9 21.6 18.8 14.2 11.6 14.1 nan 24.8 24.6 24.0 23.2 22.5 21.8 21.3 20.8 20.5 20.2 19.9 19.7 19.4 19.2 18.9 15.0 -9999.0 -9999.0 -9999.0 -9999.0 -9999.0 -9999.0 -9999.0 -9999.0 -9999.0 -9999.0 -9999.0 -9999.0 -9999.0 -9999.0 -9999.0 -9999.0 -9999.0 -9999.0 -9999.0 -9999.0 -9999.0 -9999.0 -9999.0 -9999.0 -9999.0 -9999.0 -9999.0 -9999.0 -9999.0 -9999.0 -9999.0 -9999.0
nan nan nan nan nan nan nan nan nan nan nan nan nan nan nan nan nan nan nan nan nan nan nan nan nan nan nan nan nan nan nan 15.6 23.3 24.0 24.7 25.0 25.2 nan 15.5 18.3 11.4 nan 24.9 25.0 24.5 23.8 23.1 22.5 21.9 21.4 21.0 20.7 20.4 20.1 19.8 19.6 19.4 15.6 -9999.0 -9999.0 -9999.0 -9999.0 -9999.0 -9999.0 -9999.0 -9999.0 -9999.0 -9999.0 -9999.0 -9999.0 -9999.0 -9999.0 -9999.0 -9999.0 -9999.0 -9999.0 -9999.0 -9999.0 -9999.0 -9999.0 -9999.0 -9999.0 -9999.0 -9999.0 -9999.0 -9999.0 -9999.0 -9999.0 -9999.0 -9999.0
nan nan nan nan nan nan nan nan nan nan nan nan nan nan nan nan nan nan nan nan nan nan nan nan nan nan nan nan nan nan nan 15.7 21.2 23.7 24.7 25.2 25.3 nan nan 16.4 13.6 nan nan 25.3 25.0 24.4 23.7 23.1 22.5 22.0 21.6 21.2 20.9 20.5 20.3 20.1 19.9 14.4 -9999.0 -9999.0 -9999.0 -9999.0 -9999.0 -9999.0 -9999.0 -9999.0 -9999.0 -9999.0 -9999.0 -9999.0 -9999.0 -9999.0 -9999.0 -9999.0 -9999.0 -9999.0 -9999.0 -9999.0 -9999.0 -9999.0 -9999.0 -9999.0 -9999.0 -9999.0 -9999.0 -9999.0 -9999.0 -9999.0 -9999.0 -9999.0
nan nan nan nan nan nan nan nan nan nan nan nan nan nan nan nan nan nan nan nan nan nan nan nan nan nan nan nan nan nan nan nan 14.9 24.1 24.7 25.3 nan nan nan 17.5 13.2 14.6 nan nan 24.8 24.7 24.2 23.6 23.1 22.6 22.1 21.7 21.3 21.0 20.8 20.5 20.4 19.0 -9999.0 -9999.0 -9999.0 -9999.0 -9999.0 -9999.0 -9999.0 -9999.0 -9999.0 -9999.0 -9999.0 -9999.0 -9999.0 -9999.0 -9999.0 -9999.0 -9999.0 -9999.0 -9999.0 -9999.0 -9999.0 -9999.0 -9999.0 -9999.0 nan nan nan -9999.0 -9999.0 -9999.0 -9999.0 -9999.0
nan nan nan nan nan nan nan nan nan nan nan nan nan nan nan nan nan nan nan nan nan nan nan nan nan nan nan nan nan nan nan nan 23.3 24.1 24.7 25.3 nan nan nan nan 14.7 14.6 24.1 nan 24.4 25.1 24.8 24.2 23.7 23.2 22.7 22.2 21.8 21.5 21.3 21.0 20.8 20.3 -9999.0 -9999.0 -9999.0 -9999.0 -9999.0 -9999.0 -9999.0 -9999.0 -9999.0 -9999.0 -9999.0 -9999.0 -9999.0 -9999.0 -9999.0 -9999.0 -9999.0 -9999.0 -9999.0 -9999.0 -9999.0 -9999.0 nan nan nan nan nan nan nan nan -9999.0 -9999.0
nan nan nan nan nan nan nan nan nan nan nan nan nan nan nan nan nan nan nan nan nan nan nan nan nan nan nan nan nan nan nan nan nan 24.2 24.9 25.6 nan nan nan nan 19.0 16.5 20.4 18.3 nan 25.7 25.8 25.0 24.4 23.8 23.2 22.7 22.3 22.0 21.8 21.5 21.2 20.7 -9999.0 -9999.0 -9999.0 -9999.0 -9999.0 -9999.0 -9999.0 -9999.0 -9999.0 -9999.0 -9999.0 nan nan nan nan nan nan nan nan nan nan nan nan nan nan nan nan nan nan nan nan nan
nan nan nan nan nan nan nan nan nan nan nan nan nan nan nan nan nan nan nan nan nan nan nan nan nan nan nan nan nan nan nan nan nan 24.4 25.1 26.0 25.9 nan nan nan 24.9 17.4 18.8 25.3 nan nan 25.8 25.5 24.9 24.3 23.8 23.3 22.9 22.5 22.3 22.0 21.7 21.5 -9999.0 -9999.0 -9999.0 -9999.0 -9999.0 -9999.0 -9999.0 -9999.0 -9999.0 -9999.0 nan nan nan nan nan nan nan nan nan nan nan nan nan nan nan nan nan nan nan nan nan nan
