data/output/RUN203/ECOSPACE/ECOSPACE_in_PAR3/PAR-VarZ-VarK/PAR-VarZ-VarK_2017_04.asc
ncols        93
nrows        151 
xllcorner    -123.80739
yllcorner    48.29471 
cellsize     0.013497347 
NODATA_value  0.0
[rows 80 to 119 of 151, columns 0 to 89 of 93]
nan nan nan nan nan nan nan nan nan nan nan nan nan nan nan nan nan nan nan nan nan nan nan 28.2 28.5 28.0 29.1 29.1 28.0 27.1 26.2 25.4 24.6 23.8 23.2 22.6 22.2 21.7 21.2 20.7 20.3 19.9 19.5 19.0 18.7 18.5 18.2 17.8 17.3 16.7 16.2 15.4 14.4 13.8 nan nan nan nan nan nan nan nan nan nan nan nan 11.2 11.3 11.4 11.4 nan 11.2 11.2 11.2 11.2 11.3 11.3 11.2 11.2 11.3 11.6 11.7 11.8 nan nan nan nan nan nan nan
nan nan nan nan nan nan nan nan nan nan nan nan nan nan nan nan nan nan nan nan nan nan nan nan nan nan 30.8 30.1 29.1 28.0 26.9 25.8 24.9 24.1 23.4 22.8 22.2 21.7 21.1 20.6 20.1 19.7 19.2 18.7 18.3 18.1 18.0 17.7 17.4 16.8 16.4 15.8 14.9 14.1 13.4 nan nan nan nan nan nan nan nan nan nan nan 11.4 11.4 nan nan nan nan nan 11.2 11.3 11.4 nan 11.3 11.4 11.6 11.8 12.0 nan nan nan nan nan nan nan nan
nan nan nan nan nan nan nan nan nan nan nan nan nan nan nan nan nan nan nan nan nan nan nan nan nan nan nan 30.9 30.0 29.2 27.9 26.6 25.5 24.5 23.8 23.0 22.3 21.8 21.0 20.5 19.9 19.4 18.9 18.5 18.1 17.9 17.6 17.4 17.1 16.8 16.3 15.9 15.2 14.4 13.7 13.2 nan nan nan nan nan nan nan nan nan 11.4 11.6 nan nan nan nan nan nan 11.2 11.3 11.4 nan 11.4 11.6 11.8 12.0 nan nan nan nan nan nan nan nan nan
nan nan nan nan nan nan nan nan nan nan nan nan nan nan nan nan nan nan nan nan nan nan nan nan nan nan nan nan 29.0 29.5 29.2 27.7 26.4 25.3 24.2 23.3 22.6 21.9 21.0 20.4 19.8 19.2 18.6 18.2 17.9 17.6 17.3 17.0 16.9 16.7 16.3 15.9 15.4 14.7 14.1 13.5 13.0 nan nan nan nan nan nan nan nan 11.5 11.6 nan nan nan nan nan nan 11.2 11.4 11.5 11.7 12.0 12.0 11.9 nan nan nan nan nan nan nan nan nan nan
nan nan nan nan nan nan nan nan nan nan nan nan nan nan nan nan nan nan nan nan nan nan nan nan nan nan nan nan nan 11.7 30.4 29.0 27.3 26.1 25.0 23.9 23.1 22.1 21.1 20.4 19.6 19.0 18.4 18.0 17.7 17.4 17.1 16.8 16.7 16.5 16.1 15.9 15.5 15.0 14.4 13.8 13.2 12.9 nan nan nan nan nan nan 11.6 11.6 11.6 nan 11.6 11.6 11.6 nan nan 11.2 11.4 11.6 11.9 12.3 nan nan nan nan nan nan nan nan nan nan nan nan
nan nan nan nan nan nan nan nan nan nan nan nan nan nan nan nan nan nan nan nan nan nan nan nan nan nan nan nan nan nan 12.4 29.9 28.4 26.9 25.6 24.5 23.5 22.3 21.2 20.3 19.5 18.8 18.2 17.8 17.5 17.2 16.9 16.6 16.5 16.2 16.0 15.8 15.5 15.1 14.5 14.0 13.5 13.1 nan nan nan nan nan 11.7 11.8 11.8 11.7 11.7 11.7 11.6 11.6 7.6 nan 11.3 11.5 11.8 12.0 12.2 nan nan nan nan nan nan nan nan nan nan nan nan
nan nan nan nan nan nan nan nan nan nan nan nan nan nan nan nan nan nan nan nan nan nan nan nan nan nan nan nan nan nan nan 28.1 28.9 27.8 26.4 25.2 23.9 22.5 21.3 20.3 19.4 18.6 18.0 17.6 17.2 16.9 16.7 16.4 16.3 16.2 16.0 15.7 15.5 15.2 14.7 14.2 13.7 13.3 12.9 nan nan 12.0 12.2 12.1 12.0 12.0 11.9 11.9 11.8 11.7 11.6 nan nan 11.5 11.7 11.9 12.1 12.2 nan nan nan nan nan nan nan nan nan nan nan nan
nan nan nan nan nan nan nan nan nan nan nan nan nan nan nan nan nan nan nan nan nan nan nan nan nan nan nan nan nan nan nan nan 29.6 28.4 27.1 25.8 24.3 22.8 21.5 20.3 19.3 18.5 17.9 17.4 17.0 16.7 16.5 16.3 16.2 16.1 16.0 15.8 15.6 15.2 14.8 14.4 13.8 13.4 13.1 12.8 12.6 12.6 12.4 nan 12.1 12.1 12.1 12.1 12.0 11.9 11.8 11.7 11.7 11.8 11.9 12.0 12.2 nan nan nan nan nan nan nan nan nan nan nan nan nan
nan nan nan nan nan nan nan nan nan nan nan nan nan nan nan nan nan nan nan nan nan nan nan nan nan nan nan nan nan nan 29.3 29.5 29.4 28.6 27.6 26.4 24.8 23.2 21.7 20.5 19.4 18.5 17.8 17.3 16.8 16.6 16.4 16.3 16.1 16.0 15.9 15.9 15.7 15.3 14.9 14.6 14.1 13.7 13.4 13.2 13.1 12.8 12.6 12.5 12.4 12.4 12.4 12.4 12.3 12.3 12.1 11.9 11.9 11.9 12.0 12.2 12.2 nan nan nan nan nan nan nan nan nan nan nan nan nan
nan nan nan nan nan nan nan nan nan nan nan nan nan nan nan nan nan nan nan nan nan nan nan nan nan nan nan nan nan nan nan nan 29.4 28.8 28.0 27.0 25.5 23.8 22.2 20.8 19.6 18.6 17.9 17.3 16.9 16.6 16.4 16.3 16.1 16.0 16.0 15.9 15.7 15.4 15.1 14.7 14.4 14.0 13.8 13.5 13.3 13.0 12.8 12.7 12.6 12.5 12.6 nan nan nan 12.1 12.0 12.1 12.1 12.1 12.3 nan nan nan nan nan nan nan nan nan nan nan nan nan nan
nan nan nan nan nan nan nan nan nan nan nan nan nan nan nan nan nan nan nan nan nan nan nan nan nan nan nan nan nan nan 12.2 11.3 29.3 29.1 28.5 27.7 26.4 24.7 22.9 21.3 20.0 18.9 18.1 17.5 17.0 16.7 16.5 16.3 16.2 16.1 16.0 15.9 15.8 15.5 15.2 14.9 14.6 14.3 14.1 13.8 13.5 13.1 12.9 12.8 nan nan nan nan nan nan nan 12.2 12.2 12.2 12.3 12.3 nan nan nan nan nan nan nan nan nan nan nan nan nan nan
nan nan nan nan nan nan nan nan nan nan nan nan nan nan nan nan nan nan nan nan nan nan nan nan nan nan nan nan nan nan 12.7 28.9 29.4 29.6 29.3 13.9 27.7 25.9 23.7 22.0 20.6 19.4 18.5 17.8 17.3 16.9 16.7 16.5 16.4 16.2 16.1 16.0 15.9 15.6 15.4 15.1 14.9 14.6 14.3 14.0 13.6 13.2 12.9 nan nan nan nan nan nan 12.0 12.1 12.3 12.2 12.3 12.3 nan nan nan nan nan nan nan nan nan nan nan nan nan nan nan
nan nan nan nan nan nan nan nan nan nan nan nan nan nan nan nan nan nan nan nan nan nan nan nan nan nan nan nan nan nan 12.3 27.8 29.7 29.6 nan nan nan 26.2 24.6 22.9 21.4 20.1 19.0 18.2 17.6 17.2 16.9 16.7 16.5 16.4 16.2 16.2 16.0 15.8 15.6 15.4 15.1 14.8 14.5 14.1 13.7 13.3 12.9 nan nan nan nan nan 12.1 12.1 12.2 12.4 12.3 12.2 nan nan nan nan nan nan nan nan nan nan nan nan nan nan nan nan
nan nan nan nan nan nan nan nan nan nan nan nan nan nan nan nan nan nan nan nan nan nan nan nan nan nan nan nan nan nan 12.2 12.0 29.9 29.6 nan nan nan 24.5 25.4 24.1 22.4 20.9 19.6 18.7 18.0 17.5 17.1 16.9 16.7 16.5 16.4 16.3 16.1 16.0 15.8 15.7 15.5 15.2 14.8 14.4 13.9 13.4 13.0 12.6 12.4 nan 12.1 12.2 12.3 12.3 12.4 12.4 nan nan nan nan nan nan nan nan nan nan nan nan nan nan nan nan nan nan
nan nan nan nan nan nan nan nan nan nan nan nan nan nan nan nan nan nan nan nan nan nan nan nan nan nan nan nan nan nan nan nan 30.3 22.6 nan nan nan nan 24.7 25.1 23.8 21.8 20.2 19.1 18.4 17.8 17.4 17.1 16.9 16.8 16.6 16.5 16.4 16.3 16.2 16.0 15.7 15.5 15.1 14.7 14.3 13.8 13.3 13.0 12.7 12.6 12.5 12.4 12.4 12.4 12.3 nan nan nan nan nan nan nan nan nan nan nan nan nan nan nan nan nan nan nan
nan nan nan nan nan nan nan nan nan nan nan nan nan nan nan nan nan nan nan nan nan nan nan nan nan nan nan nan nan nan nan nan nan 25.4 12.5 nan nan nan 11.4 27.1 25.2 22.9 20.9 19.7 18.8 18.1 17.7 17.4 17.2 17.0 16.9 16.8 16.7 16.6 16.5 16.4 16.2 15.9 15.6 15.1 14.7 14.2 13.7 13.3 13.1 12.8 12.6 12.5 12.5 12.4 12.3 nan nan nan nan nan nan nan nan nan nan nan nan nan nan nan nan nan nan nan
nan nan nan nan nan nan nan nan nan nan nan nan nan nan nan nan nan nan nan nan nan nan nan nan nan nan nan nan nan nan nan nan nan nan 13.4 23.0 nan nan nan nan 25.9 24.0 21.5 20.2 19.2 18.5 18.0 17.7 17.5 17.4 17.2 17.1 17.1 17.0 17.0 16.8 16.6 16.3 16.0 15.6 15.1 14.6 14.1 13.7 13.3 13.0 12.8 12.6 12.5 12.4 12.3 12.2 nan nan nan nan nan nan nan nan nan nan nan nan nan nan nan nan nan nan
nan nan nan nan nan nan nan nan nan nan nan nan nan nan nan nan nan nan nan nan nan nan nan nan nan nan nan nan nan nan nan nan nan nan nan 17.1 12.1 nan nan nan nan 22.4 22.0 20.6 19.6 18.9 18.4 18.1 17.9 17.7 17.6 17.5 17.4 17.3 17.3 17.2 17.1 16.8 16.4 15.9 15.5 15.0 14.4 13.9 13.4 13.2 12.9 12.7 12.6 12.4 12.3 12.3 12.3 7.7 nan nan nan nan nan nan nan nan nan nan nan nan nan nan nan nan
nan nan nan nan nan nan nan nan nan nan nan nan nan nan nan nan nan nan nan nan nan nan nan nan nan nan nan nan nan nan nan nan nan nan 12.9 16.2 23.3 23.2 nan 12.1 nan 20.9 22.2 21.0 19.9 19.2 18.8 18.4 18.2 18.0 17.9 17.8 17.7 17.7 17.7 17.6 17.5 17.2 16.8 16.4 15.9 15.4 14.8 14.3 13.7 13.3 13.0 12.8 12.7 12.5 12.3 12.3 12.3 12.3 nan nan nan nan nan nan nan nan nan nan nan nan nan nan nan nan
nan nan nan nan nan nan nan nan nan nan nan nan nan nan nan nan nan nan nan nan nan nan nan nan nan nan nan nan nan nan nan nan nan nan 23.9 23.8 23.8 21.3 14.5 20.8 22.0 18.0 21.8 21.2 20.3 19.5 19.1 18.8 18.5 18.3 18.2 18.1 18.0 18.1 18.0 18.0 17.9 17.7 17.3 16.8 16.3 15.8 15.2 14.5 13.9 13.4 13.0 13.1 12.9 12.7 12.4 12.3 12.3 12.4 12.5 nan nan nan nan nan nan nan nan nan nan nan nan nan nan nan
nan nan nan nan nan nan nan nan nan nan nan nan nan nan nan nan nan nan nan nan nan nan nan nan nan nan nan nan nan nan nan nan nan nan 24.1 24.1 24.0 23.6 22.8 nan 23.2 21.5 22.4 21.5 20.6 19.9 19.3 19.1 18.8 18.6 18.5 18.4 18.4 18.4 18.5 18.5 18.3 18.1 17.7 17.2 16.7 16.1 -9999.0 -9999.0 -9999.0 -9999.0 -9999.0 -9999.0 -9999.0 8.2 12.5 12.4 12.5 12.4 12.6 nan nan nan nan nan nan nan nan nan nan nan nan nan nan -9999.0
nan nan nan nan nan nan nan nan nan nan nan nan nan nan nan nan nan nan nan nan nan nan nan nan nan nan nan nan nan nan nan nan nan nan 24.2 24.0 23.8 23.7 23.7 nan nan 23.9 22.9 21.8 20.8 20.1 19.5 19.2 19.0 18.8 18.7 18.6 18.6 18.7 18.8 18.8 18.7 18.5 18.2 17.7 17.0 -9999.0 -9999.0 -9999.0 -9999.0 -9999.0 -9999.0 -9999.0 -9999.0 nan 9.7 12.4 12.5 12.0 nan nan nan nan nan nan nan nan nan nan nan nan nan nan nan -9999.0
nan nan nan nan nan nan nan nan nan nan nan nan nan nan nan nan nan nan nan nan nan nan nan nan nan nan nan nan nan nan nan nan nan nan 24.0 23.8 23.7 23.7 23.8 nan 18.9 20.9 23.1 21.9 21.0 20.2 19.6 19.3 19.1 18.9 18.8 18.8 18.8 19.0 19.1 19.1 19.1 18.9 18.6 18.0 17.3 -9999.0 -9999.0 -9999.0 -9999.0 -9999.0 -9999.0 -9999.0 -9999.0 -9999.0 -9999.0 nan 8.1 8.1 nan nan nan nan nan nan nan nan nan nan nan nan nan nan nan -9999.0
nan nan nan nan nan nan nan nan nan nan nan nan nan nan nan nan nan nan nan nan nan nan nan nan nan nan nan nan nan nan nan nan nan nan 23.8 23.8 24.0 22.8 20.6 13.9 22.2 18.4 22.6 21.9 21.0 20.2 19.7 19.4 19.1 19.0 18.9 18.9 19.1 19.2 19.3 19.4 19.4 19.2 18.9 18.2 -9999.0 -9999.0 -9999.0 -9999.0 -9999.0 -9999.0 -9999.0 -9999.0 -9999.0 -9999.0 -9999.0 nan nan nan nan nan nan nan nan nan nan nan nan nan nan nan nan nan nan -9999.0
nan nan nan nan nan nan nan nan nan nan nan nan nan nan nan nan nan nan nan nan nan nan nan nan nan nan nan nan nan nan nan nan 21.3 22.1 23.5 24.1 24.4 24.7 24.2 22.2 nan 24.1 22.9 21.9 20.9 20.3 19.7 19.4 19.2 19.1 19.0 19.0 19.3 19.4 19.6 19.7 19.8 19.6 19.2 -9999.0 -9999.0 -9999.0 -9999.0 -9999.0 -9999.0 -9999.0 -9999.0 -9999.0 -9999.0 -9999.0 -9999.0 -9999.0 nan nan nan nan nan nan nan nan nan nan nan nan nan nan nan nan nan -9999.0
nan nan nan nan nan nan nan nan nan nan nan nan nan nan nan nan nan nan nan nan nan nan nan nan nan nan nan nan nan 12.0 nan nan 24.3 24.2 24.2 24.2 24.7 25.0 25.4 nan nan 24.1 23.0 22.0 21.1 20.5 19.9 19.5 19.4 19.1 19.1 19.3 19.4 19.6 19.9 20.1 20.2 20.0 19.5 -9999.0 -9999.0 -9999.0 -9999.0 -9999.0 -9999.0 -9999.0 -9999.0 -9999.0 -9999.0 -9999.0 -9999.0 -9999.0 -9999.0 -9999.0 nan nan nan nan nan nan nan nan nan nan nan nan nan nan nan -9999.0
nan nan nan nan nan nan nan nan nan nan nan nan nan nan nan nan nan nan nan nan nan nan nan nan nan nan nan nan nan 10.7 10.7 nan 24.6 24.6 22.3 21.8 23.6 25.2 25.3 24.5 nan 24.3 23.5 22.4 21.5 20.8 20.3 19.8 19.5 19.3 19.4 19.5 19.7 19.9 20.2 20.5 20.6 20.4 -9999.0 -9999.0 -9999.0 -9999.0 -9999.0 -9999.0 -9999.0 -9999.0 -9999.0 -9999.0 -9999.0 -9999.0 -9999.0 -9999.0 -9999.0 -9999.0 -9999.0 nan nan nan nan nan nan nan nan nan nan nan nan nan nan -9999.0
nan nan nan nan nan nan nan nan nan nan nan nan nan nan nan nan nan nan nan nan nan nan nan nan nan nan nan nan nan 11.3 24.6 24.7 24.9 24.9 25.0 nan 11.0 25.2 25.4 25.4 nan 23.0 24.0 22.9 21.9 21.1 20.6 20.3 19.8 19.6 19.8 19.8 20.0 20.2 20.5 20.9 21.0 20.8 -9999.0 -9999.0 -9999.0 -9999.0 -9999.0 -9999.0 -9999.0 -9999.0 -9999.0 -9999.0 -9999.0 -9999.0 -9999.0 -9999.0 -9999.0 -9999.0 -9999.0 -9999.0 nan nan nan nan nan nan nan nan nan nan nan nan nan -9999.0
nan nan nan nan nan nan nan nan nan nan nan nan nan nan nan nan nan nan nan nan nan nan nan nan nan nan nan nan nan nan 24.0 24.7 25.1 25.3 23.0 nan nan 24.6 24.9 25.7 nan 20.0 21.4 23.0 22.2 21.4 20.9 20.5 20.2 20.1 20.2 20.3 20.4 20.6 20.9 21.2 21.3 21.2 -9999.0 -9999.0 -9999.0 -9999.0 -9999.0 -9999.0 -9999.0 -9999.0 -9999.0 -9999.0 -9999.0 -9999.0 -9999.0 -9999.0 -9999.0 -9999.0 -9999.0 -9999.0 -9999.0 nan nan nan nan nan nan nan nan nan nan nan nan -9999.0
nan nan nan nan nan nan nan nan nan nan nan nan nan nan nan nan nan nan nan nan nan nan nan nan nan nan nan nan nan nan 22.5 24.9 25.2 25.5 22.2 nan 12.2 19.1 21.8 12.3 19.6 16.3 17.5 21.9 22.3 21.5 21.0 20.7 20.6 20.5 20.6 20.8 20.9 21.0 21.3 21.5 21.5 21.3 -9999.0 -9999.0 -9999.0 -9999.0 -9999.0 -9999.0 -9999.0 -9999.0 -9999.0 -9999.0 -9999.0 -9999.0 -9999.0 -9999.0 -9999.0 -9999.0 -9999.0 -9999.0 -9999.0 -9999.0 nan nan nan nan nan nan nan nan nan nan nan -9999.0
nan nan nan nan nan nan nan nan nan nan nan nan nan nan nan nan nan nan nan nan nan nan nan nan nan nan nan nan nan nan 23.4 24.6 25.3 25.4 23.1 12.1 nan 22.8 16.4 11.2 17.0 nan 24.1 23.7 22.7 21.9 21.4 21.0 20.9 20.9 21.0 21.2 21.4 21.5 21.7 22.0 21.5 16.9 -9999.0 -9999.0 -9999.0 -9999.0 -9999.0 -9999.0 -9999.0 -9999.0 -9999.0 -9999.0 -9999.0 -9999.0 -9999.0 -9999.0 -9999.0 -9999.0 -9999.0 -9999.0 -9999.0 -9999.0 -9999.0 -9999.0 nan nan nan nan nan nan nan nan nan -9999.0
nan nan nan nan nan nan nan nan nan nan nan nan nan nan nan nan nan nan nan nan nan nan nan nan nan nan nan nan nan nan nan 24.9 25.0 25.1 25.0 nan nan 16.7 15.7 12.9 nan nan 25.0 24.3 23.4 22.5 21.9 21.5 21.3 21.3 21.4 21.6 21.8 21.9 22.2 22.6 21.8 19.1 -9999.0 -9999.0 -9999.0 -9999.0 -9999.0 -9999.0 -9999.0 -9999.0 -9999.0 -9999.0 -9999.0 nan nan nan -9999.0 -9999.0 -9999.0 -9999.0 -9999.0 -9999.0 -9999.0 -9999.0 -9999.0 -9999.0 -9999.0 -9999.0 -9999.0 nan nan nan -9999.0 -9999.0
nan nan nan nan nan nan nan nan nan nan nan nan nan nan nan nan nan nan nan nan nan nan nan nan nan nan nan nan nan nan nan 23.4 24.8 25.1 25.6 nan 11.7 13.9 22.4 11.7 nan nan 25.7 25.0 24.1 23.2 22.4 21.9 21.7 21.6 21.7 21.9 22.1 22.3 22.6 22.9 22.5 19.6 -9999.0 -9999.0 -9999.0 -9999.0 -9999.0 -9999.0 -9999.0 -9999.0 -9999.0 -9999.0 -9999.0 nan nan nan nan nan -9999.0 -9999.0 -9999.0 -9999.0 -9999.0 -9999.0 -9999.0 -9999.0 -9999.0 -9999.0 -9999.0 -9999.0 -9999.0 -9999.0 -9999.0 -9999.0
nan nan nan nan nan nan nan nan nan nan nan nan nan nan nan nan nan nan nan nan nan nan nan nan nan nan nan nan nan nan nan 11.9 24.7 25.1 24.8 24.4 22.3 16.6 13.5 10.8 12.1 nan 25.5 25.6 24.7 23.8 23.0 22.4 22.0 22.0 22.1 22.2 22.4 22.6 23.0 23.1 22.5 17.9 -9999.0 -9999.0 -9999.0 -9999.0 -9999.0 -9999.0 -9999.0 -9999.0 -9999.0 -9999.0 -9999.0 -9999.0 -9999.0 -9999.0 -9999.0 -9999.0 -9999.0 -9999.0 -9999.0 -9999.0 -9999.0 -9999.0 -9999.0 -9999.0 -9999.0 -9999.0 -9999.0 -9999.0 -9999.0 -9999.0 -9999.0 -9999.0
nan nan nan nan nan nan nan nan nan nan nan nan nan nan nan nan nan nan nan nan nan nan nan nan nan nan nan nan nan nan nan 11.9 23.6 25.4 25.9 26.1 26.0 nan 15.7 18.3 10.2 nan 26.0 26.2 25.5 24.5 23.7 23.0 22.4 22.2 22.3 22.5 22.6 23.0 23.3 23.4 23.1 20.5 -9999.0 -9999.0 -9999.0 -9999.0 -9999.0 -9999.0 -9999.0 -9999.0 -9999.0 -9999.0 -9999.0 -9999.0 -9999.0 -9999.0 -9999.0 -9999.0 -9999.0 -9999.0 -9999.0 -9999.0 -9999.0 -9999.0 -9999.0 -9999.0 -9999.0 -9999.0 -9999.0 -9999.0 -9999.0 -9999.0 -9999.0 -9999.0
nan nan nan nan nan nan nan nan nan nan nan nan nan nan nan nan nan nan nan nan nan nan nan nan nan nan nan nan nan nan nan 12.0 22.1 24.3 26.0 26.0 26.0 nan nan 16.2 11.3 nan nan 26.7 26.4 25.3 24.5 23.7 23.1 22.7 22.7 22.7 22.9 23.2 23.6 23.7 23.4 19.0 -9999.0 -9999.0 -9999.0 -9999.0 -9999.0 -9999.0 -9999.0 -9999.0 -9999.0 -9999.0 -9999.0 -9999.0 -9999.0 -9999.0 -9999.0 -9999.0 -9999.0 -9999.0 -9999.0 -9999.0 -9999.0 -9999.0 -9999.0 -9999.0 -9999.0 -9999.0 -9999.0 -9999.0 -9999.0 -9999.0 -9999.0 -9999.0
nan nan nan nan nan nan nan nan nan nan nan nan nan nan nan nan nan nan nan nan nan nan nan nan nan nan nan nan nan nan nan nan 11.6 25.6 25.9 26.1 nan nan nan 16.6 11.2 10.7 nan nan 26.1 25.9 25.1 24.3 23.7 23.3 23.1 23.1 23.3 23.5 23.8 24.1 24.0 20.9 -9999.0 -9999.0 -9999.0 -9999.0 -9999.0 -9999.0 -9999.0 -9999.0 -9999.0 -9999.0 -9999.0 -9999.0 -9999.0 -9999.0 -9999.0 -9999.0 -9999.0 -9999.0 -9999.0 -9999.0 -9999.0 -9999.0 -9999.0 -9999.0 nan nan nan -9999.0 -9999.0 -9999.0 -9999.0 -9999.0
nan nan nan nan nan nan nan nan nan nan nan nan nan nan nan nan nan nan nan nan nan nan nan nan nan nan nan nan nan nan nan nan 24.6 25.5 25.9 26.2 nan nan nan nan 12.9 10.4 19.3 nan 24.8 26.2 25.8 25.0 24.3 23.8 23.6 23.5 23.7 23.8 24.1 24.5 24.8 22.7 -9999.0 -9999.0 -9999.0 -9999.0 -9999.0 -9999.0 -9999.0 -9999.0 -9999.0 -9999.0 -9999.0 -9999.0 -9999.0 -9999.0 -9999.0 -9999.0 -9999.0 -9999.0 -9999.0 -9999.0 -9999.0 -9999.0 nan nan nan nan nan nan nan nan -9999.0 -9999.0
nan nan nan nan nan nan nan nan nan nan nan nan nan nan nan nan nan nan nan nan nan nan nan nan nan nan nan nan nan nan nan nan nan 25.9 26.2 26.5 nan nan nan nan 17.7 11.6 14.2 15.3 nan 27.2 26.9 26.1 25.3 24.7 24.2 24.1 24.1 24.3 24.5 25.0 25.5 24.4 -9999.0 -9999.0 -9999.0 -9999.0 -9999.0 -9999.0 -9999.0 -9999.0 -9999.0 -9999.0 -9999.0 nan nan nan nan nan nan nan nan nan nan nan nan nan nan nan nan nan nan nan nan nan
nan nan nan nan nan nan nan nan nan nan nan nan nan nan nan nan nan nan nan nan nan nan nan nan nan nan nan nan nan nan nan nan nan 26.2 26.6 26.9 26.8 nan nan nan 24.9 13.5 12.7 23.6 nan nan 27.1 26.8 26.2 25.5 25.0 24.8 24.7 24.8 25.1 25.5 25.9 24.7 -9999.0 -9999.0 -9999.0 -9999.0 -9999.0 -9999.0 -9999.0 -9999.0 -9999.0 -9999.0 nan nan nan nan nan nan nan nan nan nan nan nan nan nan nan nan nan nan nan nan nan nan
