data/output/RUN203/ECOSPACE/ECOSPACE_in_PAR3/PAR-VarZ-VarK/PAR-VarZ-VarK_2013_07.asc
ncols        93
nrows        151 
xllcorner    -123.80739
yllcorner    48.29471 
cellsize     0.013497347 
NODATA_value  0.0
[rows 80 to 119 of 151, columns 0 to 89 of 93]
nan nan nan nan nan nan nan nan nan nan nan nan nan nan nan nan nan nan nan nan nan nan nan 29.5 29.1 29.1 29.9 30.1 30.0 29.9 29.6 29.3 28.9 28.7 28.5 28.4 28.3 28.3 28.2 28.2 28.1 27.9 27.7 27.4 27.0 26.5 26.0 25.4 24.8 24.1 23.4 22.6 21.8 21.2 nan nan nan nan nan nan nan nan nan nan nan nan 17.5 17.6 17.6 17.7 nan 17.5 17.4 17.4 17.4 17.4 17.2 17.1 17.0 17.2 17.6 17.7 17.5 nan nan nan nan nan nan nan
nan nan nan nan nan nan nan nan nan nan nan nan nan nan nan nan nan nan nan nan nan nan nan nan nan nan 29.7 29.9 29.9 29.9 29.7 29.4 29.1 28.8 28.5 28.4 28.2 28.1 28.1 28.0 27.9 27.8 27.6 27.3 26.9 26.5 26.0 25.5 25.0 24.3 23.6 23.0 22.2 21.4 20.5 nan nan nan nan nan nan nan nan nan nan nan 17.7 17.7 nan nan nan nan nan 17.5 17.5 17.5 nan 17.0 17.1 17.5 17.7 17.9 nan nan nan nan nan nan nan nan
nan nan nan nan nan nan nan nan nan nan nan nan nan nan nan nan nan nan nan nan nan nan nan nan nan nan nan 29.5 29.6 29.6 29.6 29.4 29.2 28.9 28.6 28.4 28.2 28.1 28.0 27.9 27.7 27.6 27.4 27.1 26.8 26.4 26.0 25.6 25.1 24.6 23.9 23.2 22.5 21.7 20.9 20.1 nan nan nan nan nan nan nan nan nan 17.7 18.0 nan nan nan nan nan nan 17.5 17.5 17.4 nan 17.2 17.5 17.8 17.9 nan nan nan nan nan nan nan nan nan
nan nan nan nan nan nan nan nan nan nan nan nan nan nan nan nan nan nan nan nan nan nan nan nan nan nan nan nan 27.6 28.9 29.5 29.4 29.3 29.0 28.8 28.5 28.3 28.1 28.0 27.8 27.7 27.5 27.3 27.0 26.7 26.3 25.9 25.5 25.1 24.7 24.1 23.5 22.8 22.0 21.2 20.4 19.9 nan nan nan nan nan nan nan nan 17.8 17.9 nan nan nan nan nan nan 17.5 17.5 17.5 17.8 18.1 18.0 17.9 nan nan nan nan nan nan nan nan nan nan
nan nan nan nan nan nan nan nan nan nan nan nan nan nan nan nan nan nan nan nan nan nan nan nan nan nan nan nan nan 17.7 29.3 29.4 29.3 29.1 28.9 28.7 28.4 28.2 28.0 27.8 27.7 27.5 27.3 27.0 26.6 26.2 25.8 25.5 25.2 24.8 24.3 23.7 23.1 22.4 21.6 20.8 20.1 19.7 nan nan nan nan nan nan 17.8 17.9 18.0 nan 18.1 18.0 18.0 nan nan 17.5 17.6 17.8 18.1 18.4 nan nan nan nan nan nan nan nan nan nan nan nan
nan nan nan nan nan nan nan nan nan nan nan nan nan nan nan nan nan nan nan nan nan nan nan nan nan nan nan nan nan nan 17.7 29.1 29.3 29.2 29.0 28.8 28.6 28.3 28.1 27.9 27.7 27.5 27.3 27.0 26.5 26.0 25.7 25.4 25.1 24.8 24.4 23.9 23.3 22.6 21.9 21.1 20.4 19.9 nan nan nan nan nan 18.0 18.0 18.1 18.1 18.2 18.1 18.0 18.0 13.0 nan 17.6 17.8 18.0 18.2 18.3 nan nan nan nan nan nan nan nan nan nan nan nan
nan nan nan nan nan nan nan nan nan nan nan nan nan nan nan nan nan nan nan nan nan nan nan nan nan nan nan nan nan nan nan 26.7 28.9 29.3 29.2 29.0 28.8 28.5 28.2 28.0 27.8 27.5 27.4 26.9 26.4 26.0 25.6 25.3 25.0 24.8 24.5 24.1 23.5 22.9 22.2 21.4 20.7 20.1 19.6 nan nan 18.4 18.5 18.4 18.2 18.3 18.3 18.3 18.2 18.1 18.0 nan nan 17.8 18.0 18.1 18.3 18.3 nan nan nan nan nan nan nan nan nan nan nan nan
nan nan nan nan nan nan nan nan nan nan nan nan nan nan nan nan nan nan nan nan nan nan nan nan nan nan nan nan nan nan nan nan 29.1 29.3 29.2 29.0 28.8 28.5 28.3 28.1 27.8 27.5 27.3 26.9 26.3 25.9 25.5 25.2 25.0 24.8 24.5 24.2 23.7 23.1 22.5 21.8 21.1 20.5 19.9 19.3 19.0 18.9 18.8 nan 18.5 18.5 18.6 18.6 18.5 18.4 18.3 18.1 18.1 18.1 18.1 18.2 18.2 nan nan nan nan nan nan nan nan nan nan nan nan nan
nan nan nan nan nan nan nan nan nan nan nan nan nan nan nan nan nan nan nan nan nan nan nan nan nan nan nan nan nan nan 28.1 28.3 29.0 29.1 29.1 29.0 28.8 28.6 28.3 28.0 27.8 27.5 27.2 26.7 26.2 25.8 25.5 25.2 25.0 24.8 24.6 24.3 23.9 23.3 22.8 22.2 21.5 20.9 20.3 19.8 19.5 19.3 19.1 19.1 19.0 19.0 19.0 19.0 18.9 18.8 18.5 18.3 18.2 18.1 18.2 18.3 18.2 nan nan nan nan nan nan nan nan nan nan nan nan nan
nan nan nan nan nan nan nan nan nan nan nan nan nan nan nan nan nan nan nan nan nan nan nan nan nan nan nan nan nan nan nan nan 28.4 28.7 28.8 28.9 28.8 28.7 28.4 28.1 27.8 27.4 27.0 26.5 26.1 25.7 25.4 25.2 25.0 24.8 24.6 24.3 24.0 23.5 23.1 22.6 22.0 21.4 20.8 20.4 20.0 19.7 19.6 19.5 19.4 19.2 19.2 nan nan nan 18.6 18.5 18.3 18.2 18.2 18.3 nan nan nan nan nan nan nan nan nan nan nan nan nan nan
nan nan nan nan nan nan nan nan nan nan nan nan nan nan nan nan nan nan nan nan nan nan nan nan nan nan nan nan nan nan 21.2 18.8 28.2 28.4 28.5 28.6 28.7 28.8 28.6 28.3 27.9 27.5 26.9 26.4 26.0 25.6 25.4 25.2 25.0 24.8 24.6 24.4 24.0 23.7 23.4 23.0 22.5 21.9 21.4 20.9 20.4 20.1 19.9 19.7 nan nan nan nan nan nan nan 18.6 18.3 18.2 18.2 18.2 nan nan nan nan nan nan nan nan nan nan nan nan nan nan
nan nan nan nan nan nan nan nan nan nan nan nan nan nan nan nan nan nan nan nan nan nan nan nan nan nan nan nan nan nan 18.6 27.1 28.1 28.4 28.3 18.8 28.5 28.7 28.5 28.3 27.9 27.5 26.9 26.4 26.0 25.6 25.4 25.1 25.0 24.8 24.6 24.4 24.1 23.8 23.6 23.2 22.8 22.4 21.8 21.3 20.8 20.4 20.0 nan nan nan nan nan nan 18.5 18.5 18.6 18.3 18.2 18.2 nan nan nan nan nan nan nan nan nan nan nan nan nan nan nan
nan nan nan nan nan nan nan nan nan nan nan nan nan nan nan nan nan nan nan nan nan nan nan nan nan nan nan nan nan nan 21.2 26.6 28.1 28.6 nan nan nan 28.0 28.2 28.0 27.8 27.5 26.9 26.4 26.0 25.6 25.4 25.1 25.0 24.9 24.7 24.4 24.2 24.0 23.8 23.5 23.1 22.7 22.2 21.7 21.1 20.6 20.2 nan nan nan nan nan 18.6 18.6 18.5 18.5 18.3 18.2 nan nan nan nan nan nan nan nan nan nan nan nan nan nan nan nan
nan nan nan nan nan nan nan nan nan nan nan nan nan nan nan nan nan nan nan nan nan nan nan nan nan nan nan nan nan nan 21.1 17.4 28.4 28.7 nan nan nan 26.5 27.7 27.7 27.7 27.4 26.9 26.4 26.0 25.6 25.3 25.2 25.0 24.9 24.7 24.5 24.3 24.1 23.9 23.7 23.4 23.0 22.6 22.0 21.4 20.8 20.3 19.5 19.1 nan 18.8 18.7 18.7 18.6 18.5 18.4 nan nan nan nan nan nan nan nan nan nan nan nan nan nan nan nan nan nan
nan nan nan nan nan nan nan nan nan nan nan nan nan nan nan nan nan nan nan nan nan nan nan nan nan nan nan nan nan nan nan nan 28.4 25.5 nan nan nan nan 27.1 27.4 27.5 27.4 26.9 26.4 25.9 25.6 25.4 25.2 25.1 25.0 24.8 24.6 24.5 24.3 24.1 23.9 23.7 23.3 22.9 22.4 21.8 21.1 20.5 19.9 19.5 19.2 19.1 18.8 18.7 18.6 18.4 nan nan nan nan nan nan nan nan nan nan nan nan nan nan nan nan nan nan nan
nan nan nan nan nan nan nan nan nan nan nan nan nan nan nan nan nan nan nan nan nan nan nan nan nan nan nan nan nan nan nan nan nan 23.2 13.7 nan nan nan 18.6 27.4 27.5 27.4 26.9 26.3 25.9 25.6 25.4 25.3 25.2 25.1 25.0 24.8 24.7 24.6 24.4 24.2 24.0 23.6 23.2 22.7 22.1 21.5 20.9 20.3 19.8 19.5 19.2 19.0 18.8 18.6 18.3 nan nan nan nan nan nan nan nan nan nan nan nan nan nan nan nan nan nan nan
nan nan nan nan nan nan nan nan nan nan nan nan nan nan nan nan nan nan nan nan nan nan nan nan nan nan nan nan nan nan nan nan nan nan 16.2 24.8 nan nan nan nan 27.4 27.6 26.9 26.4 26.0 25.7 25.5 25.3 25.3 25.2 25.1 25.1 25.0 24.9 24.7 24.5 24.3 24.0 23.5 23.0 22.4 21.9 21.3 20.7 20.1 19.7 19.4 19.1 18.8 18.6 18.4 18.2 nan nan nan nan nan nan nan nan nan nan nan nan nan nan nan nan nan nan
nan nan nan nan nan nan nan nan nan nan nan nan nan nan nan nan nan nan nan nan nan nan nan nan nan nan nan nan nan nan nan nan nan nan nan 19.9 21.3 nan nan nan nan 26.8 26.9 26.3 26.0 25.7 25.5 25.4 25.4 25.4 25.3 25.3 25.2 25.2 25.1 24.9 24.6 24.2 23.8 23.3 22.8 22.2 21.6 21.0 20.4 19.9 19.5 19.2 18.9 18.6 18.4 18.3 18.1 13.1 nan nan nan nan nan nan nan nan nan nan nan nan nan nan nan nan
nan nan nan nan nan nan nan nan nan nan nan nan nan nan nan nan nan nan nan nan nan nan nan nan nan nan nan nan nan nan nan nan nan nan 18.7 23.3 27.3 27.2 nan 21.2 nan 24.2 26.7 26.2 26.0 25.8 25.6 25.5 25.5 25.5 25.5 25.5 25.5 25.5 25.4 25.2 24.9 24.5 24.1 23.6 23.0 22.4 21.8 21.2 20.5 20.0 19.6 19.3 19.0 18.6 18.4 18.2 18.1 18.0 nan nan nan nan nan nan nan nan nan nan nan nan nan nan nan nan
nan nan nan nan nan nan nan nan nan nan nan nan nan nan nan nan nan nan nan nan nan nan nan nan nan nan nan nan nan nan nan nan nan nan 27.3 27.4 27.7 27.2 21.6 24.2 25.4 23.2 26.5 26.1 25.9 25.8 25.7 25.7 25.7 25.7 25.8 25.8 25.8 25.8 25.7 25.5 25.2 24.8 24.3 23.8 23.2 22.5 21.9 21.2 20.5 19.9 19.3 19.2 18.9 18.8 18.3 18.2 18.1 18.1 18.2 nan nan nan nan nan nan nan nan nan nan nan nan nan nan nan
nan nan nan nan nan nan nan nan nan nan nan nan nan nan nan nan nan nan nan nan nan nan nan nan nan nan nan nan nan nan nan nan nan nan 27.4 27.6 27.6 27.6 27.5 nan 25.3 25.6 26.2 26.0 25.9 25.8 25.8 25.8 25.9 25.9 26.0 26.1 26.1 26.0 25.9 25.7 25.4 25.0 24.5 23.9 23.2 22.6 -9999.0 -9999.0 -9999.0 -9999.0 -9999.0 -9999.0 -9999.0 14.4 18.4 18.2 18.2 18.0 18.1 nan nan nan nan nan nan nan nan nan nan nan nan nan nan -9999.0
nan nan nan nan nan nan nan nan nan nan nan nan nan nan nan nan nan nan nan nan nan nan nan nan nan nan nan nan nan nan nan nan nan nan 27.2 27.3 27.3 27.1 27.0 nan nan 26.3 26.0 25.9 25.8 25.8 25.8 25.9 26.0 26.2 26.3 26.4 26.4 26.3 26.2 26.0 25.6 25.2 24.6 24.0 23.3 -9999.0 -9999.0 -9999.0 -9999.0 -9999.0 -9999.0 -9999.0 -9999.0 nan 17.3 18.2 18.3 17.6 nan nan nan nan nan nan nan nan nan nan nan nan nan nan nan -9999.0
nan nan nan nan nan nan nan nan nan nan nan nan nan nan nan nan nan nan nan nan nan nan nan nan nan nan nan nan nan nan nan nan nan nan 26.8 26.8 26.8 26.9 27.3 nan 22.7 25.3 26.1 25.9 25.8 25.8 25.9 26.0 26.2 26.4 26.5 26.6 26.7 26.6 26.5 26.2 25.8 25.3 24.7 24.0 23.3 -9999.0 -9999.0 -9999.0 -9999.0 -9999.0 -9999.0 -9999.0 -9999.0 -9999.0 -9999.0 nan 13.9 13.9 nan nan nan nan nan nan nan nan nan nan nan nan nan nan nan -9999.0
nan nan nan nan nan nan nan nan nan nan nan nan nan nan nan nan nan nan nan nan nan nan nan nan nan nan nan nan nan nan nan nan nan nan 26.5 26.5 26.8 27.3 26.1 19.1 24.5 22.7 26.0 25.8 25.7 25.8 25.9 26.1 26.4 26.6 26.8 26.9 27.0 27.0 26.8 26.6 26.1 25.6 24.9 24.1 -9999.0 -9999.0 -9999.0 -9999.0 -9999.0 -9999.0 -9999.0 -9999.0 -9999.0 -9999.0 -9999.0 nan nan nan nan nan nan nan nan nan nan nan nan nan nan nan nan nan nan -9999.0
nan nan nan nan nan nan nan nan nan nan nan nan nan nan nan nan nan nan nan nan nan nan nan nan nan nan nan nan nan nan nan nan 25.5 25.9 26.4 26.7 27.3 28.2 28.9 28.7 nan 26.1 25.8 25.7 25.7 25.8 25.9 26.2 26.5 26.7 26.9 27.1 27.2 27.3 27.2 26.9 26.5 25.9 25.1 -9999.0 -9999.0 -9999.0 -9999.0 -9999.0 -9999.0 -9999.0 -9999.0 -9999.0 -9999.0 -9999.0 -9999.0 -9999.0 nan nan nan nan nan nan nan nan nan nan nan nan nan nan nan nan nan -9999.0
nan nan nan nan nan nan nan nan nan nan nan nan nan nan nan nan nan nan nan nan nan nan nan nan nan nan nan nan nan 21.0 nan nan 26.3 26.5 26.6 27.0 27.9 28.8 29.5 nan nan 25.7 25.7 25.7 25.7 25.8 26.0 26.2 26.5 26.7 27.0 27.2 27.4 27.5 27.5 27.3 27.0 26.3 25.5 -9999.0 -9999.0 -9999.0 -9999.0 -9999.0 -9999.0 -9999.0 -9999.0 -9999.0 -9999.0 -9999.0 -9999.0 -9999.0 -9999.0 -9999.0 nan nan nan nan nan nan nan nan nan nan nan nan nan nan nan -9999.0
nan nan nan nan nan nan nan nan nan nan nan nan nan nan nan nan nan nan nan nan nan nan nan nan nan nan nan nan nan 16.9 16.9 nan 26.5 26.9 25.9 24.4 27.2 28.5 28.7 28.1 nan 25.6 25.8 25.8 25.9 25.9 26.0 26.1 26.3 26.6 26.8 27.1 27.3 27.5 27.7 27.7 27.4 26.8 -9999.0 -9999.0 -9999.0 -9999.0 -9999.0 -9999.0 -9999.0 -9999.0 -9999.0 -9999.0 -9999.0 -9999.0 -9999.0 -9999.0 -9999.0 -9999.0 -9999.0 nan nan nan nan nan nan nan nan nan nan nan nan nan nan -9999.0
nan nan nan nan nan nan nan nan nan nan nan nan nan nan nan nan nan nan nan nan nan nan nan nan nan nan nan nan nan 17.8 26.0 26.3 26.7 27.2 27.6 nan 18.8 27.9 28.0 28.1 nan 25.3 26.0 26.1 26.0 25.9 25.9 26.0 26.2 26.4 26.6 26.9 27.3 27.6 27.9 28.0 27.9 27.4 -9999.0 -9999.0 -9999.0 -9999.0 -9999.0 -9999.0 -9999.0 -9999.0 -9999.0 -9999.0 -9999.0 -9999.0 -9999.0 -9999.0 -9999.0 -9999.0 -9999.0 -9999.0 nan nan nan nan nan nan nan nan nan nan nan nan nan -9999.0
nan nan nan nan nan nan nan nan nan nan nan nan nan nan nan nan nan nan nan nan nan nan nan nan nan nan nan nan nan nan 25.7 26.2 26.7 27.3 26.9 nan nan 27.5 27.6 28.0 nan 24.0 25.0 26.0 26.0 25.9 25.9 25.9 26.0 26.2 26.5 26.9 27.3 27.8 28.1 28.3 28.2 27.9 -9999.0 -9999.0 -9999.0 -9999.0 -9999.0 -9999.0 -9999.0 -9999.0 -9999.0 -9999.0 -9999.0 -9999.0 -9999.0 -9999.0 -9999.0 -9999.0 -9999.0 -9999.0 -9999.0 nan nan nan nan nan nan nan nan nan nan nan nan -9999.0
nan nan nan nan nan nan nan nan nan nan nan nan nan nan nan nan nan nan nan nan nan nan nan nan nan nan nan nan nan nan 24.1 26.1 26.6 27.1 24.8 nan 21.1 23.1 25.2 16.2 23.3 18.8 21.5 25.4 25.8 25.8 25.7 25.7 25.8 26.0 26.3 26.8 27.4 27.9 28.4 28.6 28.5 27.7 -9999.0 -9999.0 -9999.0 -9999.0 -9999.0 -9999.0 -9999.0 -9999.0 -9999.0 -9999.0 -9999.0 -9999.0 -9999.0 -9999.0 -9999.0 -9999.0 -9999.0 -9999.0 -9999.0 -9999.0 nan nan nan nan nan nan nan nan nan nan nan -9999.0
nan nan nan nan nan nan nan nan nan nan nan nan nan nan nan nan nan nan nan nan nan nan nan nan nan nan nan nan nan nan 23.8 25.8 26.5 27.0 26.6 21.1 nan 24.6 21.6 18.1 20.5 nan 25.5 25.8 25.8 25.7 25.6 25.6 25.6 25.8 26.2 26.7 27.4 28.0 28.5 28.8 28.5 23.3 -9999.0 -9999.0 -9999.0 -9999.0 -9999.0 -9999.0 -9999.0 -9999.0 -9999.0 -9999.0 -9999.0 -9999.0 -9999.0 -9999.0 -9999.0 -9999.0 -9999.0 -9999.0 -9999.0 -9999.0 -9999.0 -9999.0 nan nan nan nan nan nan nan nan nan -9999.0
nan nan nan nan nan nan nan nan nan nan nan nan nan nan nan nan nan nan nan nan nan nan nan nan nan nan nan nan nan nan nan 26.0 26.5 26.9 27.3 nan nan 21.2 21.9 21.4 nan nan 25.8 26.0 25.9 25.7 25.5 25.5 25.5 25.7 26.1 26.7 27.5 28.2 28.8 29.1 29.0 26.0 -9999.0 -9999.0 -9999.0 -9999.0 -9999.0 -9999.0 -9999.0 -9999.0 -9999.0 -9999.0 -9999.0 nan nan nan -9999.0 -9999.0 -9999.0 -9999.0 -9999.0 -9999.0 -9999.0 -9999.0 -9999.0 -9999.0 -9999.0 -9999.0 -9999.0 nan nan nan -9999.0 -9999.0
nan nan nan nan nan nan nan nan nan nan nan nan nan nan nan nan nan nan nan nan nan nan nan nan nan nan nan nan nan nan nan 25.6 26.3 26.8 27.4 nan 17.9 20.3 26.0 19.0 nan nan 25.8 26.0 25.9 25.7 25.5 25.4 25.5 25.6 26.0 26.7 27.5 28.3 28.9 29.5 29.7 27.9 -9999.0 -9999.0 -9999.0 -9999.0 -9999.0 -9999.0 -9999.0 -9999.0 -9999.0 -9999.0 -9999.0 nan nan nan nan nan -9999.0 -9999.0 -9999.0 -9999.0 -9999.0 -9999.0 -9999.0 -9999.0 -9999.0 -9999.0 -9999.0 -9999.0 -9999.0 -9999.0 -9999.0 -9999.0
nan nan nan nan nan nan nan nan nan nan nan nan nan nan nan nan nan nan nan nan nan nan nan nan nan nan nan nan nan nan nan 20.9 26.1 26.7 27.5 27.2 25.1 22.6 18.0 14.6 19.2 nan 25.6 26.0 26.0 25.8 25.5 25.4 25.5 25.6 26.0 26.6 27.4 28.2 28.9 29.5 30.0 28.3 -9999.0 -9999.0 -9999.0 -9999.0 -9999.0 -9999.0 -9999.0 -9999.0 -9999.0 -9999.0 -9999.0 -9999.0 -9999.0 -9999.0 -9999.0 -9999.0 -9999.0 -9999.0 -9999.0 -9999.0 -9999.0 -9999.0 -9999.0 -9999.0 -9999.0 -9999.0 -9999.0 -9999.0 -9999.0 -9999.0 -9999.0 -9999.0
nan nan nan nan nan nan nan nan nan nan nan nan nan nan nan nan nan nan nan nan nan nan nan nan nan nan nan nan nan nan nan 20.8 25.9 26.5 27.4 27.8 27.9 nan 18.5 21.1 14.7 nan 25.5 25.9 26.1 26.0 25.8 25.6 25.6 25.7 26.0 26.6 27.4 28.2 29.0 29.6 30.2 28.8 -9999.0 -9999.0 -9999.0 -9999.0 -9999.0 -9999.0 -9999.0 -9999.0 -9999.0 -9999.0 -9999.0 -9999.0 -9999.0 -9999.0 -9999.0 -9999.0 -9999.0 -9999.0 -9999.0 -9999.0 -9999.0 -9999.0 -9999.0 -9999.0 -9999.0 -9999.0 -9999.0 -9999.0 -9999.0 -9999.0 -9999.0 -9999.0
nan nan nan nan nan nan nan nan nan nan nan nan nan nan nan nan nan nan nan nan nan nan nan nan nan nan nan nan nan nan nan 20.8 24.2 26.2 27.3 27.9 28.0 nan nan 20.3 19.3 nan nan 25.8 26.2 26.1 25.9 25.8 25.8 25.9 26.2 26.7 27.5 28.3 29.1 29.7 30.3 28.0 -9999.0 -9999.0 -9999.0 -9999.0 -9999.0 -9999.0 -9999.0 -9999.0 -9999.0 -9999.0 -9999.0 -9999.0 -9999.0 -9999.0 -9999.0 -9999.0 -9999.0 -9999.0 -9999.0 -9999.0 -9999.0 -9999.0 -9999.0 -9999.0 -9999.0 -9999.0 -9999.0 -9999.0 -9999.0 -9999.0 -9999.0 -9999.0
nan nan nan nan nan nan nan nan nan nan nan nan nan nan nan nan nan nan nan nan nan nan nan nan nan nan nan nan nan nan nan nan 19.5 26.5 27.3 28.0 nan nan nan 22.6 17.6 20.7 nan nan 25.7 25.9 25.8 25.8 25.8 26.0 26.3 26.9 27.6 28.4 29.3 29.9 30.5 30.6 -9999.0 -9999.0 -9999.0 -9999.0 -9999.0 -9999.0 -9999.0 -9999.0 -9999.0 -9999.0 -9999.0 -9999.0 -9999.0 -9999.0 -9999.0 -9999.0 -9999.0 -9999.0 -9999.0 -9999.0 -9999.0 -9999.0 -9999.0 -9999.0 nan nan nan -9999.0 -9999.0 -9999.0 -9999.0 -9999.0
nan nan nan nan nan nan nan nan nan nan nan nan nan nan nan nan nan nan nan nan nan nan nan nan nan nan nan nan nan nan nan nan 25.7 26.4 27.1 27.8 nan nan nan nan 19.9 20.7 29.7 nan 25.3 25.8 26.0 26.0 26.0 26.2 26.5 27.0 27.6 28.4 29.4 30.2 30.8 31.4 -9999.0 -9999.0 -9999.0 -9999.0 -9999.0 -9999.0 -9999.0 -9999.0 -9999.0 -9999.0 -9999.0 -9999.0 -9999.0 -9999.0 -9999.0 -9999.0 -9999.0 -9999.0 -9999.0 -9999.0 -9999.0 -9999.0 nan nan nan nan nan nan nan nan -9999.0 -9999.0
nan nan nan nan nan nan nan nan nan nan nan nan nan nan nan nan nan nan nan nan nan nan nan nan nan nan nan nan nan nan nan nan nan 26.3 27.2 27.9 nan nan nan nan 24.0 23.1 29.1 21.6 nan 26.1 26.5 26.3 26.3 26.4 26.7 27.2 27.8 28.5 29.4 30.3 31.0 31.8 -9999.0 -9999.0 -9999.0 -9999.0 -9999.0 -9999.0 -9999.0 -9999.0 -9999.0 -9999.0 -9999.0 nan nan nan nan nan nan nan nan nan nan nan nan nan nan nan nan nan nan nan nan nan
nan nan nan nan nan nan nan nan nan nan nan nan nan nan nan nan nan nan nan nan nan nan nan nan nan nan nan nan nan nan nan nan nan 26.2 27.1 28.0 28.2 nan nan nan 26.9 24.9 26.0 29.1 nan nan 26.0 26.1 26.2 26.3 26.7 27.3 27.9 28.5 29.5 30.5 31.3 32.0 -9999.0 -9999.0 -9999.0 -9999.0 -9999.0 -9999.0 -9999.0 -9999.0 -9999.0 -9999.0 nan nan nan nan nan nan nan nan nan nan nan nan nan nan nan nan nan nan nan nan nan nan
