data/output/RUN203/ECOSPACE/ECOSPACE_in_PAR3/PAR-VarZ-VarK/PAR-VarZ-VarK_2015_09.asc
ncols        93
nrows        151 
xllcorner    -123.80739
yllcorner    48.29471 
cellsize     0.013497347 
NODATA_value  0.0
[rows 80 to 119 of 151, columns 0 to 89 of 93]
nan nan nan nan nan nan nan nan nan nan nan nan nan nan nan nan nan nan nan nan nan nan nan 27.0 25.6 26.7 28.0 28.2 27.6 27.1 26.5 26.0 25.5 25.1 24.8 24.6 24.4 24.2 24.0 24.0 23.9 23.7 23.6 23.4 23.1 22.7 22.1 21.1 20.0 19.0 17.9 17.0 16.2 15.7 nan nan nan nan nan nan nan nan nan nan nan nan 12.4 12.6 12.8 12.8 nan 12.5 12.5 12.5 12.5 12.5 12.5 12.2 12.1 12.2 12.5 12.7 12.6 nan nan nan nan nan nan nan
nan nan nan nan nan nan nan nan nan nan nan nan nan nan nan nan nan nan nan nan nan nan nan nan nan nan 28.8 28.6 28.1 27.5 27.0 26.4 25.9 25.5 25.2 24.9 24.7 24.6 24.4 24.3 24.2 24.2 24.0 23.9 23.5 23.0 22.4 21.7 20.7 19.6 18.6 17.6 16.7 16.0 15.3 nan nan nan nan nan nan nan nan nan nan nan 12.7 12.8 nan nan nan nan nan 12.6 12.7 12.7 nan 12.4 12.4 12.7 12.9 13.2 nan nan nan nan nan nan nan nan
nan nan nan nan nan nan nan nan nan nan nan nan nan nan nan nan nan nan nan nan nan nan nan nan nan nan nan 28.7 28.3 28.1 27.6 27.0 26.4 25.9 25.5 25.2 25.0 24.9 24.8 24.7 24.6 24.5 24.4 24.1 23.8 23.4 22.7 22.1 21.3 20.4 19.4 18.3 17.3 16.4 15.7 15.2 nan nan nan nan nan nan nan nan nan 12.8 13.1 nan nan nan nan nan nan 12.6 12.8 12.8 nan 12.6 12.9 13.1 13.3 nan nan nan nan nan nan nan nan nan
nan nan nan nan nan nan nan nan nan nan nan nan nan nan nan nan nan nan nan nan nan nan nan nan nan nan nan nan 27.2 28.0 28.1 27.4 26.8 26.2 25.8 25.4 25.2 25.1 25.1 25.0 24.9 24.7 24.6 24.2 23.9 23.5 23.0 22.4 21.7 20.9 20.0 19.0 18.0 17.0 16.3 15.6 15.2 nan nan nan nan nan nan nan nan 12.9 13.2 nan nan nan nan nan nan 12.7 12.8 13.0 13.3 13.6 13.4 13.3 nan nan nan nan nan nan nan nan nan nan
nan nan nan nan nan nan nan nan nan nan nan nan nan nan nan nan nan nan nan nan nan nan nan nan nan nan nan nan nan 10.6 28.4 27.8 27.2 26.6 26.1 25.7 25.5 25.4 25.4 25.3 25.2 25.0 24.7 24.3 24.1 23.7 23.3 22.7 22.1 21.5 20.7 19.8 18.8 17.8 17.0 16.2 15.6 15.3 nan nan nan nan nan nan 12.9 13.1 13.3 nan 13.5 13.5 13.6 nan nan 12.8 13.0 13.2 13.6 14.1 nan nan nan nan nan nan nan nan nan nan nan nan
nan nan nan nan nan nan nan nan nan nan nan nan nan nan nan nan nan nan nan nan nan nan nan nan nan nan nan nan nan nan 11.3 27.9 27.5 27.0 26.5 26.0 25.7 25.6 25.5 25.5 25.3 25.0 24.7 24.3 24.1 23.8 23.4 22.9 22.4 21.8 21.2 20.4 19.5 18.6 17.7 17.0 16.3 15.8 nan nan nan nan nan 13.1 13.2 13.4 13.5 13.6 13.6 13.5 13.5 7.8 nan 12.9 13.2 13.5 13.8 14.0 nan nan nan nan nan nan nan nan nan nan nan nan
nan nan nan nan nan nan nan nan nan nan nan nan nan nan nan nan nan nan nan nan nan nan nan nan nan nan nan nan nan nan nan 26.3 27.4 27.3 26.8 26.3 25.9 25.6 25.5 25.4 25.2 25.0 24.5 24.2 24.1 23.9 23.5 23.0 22.6 22.1 21.6 21.0 20.3 19.4 18.5 17.7 17.0 16.3 15.4 nan nan 13.5 13.8 13.7 13.6 13.8 13.9 13.9 13.9 13.8 13.7 nan nan 13.2 13.5 13.8 14.0 14.1 nan nan nan nan nan nan nan nan nan nan nan nan
nan nan nan nan nan nan nan nan nan nan nan nan nan nan nan nan nan nan nan nan nan nan nan nan nan nan nan nan nan nan nan nan 27.8 27.4 26.9 26.5 26.1 25.7 25.5 25.3 25.1 24.8 24.4 24.1 24.0 23.7 23.4 23.0 22.6 22.3 21.9 21.5 20.9 20.1 19.3 18.5 17.6 16.8 16.1 15.1 14.6 14.5 14.5 nan 14.1 14.3 14.5 14.6 14.6 14.5 14.2 13.9 13.8 13.8 13.8 13.9 14.1 nan nan nan nan nan nan nan nan nan nan nan nan nan
nan nan nan nan nan nan nan nan nan nan nan nan nan nan nan nan nan nan nan nan nan nan nan nan nan nan nan nan nan nan 28.2 28.1 27.8 27.5 27.0 26.7 26.3 25.8 25.5 25.2 25.0 24.6 24.3 24.0 23.8 23.6 23.3 22.9 22.7 22.4 22.1 21.8 21.4 20.9 20.1 19.4 18.5 17.7 16.9 16.1 15.6 15.3 15.1 15.1 15.1 15.1 15.4 15.5 15.4 15.4 14.9 14.4 14.2 14.1 14.1 14.2 14.2 nan nan nan nan nan nan nan nan nan nan nan nan nan
nan nan nan nan nan nan nan nan nan nan nan nan nan nan nan nan nan nan nan nan nan nan nan nan nan nan nan nan nan nan nan nan 27.7 27.6 27.2 26.9 26.5 26.0 25.5 25.2 24.9 24.5 24.2 23.9 23.6 23.3 23.1 22.9 22.6 22.4 22.2 22.0 21.8 21.4 20.9 20.3 19.6 18.8 18.1 17.3 16.7 16.3 16.1 16.0 15.8 15.7 15.9 nan nan nan 15.1 14.9 14.6 14.4 14.4 14.4 nan nan nan nan nan nan nan nan nan nan nan nan nan nan
nan nan nan nan nan nan nan nan nan nan nan nan nan nan nan nan nan nan nan nan nan nan nan nan nan nan nan nan nan nan 11.3 10.4 27.7 27.8 27.6 27.4 26.9 26.3 25.8 25.3 24.9 24.5 24.1 23.7 23.4 23.1 22.9 22.8 22.6 22.5 22.3 22.1 21.9 21.6 21.3 21.0 20.6 19.9 19.1 18.3 17.6 17.1 16.8 16.6 nan nan nan nan nan nan nan 15.2 14.8 14.6 14.5 14.4 nan nan nan nan nan nan nan nan nan nan nan nan nan nan
nan nan nan nan nan nan nan nan nan nan nan nan nan nan nan nan nan nan nan nan nan nan nan nan nan nan nan nan nan nan 11.8 27.4 27.7 28.1 28.0 13.1 27.3 26.9 26.2 25.6 25.0 24.5 24.0 23.6 23.3 23.0 22.8 22.7 22.6 22.5 22.4 22.2 22.2 22.0 21.7 21.4 21.1 20.6 20.0 19.2 18.4 17.7 17.1 nan nan nan nan nan nan 14.8 14.9 15.0 14.8 14.6 14.5 nan nan nan nan nan nan nan nan nan nan nan nan nan nan nan
nan nan nan nan nan nan nan nan nan nan nan nan nan nan nan nan nan nan nan nan nan nan nan nan nan nan nan nan nan nan 11.3 26.4 28.0 28.5 nan nan nan 26.7 26.4 25.8 25.2 24.7 24.1 23.6 23.2 22.9 22.8 22.6 22.5 22.5 22.5 22.3 22.2 22.0 21.8 21.6 21.3 21.0 20.4 19.8 19.0 18.2 17.6 nan nan nan nan nan 15.0 14.9 14.8 14.7 14.6 14.4 nan nan nan nan nan nan nan nan nan nan nan nan nan nan nan nan
nan nan nan nan nan nan nan nan nan nan nan nan nan nan nan nan nan nan nan nan nan nan nan nan nan nan nan nan nan nan 11.2 11.1 28.1 28.5 nan nan nan 25.1 26.1 26.0 25.4 24.9 24.3 23.8 23.3 23.0 22.8 22.6 22.5 22.4 22.4 22.3 22.2 22.0 21.8 21.7 21.5 21.2 20.7 20.2 19.5 18.7 17.8 16.7 16.1 nan 15.2 15.2 15.1 14.9 14.6 14.5 nan nan nan nan nan nan nan nan nan nan nan nan nan nan nan nan nan nan
nan nan nan nan nan nan nan nan nan nan nan nan nan nan nan nan nan nan nan nan nan nan nan nan nan nan nan nan nan nan nan nan 28.1 23.0 nan nan nan nan 25.7 26.2 25.7 25.2 24.5 24.0 23.4 23.0 22.7 22.6 22.5 22.3 22.3 22.2 22.1 22.0 21.8 21.7 21.5 21.4 21.0 20.5 19.9 19.2 18.4 17.5 16.9 16.2 15.8 15.4 15.1 14.7 14.4 nan nan nan nan nan nan nan nan nan nan nan nan nan nan nan nan nan nan nan
nan nan nan nan nan nan nan nan nan nan nan nan nan nan nan nan nan nan nan nan nan nan nan nan nan nan nan nan nan nan nan nan nan 24.6 12.9 nan nan nan 10.6 26.5 26.1 25.5 24.9 24.2 23.5 23.1 22.7 22.5 22.4 22.3 22.2 22.2 22.1 22.0 21.9 21.7 21.5 21.4 21.2 20.8 20.3 19.7 19.0 18.2 17.5 16.8 16.1 15.6 15.1 14.7 14.3 nan nan nan nan nan nan nan nan nan nan nan nan nan nan nan nan nan nan nan
nan nan nan nan nan nan nan nan nan nan nan nan nan nan nan nan nan nan nan nan nan nan nan nan nan nan nan nan nan nan nan nan nan nan 13.0 24.6 nan nan nan nan 26.2 26.1 25.3 24.5 23.7 23.2 22.8 22.6 22.4 22.3 22.2 22.1 22.1 22.0 21.9 21.8 21.6 21.5 21.4 21.1 20.7 20.1 19.4 18.8 17.9 17.1 16.3 15.7 15.1 14.6 14.3 14.1 nan nan nan nan nan nan nan nan nan nan nan nan nan nan nan nan nan nan
nan nan nan nan nan nan nan nan nan nan nan nan nan nan nan nan nan nan nan nan nan nan nan nan nan nan nan nan nan nan nan nan nan nan nan 18.7 11.4 nan nan nan nan 25.0 25.6 24.8 23.9 23.3 22.9 22.7 22.5 22.4 22.3 22.2 22.2 22.1 22.0 21.9 21.7 21.6 21.5 21.3 21.0 20.4 19.6 19.0 18.1 17.2 16.4 15.7 15.1 14.6 14.3 14.1 14.0 7.8 nan nan nan nan nan nan nan nan nan nan nan nan nan nan nan nan
nan nan nan nan nan nan nan nan nan nan nan nan nan nan nan nan nan nan nan nan nan nan nan nan nan nan nan nan nan nan nan nan nan nan 13.0 17.0 26.5 26.5 nan 11.4 nan 24.0 25.2 24.9 24.1 23.5 23.1 22.9 22.7 22.5 22.4 22.3 22.2 22.2 22.1 22.0 21.9 21.8 21.7 21.5 21.2 20.6 19.8 19.0 18.1 17.2 16.4 15.7 15.1 14.6 14.3 14.1 14.1 14.0 nan nan nan nan nan nan nan nan nan nan nan nan nan nan nan nan
nan nan nan nan nan nan nan nan nan nan nan nan nan nan nan nan nan nan nan nan nan nan nan nan nan nan nan nan nan nan nan nan nan nan 26.4 26.5 26.5 24.2 15.0 23.5 24.9 21.5 25.3 25.0 24.3 23.8 23.4 23.1 22.8 22.6 22.5 22.4 22.4 22.3 22.2 22.1 22.1 22.0 21.9 21.7 21.3 20.6 19.9 19.0 18.0 16.9 16.0 15.8 15.2 14.8 14.3 14.2 14.1 14.1 14.2 nan nan nan nan nan nan nan nan nan nan nan nan nan nan nan
nan nan nan nan nan nan nan nan nan nan nan nan nan nan nan nan nan nan nan nan nan nan nan nan nan nan nan nan nan nan nan nan nan nan 26.5 26.5 26.5 26.3 25.2 nan 25.7 24.2 25.8 25.1 24.4 23.9 23.5 23.2 22.9 22.7 22.6 22.5 22.5 22.4 22.3 22.3 22.2 22.1 22.0 21.8 21.3 20.6 -9999.0 -9999.0 -9999.0 -9999.0 -9999.0 -9999.0 -9999.0 8.3 14.4 14.3 14.3 14.2 14.2 nan nan nan nan nan nan nan nan nan nan nan nan nan nan -9999.0
nan nan nan nan nan nan nan nan nan nan nan nan nan nan nan nan nan nan nan nan nan nan nan nan nan nan nan nan nan nan nan nan nan nan 26.4 26.4 26.4 26.3 26.4 nan nan 26.0 25.7 25.1 24.4 23.9 23.5 23.2 23.0 22.9 22.8 22.7 22.7 22.6 22.6 22.5 22.5 22.4 22.2 21.9 21.3 -9999.0 -9999.0 -9999.0 -9999.0 -9999.0 -9999.0 -9999.0 -9999.0 nan 9.4 14.1 14.2 13.6 nan nan nan nan nan nan nan nan nan nan nan nan nan nan nan -9999.0
nan nan nan nan nan nan nan nan nan nan nan nan nan nan nan nan nan nan nan nan nan nan nan nan nan nan nan nan nan nan nan nan nan nan 26.2 26.1 26.0 26.0 26.1 nan 21.6 22.9 25.5 25.0 24.5 24.0 23.6 23.4 23.2 23.1 23.0 23.0 22.9 22.9 23.0 22.9 22.8 22.6 22.3 21.9 21.2 -9999.0 -9999.0 -9999.0 -9999.0 -9999.0 -9999.0 -9999.0 -9999.0 -9999.0 -9999.0 nan 8.0 8.0 nan nan nan nan nan nan nan nan nan nan nan nan nan nan nan -9999.0
nan nan nan nan nan nan nan nan nan nan nan nan nan nan nan nan nan nan nan nan nan nan nan nan nan nan nan nan nan nan nan nan nan nan 25.7 25.8 26.0 24.4 22.9 15.3 24.1 20.7 24.9 24.9 24.5 24.0 23.7 23.5 23.4 23.3 23.3 23.2 23.2 23.2 23.3 23.2 23.1 22.9 22.5 21.9 -9999.0 -9999.0 -9999.0 -9999.0 -9999.0 -9999.0 -9999.0 -9999.0 -9999.0 -9999.0 -9999.0 nan nan nan nan nan nan nan nan nan nan nan nan nan nan nan nan nan nan -9999.0
nan nan nan nan nan nan nan nan nan nan nan nan nan nan nan nan nan nan nan nan nan nan nan nan nan nan nan nan nan nan nan nan 21.6 23.5 24.8 26.0 26.2 26.5 25.8 23.4 nan 25.6 25.0 24.8 24.4 24.1 23.8 23.5 23.3 23.4 23.4 23.4 23.4 23.5 23.5 23.4 23.3 23.0 22.5 -9999.0 -9999.0 -9999.0 -9999.0 -9999.0 -9999.0 -9999.0 -9999.0 -9999.0 -9999.0 -9999.0 -9999.0 -9999.0 nan nan nan nan nan nan nan nan nan nan nan nan nan nan nan nan nan -9999.0
nan nan nan nan nan nan nan nan nan nan nan nan nan nan nan nan nan nan nan nan nan nan nan nan nan nan nan nan nan 11.2 nan nan 25.3 25.8 25.9 25.8 26.5 26.8 26.9 nan nan 24.9 24.9 24.7 24.4 24.0 23.7 23.5 23.4 23.4 23.4 23.5 23.5 23.6 23.6 23.6 23.4 23.1 22.5 -9999.0 -9999.0 -9999.0 -9999.0 -9999.0 -9999.0 -9999.0 -9999.0 -9999.0 -9999.0 -9999.0 -9999.0 -9999.0 -9999.0 -9999.0 nan nan nan nan nan nan nan nan nan nan nan nan nan nan nan -9999.0
nan nan nan nan nan nan nan nan nan nan nan nan nan nan nan nan nan nan nan nan nan nan nan nan nan nan nan nan nan 10.2 10.2 nan 25.7 26.1 23.7 23.7 24.8 26.8 27.0 26.2 nan 24.9 25.0 24.8 24.4 24.1 23.8 23.6 23.5 23.5 23.5 23.6 23.6 23.7 23.7 23.6 23.4 23.0 -9999.0 -9999.0 -9999.0 -9999.0 -9999.0 -9999.0 -9999.0 -9999.0 -9999.0 -9999.0 -9999.0 -9999.0 -9999.0 -9999.0 -9999.0 -9999.0 -9999.0 nan nan nan nan nan nan nan nan nan nan nan nan nan nan -9999.0
nan nan nan nan nan nan nan nan nan nan nan nan nan nan nan nan nan nan nan nan nan nan nan nan nan nan nan nan nan 10.7 25.3 25.8 26.1 26.5 26.9 nan 10.4 26.0 26.7 26.8 nan 24.2 25.3 25.0 24.6 24.2 23.9 23.7 23.6 23.5 23.5 23.6 23.7 23.7 23.6 23.6 23.3 23.0 -9999.0 -9999.0 -9999.0 -9999.0 -9999.0 -9999.0 -9999.0 -9999.0 -9999.0 -9999.0 -9999.0 -9999.0 -9999.0 -9999.0 -9999.0 -9999.0 -9999.0 -9999.0 nan nan nan nan nan nan nan nan nan nan nan nan nan -9999.0
nan nan nan nan nan nan nan nan nan nan nan nan nan nan nan nan nan nan nan nan nan nan nan nan nan nan nan nan nan nan 24.7 25.8 26.4 27.0 23.8 nan nan 24.6 25.8 25.9 nan 21.6 23.4 25.0 24.7 24.2 23.9 23.6 23.5 23.5 23.6 23.6 23.8 23.8 23.8 23.7 23.5 23.1 -9999.0 -9999.0 -9999.0 -9999.0 -9999.0 -9999.0 -9999.0 -9999.0 -9999.0 -9999.0 -9999.0 -9999.0 -9999.0 -9999.0 -9999.0 -9999.0 -9999.0 -9999.0 -9999.0 nan nan nan nan nan nan nan nan nan nan nan nan -9999.0
nan nan nan nan nan nan nan nan nan nan nan nan nan nan nan nan nan nan nan nan nan nan nan nan nan nan nan nan nan nan 23.6 26.0 26.7 27.2 24.1 nan 11.4 19.5 22.5 13.3 20.4 17.3 19.6 24.7 24.7 24.2 23.8 23.5 23.4 23.5 23.6 23.7 23.7 23.9 24.0 23.9 23.6 23.3 -9999.0 -9999.0 -9999.0 -9999.0 -9999.0 -9999.0 -9999.0 -9999.0 -9999.0 -9999.0 -9999.0 -9999.0 -9999.0 -9999.0 -9999.0 -9999.0 -9999.0 -9999.0 -9999.0 -9999.0 nan nan nan nan nan nan nan nan nan nan nan -9999.0
nan nan nan nan nan nan nan nan nan nan nan nan nan nan nan nan nan nan nan nan nan nan nan nan nan nan nan nan nan nan 24.0 25.7 26.6 27.2 23.9 11.4 nan 23.5 17.1 12.2 17.7 nan 25.2 25.1 24.6 24.1 23.8 23.5 23.5 23.5 23.6 23.7 23.9 24.1 24.2 24.0 23.1 20.4 -9999.0 -9999.0 -9999.0 -9999.0 -9999.0 -9999.0 -9999.0 -9999.0 -9999.0 -9999.0 -9999.0 -9999.0 -9999.0 -9999.0 -9999.0 -9999.0 -9999.0 -9999.0 -9999.0 -9999.0 -9999.0 -9999.0 nan nan nan nan nan nan nan nan nan -9999.0
nan nan nan nan nan nan nan nan nan nan nan nan nan nan nan nan nan nan nan nan nan nan nan nan nan nan nan nan nan nan nan 25.6 26.4 26.9 27.1 nan nan 17.6 16.4 13.8 nan nan 25.1 25.0 24.5 24.3 23.9 23.6 23.6 23.6 23.7 23.9 24.2 24.4 24.7 24.8 24.2 21.6 -9999.0 -9999.0 -9999.0 -9999.0 -9999.0 -9999.0 -9999.0 -9999.0 -9999.0 -9999.0 -9999.0 nan nan nan -9999.0 -9999.0 -9999.0 -9999.0 -9999.0 -9999.0 -9999.0 -9999.0 -9999.0 -9999.0 -9999.0 -9999.0 -9999.0 nan nan nan -9999.0 -9999.0
nan nan nan nan nan nan nan nan nan nan nan nan nan nan nan nan nan nan nan nan nan nan nan nan nan nan nan nan nan nan nan 24.3 25.8 26.6 27.3 nan 11.3 14.7 22.9 12.8 nan nan 25.2 25.1 24.7 24.4 24.0 23.8 23.8 23.8 23.9 24.1 24.4 24.7 25.2 25.5 25.2 23.0 -9999.0 -9999.0 -9999.0 -9999.0 -9999.0 -9999.0 -9999.0 -9999.0 -9999.0 -9999.0 -9999.0 nan nan nan nan nan -9999.0 -9999.0 -9999.0 -9999.0 -9999.0 -9999.0 -9999.0 -9999.0 -9999.0 -9999.0 -9999.0 -9999.0 -9999.0 -9999.0 -9999.0 -9999.0
nan nan nan nan nan nan nan nan nan nan nan nan nan nan nan nan nan nan nan nan nan nan nan nan nan nan nan nan nan nan nan 11.2 25.9 26.6 26.4 25.7 23.7 18.0 14.4 11.6 13.1 nan 24.8 25.2 24.8 24.5 24.2 24.1 24.1 24.0 24.1 24.3 24.7 25.1 25.7 26.0 25.8 23.3 -9999.0 -9999.0 -9999.0 -9999.0 -9999.0 -9999.0 -9999.0 -9999.0 -9999.0 -9999.0 -9999.0 -9999.0 -9999.0 -9999.0 -9999.0 -9999.0 -9999.0 -9999.0 -9999.0 -9999.0 -9999.0 -9999.0 -9999.0 -9999.0 -9999.0 -9999.0 -9999.0 -9999.0 -9999.0 -9999.0 -9999.0 -9999.0
nan nan nan nan nan nan nan nan nan nan nan nan nan nan nan nan nan nan nan nan nan nan nan nan nan nan nan nan nan nan nan 11.2 24.5 26.6 27.4 27.7 27.8 nan 16.8 19.2 11.2 nan 25.2 25.4 25.1 24.7 24.4 24.2 24.2 24.3 24.4 24.5 24.8 25.4 26.1 26.3 26.3 23.4 -9999.0 -9999.0 -9999.0 -9999.0 -9999.0 -9999.0 -9999.0 -9999.0 -9999.0 -9999.0 -9999.0 -9999.0 -9999.0 -9999.0 -9999.0 -9999.0 -9999.0 -9999.0 -9999.0 -9999.0 -9999.0 -9999.0 -9999.0 -9999.0 -9999.0 -9999.0 -9999.0 -9999.0 -9999.0 -9999.0 -9999.0 -9999.0
nan nan nan nan nan nan nan nan nan nan nan nan nan nan nan nan nan nan nan nan nan nan nan nan nan nan nan nan nan nan nan 11.2 22.9 25.2 27.2 27.7 27.8 nan nan 17.0 12.5 nan nan 25.5 25.6 25.2 25.0 24.5 24.4 24.5 24.6 24.7 25.2 25.7 26.3 26.6 26.4 22.0 -9999.0 -9999.0 -9999.0 -9999.0 -9999.0 -9999.0 -9999.0 -9999.0 -9999.0 -9999.0 -9999.0 -9999.0 -9999.0 -9999.0 -9999.0 -9999.0 -9999.0 -9999.0 -9999.0 -9999.0 -9999.0 -9999.0 -9999.0 -9999.0 -9999.0 -9999.0 -9999.0 -9999.0 -9999.0 -9999.0 -9999.0 -9999.0
nan nan nan nan nan nan nan nan nan nan nan nan nan nan nan nan nan nan nan nan nan nan nan nan nan nan nan nan nan nan nan nan 10.9 26.4 27.0 27.6 nan nan nan 17.4 12.5 12.7 nan nan 24.9 25.2 25.1 24.9 24.6 24.8 24.9 25.2 25.5 25.8 26.4 27.0 26.9 25.4 -9999.0 -9999.0 -9999.0 -9999.0 -9999.0 -9999.0 -9999.0 -9999.0 -9999.0 -9999.0 -9999.0 -9999.0 -9999.0 -9999.0 -9999.0 -9999.0 -9999.0 -9999.0 -9999.0 -9999.0 -9999.0 -9999.0 -9999.0 -9999.0 nan nan nan -9999.0 -9999.0 -9999.0 -9999.0 -9999.0
nan nan nan nan nan nan nan nan nan nan nan nan nan nan nan nan nan nan nan nan nan nan nan nan nan nan nan nan nan nan nan nan 25.9 26.3 26.9 27.5 nan nan nan nan 14.2 12.4 22.4 nan 24.2 25.2 25.3 25.0 24.9 25.0 25.1 25.4 25.6 26.0 26.5 27.2 27.3 26.2 -9999.0 -9999.0 -9999.0 -9999.0 -9999.0 -9999.0 -9999.0 -9999.0 -9999.0 -9999.0 -9999.0 -9999.0 -9999.0 -9999.0 -9999.0 -9999.0 -9999.0 -9999.0 -9999.0 -9999.0 -9999.0 -9999.0 nan nan nan nan nan nan nan nan -9999.0 -9999.0
nan nan nan nan nan nan nan nan nan nan nan nan nan nan nan nan nan nan nan nan nan nan nan nan nan nan nan nan nan nan nan nan nan 26.5 27.0 27.7 nan nan nan nan 19.1 14.2 18.0 14.7 nan 25.3 25.8 25.5 25.5 25.5 25.6 25.8 25.9 26.2 26.7 27.3 27.6 27.4 -9999.0 -9999.0 -9999.0 -9999.0 -9999.0 -9999.0 -9999.0 -9999.0 -9999.0 -9999.0 -9999.0 nan nan nan nan nan nan nan nan nan nan nan nan nan nan nan nan nan nan nan nan nan
nan nan nan nan nan nan nan nan nan nan nan nan nan nan nan nan nan nan nan nan nan nan nan nan nan nan nan nan nan nan nan nan nan 26.8 27.4 27.9 27.9 nan nan nan 26.0 15.5 16.4 25.5 nan nan 25.4 25.6 25.6 25.6 25.8 26.0 26.1 26.5 26.9 27.6 28.0 28.1 -9999.0 -9999.0 -9999.0 -9999.0 -9999.0 -9999.0 -9999.0 -9999.0 -9999.0 -9999.0 nan nan nan nan nan nan nan nan nan nan nan nan nan nan nan nan nan nan nan nan nan nan
