data/output/RUN203/ECOSPACE/ECOSPACE_in_PAR3/PAR-VarZ-VarK/PAR-VarZ-VarK_1985_05.asc
ncols        93
nrows        151 
xllcorner    -123.80739
yllcorner    48.29471 
cellsize     0.013497347 
NODATA_value  0.0
[rows 80 to 119 of 151, columns 0 to 89 of 93]
nan nan nan nan nan nan nan nan nan nan nan nan nan nan nan nan nan nan nan nan nan nan nan 43.6 43.6 41.9 44.0 43.7 41.7 39.6 37.6 35.8 34.3 33.1 32.1 31.5 31.0 30.6 30.3 30.0 29.5 29.0 28.3 27.5 26.6 25.6 24.8 24.0 23.2 22.4 21.5 20.5 19.6 19.0 nan nan nan nan nan nan nan nan nan nan nan nan 16.8 17.1 17.3 17.4 nan 17.0 17.1 17.2 17.3 17.5 17.5 17.4 17.4 17.7 18.2 18.3 18.2 nan nan nan nan nan nan nan
nan nan nan nan nan nan nan nan nan nan nan nan nan nan nan nan nan nan nan nan nan nan nan nan nan nan 45.3 44.6 43.0 41.0 39.0 37.1 35.5 34.1 33.1 32.2 31.5 31.0 30.6 30.2 29.8 29.1 28.4 27.6 26.8 25.8 25.0 24.2 23.5 22.7 22.0 21.1 20.2 19.4 18.6 nan nan nan nan nan nan nan nan nan nan nan 17.1 17.3 nan nan nan nan nan 17.3 17.5 17.8 nan 17.5 17.8 18.3 18.8 19.0 nan nan nan nan nan nan nan nan
nan nan nan nan nan nan nan nan nan nan nan nan nan nan nan nan nan nan nan nan nan nan nan nan nan nan nan 44.7 43.8 42.5 40.5 38.5 36.6 35.1 33.9 32.9 32.0 31.3 30.9 30.4 29.8 29.1 28.4 27.7 26.8 26.0 25.2 24.5 23.8 23.1 22.3 21.5 20.7 19.9 19.1 18.5 nan nan nan nan nan nan nan nan nan 17.1 17.5 nan nan nan nan nan nan 17.3 17.6 17.8 nan 17.8 18.4 18.9 19.2 nan nan nan nan nan nan nan nan nan
nan nan nan nan nan nan nan nan nan nan nan nan nan nan nan nan nan nan nan nan nan nan nan nan nan nan nan nan 42.1 42.8 42.0 40.0 38.1 36.4 34.9 33.7 32.5 31.7 31.0 30.4 29.7 29.0 28.4 27.6 26.8 26.0 25.3 24.7 24.0 23.3 22.6 21.9 21.2 20.4 19.6 18.9 18.5 nan nan nan nan nan nan nan nan 17.1 17.4 nan nan nan nan nan nan 17.3 17.6 17.9 18.5 19.0 19.0 19.0 nan nan nan nan nan nan nan nan nan nan
nan nan nan nan nan nan nan nan nan nan nan nan nan nan nan nan nan nan nan nan nan nan nan nan nan nan nan nan nan 16.7 43.0 41.6 39.6 37.7 36.0 34.5 33.2 32.1 31.1 30.3 29.6 28.9 28.2 27.6 26.9 26.1 25.5 24.8 24.2 23.6 23.0 22.3 21.6 20.8 20.1 19.4 18.8 18.5 nan nan nan nan nan nan 17.0 17.2 17.5 nan 17.9 17.9 18.0 nan nan 17.4 17.8 18.3 18.8 19.6 nan nan nan nan nan nan nan nan nan nan nan nan
nan nan nan nan nan nan nan nan nan nan nan nan nan nan nan nan nan nan nan nan nan nan nan nan nan nan nan nan nan nan 17.7 42.4 41.0 38.9 37.1 35.4 33.9 32.5 31.4 30.4 29.6 28.8 28.2 27.6 26.9 26.3 25.6 25.0 24.5 24.0 23.4 22.7 22.0 21.3 20.5 19.8 19.3 19.0 nan nan nan nan nan 17.2 17.3 17.5 17.7 17.8 17.8 17.9 17.9 11.6 nan 17.5 18.0 18.5 19.0 19.3 nan nan nan nan nan nan nan nan nan nan nan nan
nan nan nan nan nan nan nan nan nan nan nan nan nan nan nan nan nan nan nan nan nan nan nan nan nan nan nan nan nan nan nan 39.8 41.5 40.1 38.1 36.3 34.7 33.1 31.8 30.6 29.7 28.8 28.1 27.6 27.0 26.4 25.8 25.3 24.8 24.2 23.7 23.0 22.4 21.6 20.9 20.3 19.8 19.3 18.8 nan nan 17.5 17.7 17.7 17.7 17.9 18.0 18.1 18.0 18.0 18.0 nan nan 17.8 18.3 18.7 19.2 19.3 nan nan nan nan nan nan nan nan nan nan nan nan
nan nan nan nan nan nan nan nan nan nan nan nan nan nan nan nan nan nan nan nan nan nan nan nan nan nan nan nan nan nan nan nan 42.2 40.8 39.1 37.2 35.5 33.8 32.3 31.0 29.9 29.0 28.2 27.5 27.0 26.4 25.9 25.4 24.9 24.5 23.9 23.2 22.6 22.0 21.3 20.6 20.1 19.6 19.3 18.5 18.2 18.2 18.3 nan 18.1 18.4 18.6 18.7 18.6 18.5 18.4 18.1 18.2 18.4 18.5 18.8 19.1 nan nan nan nan nan nan nan nan nan nan nan nan nan
nan nan nan nan nan nan nan nan nan nan nan nan nan nan nan nan nan nan nan nan nan nan nan nan nan nan nan nan nan nan 41.2 41.7 42.0 41.0 39.7 38.1 36.4 34.6 32.8 31.3 30.1 29.1 28.3 27.6 27.0 26.4 25.9 25.5 25.0 24.6 24.0 23.5 22.9 22.3 21.7 21.1 20.5 20.0 19.5 19.1 18.8 18.6 18.6 18.8 18.8 19.1 19.4 19.4 19.3 19.2 18.8 18.5 18.5 18.6 18.8 19.0 19.0 nan nan nan nan nan nan nan nan nan nan nan nan nan
nan nan nan nan nan nan nan nan nan nan nan nan nan nan nan nan nan nan nan nan nan nan nan nan nan nan nan nan nan nan nan nan 41.4 41.0 40.1 38.9 37.2 35.3 33.3 31.7 30.4 29.3 28.4 27.6 26.9 26.4 25.9 25.5 25.1 24.7 24.2 23.7 23.1 22.6 22.1 21.5 21.0 20.6 20.1 19.7 19.3 19.0 19.0 19.2 19.2 19.3 19.6 nan nan nan 18.9 18.8 18.8 18.8 18.8 19.0 nan nan nan nan nan nan nan nan nan nan nan nan nan nan
nan nan nan nan nan nan nan nan nan nan nan nan nan nan nan nan nan nan nan nan nan nan nan nan nan nan nan nan nan nan 18.0 16.4 41.1 40.9 40.2 39.4 38.1 36.2 34.1 32.4 30.9 29.6 28.5 27.6 26.9 26.3 25.8 25.4 25.0 24.7 24.3 23.9 23.4 22.9 22.5 22.0 21.5 21.1 20.6 20.1 19.7 19.4 19.2 19.3 nan nan nan nan nan nan nan 19.0 18.9 18.8 18.8 18.8 nan nan nan nan nan nan nan nan nan nan nan nan nan nan
nan nan nan nan nan nan nan nan nan nan nan nan nan nan nan nan nan nan nan nan nan nan nan nan nan nan nan nan nan nan 18.1 40.3 41.0 41.0 40.4 19.7 38.6 36.9 34.7 33.0 31.4 30.0 28.8 27.8 27.0 26.3 25.7 25.3 25.0 24.7 24.4 24.0 23.6 23.3 22.8 22.4 21.9 21.4 20.9 20.5 20.0 19.7 19.4 nan nan nan nan nan nan 18.5 18.6 18.8 18.8 18.7 18.7 nan nan nan nan nan nan nan nan nan nan nan nan nan nan nan
nan nan nan nan nan nan nan nan nan nan nan nan nan nan nan nan nan nan nan nan nan nan nan nan nan nan nan nan nan nan 18.0 38.8 40.9 41.0 nan nan nan 36.3 35.0 33.4 31.9 30.4 29.1 27.9 27.0 26.3 25.7 25.2 24.9 24.7 24.4 24.1 23.8 23.5 23.1 22.7 22.3 21.8 21.3 20.8 20.3 19.9 19.6 nan nan nan nan nan 18.5 18.5 18.5 18.6 18.6 18.5 nan nan nan nan nan nan nan nan nan nan nan nan nan nan nan nan
nan nan nan nan nan nan nan nan nan nan nan nan nan nan nan nan nan nan nan nan nan nan nan nan nan nan nan nan nan nan 17.9 17.0 40.6 41.0 nan nan nan 34.3 35.4 33.8 32.3 30.7 29.4 28.2 27.1 26.4 25.7 25.2 24.9 24.6 24.4 24.2 23.9 23.6 23.4 23.0 22.6 22.2 21.7 21.1 20.6 20.1 19.7 19.1 18.8 nan 18.4 18.4 18.5 18.5 18.4 18.4 nan nan nan nan nan nan nan nan nan nan nan nan nan nan nan nan nan nan
nan nan nan nan nan nan nan nan nan nan nan nan nan nan nan nan nan nan nan nan nan nan nan nan nan nan nan nan nan nan nan nan 40.4 33.3 nan nan nan nan 34.7 34.6 33.1 31.3 29.7 28.5 27.4 26.5 25.8 25.3 24.9 24.6 24.4 24.2 24.0 23.7 23.5 23.3 23.0 22.6 22.1 21.5 20.9 20.3 19.9 19.4 19.2 18.9 18.7 18.5 18.4 18.3 18.1 nan nan nan nan nan nan nan nan nan nan nan nan nan nan nan nan nan nan nan
nan nan nan nan nan nan nan nan nan nan nan nan nan nan nan nan nan nan nan nan nan nan nan nan nan nan nan nan nan nan nan nan nan 34.6 17.8 nan nan nan 16.4 35.8 34.2 32.0 30.2 28.8 27.7 26.7 26.0 25.5 25.1 24.8 24.5 24.3 24.0 23.9 23.7 23.5 23.2 22.9 22.4 21.9 21.3 20.7 20.2 19.7 19.3 19.0 18.7 18.5 18.3 18.1 17.8 nan nan nan nan nan nan nan nan nan nan nan nan nan nan nan nan nan nan nan
nan nan nan nan nan nan nan nan nan nan nan nan nan nan nan nan nan nan nan nan nan nan nan nan nan nan nan nan nan nan nan nan nan nan 20.0 32.6 nan nan nan nan 34.7 33.0 30.9 29.3 28.1 27.0 26.2 25.6 25.2 24.9 24.6 24.4 24.2 24.0 23.8 23.7 23.4 23.1 22.7 22.2 21.6 21.1 20.5 20.0 19.5 19.0 18.7 18.4 18.2 18.0 17.8 17.6 nan nan nan nan nan nan nan nan nan nan nan nan nan nan nan nan nan nan
nan nan nan nan nan nan nan nan nan nan nan nan nan nan nan nan nan nan nan nan nan nan nan nan nan nan nan nan nan nan nan nan nan nan nan 24.2 17.9 nan nan nan nan 31.2 31.1 29.5 28.2 27.2 26.4 25.9 25.5 25.2 24.9 24.7 24.4 24.2 24.0 23.8 23.6 23.3 22.9 22.4 21.9 21.3 20.7 20.1 19.6 19.1 18.6 18.3 18.1 17.9 17.8 17.8 17.7 11.3 nan nan nan nan nan nan nan nan nan nan nan nan nan nan nan nan
nan nan nan nan nan nan nan nan nan nan nan nan nan nan nan nan nan nan nan nan nan nan nan nan nan nan nan nan nan nan nan nan nan nan 18.6 25.0 33.2 33.2 nan 17.8 nan 28.8 30.2 29.6 28.4 27.5 26.7 26.2 25.8 25.5 25.2 24.9 24.7 24.4 24.2 24.0 23.7 23.5 23.0 22.6 22.0 21.5 20.9 20.2 19.5 19.0 18.5 18.2 18.0 17.8 17.6 17.6 17.6 17.5 nan nan nan nan nan nan nan nan nan nan nan nan nan nan nan nan
nan nan nan nan nan nan nan nan nan nan nan nan nan nan nan nan nan nan nan nan nan nan nan nan nan nan nan nan nan nan nan nan nan nan 33.7 33.6 33.7 31.9 22.8 30.5 32.2 25.4 30.8 30.2 29.0 28.0 27.2 26.6 26.2 25.8 25.5 25.2 24.9 24.6 24.3 24.1 23.9 23.5 23.1 22.7 22.1 21.5 20.8 20.1 19.4 18.8 18.1 17.7 17.1 17.8 17.6 17.5 17.5 17.6 17.7 nan nan nan nan nan nan nan nan nan nan nan nan nan nan nan
nan nan nan nan nan nan nan nan nan nan nan nan nan nan nan nan nan nan nan nan nan nan nan nan nan nan nan nan nan nan nan nan nan nan 33.6 33.6 33.6 33.8 33.9 nan 32.7 30.1 31.9 30.8 29.7 28.6 27.7 27.1 26.6 26.2 25.9 25.5 25.2 24.9 24.5 24.3 24.0 23.6 23.2 22.7 22.1 21.5 -9999.0 -9999.0 -9999.0 -9999.0 -9999.0 -9999.0 -9999.0 12.1 17.6 17.4 17.5 17.5 17.5 nan nan nan nan nan nan nan nan nan nan nan nan nan nan -9999.0
nan nan nan nan nan nan nan nan nan nan nan nan nan nan nan nan nan nan nan nan nan nan nan nan nan nan nan nan nan nan nan nan nan nan 33.4 33.3 33.2 33.2 33.4 nan nan 32.8 32.3 31.3 30.1 29.1 28.2 27.6 27.1 26.7 26.3 25.9 25.5 25.1 24.8 24.5 24.1 23.8 23.3 22.8 22.2 -9999.0 -9999.0 -9999.0 -9999.0 -9999.0 -9999.0 -9999.0 -9999.0 nan 14.4 17.3 17.3 17.0 nan nan nan nan nan nan nan nan nan nan nan nan nan nan nan -9999.0
nan nan nan nan nan nan nan nan nan nan nan nan nan nan nan nan nan nan nan nan nan nan nan nan nan nan nan nan nan nan nan nan nan nan 33.0 32.8 32.8 33.0 33.9 nan 26.8 28.6 32.6 31.6 30.5 29.4 28.7 28.0 27.5 27.1 26.7 26.3 25.8 25.4 25.1 24.7 24.4 24.0 23.5 23.0 22.3 -9999.0 -9999.0 -9999.0 -9999.0 -9999.0 -9999.0 -9999.0 -9999.0 -9999.0 -9999.0 nan 11.7 11.7 nan nan nan nan nan nan nan nan nan nan nan nan nan nan nan -9999.0
nan nan nan nan nan nan nan nan nan nan nan nan nan nan nan nan nan nan nan nan nan nan nan nan nan nan nan nan nan nan nan nan nan nan 32.6 32.6 33.1 33.8 30.4 20.7 32.0 26.7 32.2 31.9 30.8 29.9 29.1 28.5 28.0 27.6 27.1 26.6 26.1 25.7 25.3 25.0 24.6 24.2 23.7 23.1 -9999.0 -9999.0 -9999.0 -9999.0 -9999.0 -9999.0 -9999.0 -9999.0 -9999.0 -9999.0 -9999.0 nan nan nan nan nan nan nan nan nan nan nan nan nan nan nan nan nan nan -9999.0
nan nan nan nan nan nan nan nan nan nan nan nan nan nan nan nan nan nan nan nan nan nan nan nan nan nan nan nan nan nan nan nan 30.9 31.3 32.8 33.3 34.0 34.9 35.4 33.1 nan 33.9 33.0 32.1 31.1 30.2 29.5 29.0 28.4 27.9 27.4 26.8 26.3 25.9 25.6 25.2 24.9 24.5 24.0 -9999.0 -9999.0 -9999.0 -9999.0 -9999.0 -9999.0 -9999.0 -9999.0 -9999.0 -9999.0 -9999.0 -9999.0 -9999.0 nan nan nan nan nan nan nan nan nan nan nan nan nan nan nan nan nan -9999.0
nan nan nan nan nan nan nan nan nan nan nan nan nan nan nan nan nan nan nan nan nan nan nan nan nan nan nan nan nan 18.0 nan nan 33.0 33.2 33.5 33.8 34.8 35.7 36.8 nan nan 33.7 33.3 32.5 31.5 30.6 29.9 29.3 28.7 28.1 27.5 27.0 26.5 26.1 25.9 25.6 25.2 24.8 24.3 -9999.0 -9999.0 -9999.0 -9999.0 -9999.0 -9999.0 -9999.0 -9999.0 -9999.0 -9999.0 -9999.0 -9999.0 -9999.0 -9999.0 -9999.0 nan nan nan nan nan nan nan nan nan nan nan nan nan nan nan -9999.0
nan nan nan nan nan nan nan nan nan nan nan nan nan nan nan nan nan nan nan nan nan nan nan nan nan nan nan nan nan 15.7 15.7 nan 33.6 34.2 32.1 30.7 33.7 35.8 36.2 35.0 nan 34.1 33.8 33.0 32.0 31.0 30.1 29.4 28.8 28.2 27.7 27.1 26.6 26.3 26.0 25.8 25.5 25.2 -9999.0 -9999.0 -9999.0 -9999.0 -9999.0 -9999.0 -9999.0 -9999.0 -9999.0 -9999.0 -9999.0 -9999.0 -9999.0 -9999.0 -9999.0 -9999.0 -9999.0 nan nan nan nan nan nan nan nan nan nan nan nan nan nan -9999.0
nan nan nan nan nan nan nan nan nan nan nan nan nan nan nan nan nan nan nan nan nan nan nan nan nan nan nan nan nan 16.5 33.7 33.7 34.2 35.0 35.9 nan 16.4 35.3 35.7 35.9 nan 32.9 34.7 33.7 32.4 31.2 30.4 29.6 28.9 28.3 27.8 27.2 26.9 26.6 26.4 26.1 25.9 25.5 -9999.0 -9999.0 -9999.0 -9999.0 -9999.0 -9999.0 -9999.0 -9999.0 -9999.0 -9999.0 -9999.0 -9999.0 -9999.0 -9999.0 -9999.0 -9999.0 -9999.0 -9999.0 nan nan nan nan nan nan nan nan nan nan nan nan nan -9999.0
nan nan nan nan nan nan nan nan nan nan nan nan nan nan nan nan nan nan nan nan nan nan nan nan nan nan nan nan nan nan 32.8 33.6 34.5 35.6 34.8 nan nan 35.0 35.5 36.5 nan 29.8 31.5 33.8 32.6 31.5 30.5 29.7 29.0 28.4 27.9 27.4 27.1 26.9 26.6 26.3 26.1 25.5 -9999.0 -9999.0 -9999.0 -9999.0 -9999.0 -9999.0 -9999.0 -9999.0 -9999.0 -9999.0 -9999.0 -9999.0 -9999.0 -9999.0 -9999.0 -9999.0 -9999.0 -9999.0 -9999.0 nan nan nan nan nan nan nan nan nan nan nan nan -9999.0
nan nan nan nan nan nan nan nan nan nan nan nan nan nan nan nan nan nan nan nan nan nan nan nan nan nan nan nan nan nan 30.3 33.8 34.7 35.9 32.2 nan 18.3 27.4 31.8 18.7 30.0 24.9 26.4 33.0 32.6 31.6 30.7 29.8 29.1 28.5 28.0 27.6 27.3 27.1 26.9 26.6 26.2 25.1 -9999.0 -9999.0 -9999.0 -9999.0 -9999.0 -9999.0 -9999.0 -9999.0 -9999.0 -9999.0 -9999.0 -9999.0 -9999.0 -9999.0 -9999.0 -9999.0 -9999.0 -9999.0 -9999.0 -9999.0 nan nan nan nan nan nan nan nan nan nan nan -9999.0
nan nan nan nan nan nan nan nan nan nan nan nan nan nan nan nan nan nan nan nan nan nan nan nan nan nan nan nan nan nan 31.0 33.3 34.7 35.7 35.2 18.3 nan 32.4 25.5 18.0 25.5 nan 33.5 33.7 32.7 31.7 30.8 30.0 29.2 28.6 28.1 27.8 27.5 27.3 27.1 26.8 25.3 19.0 -9999.0 -9999.0 -9999.0 -9999.0 -9999.0 -9999.0 -9999.0 -9999.0 -9999.0 -9999.0 -9999.0 -9999.0 -9999.0 -9999.0 -9999.0 -9999.0 -9999.0 -9999.0 -9999.0 -9999.0 -9999.0 -9999.0 nan nan nan nan nan nan nan nan nan -9999.0
nan nan nan nan nan nan nan nan nan nan nan nan nan nan nan nan nan nan nan nan nan nan nan nan nan nan nan nan nan nan nan 33.8 34.4 35.3 36.3 nan nan 24.6 24.2 21.0 nan nan 34.0 33.8 32.9 31.9 30.9 30.1 29.4 28.7 28.2 27.9 27.7 27.6 27.4 27.3 24.7 22.5 -9999.0 -9999.0 -9999.0 -9999.0 -9999.0 -9999.0 -9999.0 -9999.0 -9999.0 -9999.0 -9999.0 nan nan nan -9999.0 -9999.0 -9999.0 -9999.0 -9999.0 -9999.0 -9999.0 -9999.0 -9999.0 -9999.0 -9999.0 -9999.0 -9999.0 nan nan nan -9999.0 -9999.0
nan nan nan nan nan nan nan nan nan nan nan nan nan nan nan nan nan nan nan nan nan nan nan nan nan nan nan nan nan nan nan 33.1 34.1 35.2 36.5 nan 17.3 21.5 33.2 18.5 nan nan 34.0 33.7 33.0 32.0 31.0 30.2 29.5 28.9 28.4 28.1 27.9 27.9 27.8 27.7 27.0 23.5 -9999.0 -9999.0 -9999.0 -9999.0 -9999.0 -9999.0 -9999.0 -9999.0 -9999.0 -9999.0 -9999.0 nan nan nan nan nan -9999.0 -9999.0 -9999.0 -9999.0 -9999.0 -9999.0 -9999.0 -9999.0 -9999.0 -9999.0 -9999.0 -9999.0 -9999.0 -9999.0 -9999.0 -9999.0
nan nan nan nan nan nan nan nan nan nan nan nan nan nan nan nan nan nan nan nan nan nan nan nan nan nan nan nan nan nan nan 17.9 34.0 35.3 36.6 35.1 30.2 24.9 20.7 16.9 19.2 nan 33.9 33.8 33.1 32.2 31.2 30.4 29.6 29.0 28.5 28.3 28.1 28.2 28.1 28.1 27.3 22.1 -9999.0 -9999.0 -9999.0 -9999.0 -9999.0 -9999.0 -9999.0 -9999.0 -9999.0 -9999.0 -9999.0 -9999.0 -9999.0 -9999.0 -9999.0 -9999.0 -9999.0 -9999.0 -9999.0 -9999.0 -9999.0 -9999.0 -9999.0 -9999.0 -9999.0 -9999.0 -9999.0 -9999.0 -9999.0 -9999.0 -9999.0 -9999.0
nan nan nan nan nan nan nan nan nan nan nan nan nan nan nan nan nan nan nan nan nan nan nan nan nan nan nan nan nan nan nan 17.9 33.7 35.4 36.9 37.7 37.9 nan 23.4 27.1 16.1 nan 33.8 34.1 33.4 32.5 31.5 30.6 29.9 29.2 28.8 28.5 28.5 28.5 28.5 28.5 28.1 24.1 -9999.0 -9999.0 -9999.0 -9999.0 -9999.0 -9999.0 -9999.0 -9999.0 -9999.0 -9999.0 -9999.0 -9999.0 -9999.0 -9999.0 -9999.0 -9999.0 -9999.0 -9999.0 -9999.0 -9999.0 -9999.0 -9999.0 -9999.0 -9999.0 -9999.0 -9999.0 -9999.0 -9999.0 -9999.0 -9999.0 -9999.0 -9999.0
nan nan nan nan nan nan nan nan nan nan nan nan nan nan nan nan nan nan nan nan nan nan nan nan nan nan nan nan nan nan nan 17.9 30.9 34.6 36.5 37.2 37.4 nan nan 23.9 18.5 nan nan 34.2 34.0 33.0 32.0 31.0 30.2 29.6 29.1 28.9 28.8 28.9 29.0 29.0 28.6 21.9 -9999.0 -9999.0 -9999.0 -9999.0 -9999.0 -9999.0 -9999.0 -9999.0 -9999.0 -9999.0 -9999.0 -9999.0 -9999.0 -9999.0 -9999.0 -9999.0 -9999.0 -9999.0 -9999.0 -9999.0 -9999.0 -9999.0 -9999.0 -9999.0 -9999.0 -9999.0 -9999.0 -9999.0 -9999.0 -9999.0 -9999.0 -9999.0
nan nan nan nan nan nan nan nan nan nan nan nan nan nan nan nan nan nan nan nan nan nan nan nan nan nan nan nan nan nan nan nan 17.2 35.2 36.2 37.1 nan nan nan 25.0 17.9 18.0 nan nan 33.5 33.0 32.2 31.4 30.6 30.0 29.5 29.3 29.3 29.3 29.4 29.6 29.6 25.7 -9999.0 -9999.0 -9999.0 -9999.0 -9999.0 -9999.0 -9999.0 -9999.0 -9999.0 -9999.0 -9999.0 -9999.0 -9999.0 -9999.0 -9999.0 -9999.0 -9999.0 -9999.0 -9999.0 -9999.0 -9999.0 -9999.0 -9999.0 -9999.0 nan nan nan -9999.0 -9999.0 -9999.0 -9999.0 -9999.0
nan nan nan nan nan nan nan nan nan nan nan nan nan nan nan nan nan nan nan nan nan nan nan nan nan nan nan nan nan nan nan nan 33.4 34.6 35.8 37.0 nan nan nan nan 20.2 18.1 31.0 nan 31.9 33.0 32.6 31.7 31.0 30.4 29.9 29.7 29.7 29.8 30.0 30.1 30.1 28.9 -9999.0 -9999.0 -9999.0 -9999.0 -9999.0 -9999.0 -9999.0 -9999.0 -9999.0 -9999.0 -9999.0 -9999.0 -9999.0 -9999.0 -9999.0 -9999.0 -9999.0 -9999.0 -9999.0 -9999.0 -9999.0 -9999.0 nan nan nan nan nan nan nan nan -9999.0 -9999.0
nan nan nan nan nan nan nan nan nan nan nan nan nan nan nan nan nan nan nan nan nan nan nan nan nan nan nan nan nan nan nan nan nan 34.8 36.2 37.3 nan nan nan nan 26.5 20.1 25.1 22.4 nan 33.2 33.0 32.0 31.4 30.7 30.3 30.0 30.1 30.2 30.5 30.9 31.1 30.7 -9999.0 -9999.0 -9999.0 -9999.0 -9999.0 -9999.0 -9999.0 -9999.0 -9999.0 -9999.0 -9999.0 nan nan nan nan nan nan nan nan nan nan nan nan nan nan nan nan nan nan nan nan nan
nan nan nan nan nan nan nan nan nan nan nan nan nan nan nan nan nan nan nan nan nan nan nan nan nan nan nan nan nan nan nan nan nan 35.0 36.2 37.7 37.9 nan nan nan 36.7 22.4 22.4 35.6 nan nan 32.5 32.2 31.8 31.2 30.6 30.3 30.4 30.6 31.0 31.6 32.0 32.6 -9999.0 -9999.0 -9999.0 -9999.0 -9999.0 -9999.0 -9999.0 -9999.0 -9999.0 -9999.0 nan nan nan nan nan nan nan nan nan nan nan nan nan nan nan nan nan nan nan nan nan nan
