data/output/RUN203/ECOSPACE/ECOSPACE_in_PAR3/PAR-VarZ-VarK/PAR-VarZ-VarK_2000_06.asc
ncols        93
nrows        151 
xllcorner    -123.80739
yllcorner    48.29471 
cellsize     0.013497347 
NODATA_value  0.0
[rows 80 to 119 of 151, columns 0 to 89 of 93]
nan nan nan nan nan nan nan nan nan nan nan nan nan nan nan nan nan nan nan nan nan nan nan 29.6 29.0 29.6 31.2 31.5 30.7 29.9 28.9 28.0 27.4 26.9 26.5 26.2 25.9 25.5 25.0 24.6 24.4 24.0 23.6 23.1 22.6 22.2 21.6 21.1 20.6 20.0 19.3 18.6 17.9 17.3 nan nan nan nan nan nan nan nan nan nan nan nan 14.2 14.4 14.5 14.5 nan 14.2 14.2 14.2 14.3 14.4 14.4 14.2 14.2 14.4 14.8 14.9 14.7 nan nan nan nan nan nan nan
nan nan nan nan nan nan nan nan nan nan nan nan nan nan nan nan nan nan nan nan nan nan nan nan nan nan 31.6 31.5 31.2 30.4 29.4 28.5 27.8 27.2 26.7 26.3 25.9 25.5 25.1 24.7 24.5 24.2 23.8 23.3 22.8 22.4 21.9 21.4 20.9 20.3 19.7 18.9 18.2 17.6 16.9 nan nan nan nan nan nan nan nan nan nan nan 14.5 14.5 nan nan nan nan nan 14.3 14.4 14.6 nan 14.3 14.4 14.8 15.1 15.2 nan nan nan nan nan nan nan nan
nan nan nan nan nan nan nan nan nan nan nan nan nan nan nan nan nan nan nan nan nan nan nan nan nan nan nan 31.4 31.0 30.9 30.0 29.1 28.2 27.5 26.9 26.5 26.0 25.5 25.1 24.7 24.5 24.2 23.9 23.5 23.1 22.6 22.1 21.7 21.2 20.6 20.0 19.3 18.5 17.8 17.1 16.6 nan nan nan nan nan nan nan nan nan 14.5 14.8 nan nan nan nan nan nan 14.3 14.5 14.5 nan 14.5 14.8 15.1 15.3 nan nan nan nan nan nan nan nan nan
nan nan nan nan nan nan nan nan nan nan nan nan nan nan nan nan nan nan nan nan nan nan nan nan nan nan nan nan 29.0 30.3 30.5 29.7 28.8 28.0 27.2 26.5 26.1 25.6 25.2 24.7 24.4 24.3 24.1 23.7 23.2 22.8 22.3 21.8 21.3 20.8 20.2 19.5 18.8 18.1 17.5 16.9 16.5 nan nan nan nan nan nan nan nan 14.6 14.8 nan nan nan nan nan nan 14.4 14.5 14.7 15.0 15.4 15.2 15.2 nan nan nan nan nan nan nan nan nan nan
nan nan nan nan nan nan nan nan nan nan nan nan nan nan nan nan nan nan nan nan nan nan nan nan nan nan nan nan nan 15.9 30.7 30.2 29.2 28.3 27.5 26.8 26.2 25.7 25.2 24.8 24.5 24.3 24.1 23.8 23.4 22.9 22.4 22.0 21.5 21.0 20.5 19.9 19.2 18.5 17.8 17.2 16.7 16.3 nan nan nan nan nan nan 14.6 14.7 14.8 nan 14.9 14.9 14.9 nan nan 14.4 14.7 14.9 15.4 15.9 nan nan nan nan nan nan nan nan nan nan nan nan
nan nan nan nan nan nan nan nan nan nan nan nan nan nan nan nan nan nan nan nan nan nan nan nan nan nan nan nan nan nan 16.1 30.0 29.6 28.8 28.0 27.3 26.6 26.0 25.3 24.8 24.5 24.2 24.1 23.8 23.4 23.0 22.5 22.1 21.7 21.2 20.6 20.1 19.5 18.9 18.2 17.6 17.1 16.7 nan nan nan nan nan 14.7 14.7 14.8 14.9 14.9 14.9 14.9 14.9 10.6 nan 14.5 14.8 15.1 15.5 15.7 nan nan nan nan nan nan nan nan nan nan nan nan
nan nan nan nan nan nan nan nan nan nan nan nan nan nan nan nan nan nan nan nan nan nan nan nan nan nan nan nan nan nan nan 27.5 29.3 29.2 28.4 27.7 26.9 26.1 25.5 24.9 24.5 24.2 24.0 23.7 23.6 23.2 22.7 22.2 21.8 21.4 20.9 20.4 19.8 19.2 18.6 18.0 17.5 17.1 16.6 nan nan 15.0 15.2 15.1 15.0 15.0 15.1 15.1 15.1 15.0 15.0 nan nan 14.8 15.0 15.3 15.6 15.6 nan nan nan nan nan nan nan nan nan nan nan nan
nan nan nan nan nan nan nan nan nan nan nan nan nan nan nan nan nan nan nan nan nan nan nan nan nan nan nan nan nan nan nan nan 29.8 29.3 28.6 27.9 27.1 26.4 25.7 25.1 24.6 24.2 24.0 23.8 23.6 23.3 22.9 22.4 22.0 21.5 21.1 20.6 20.1 19.6 19.0 18.4 17.9 17.4 17.0 16.2 15.9 15.7 15.6 nan 15.2 15.3 15.4 15.5 15.4 15.4 15.3 15.1 15.1 15.2 15.2 15.4 15.6 nan nan nan nan nan nan nan nan nan nan nan nan nan
nan nan nan nan nan nan nan nan nan nan nan nan nan nan nan nan nan nan nan nan nan nan nan nan nan nan nan nan nan nan 28.7 28.9 29.2 28.9 28.5 27.9 27.3 26.6 25.9 25.3 24.8 24.4 24.1 24.0 23.8 23.5 23.1 22.7 22.2 21.8 21.4 21.0 20.5 20.0 19.4 18.9 18.3 17.7 17.2 16.8 16.4 16.1 16.0 16.0 15.9 15.8 16.0 16.0 15.9 15.9 15.7 15.4 15.4 15.3 15.4 15.6 15.6 nan nan nan nan nan nan nan nan nan nan nan nan nan
nan nan nan nan nan nan nan nan nan nan nan nan nan nan nan nan nan nan nan nan nan nan nan nan nan nan nan nan nan nan nan nan 28.5 28.3 28.0 27.7 27.2 26.6 26.0 25.4 24.9 24.5 24.1 23.9 23.8 23.6 23.2 22.9 22.5 22.0 21.7 21.3 20.9 20.5 20.0 19.4 18.8 18.3 17.8 17.3 16.9 16.7 16.5 16.5 16.2 16.1 16.2 nan nan nan 15.7 15.6 15.6 15.5 15.5 15.6 nan nan nan nan nan nan nan nan nan nan nan nan nan nan
nan nan nan nan nan nan nan nan nan nan nan nan nan nan nan nan nan nan nan nan nan nan nan nan nan nan nan nan nan nan 18.1 16.2 28.0 27.8 27.5 27.2 26.9 26.6 26.1 25.5 25.0 24.6 24.3 24.0 23.8 23.6 23.3 23.0 22.6 22.2 21.9 21.6 21.3 21.0 20.5 20.0 19.5 19.0 18.4 17.9 17.4 17.1 16.9 16.7 nan nan nan nan nan nan nan 15.9 15.7 15.5 15.5 15.5 nan nan nan nan nan nan nan nan nan nan nan nan nan nan
nan nan nan nan nan nan nan nan nan nan nan nan nan nan nan nan nan nan nan nan nan nan nan nan nan nan nan nan nan nan 16.6 27.1 27.9 28.0 27.5 16.8 27.1 27.0 26.2 25.7 25.2 24.8 24.5 24.2 24.0 23.7 23.4 23.0 22.7 22.4 22.1 21.9 21.6 21.4 21.0 20.6 20.1 19.5 18.9 18.4 17.8 17.4 17.0 nan nan nan nan nan nan 15.5 15.7 15.9 15.7 15.6 15.6 nan nan nan nan nan nan nan nan nan nan nan nan nan nan nan
nan nan nan nan nan nan nan nan nan nan nan nan nan nan nan nan nan nan nan nan nan nan nan nan nan nan nan nan nan nan 18.1 26.5 28.1 28.3 nan nan nan 26.6 26.4 25.9 25.4 25.0 24.6 24.3 24.0 23.7 23.4 23.1 22.8 22.5 22.3 22.1 21.9 21.7 21.5 21.1 20.7 20.1 19.5 18.9 18.3 17.8 17.3 nan nan nan nan nan 15.6 15.7 15.7 15.8 15.6 15.5 nan nan nan nan nan nan nan nan nan nan nan nan nan nan nan nan
nan nan nan nan nan nan nan nan nan nan nan nan nan nan nan nan nan nan nan nan nan nan nan nan nan nan nan nan nan nan 18.0 15.6 28.6 28.6 nan nan nan 24.8 26.1 26.0 25.6 25.3 24.9 24.5 24.0 23.8 23.5 23.2 22.9 22.6 22.5 22.3 22.2 22.0 21.8 21.5 21.1 20.6 20.0 19.4 18.7 18.0 17.4 16.4 16.0 nan 15.7 15.7 15.8 15.8 15.8 15.7 nan nan nan nan nan nan nan nan nan nan nan nan nan nan nan nan nan nan
nan nan nan nan nan nan nan nan nan nan nan nan nan nan nan nan nan nan nan nan nan nan nan nan nan nan nan nan nan nan nan nan 28.6 23.9 nan nan nan nan 25.6 25.9 25.9 25.6 25.1 24.6 24.2 23.9 23.7 23.4 23.0 22.8 22.7 22.5 22.5 22.4 22.2 22.0 21.6 21.1 20.5 19.8 19.1 18.2 17.5 16.8 16.4 16.1 15.9 15.8 15.8 15.8 15.7 nan nan nan nan nan nan nan nan nan nan nan nan nan nan nan nan nan nan nan
nan nan nan nan nan nan nan nan nan nan nan nan nan nan nan nan nan nan nan nan nan nan nan nan nan nan nan nan nan nan nan nan nan 22.5 13.3 nan nan nan 16.1 26.3 26.3 26.0 25.4 24.9 24.4 24.0 23.8 23.5 23.3 23.1 22.9 22.8 22.8 22.8 22.6 22.4 22.1 21.6 21.0 20.3 19.6 18.7 17.9 17.2 16.7 16.3 16.0 15.9 15.8 15.7 15.5 nan nan nan nan nan nan nan nan nan nan nan nan nan nan nan nan nan nan nan
nan nan nan nan nan nan nan nan nan nan nan nan nan nan nan nan nan nan nan nan nan nan nan nan nan nan nan nan nan nan nan nan nan nan 15.7 24.0 nan nan nan nan 26.5 26.5 25.8 25.1 24.6 24.2 24.0 23.7 23.5 23.3 23.1 23.1 23.1 23.1 23.0 22.8 22.5 22.1 21.5 20.8 20.1 19.2 18.3 17.6 16.9 16.4 16.1 15.9 15.8 15.6 15.5 15.3 nan nan nan nan nan nan nan nan nan nan nan nan nan nan nan nan nan nan
nan nan nan nan nan nan nan nan nan nan nan nan nan nan nan nan nan nan nan nan nan nan nan nan nan nan nan nan nan nan nan nan nan nan nan 18.6 18.1 nan nan nan nan 25.6 26.0 25.4 24.8 24.4 24.1 23.9 23.6 23.5 23.4 23.4 23.4 23.5 23.4 23.2 22.9 22.5 21.9 21.1 20.4 19.4 18.5 17.7 17.0 16.5 16.2 15.9 15.8 15.6 15.4 15.4 15.3 10.8 nan nan nan nan nan nan nan nan nan nan nan nan nan nan nan nan
nan nan nan nan nan nan nan nan nan nan nan nan nan nan nan nan nan nan nan nan nan nan nan nan nan nan nan nan nan nan nan nan nan nan 16.5 20.7 25.4 25.2 nan 18.2 nan 23.4 26.0 25.4 24.9 24.5 24.2 24.0 23.8 23.6 23.6 23.6 23.7 23.7 23.7 23.5 23.3 22.8 22.1 21.4 20.5 19.6 18.6 17.7 17.1 16.5 16.1 16.0 15.7 15.6 15.4 15.3 15.3 15.2 nan nan nan nan nan nan nan nan nan nan nan nan nan nan nan nan
nan nan nan nan nan nan nan nan nan nan nan nan nan nan nan nan nan nan nan nan nan nan nan nan nan nan nan nan nan nan nan nan nan nan 25.1 25.5 25.8 25.5 18.9 23.0 24.4 22.1 25.9 25.4 24.9 24.5 24.2 24.0 23.9 23.7 23.7 23.8 23.9 23.9 23.9 23.8 23.5 22.9 22.2 21.5 20.5 19.5 18.5 17.7 17.0 16.5 15.7 15.4 14.7 15.4 15.4 15.3 15.3 15.3 15.3 nan nan nan nan nan nan nan nan nan nan nan nan nan nan nan
nan nan nan nan nan nan nan nan nan nan nan nan nan nan nan nan nan nan nan nan nan nan nan nan nan nan nan nan nan nan nan nan nan nan 25.2 25.6 25.7 25.5 25.2 nan 25.3 24.4 25.6 25.2 24.9 24.5 24.2 24.0 23.9 23.8 23.9 23.9 24.0 24.0 24.0 23.9 23.5 23.0 22.2 21.4 20.3 19.3 -9999.0 -9999.0 -9999.0 -9999.0 -9999.0 -9999.0 -9999.0 11.9 15.4 15.3 15.3 15.2 15.2 nan nan nan nan nan nan nan nan nan nan nan nan nan nan -9999.0
nan nan nan nan nan nan nan nan nan nan nan nan nan nan nan nan nan nan nan nan nan nan nan nan nan nan nan nan nan nan nan nan nan nan 25.1 25.3 25.4 25.2 25.2 nan nan 25.8 25.5 25.1 24.8 24.5 24.2 24.0 23.9 23.9 23.9 24.0 24.0 24.1 24.0 23.9 23.5 22.9 22.1 21.2 20.1 -9999.0 -9999.0 -9999.0 -9999.0 -9999.0 -9999.0 -9999.0 -9999.0 nan 14.3 15.4 15.5 14.9 nan nan nan nan nan nan nan nan nan nan nan nan nan nan nan -9999.0
nan nan nan nan nan nan nan nan nan nan nan nan nan nan nan nan nan nan nan nan nan nan nan nan nan nan nan nan nan nan nan nan nan nan 24.8 24.9 25.0 25.1 25.4 nan 21.2 23.8 25.5 25.0 24.6 24.3 24.1 23.9 23.8 23.8 23.9 23.9 24.0 24.0 24.0 23.8 23.4 22.8 22.0 20.9 19.8 -9999.0 -9999.0 -9999.0 -9999.0 -9999.0 -9999.0 -9999.0 -9999.0 -9999.0 -9999.0 nan 11.5 11.5 nan nan nan nan nan nan nan nan nan nan nan nan nan nan nan -9999.0
nan nan nan nan nan nan nan nan nan nan nan nan nan nan nan nan nan nan nan nan nan nan nan nan nan nan nan nan nan nan nan nan nan nan 24.6 24.8 25.0 25.3 23.9 17.5 23.5 21.8 25.0 24.8 24.4 24.1 23.9 23.8 23.7 23.7 23.8 23.9 23.9 23.9 23.8 23.6 23.2 22.6 21.8 20.7 -9999.0 -9999.0 -9999.0 -9999.0 -9999.0 -9999.0 -9999.0 -9999.0 -9999.0 -9999.0 -9999.0 nan nan nan nan nan nan nan nan nan nan nan nan nan nan nan nan nan nan -9999.0
nan nan nan nan nan nan nan nan nan nan nan nan nan nan nan nan nan nan nan nan nan nan nan nan nan nan nan nan nan nan nan nan 23.6 24.0 24.6 25.1 25.6 26.4 26.4 26.5 nan 25.3 24.8 24.5 24.1 23.9 23.7 23.6 23.5 23.5 23.6 23.6 23.7 23.7 23.7 23.5 23.0 22.4 21.5 -9999.0 -9999.0 -9999.0 -9999.0 -9999.0 -9999.0 -9999.0 -9999.0 -9999.0 -9999.0 -9999.0 -9999.0 -9999.0 nan nan nan nan nan nan nan nan nan nan nan nan nan nan nan nan nan -9999.0
nan nan nan nan nan nan nan nan nan nan nan nan nan nan nan nan nan nan nan nan nan nan nan nan nan nan nan nan nan 18.0 nan nan 24.6 24.8 25.0 25.5 26.2 27.0 27.7 nan nan 24.8 24.6 24.3 23.9 23.7 23.5 23.4 23.3 23.3 23.3 23.4 23.4 23.5 23.5 23.3 23.0 22.4 21.4 -9999.0 -9999.0 -9999.0 -9999.0 -9999.0 -9999.0 -9999.0 -9999.0 -9999.0 -9999.0 -9999.0 -9999.0 -9999.0 -9999.0 -9999.0 nan nan nan nan nan nan nan nan nan nan nan nan nan nan nan -9999.0
nan nan nan nan nan nan nan nan nan nan nan nan nan nan nan nan nan nan nan nan nan nan nan nan nan nan nan nan nan 14.8 14.8 nan 25.0 25.5 24.5 23.2 25.7 26.9 27.1 26.3 nan 24.8 24.6 24.4 23.9 23.6 23.3 23.2 23.1 23.0 23.1 23.1 23.2 23.2 23.3 23.2 22.8 22.2 -9999.0 -9999.0 -9999.0 -9999.0 -9999.0 -9999.0 -9999.0 -9999.0 -9999.0 -9999.0 -9999.0 -9999.0 -9999.0 -9999.0 -9999.0 -9999.0 -9999.0 nan nan nan nan nan nan nan nan nan nan nan nan nan nan -9999.0
nan nan nan nan nan nan nan nan nan nan nan nan nan nan nan nan nan nan nan nan nan nan nan nan nan nan nan nan nan 15.6 24.6 24.8 25.3 26.0 26.7 nan 16.3 26.4 26.4 26.5 nan 24.1 24.9 24.5 24.0 23.5 23.2 23.0 22.9 22.9 22.9 22.9 23.0 23.1 23.1 23.0 22.7 22.1 -9999.0 -9999.0 -9999.0 -9999.0 -9999.0 -9999.0 -9999.0 -9999.0 -9999.0 -9999.0 -9999.0 -9999.0 -9999.0 -9999.0 -9999.0 -9999.0 -9999.0 -9999.0 nan nan nan nan nan nan nan nan nan nan nan nan nan -9999.0
nan nan nan nan nan nan nan nan nan nan nan nan nan nan nan nan nan nan nan nan nan nan nan nan nan nan nan nan nan nan 24.4 24.8 25.5 26.3 25.9 nan nan 26.1 26.4 26.6 nan 22.2 23.5 24.3 23.9 23.4 23.1 22.9 22.8 22.7 22.7 22.7 22.8 22.8 22.9 22.9 22.6 22.1 -9999.0 -9999.0 -9999.0 -9999.0 -9999.0 -9999.0 -9999.0 -9999.0 -9999.0 -9999.0 -9999.0 -9999.0 -9999.0 -9999.0 -9999.0 -9999.0 -9999.0 -9999.0 -9999.0 nan nan nan nan nan nan nan nan nan nan nan nan -9999.0
nan nan nan nan nan nan nan nan nan nan nan nan nan nan nan nan nan nan nan nan nan nan nan nan nan nan nan nan nan nan 22.6 24.8 25.5 26.2 24.0 nan 18.2 21.9 24.4 15.2 22.2 18.1 20.2 23.8 23.7 23.4 23.1 22.9 22.7 22.7 22.7 22.7 22.7 22.8 22.9 22.8 22.5 21.7 -9999.0 -9999.0 -9999.0 -9999.0 -9999.0 -9999.0 -9999.0 -9999.0 -9999.0 -9999.0 -9999.0 -9999.0 -9999.0 -9999.0 -9999.0 -9999.0 -9999.0 -9999.0 -9999.0 -9999.0 nan nan nan nan nan nan nan nan nan nan nan -9999.0
nan nan nan nan nan nan nan nan nan nan nan nan nan nan nan nan nan nan nan nan nan nan nan nan nan nan nan nan nan nan 22.6 24.5 25.5 26.1 25.5 18.3 nan 23.9 20.2 16.0 19.6 nan 24.2 24.1 23.7 23.4 23.1 22.9 22.8 22.7 22.6 22.6 22.6 22.8 22.9 22.8 21.2 16.8 -9999.0 -9999.0 -9999.0 -9999.0 -9999.0 -9999.0 -9999.0 -9999.0 -9999.0 -9999.0 -9999.0 -9999.0 -9999.0 -9999.0 -9999.0 -9999.0 -9999.0 -9999.0 -9999.0 -9999.0 -9999.0 -9999.0 nan nan nan nan nan nan nan nan nan -9999.0
nan nan nan nan nan nan nan nan nan nan nan nan nan nan nan nan nan nan nan nan nan nan nan nan nan nan nan nan nan nan nan 24.8 25.4 26.0 26.4 nan nan 20.2 20.1 19.3 nan nan 24.5 24.2 23.8 23.5 23.2 23.0 22.9 22.8 22.7 22.6 22.7 22.8 23.0 23.0 21.2 18.6 -9999.0 -9999.0 -9999.0 -9999.0 -9999.0 -9999.0 -9999.0 -9999.0 -9999.0 -9999.0 -9999.0 nan nan nan -9999.0 -9999.0 -9999.0 -9999.0 -9999.0 -9999.0 -9999.0 -9999.0 -9999.0 -9999.0 -9999.0 -9999.0 -9999.0 nan nan nan -9999.0 -9999.0
nan nan nan nan nan nan nan nan nan nan nan nan nan nan nan nan nan nan nan nan nan nan nan nan nan nan nan nan nan nan nan 24.3 25.2 25.9 26.5 nan 16.0 19.8 24.9 17.1 nan nan 24.6 24.3 24.0 23.6 23.2 23.0 22.9 22.8 22.8 22.7 22.8 22.8 23.1 23.4 23.3 19.2 -9999.0 -9999.0 -9999.0 -9999.0 -9999.0 -9999.0 -9999.0 -9999.0 -9999.0 -9999.0 -9999.0 nan nan nan nan nan -9999.0 -9999.0 -9999.0 -9999.0 -9999.0 -9999.0 -9999.0 -9999.0 -9999.0 -9999.0 -9999.0 -9999.0 -9999.0 -9999.0 -9999.0 -9999.0
nan nan nan nan nan nan nan nan nan nan nan nan nan nan nan nan nan nan nan nan nan nan nan nan nan nan nan nan nan nan nan 17.9 25.1 25.9 26.6 26.0 23.6 20.9 16.4 13.7 16.9 nan 24.5 24.5 24.2 23.8 23.5 23.2 23.1 23.0 22.9 22.8 22.9 23.0 23.3 23.8 23.5 18.1 -9999.0 -9999.0 -9999.0 -9999.0 -9999.0 -9999.0 -9999.0 -9999.0 -9999.0 -9999.0 -9999.0 -9999.0 -9999.0 -9999.0 -9999.0 -9999.0 -9999.0 -9999.0 -9999.0 -9999.0 -9999.0 -9999.0 -9999.0 -9999.0 -9999.0 -9999.0 -9999.0 -9999.0 -9999.0 -9999.0 -9999.0 -9999.0
nan nan nan nan nan nan nan nan nan nan nan nan nan nan nan nan nan nan nan nan nan nan nan nan nan nan nan nan nan nan nan 17.9 24.9 25.8 26.8 27.3 27.4 nan 17.0 20.0 12.9 nan 24.5 24.7 24.6 24.2 23.8 23.5 23.3 23.1 22.9 22.9 22.9 23.1 23.5 23.9 24.0 19.4 -9999.0 -9999.0 -9999.0 -9999.0 -9999.0 -9999.0 -9999.0 -9999.0 -9999.0 -9999.0 -9999.0 -9999.0 -9999.0 -9999.0 -9999.0 -9999.0 -9999.0 -9999.0 -9999.0 -9999.0 -9999.0 -9999.0 -9999.0 -9999.0 -9999.0 -9999.0 -9999.0 -9999.0 -9999.0 -9999.0 -9999.0 -9999.0
nan nan nan nan nan nan nan nan nan nan nan nan nan nan nan nan nan nan nan nan nan nan nan nan nan nan nan nan nan nan nan 17.9 23.6 25.5 26.7 27.4 27.5 nan nan 18.5 16.0 nan nan 24.9 24.9 24.6 24.2 23.9 23.7 23.5 23.2 23.1 23.2 23.4 23.7 24.2 24.4 19.3 -9999.0 -9999.0 -9999.0 -9999.0 -9999.0 -9999.0 -9999.0 -9999.0 -9999.0 -9999.0 -9999.0 -9999.0 -9999.0 -9999.0 -9999.0 -9999.0 -9999.0 -9999.0 -9999.0 -9999.0 -9999.0 -9999.0 -9999.0 -9999.0 -9999.0 -9999.0 -9999.0 -9999.0 -9999.0 -9999.0 -9999.0 -9999.0
nan nan nan nan nan nan nan nan nan nan nan nan nan nan nan nan nan nan nan nan nan nan nan nan nan nan nan nan nan nan nan nan 17.0 25.8 26.7 27.6 nan nan nan 20.2 15.1 17.0 nan nan 24.5 24.5 24.3 24.1 24.0 23.7 23.5 23.3 23.4 23.6 24.0 24.4 24.8 23.9 -9999.0 -9999.0 -9999.0 -9999.0 -9999.0 -9999.0 -9999.0 -9999.0 -9999.0 -9999.0 -9999.0 -9999.0 -9999.0 -9999.0 -9999.0 -9999.0 -9999.0 -9999.0 -9999.0 -9999.0 -9999.0 -9999.0 -9999.0 -9999.0 nan nan nan -9999.0 -9999.0 -9999.0 -9999.0 -9999.0
nan nan nan nan nan nan nan nan nan nan nan nan nan nan nan nan nan nan nan nan nan nan nan nan nan nan nan nan nan nan nan nan 25.0 25.7 26.6 27.4 nan nan nan nan 16.7 16.8 26.9 nan 24.1 24.6 24.6 24.5 24.3 24.1 23.8 23.6 23.6 23.9 24.2 24.7 25.1 25.1 -9999.0 -9999.0 -9999.0 -9999.0 -9999.0 -9999.0 -9999.0 -9999.0 -9999.0 -9999.0 -9999.0 -9999.0 -9999.0 -9999.0 -9999.0 -9999.0 -9999.0 -9999.0 -9999.0 -9999.0 -9999.0 -9999.0 nan nan nan nan nan nan nan nan -9999.0 -9999.0
nan nan nan nan nan nan nan nan nan nan nan nan nan nan nan nan nan nan nan nan nan nan nan nan nan nan nan nan nan nan nan nan nan 25.7 26.6 27.5 nan nan nan nan 21.3 18.9 24.0 20.1 nan 25.0 25.3 25.0 24.7 24.4 24.1 24.0 24.0 24.2 24.5 25.0 25.4 25.8 -9999.0 -9999.0 -9999.0 -9999.0 -9999.0 -9999.0 -9999.0 -9999.0 -9999.0 -9999.0 -9999.0 nan nan nan nan nan nan nan nan nan nan nan nan nan nan nan nan nan nan nan nan nan
nan nan nan nan nan nan nan nan nan nan nan nan nan nan nan nan nan nan nan nan nan nan nan nan nan nan nan nan nan nan nan nan nan 25.6 26.6 27.9 28.0 nan nan nan 27.3 20.2 21.1 27.6 nan nan 25.2 25.2 25.0 24.8 24.5 24.4 24.4 24.5 24.6 25.1 25.5 26.1 -9999.0 -9999.0 -9999.0 -9999.0 -9999.0 -9999.0 -9999.0 -9999.0 -9999.0 -9999.0 nan nan nan nan nan nan nan nan nan nan nan nan nan nan nan nan nan nan nan nan nan nan
