data/output/RUN203/ECOSPACE/ECOSPACE_in_PAR3/PAR-VarZ-VarK/PAR-VarZ-VarK_2016_08.asc
ncols        93
nrows        151 
xllcorner    -123.80739
yllcorner    48.29471 
cellsize     0.013497347 
NODATA_value  0.0
[rows 80 to 119 of 151, columns 0 to 89 of 93]
nan nan nan nan nan nan nan nan nan nan nan nan nan nan nan nan nan nan nan nan nan nan nan 30.9 30.0 31.7 32.3 32.6 32.9 33.2 33.4 33.5 33.5 33.3 33.0 32.7 32.3 31.9 31.5 31.3 31.2 31.1 30.9 30.8 30.6 30.3 29.8 29.1 28.4 27.3 26.0 24.6 23.4 22.6 nan nan nan nan nan nan nan nan nan nan nan nan 16.4 16.7 16.9 17.0 nan 16.5 16.5 16.5 16.4 16.4 16.3 16.0 15.9 16.1 16.4 16.5 16.4 nan nan nan nan nan nan nan
nan nan nan nan nan nan nan nan nan nan nan nan nan nan nan nan nan nan nan nan nan nan nan nan nan nan 32.4 32.3 32.5 32.8 33.2 33.4 33.4 33.3 33.0 32.7 32.3 31.9 31.6 31.4 31.3 31.2 31.1 31.0 30.8 30.6 30.3 29.8 29.1 28.3 27.1 25.6 24.2 23.1 22.1 nan nan nan nan nan nan nan nan nan nan nan 16.9 17.0 nan nan nan nan nan 16.6 16.6 16.6 nan 16.1 16.2 16.5 16.8 17.1 nan nan nan nan nan nan nan nan
nan nan nan nan nan nan nan nan nan nan nan nan nan nan nan nan nan nan nan nan nan nan nan nan nan nan nan 32.1 32.0 32.5 32.9 33.2 33.3 33.2 33.0 32.7 32.4 32.0 31.7 31.5 31.3 31.2 31.2 31.1 31.0 30.9 30.6 30.3 29.9 29.1 28.1 26.7 25.2 23.8 22.7 21.9 nan nan nan nan nan nan nan nan nan 17.0 17.6 nan nan nan nan nan nan 16.6 16.7 16.7 nan 16.3 16.7 17.0 17.2 nan nan nan nan nan nan nan nan nan
nan nan nan nan nan nan nan nan nan nan nan nan nan nan nan nan nan nan nan nan nan nan nan nan nan nan nan nan 31.0 32.2 32.7 32.9 33.0 33.0 32.9 32.7 32.4 32.1 31.8 31.5 31.4 31.3 31.2 31.1 31.0 30.9 30.8 30.7 30.4 29.8 28.9 27.7 26.3 24.8 23.5 22.5 21.9 nan nan nan nan nan nan nan nan 17.1 17.6 nan nan nan nan nan nan 16.7 16.8 16.9 17.1 17.4 17.3 17.3 nan nan nan nan nan nan nan nan nan nan
nan nan nan nan nan nan nan nan nan nan nan nan nan nan nan nan nan nan nan nan nan nan nan nan nan nan nan nan nan 15.5 32.8 32.8 32.8 32.8 32.7 32.6 32.4 32.1 31.8 31.6 31.4 31.3 31.1 30.9 30.8 30.8 31.0 31.0 30.9 30.4 29.7 28.7 27.5 26.1 24.6 23.4 22.5 21.8 nan nan nan nan nan nan 17.2 17.5 17.7 nan 18.1 18.0 18.1 nan nan 16.8 17.0 17.2 17.5 17.9 nan nan nan nan nan nan nan nan nan nan nan nan
nan nan nan nan nan nan nan nan nan nan nan nan nan nan nan nan nan nan nan nan nan nan nan nan nan nan nan nan nan nan 16.1 32.6 32.8 32.7 32.6 32.5 32.3 32.1 31.8 31.5 31.4 31.2 31.0 30.8 30.6 30.7 30.9 31.0 31.1 30.9 30.4 29.6 28.5 27.4 26.1 24.8 23.7 22.8 nan nan nan nan nan 17.4 17.6 17.9 18.1 18.2 18.1 18.1 18.0 11.5 nan 16.9 17.2 17.5 17.7 17.9 nan nan nan nan nan nan nan nan nan nan nan nan
nan nan nan nan nan nan nan nan nan nan nan nan nan nan nan nan nan nan nan nan nan nan nan nan nan nan nan nan nan nan nan 31.0 32.5 32.7 32.5 32.3 32.2 32.0 31.8 31.5 31.3 31.1 30.9 30.7 30.6 30.7 30.9 31.1 31.3 31.3 31.1 30.5 29.5 28.5 27.4 26.1 25.0 23.8 22.2 nan nan 18.2 18.5 18.4 18.2 18.5 18.6 18.6 18.5 18.4 18.3 nan nan 17.2 17.5 17.8 18.0 18.0 nan nan nan nan nan nan nan nan nan nan nan nan
nan nan nan nan nan nan nan nan nan nan nan nan nan nan nan nan nan nan nan nan nan nan nan nan nan nan nan nan nan nan nan nan 32.7 32.3 32.1 32.1 32.0 32.0 31.7 31.4 31.2 31.0 30.9 30.7 30.6 30.6 30.9 31.2 31.5 31.6 31.6 31.1 30.3 29.4 28.3 27.0 25.8 24.7 23.3 21.1 20.2 19.8 19.6 nan 18.9 19.2 19.5 19.6 19.5 19.4 19.1 18.5 18.2 18.0 17.9 18.0 18.1 nan nan nan nan nan nan nan nan nan nan nan nan nan
nan nan nan nan nan nan nan nan nan nan nan nan nan nan nan nan nan nan nan nan nan nan nan nan nan nan nan nan nan nan 33.1 33.0 32.3 32.0 31.7 31.9 31.8 31.8 31.6 31.4 31.2 31.0 30.9 30.7 30.7 30.7 31.0 31.3 31.7 31.9 31.9 31.6 31.1 30.3 29.3 28.2 27.0 25.6 24.1 22.7 21.7 20.9 20.6 20.6 20.3 20.3 20.6 20.7 20.6 20.5 20.0 19.3 18.8 18.4 18.3 18.3 18.2 nan nan nan nan nan nan nan nan nan nan nan nan nan
nan nan nan nan nan nan nan nan nan nan nan nan nan nan nan nan nan nan nan nan nan nan nan nan nan nan nan nan nan nan nan nan 32.4 31.9 31.6 31.5 31.4 31.6 31.6 31.4 31.1 31.0 30.9 30.8 30.8 30.8 31.1 31.4 31.8 32.1 32.2 32.1 31.8 31.1 30.4 29.6 28.6 27.4 25.9 24.5 23.3 22.4 22.0 21.8 21.3 21.0 21.2 nan nan nan 20.4 19.9 19.2 18.7 18.4 18.3 nan nan nan nan nan nan nan nan nan nan nan nan nan nan
nan nan nan nan nan nan nan nan nan nan nan nan nan nan nan nan nan nan nan nan nan nan nan nan nan nan nan nan nan nan 17.5 15.8 32.2 32.2 31.7 31.6 31.5 31.5 31.5 31.4 31.2 31.0 30.9 30.9 30.8 30.9 31.1 31.4 31.8 32.2 32.3 32.3 32.1 31.7 31.2 30.6 29.9 28.9 27.6 26.2 24.8 23.8 23.1 22.6 nan nan nan nan nan nan nan 20.2 19.3 18.7 18.4 18.3 nan nan nan nan nan nan nan nan nan nan nan nan nan nan
nan nan nan nan nan nan nan nan nan nan nan nan nan nan nan nan nan nan nan nan nan nan nan nan nan nan nan nan nan nan 16.9 32.0 32.3 32.3 31.8 18.0 31.6 31.9 31.7 31.5 31.3 31.1 31.0 30.9 30.9 30.9 31.1 31.4 31.7 32.1 32.3 32.3 32.2 32.0 31.7 31.2 30.7 29.9 28.7 27.3 25.9 24.8 23.9 nan nan nan nan nan nan 19.8 19.8 19.7 19.2 18.6 18.4 nan nan nan nan nan nan nan nan nan nan nan nan nan nan nan
nan nan nan nan nan nan nan nan nan nan nan nan nan nan nan nan nan nan nan nan nan nan nan nan nan nan nan nan nan nan 17.5 31.2 32.4 32.6 nan nan nan 31.5 31.7 31.5 31.4 31.3 31.1 30.9 30.9 31.0 31.1 31.3 31.6 31.9 32.2 32.3 32.2 32.1 31.9 31.6 31.2 30.5 29.5 28.2 26.7 25.5 24.5 nan nan nan nan nan 20.0 19.8 19.4 19.1 18.8 18.5 nan nan nan nan nan nan nan nan nan nan nan nan nan nan nan nan
nan nan nan nan nan nan nan nan nan nan nan nan nan nan nan nan nan nan nan nan nan nan nan nan nan nan nan nan nan nan 17.4 15.9 32.4 32.7 nan nan nan 29.7 31.2 31.3 31.2 31.3 31.1 31.0 30.9 30.9 31.0 31.2 31.5 31.8 32.0 32.2 32.2 32.2 32.1 31.9 31.6 31.0 29.9 28.6 27.2 25.9 24.6 22.7 21.8 nan 20.2 20.1 20.0 19.5 19.1 18.8 nan nan nan nan nan nan nan nan nan nan nan nan nan nan nan nan nan nan
nan nan nan nan nan nan nan nan nan nan nan nan nan nan nan nan nan nan nan nan nan nan nan nan nan nan nan nan nan nan nan nan 32.5 28.0 nan nan nan nan 31.1 31.0 31.1 31.3 31.1 31.0 30.9 30.9 31.0 31.2 31.4 31.7 31.8 32.1 32.2 32.2 32.2 32.0 31.8 31.2 30.2 29.0 27.7 26.3 25.0 23.8 22.8 21.6 20.9 20.3 19.8 19.2 18.6 nan nan nan nan nan nan nan nan nan nan nan nan nan nan nan nan nan nan nan
nan nan nan nan nan nan nan nan nan nan nan nan nan nan nan nan nan nan nan nan nan nan nan nan nan nan nan nan nan nan nan nan nan 26.3 13.4 nan nan nan 16.1 31.4 31.3 31.3 31.3 31.1 31.0 31.0 31.0 31.2 31.3 31.6 31.8 32.0 32.1 32.2 32.2 32.1 31.8 31.2 30.3 29.2 28.1 26.9 25.7 24.6 23.4 22.3 21.3 20.5 19.8 19.1 18.4 nan nan nan nan nan nan nan nan nan nan nan nan nan nan nan nan nan nan nan
nan nan nan nan nan nan nan nan nan nan nan nan nan nan nan nan nan nan nan nan nan nan nan nan nan nan nan nan nan nan nan nan nan nan 14.0 27.2 nan nan nan nan 31.1 31.6 31.5 31.3 31.2 31.1 31.0 31.1 31.2 31.4 31.6 31.8 32.0 32.1 32.2 32.0 31.7 31.2 30.4 29.4 28.3 27.3 26.2 25.1 23.8 22.7 21.6 20.7 19.8 19.1 18.5 18.1 nan nan nan nan nan nan nan nan nan nan nan nan nan nan nan nan nan nan
nan nan nan nan nan nan nan nan nan nan nan nan nan nan nan nan nan nan nan nan nan nan nan nan nan nan nan nan nan nan nan nan nan nan nan 20.5 17.6 nan nan nan nan 30.4 31.6 31.4 31.2 31.2 31.1 31.1 31.0 31.1 31.3 31.6 31.8 31.9 32.0 31.8 31.5 31.0 30.4 29.4 28.5 27.5 26.4 25.2 24.1 22.8 21.7 20.8 20.0 19.2 18.6 18.4 18.2 11.5 nan nan nan nan nan nan nan nan nan nan nan nan nan nan nan nan
nan nan nan nan nan nan nan nan nan nan nan nan nan nan nan nan nan nan nan nan nan nan nan nan nan nan nan nan nan nan nan nan nan nan 17.8 22.2 30.5 30.4 nan 17.7 nan 28.7 31.5 31.5 31.3 31.3 31.2 31.1 30.9 30.9 31.0 31.2 31.5 31.6 31.6 31.5 31.2 30.8 30.2 29.4 28.5 27.5 26.3 25.1 23.9 22.7 21.8 21.1 20.3 19.4 18.7 18.4 18.2 18.1 nan nan nan nan nan nan nan nan nan nan nan nan nan nan nan nan
nan nan nan nan nan nan nan nan nan nan nan nan nan nan nan nan nan nan nan nan nan nan nan nan nan nan nan nan nan nan nan nan nan nan 30.5 30.6 30.6 29.2 19.8 26.3 28.4 26.5 31.2 31.5 31.3 31.2 31.1 31.0 30.8 30.7 30.7 30.9 31.1 31.3 31.3 31.2 31.0 30.5 29.9 29.1 28.2 27.3 26.0 24.7 23.5 22.4 21.1 21.2 20.6 19.7 18.8 18.5 18.3 18.2 18.3 nan nan nan nan nan nan nan nan nan nan nan nan nan nan nan
nan nan nan nan nan nan nan nan nan nan nan nan nan nan nan nan nan nan nan nan nan nan nan nan nan nan nan nan nan nan nan nan nan nan 30.5 30.5 30.5 30.4 30.0 nan 29.9 29.1 31.3 31.3 31.2 31.0 31.0 30.8 30.6 30.5 30.5 30.6 30.8 30.9 30.9 30.9 30.6 30.2 29.6 28.8 27.9 26.8 -9999.0 -9999.0 -9999.0 -9999.0 -9999.0 -9999.0 -9999.0 12.6 18.9 18.6 18.4 18.2 18.2 nan nan nan nan nan nan nan nan nan nan nan nan nan nan -9999.0
nan nan nan nan nan nan nan nan nan nan nan nan nan nan nan nan nan nan nan nan nan nan nan nan nan nan nan nan nan nan nan nan nan nan 30.2 30.2 30.3 30.2 30.4 nan nan 30.6 31.2 31.2 31.0 30.9 30.8 30.6 30.4 30.3 30.2 30.3 30.4 30.5 30.6 30.5 30.3 29.8 29.2 28.4 27.4 -9999.0 -9999.0 -9999.0 -9999.0 -9999.0 -9999.0 -9999.0 -9999.0 nan 14.6 18.5 18.4 17.5 nan nan nan nan nan nan nan nan nan nan nan nan nan nan nan -9999.0
nan nan nan nan nan nan nan nan nan nan nan nan nan nan nan nan nan nan nan nan nan nan nan nan nan nan nan nan nan nan nan nan nan nan 29.9 29.8 29.9 30.1 30.2 nan 25.6 28.6 30.6 30.7 30.7 30.6 30.4 30.3 30.2 30.1 30.0 30.0 30.0 30.1 30.2 30.1 29.9 29.4 28.8 27.9 26.8 -9999.0 -9999.0 -9999.0 -9999.0 -9999.0 -9999.0 -9999.0 -9999.0 -9999.0 -9999.0 nan 12.1 12.1 nan nan nan nan nan nan nan nan nan nan nan nan nan nan nan -9999.0
nan nan nan nan nan nan nan nan nan nan nan nan nan nan nan nan nan nan nan nan nan nan nan nan nan nan nan nan nan nan nan nan nan nan 29.6 29.5 29.8 29.6 26.5 17.9 27.0 25.0 30.3 30.4 30.3 30.2 30.1 30.0 29.9 29.9 29.8 29.7 29.7 29.7 29.8 29.7 29.5 29.0 28.3 27.4 -9999.0 -9999.0 -9999.0 -9999.0 -9999.0 -9999.0 -9999.0 -9999.0 -9999.0 -9999.0 -9999.0 nan nan nan nan nan nan nan nan nan nan nan nan nan nan nan nan nan nan -9999.0
nan nan nan nan nan nan nan nan nan nan nan nan nan nan nan nan nan nan nan nan nan nan nan nan nan nan nan nan nan nan nan nan 28.3 28.8 29.3 29.6 29.9 30.2 30.4 28.6 nan 30.6 30.3 30.1 30.0 29.8 29.7 29.7 29.6 29.6 29.5 29.5 29.4 29.4 29.4 29.3 29.0 28.5 27.7 -9999.0 -9999.0 -9999.0 -9999.0 -9999.0 -9999.0 -9999.0 -9999.0 -9999.0 -9999.0 -9999.0 -9999.0 -9999.0 nan nan nan nan nan nan nan nan nan nan nan nan nan nan nan nan nan -9999.0
nan nan nan nan nan nan nan nan nan nan nan nan nan nan nan nan nan nan nan nan nan nan nan nan nan nan nan nan nan 17.5 nan nan 29.3 29.4 29.4 29.6 30.1 30.5 30.9 nan nan 30.0 30.0 29.9 29.8 29.6 29.4 29.4 29.4 29.4 29.4 29.3 29.2 29.2 29.1 29.0 28.6 27.9 27.2 -9999.0 -9999.0 -9999.0 -9999.0 -9999.0 -9999.0 -9999.0 -9999.0 -9999.0 -9999.0 -9999.0 -9999.0 -9999.0 -9999.0 -9999.0 nan nan nan nan nan nan nan nan nan nan nan nan nan nan nan -9999.0
nan nan nan nan nan nan nan nan nan nan nan nan nan nan nan nan nan nan nan nan nan nan nan nan nan nan nan nan nan 14.9 15.0 nan 29.4 29.3 27.3 26.3 29.1 30.3 30.5 29.9 nan 29.8 30.1 30.0 29.7 29.4 29.2 29.2 29.1 29.2 29.1 29.1 29.1 29.1 28.9 28.6 28.1 27.5 -9999.0 -9999.0 -9999.0 -9999.0 -9999.0 -9999.0 -9999.0 -9999.0 -9999.0 -9999.0 -9999.0 -9999.0 -9999.0 -9999.0 -9999.0 -9999.0 -9999.0 nan nan nan nan nan nan nan nan nan nan nan nan nan nan -9999.0
nan nan nan nan nan nan nan nan nan nan nan nan nan nan nan nan nan nan nan nan nan nan nan nan nan nan nan nan nan 15.7 28.8 29.0 29.4 29.7 30.0 nan 16.0 30.0 30.1 30.3 nan 29.6 30.5 30.1 29.5 29.3 29.1 29.0 29.0 29.0 29.0 29.0 29.0 29.0 28.7 28.4 27.9 27.3 -9999.0 -9999.0 -9999.0 -9999.0 -9999.0 -9999.0 -9999.0 -9999.0 -9999.0 -9999.0 -9999.0 -9999.0 -9999.0 -9999.0 -9999.0 -9999.0 -9999.0 -9999.0 nan nan nan nan nan nan nan nan nan nan nan nan nan -9999.0
nan nan nan nan nan nan nan nan nan nan nan nan nan nan nan nan nan nan nan nan nan nan nan nan nan nan nan nan nan nan 28.2 28.9 29.5 30.0 28.7 nan nan 29.6 29.4 29.0 nan 27.1 28.9 29.7 29.3 29.1 29.0 28.9 28.9 28.9 28.8 28.8 28.9 28.8 28.6 28.2 27.7 27.2 -9999.0 -9999.0 -9999.0 -9999.0 -9999.0 -9999.0 -9999.0 -9999.0 -9999.0 -9999.0 -9999.0 -9999.0 -9999.0 -9999.0 -9999.0 -9999.0 -9999.0 -9999.0 -9999.0 nan nan nan nan nan nan nan nan nan nan nan nan -9999.0
nan nan nan nan nan nan nan nan nan nan nan nan nan nan nan nan nan nan nan nan nan nan nan nan nan nan nan nan nan nan 26.1 28.9 29.5 30.1 26.9 nan 17.8 22.7 26.0 15.0 23.5 20.1 23.8 29.0 29.0 28.9 28.8 28.8 28.8 28.8 28.8 28.8 28.9 28.8 28.6 28.2 27.7 27.2 -9999.0 -9999.0 -9999.0 -9999.0 -9999.0 -9999.0 -9999.0 -9999.0 -9999.0 -9999.0 -9999.0 -9999.0 -9999.0 -9999.0 -9999.0 -9999.0 -9999.0 -9999.0 -9999.0 -9999.0 nan nan nan nan nan nan nan nan nan nan nan -9999.0
nan nan nan nan nan nan nan nan nan nan nan nan nan nan nan nan nan nan nan nan nan nan nan nan nan nan nan nan nan nan 26.3 28.4 29.4 29.9 29.3 17.7 nan 26.5 20.2 13.9 19.2 nan 29.3 29.2 28.9 28.7 28.6 28.6 28.7 28.7 28.7 28.8 28.9 28.8 28.6 28.3 27.6 24.3 -9999.0 -9999.0 -9999.0 -9999.0 -9999.0 -9999.0 -9999.0 -9999.0 -9999.0 -9999.0 -9999.0 -9999.0 -9999.0 -9999.0 -9999.0 -9999.0 -9999.0 -9999.0 -9999.0 -9999.0 -9999.0 -9999.0 nan nan nan nan nan nan nan nan nan -9999.0
nan nan nan nan nan nan nan nan nan nan nan nan nan nan nan nan nan nan nan nan nan nan nan nan nan nan nan nan nan nan nan 28.8 29.1 29.7 30.2 nan nan 20.3 19.3 16.2 nan nan 29.1 28.8 28.6 28.5 28.5 28.6 28.6 28.7 28.7 28.9 29.0 29.0 28.9 28.8 28.1 26.6 -9999.0 -9999.0 -9999.0 -9999.0 -9999.0 -9999.0 -9999.0 -9999.0 -9999.0 -9999.0 -9999.0 nan nan nan -9999.0 -9999.0 -9999.0 -9999.0 -9999.0 -9999.0 -9999.0 -9999.0 -9999.0 -9999.0 -9999.0 -9999.0 -9999.0 nan nan nan -9999.0 -9999.0
nan nan nan nan nan nan nan nan nan nan nan nan nan nan nan nan nan nan nan nan nan nan nan nan nan nan nan nan nan nan nan 28.2 28.9 29.5 30.2 nan 16.3 17.4 26.0 15.7 nan nan 28.8 28.5 28.4 28.4 28.4 28.5 28.6 28.6 28.8 29.0 29.1 29.2 29.3 29.2 28.8 26.1 -9999.0 -9999.0 -9999.0 -9999.0 -9999.0 -9999.0 -9999.0 -9999.0 -9999.0 -9999.0 -9999.0 nan nan nan nan nan -9999.0 -9999.0 -9999.0 -9999.0 -9999.0 -9999.0 -9999.0 -9999.0 -9999.0 -9999.0 -9999.0 -9999.0 -9999.0 -9999.0 -9999.0 -9999.0
nan nan nan nan nan nan nan nan nan nan nan nan nan nan nan nan nan nan nan nan nan nan nan nan nan nan nan nan nan nan nan 17.6 28.8 29.3 30.0 30.4 28.7 21.0 16.4 13.1 16.3 nan 28.5 28.4 28.3 28.3 28.3 28.5 28.6 28.7 28.9 29.1 29.3 29.5 29.7 29.7 29.6 26.4 -9999.0 -9999.0 -9999.0 -9999.0 -9999.0 -9999.0 -9999.0 -9999.0 -9999.0 -9999.0 -9999.0 -9999.0 -9999.0 -9999.0 -9999.0 -9999.0 -9999.0 -9999.0 -9999.0 -9999.0 -9999.0 -9999.0 -9999.0 -9999.0 -9999.0 -9999.0 -9999.0 -9999.0 -9999.0 -9999.0 -9999.0 -9999.0
nan nan nan nan nan nan nan nan nan nan nan nan nan nan nan nan nan nan nan nan nan nan nan nan nan nan nan nan nan nan nan 17.5 28.5 29.2 30.0 30.5 30.4 nan 18.8 21.1 13.4 nan 28.6 28.5 28.4 28.3 28.3 28.5 28.6 28.7 28.9 29.2 29.5 29.8 30.0 30.2 30.3 26.9 -9999.0 -9999.0 -9999.0 -9999.0 -9999.0 -9999.0 -9999.0 -9999.0 -9999.0 -9999.0 -9999.0 -9999.0 -9999.0 -9999.0 -9999.0 -9999.0 -9999.0 -9999.0 -9999.0 -9999.0 -9999.0 -9999.0 -9999.0 -9999.0 -9999.0 -9999.0 -9999.0 -9999.0 -9999.0 -9999.0 -9999.0 -9999.0
nan nan nan nan nan nan nan nan nan nan nan nan nan nan nan nan nan nan nan nan nan nan nan nan nan nan nan nan nan nan nan 17.5 26.3 28.8 29.6 30.2 30.3 nan nan 19.1 16.4 nan nan 28.5 28.4 28.2 28.3 28.5 28.6 28.9 29.1 29.4 29.7 30.0 30.5 31.0 31.2 25.2 -9999.0 -9999.0 -9999.0 -9999.0 -9999.0 -9999.0 -9999.0 -9999.0 -9999.0 -9999.0 -9999.0 -9999.0 -9999.0 -9999.0 -9999.0 -9999.0 -9999.0 -9999.0 -9999.0 -9999.0 -9999.0 -9999.0 -9999.0 -9999.0 -9999.0 -9999.0 -9999.0 -9999.0 -9999.0 -9999.0 -9999.0 -9999.0
nan nan nan nan nan nan nan nan nan nan nan nan nan nan nan nan nan nan nan nan nan nan nan nan nan nan nan nan nan nan nan nan 16.8 29.0 29.6 30.2 nan nan nan 20.9 15.6 19.0 nan nan 28.1 28.0 28.2 28.4 28.6 28.9 29.2 29.6 29.9 30.4 31.0 31.6 31.7 30.4 -9999.0 -9999.0 -9999.0 -9999.0 -9999.0 -9999.0 -9999.0 -9999.0 -9999.0 -9999.0 -9999.0 -9999.0 -9999.0 -9999.0 -9999.0 -9999.0 -9999.0 -9999.0 -9999.0 -9999.0 -9999.0 -9999.0 -9999.0 -9999.0 nan nan nan -9999.0 -9999.0 -9999.0 -9999.0 -9999.0
nan nan nan nan nan nan nan nan nan nan nan nan nan nan nan nan nan nan nan nan nan nan nan nan nan nan nan nan nan nan nan nan 28.5 28.9 29.4 30.1 nan nan nan nan 17.6 18.1 28.5 nan 27.5 28.0 28.1 28.4 28.6 28.9 29.3 29.7 30.1 30.7 31.4 32.2 32.4 31.6 -9999.0 -9999.0 -9999.0 -9999.0 -9999.0 -9999.0 -9999.0 -9999.0 -9999.0 -9999.0 -9999.0 -9999.0 -9999.0 -9999.0 -9999.0 -9999.0 -9999.0 -9999.0 -9999.0 -9999.0 -9999.0 -9999.0 nan nan nan nan nan nan nan nan -9999.0 -9999.0
nan nan nan nan nan nan nan nan nan nan nan nan nan nan nan nan nan nan nan nan nan nan nan nan nan nan nan nan nan nan nan nan nan 29.0 29.5 30.2 nan nan nan nan 22.3 20.9 25.1 19.9 nan 28.2 28.3 28.4 28.6 28.9 29.3 29.8 30.2 30.8 31.6 32.5 33.1 33.2 -9999.0 -9999.0 -9999.0 -9999.0 -9999.0 -9999.0 -9999.0 -9999.0 -9999.0 -9999.0 -9999.0 nan nan nan nan nan nan nan nan nan nan nan nan nan nan nan nan nan nan nan nan nan
nan nan nan nan nan nan nan nan nan nan nan nan nan nan nan nan nan nan nan nan nan nan nan nan nan nan nan nan nan nan nan nan nan 29.0 29.7 30.5 30.6 nan nan nan 28.7 20.7 23.8 28.0 nan nan 28.0 28.2 28.5 28.9 29.3 29.8 30.2 30.8 31.6 32.7 33.5 33.9 -9999.0 -9999.0 -9999.0 -9999.0 -9999.0 -9999.0 -9999.0 -9999.0 -9999.0 -9999.0 nan nan nan nan nan nan nan nan nan nan nan nan nan nan nan nan nan nan nan nan nan nan
