data/output/RUN203/ECOSPACE/ECOSPACE_in_PAR3/PAR-VarZ-VarK/PAR-VarZ-VarK_2015_04.asc
ncols        93
nrows        151 
xllcorner    -123.80739
yllcorner    48.29471 
cellsize     0.013497347 
NODATA_value  0.0
[rows 80 to 119 of 151, columns 0 to 89 of 93]
nan nan nan nan nan nan nan nan nan nan nan nan nan nan nan nan nan nan nan nan nan nan nan 30.0 29.3 29.2 30.7 31.0 30.2 29.2 28.4 27.5 26.8 26.0 25.4 24.8 24.2 23.7 23.4 23.0 22.8 22.6 22.4 22.2 21.8 21.5 21.3 21.1 20.7 20.1 19.2 18.2 17.1 16.4 nan nan nan nan nan nan nan nan nan nan nan nan 13.5 13.6 13.7 13.8 nan 13.5 13.5 13.5 13.5 13.5 13.5 13.4 13.3 13.4 13.7 13.9 13.8 nan nan nan nan nan nan nan
nan nan nan nan nan nan nan nan nan nan nan nan nan nan nan nan nan nan nan nan nan nan nan nan nan nan 31.8 31.4 30.6 29.8 28.8 27.9 27.0 26.2 25.5 24.8 24.2 23.6 23.2 22.9 22.7 22.3 22.1 22.0 21.8 21.4 21.2 21.0 20.8 20.4 19.7 18.8 17.8 16.8 15.7 nan nan nan nan nan nan nan nan nan nan nan 13.8 13.8 nan nan nan nan nan 13.6 13.6 13.6 nan 13.4 13.5 13.7 13.9 14.1 nan nan nan nan nan nan nan nan
nan nan nan nan nan nan nan nan nan nan nan nan nan nan nan nan nan nan nan nan nan nan nan nan nan nan nan 31.8 31.2 30.5 29.6 28.5 27.4 26.5 25.6 24.8 24.1 23.5 23.0 22.6 22.4 22.1 21.9 21.6 21.5 21.4 21.1 20.9 20.8 20.6 20.1 19.3 18.3 17.2 16.2 15.5 nan nan nan nan nan nan nan nan nan 13.8 14.1 nan nan nan nan nan nan 13.6 13.6 13.7 nan 13.6 13.8 13.9 14.1 nan nan nan nan nan nan nan nan nan
nan nan nan nan nan nan nan nan nan nan nan nan nan nan nan nan nan nan nan nan nan nan nan nan nan nan nan nan 29.6 30.5 30.4 29.1 28.0 26.9 25.9 24.9 24.1 23.4 22.9 22.5 22.2 21.9 21.7 21.5 21.4 21.3 21.1 20.9 20.8 20.5 20.3 19.7 18.8 17.7 16.7 15.8 15.3 nan nan nan nan nan nan nan nan 13.8 14.0 nan nan nan nan nan nan 13.6 13.7 13.8 14.0 14.3 14.1 14.0 nan nan nan nan nan nan nan nan nan nan
nan nan nan nan nan nan nan nan nan nan nan nan nan nan nan nan nan nan nan nan nan nan nan nan nan nan nan nan nan 13.3 30.9 29.8 28.5 27.3 26.2 25.2 24.2 23.4 22.8 22.3 22.0 21.8 21.6 21.4 21.4 21.2 21.1 20.9 20.8 20.6 20.3 19.8 19.1 18.1 17.1 16.2 15.6 15.2 nan nan nan nan nan nan 13.8 13.9 14.0 nan 14.1 14.1 14.1 nan nan 13.7 13.8 13.9 14.2 14.5 nan nan nan nan nan nan nan nan nan nan nan nan
nan nan nan nan nan nan nan nan nan nan nan nan nan nan nan nan nan nan nan nan nan nan nan nan nan nan nan nan nan nan 13.9 30.3 29.2 27.8 26.6 25.5 24.4 23.5 22.8 22.3 21.9 21.7 21.5 21.2 21.2 21.2 21.0 20.9 20.8 20.6 20.4 19.9 19.2 18.4 17.5 16.6 16.0 15.4 nan nan nan nan nan 13.9 14.0 14.0 14.1 14.2 14.1 14.1 14.1 9.3 nan 13.8 14.0 14.1 14.3 14.4 nan nan nan nan nan nan nan nan nan nan nan nan
nan nan nan nan nan nan nan nan nan nan nan nan nan nan nan nan nan nan nan nan nan nan nan nan nan nan nan nan nan nan nan 28.4 29.4 28.4 27.0 25.8 24.7 23.7 22.9 22.3 21.9 21.5 21.4 21.2 21.2 21.1 21.0 20.9 20.8 20.6 20.4 20.0 19.4 18.6 17.8 17.0 16.3 15.7 15.1 nan nan 14.1 14.3 14.2 14.1 14.2 14.2 14.3 14.2 14.2 14.2 nan nan 14.0 14.1 14.3 14.4 14.4 nan nan nan nan nan nan nan nan nan nan nan nan
nan nan nan nan nan nan nan nan nan nan nan nan nan nan nan nan nan nan nan nan nan nan nan nan nan nan nan nan nan nan nan nan 29.9 28.6 27.3 26.1 24.9 23.9 23.1 22.4 21.8 21.5 21.4 21.2 21.1 21.1 20.9 20.9 20.8 20.6 20.4 20.0 19.4 18.8 18.0 17.3 16.6 16.0 15.5 15.0 14.8 14.7 14.6 nan 14.3 14.4 14.5 14.6 14.6 14.5 14.5 14.3 14.3 14.4 14.3 14.4 14.4 nan nan nan nan nan nan nan nan nan nan nan nan nan
nan nan nan nan nan nan nan nan nan nan nan nan nan nan nan nan nan nan nan nan nan nan nan nan nan nan nan nan nan nan 29.6 29.9 29.5 28.6 27.5 26.4 25.3 24.2 23.3 22.6 22.0 21.5 21.3 21.1 21.1 21.0 20.9 20.8 20.8 20.7 20.5 20.0 19.5 18.9 18.3 17.7 17.1 16.5 15.9 15.5 15.2 14.9 14.8 14.9 14.8 14.8 15.0 15.0 15.0 15.0 14.8 14.6 14.5 14.5 14.5 14.5 14.4 nan nan nan nan nan nan nan nan nan nan nan nan nan
nan nan nan nan nan nan nan nan nan nan nan nan nan nan nan nan nan nan nan nan nan nan nan nan nan nan nan nan nan nan nan nan 29.4 28.5 27.7 26.8 25.8 24.7 23.6 22.9 22.2 21.7 21.4 21.1 21.0 20.9 20.9 20.8 20.7 20.6 20.5 20.1 19.6 19.1 18.6 18.0 17.5 17.0 16.5 16.0 15.7 15.4 15.3 15.2 15.1 15.0 15.1 nan nan nan 14.9 14.8 14.7 14.6 14.5 14.5 nan nan nan nan nan nan nan nan nan nan nan nan nan nan
nan nan nan nan nan nan nan nan nan nan nan nan nan nan nan nan nan nan nan nan nan nan nan nan nan nan nan nan nan nan 14.4 13.1 29.0 28.6 28.0 27.5 26.5 25.4 24.0 23.2 22.4 21.8 21.4 21.1 21.0 20.9 20.8 20.8 20.7 20.6 20.4 20.1 19.6 19.2 18.8 18.3 17.8 17.3 16.9 16.5 16.1 15.8 15.6 15.5 nan nan nan nan nan nan nan 14.9 14.7 14.6 14.5 14.4 nan nan nan nan nan nan nan nan nan nan nan nan nan nan
nan nan nan nan nan nan nan nan nan nan nan nan nan nan nan nan nan nan nan nan nan nan nan nan nan nan nan nan nan nan 14.1 28.4 28.8 28.8 28.5 15.1 27.5 26.2 24.5 23.5 22.7 22.0 21.5 21.2 21.0 20.8 20.7 20.7 20.6 20.5 20.3 20.0 19.7 19.3 19.0 18.6 18.1 17.7 17.2 16.8 16.4 16.0 15.7 nan nan nan nan nan nan 14.5 14.6 14.7 14.6 14.5 14.4 nan nan nan nan nan nan nan nan nan nan nan nan nan nan nan
nan nan nan nan nan nan nan nan nan nan nan nan nan nan nan nan nan nan nan nan nan nan nan nan nan nan nan nan nan nan 14.4 27.2 28.8 28.8 nan nan nan 25.9 24.9 23.9 23.0 22.3 21.7 21.2 21.0 20.8 20.7 20.6 20.5 20.4 20.2 20.0 19.7 19.4 19.1 18.8 18.4 18.0 17.6 17.1 16.6 16.2 15.9 nan nan nan nan nan 14.6 14.6 14.5 14.6 14.5 14.4 nan nan nan nan nan nan nan nan nan nan nan nan nan nan nan nan
nan nan nan nan nan nan nan nan nan nan nan nan nan nan nan nan nan nan nan nan nan nan nan nan nan nan nan nan nan nan 14.2 13.2 28.7 28.9 nan nan nan 24.1 25.1 24.3 23.5 22.6 21.9 21.4 21.1 20.9 20.7 20.6 20.5 20.3 20.2 19.9 19.7 19.5 19.2 18.9 18.6 18.2 17.9 17.4 17.0 16.5 16.0 15.4 15.1 nan 14.7 14.7 14.7 14.6 14.3 14.4 nan nan nan nan nan nan nan nan nan nan nan nan nan nan nan nan nan nan
nan nan nan nan nan nan nan nan nan nan nan nan nan nan nan nan nan nan nan nan nan nan nan nan nan nan nan nan nan nan nan nan 28.8 23.8 nan nan nan nan 24.8 25.1 24.2 23.2 22.3 21.6 21.2 21.0 20.8 20.6 20.5 20.3 20.1 19.9 19.7 19.5 19.3 19.1 18.8 18.5 18.1 17.8 17.3 16.8 16.3 15.9 15.5 15.2 15.0 14.8 14.7 14.5 14.3 nan nan nan nan nan nan nan nan nan nan nan nan nan nan nan nan nan nan nan
nan nan nan nan nan nan nan nan nan nan nan nan nan nan nan nan nan nan nan nan nan nan nan nan nan nan nan nan nan nan nan nan nan 22.8 11.5 nan nan nan 13.1 25.9 25.1 23.8 22.7 21.9 21.4 21.1 20.8 20.6 20.5 20.3 20.1 19.9 19.8 19.6 19.4 19.2 19.0 18.7 18.4 18.0 17.6 17.2 16.7 16.2 15.8 15.4 15.1 14.9 14.7 14.5 14.3 nan nan nan nan nan nan nan nan nan nan nan nan nan nan nan nan nan nan nan
nan nan nan nan nan nan nan nan nan nan nan nan nan nan nan nan nan nan nan nan nan nan nan nan nan nan nan nan nan nan nan nan nan nan 13.0 21.9 nan nan nan nan 25.5 24.5 23.1 22.2 21.6 21.2 21.0 20.8 20.5 20.4 20.2 20.0 19.9 19.7 19.6 19.4 19.2 18.9 18.6 18.3 18.0 17.5 17.0 16.5 15.9 15.5 15.2 14.9 14.6 14.4 14.3 14.2 nan nan nan nan nan nan nan nan nan nan nan nan nan nan nan nan nan nan
nan nan nan nan nan nan nan nan nan nan nan nan nan nan nan nan nan nan nan nan nan nan nan nan nan nan nan nan nan nan nan nan nan nan nan 16.5 14.4 nan nan nan nan 23.6 23.5 22.5 21.8 21.4 21.1 20.9 20.6 20.4 20.3 20.1 20.0 19.8 19.7 19.5 19.4 19.1 18.9 18.6 18.2 17.7 17.2 16.6 16.0 15.6 15.1 14.8 14.6 14.4 14.2 14.2 14.2 9.2 nan nan nan nan nan nan nan nan nan nan nan nan nan nan nan nan
nan nan nan nan nan nan nan nan nan nan nan nan nan nan nan nan nan nan nan nan nan nan nan nan nan nan nan nan nan nan nan nan nan nan 14.3 18.9 23.9 23.8 nan 14.4 nan 21.4 23.5 22.6 21.9 21.5 21.1 20.9 20.7 20.5 20.4 20.2 20.1 19.9 19.8 19.7 19.5 19.3 19.0 18.8 18.4 17.9 17.2 16.6 16.0 15.5 15.1 14.7 14.5 14.3 14.1 14.1 14.1 14.1 nan nan nan nan nan nan nan nan nan nan nan nan nan nan nan nan
nan nan nan nan nan nan nan nan nan nan nan nan nan nan nan nan nan nan nan nan nan nan nan nan nan nan nan nan nan nan nan nan nan nan 24.0 24.1 24.2 23.3 17.4 21.0 22.5 19.7 22.8 22.4 21.8 21.4 21.1 20.9 20.7 20.5 20.4 20.3 20.1 20.1 20.0 19.8 19.7 19.5 19.2 18.9 18.5 17.9 17.2 16.5 15.9 15.3 14.6 14.6 13.9 14.2 14.1 14.1 14.1 14.2 14.3 nan nan nan nan nan nan nan nan nan nan nan nan nan nan nan
nan nan nan nan nan nan nan nan nan nan nan nan nan nan nan nan nan nan nan nan nan nan nan nan nan nan nan nan nan nan nan nan nan nan 24.2 24.2 24.1 24.0 24.2 nan 23.2 22.0 23.0 22.3 21.7 21.3 21.0 20.8 20.6 20.5 20.4 20.3 20.2 20.1 20.1 20.0 19.8 19.7 19.4 19.0 18.5 17.8 -9999.0 -9999.0 -9999.0 -9999.0 -9999.0 -9999.0 -9999.0 9.9 14.2 14.1 14.2 14.2 14.2 nan nan nan nan nan nan nan nan nan nan nan nan nan nan -9999.0
nan nan nan nan nan nan nan nan nan nan nan nan nan nan nan nan nan nan nan nan nan nan nan nan nan nan nan nan nan nan nan nan nan nan 24.0 24.0 23.9 23.7 23.7 nan nan 23.6 23.0 22.2 21.6 21.2 20.9 20.7 20.5 20.4 20.4 20.3 20.2 20.2 20.1 20.1 20.0 19.8 19.5 19.1 18.4 -9999.0 -9999.0 -9999.0 -9999.0 -9999.0 -9999.0 -9999.0 -9999.0 nan 11.7 14.1 14.2 13.7 nan nan nan nan nan nan nan nan nan nan nan nan nan nan nan -9999.0
nan nan nan nan nan nan nan nan nan nan nan nan nan nan nan nan nan nan nan nan nan nan nan nan nan nan nan nan nan nan nan nan nan nan 23.7 23.5 23.4 23.5 24.0 nan 19.1 21.8 23.0 22.2 21.5 21.1 20.7 20.5 20.4 20.3 20.3 20.2 20.2 20.2 20.2 20.2 20.1 20.0 19.6 19.1 18.3 -9999.0 -9999.0 -9999.0 -9999.0 -9999.0 -9999.0 -9999.0 -9999.0 -9999.0 -9999.0 nan 9.6 9.6 nan nan nan nan nan nan nan nan nan nan nan nan nan nan nan -9999.0
nan nan nan nan nan nan nan nan nan nan nan nan nan nan nan nan nan nan nan nan nan nan nan nan nan nan nan nan nan nan nan nan nan nan 23.4 23.3 23.6 23.8 21.2 14.3 22.0 18.9 22.7 21.9 21.3 20.9 20.5 20.3 20.2 20.2 20.1 20.1 20.1 20.1 20.2 20.2 20.2 20.1 19.6 19.0 -9999.0 -9999.0 -9999.0 -9999.0 -9999.0 -9999.0 -9999.0 -9999.0 -9999.0 -9999.0 -9999.0 nan nan nan nan nan nan nan nan nan nan nan nan nan nan nan nan nan nan -9999.0
nan nan nan nan nan nan nan nan nan nan nan nan nan nan nan nan nan nan nan nan nan nan nan nan nan nan nan nan nan nan nan nan 22.9 23.3 23.5 23.8 24.1 24.5 24.9 23.2 nan 23.5 22.5 21.8 21.1 20.6 20.3 20.1 20.0 19.9 19.9 19.9 20.0 20.0 20.2 20.2 20.3 20.1 19.7 -9999.0 -9999.0 -9999.0 -9999.0 -9999.0 -9999.0 -9999.0 -9999.0 -9999.0 -9999.0 -9999.0 -9999.0 -9999.0 nan nan nan nan nan nan nan nan nan nan nan nan nan nan nan nan nan -9999.0
nan nan nan nan nan nan nan nan nan nan nan nan nan nan nan nan nan nan nan nan nan nan nan nan nan nan nan nan nan 14.3 nan nan 23.6 23.8 23.8 24.1 24.6 25.0 25.5 nan nan 23.0 22.4 21.7 21.0 20.4 20.1 19.9 19.8 19.7 19.7 19.7 19.8 20.0 20.1 20.3 20.4 20.2 19.7 -9999.0 -9999.0 -9999.0 -9999.0 -9999.0 -9999.0 -9999.0 -9999.0 -9999.0 -9999.0 -9999.0 -9999.0 -9999.0 -9999.0 -9999.0 nan nan nan nan nan nan nan nan nan nan nan nan nan nan nan -9999.0
nan nan nan nan nan nan nan nan nan nan nan nan nan nan nan nan nan nan nan nan nan nan nan nan nan nan nan nan nan 12.3 12.3 nan 24.0 24.3 22.4 21.5 24.0 25.0 25.2 24.2 nan 23.2 22.6 21.8 20.9 20.3 20.0 19.7 19.6 19.5 19.5 19.6 19.7 19.9 20.1 20.4 20.5 20.4 -9999.0 -9999.0 -9999.0 -9999.0 -9999.0 -9999.0 -9999.0 -9999.0 -9999.0 -9999.0 -9999.0 -9999.0 -9999.0 -9999.0 -9999.0 -9999.0 -9999.0 nan nan nan nan nan nan nan nan nan nan nan nan nan nan -9999.0
nan nan nan nan nan nan nan nan nan nan nan nan nan nan nan nan nan nan nan nan nan nan nan nan nan nan nan nan nan 13.0 23.9 24.0 24.4 24.8 25.2 nan 13.0 24.9 24.9 25.0 nan 22.9 22.9 22.0 20.9 20.2 19.8 19.5 19.4 19.4 19.4 19.5 19.6 19.9 20.1 20.5 20.8 20.7 -9999.0 -9999.0 -9999.0 -9999.0 -9999.0 -9999.0 -9999.0 -9999.0 -9999.0 -9999.0 -9999.0 -9999.0 -9999.0 -9999.0 -9999.0 -9999.0 -9999.0 -9999.0 nan nan nan nan nan nan nan nan nan nan nan nan nan -9999.0
nan nan nan nan nan nan nan nan nan nan nan nan nan nan nan nan nan nan nan nan nan nan nan nan nan nan nan nan nan nan 23.5 23.9 24.6 25.3 24.3 nan nan 24.6 24.6 25.2 nan 20.5 21.6 21.9 21.0 20.2 19.6 19.4 19.2 19.2 19.3 19.4 19.6 19.9 20.3 20.7 20.9 21.0 -9999.0 -9999.0 -9999.0 -9999.0 -9999.0 -9999.0 -9999.0 -9999.0 -9999.0 -9999.0 -9999.0 -9999.0 -9999.0 -9999.0 -9999.0 -9999.0 -9999.0 -9999.0 -9999.0 nan nan nan nan nan nan nan nan nan nan nan nan -9999.0
nan nan nan nan nan nan nan nan nan nan nan nan nan nan nan nan nan nan nan nan nan nan nan nan nan nan nan nan nan nan 21.7 24.0 24.7 25.5 22.5 nan 14.5 18.9 21.6 12.8 19.6 15.9 18.2 21.2 20.8 20.1 19.5 19.2 19.1 19.1 19.2 19.4 19.6 20.0 20.5 20.9 21.2 21.0 -9999.0 -9999.0 -9999.0 -9999.0 -9999.0 -9999.0 -9999.0 -9999.0 -9999.0 -9999.0 -9999.0 -9999.0 -9999.0 -9999.0 -9999.0 -9999.0 -9999.0 -9999.0 -9999.0 -9999.0 nan nan nan nan nan nan nan nan nan nan nan -9999.0
nan nan nan nan nan nan nan nan nan nan nan nan nan nan nan nan nan nan nan nan nan nan nan nan nan nan nan nan nan nan 22.1 23.7 24.7 25.3 24.5 14.5 nan 22.0 17.0 12.6 16.9 nan 22.7 21.8 21.0 20.1 19.6 19.3 19.1 19.1 19.2 19.4 19.7 20.1 20.7 21.1 21.2 16.0 -9999.0 -9999.0 -9999.0 -9999.0 -9999.0 -9999.0 -9999.0 -9999.0 -9999.0 -9999.0 -9999.0 -9999.0 -9999.0 -9999.0 -9999.0 -9999.0 -9999.0 -9999.0 -9999.0 -9999.0 -9999.0 -9999.0 nan nan nan nan nan nan nan nan nan -9999.0
nan nan nan nan nan nan nan nan nan nan nan nan nan nan nan nan nan nan nan nan nan nan nan nan nan nan nan nan nan nan nan 24.0 24.3 24.9 25.4 nan nan 16.7 16.3 14.7 nan nan 23.1 22.1 21.2 20.4 19.8 19.4 19.2 19.2 19.3 19.5 19.9 20.4 21.1 21.6 21.4 17.4 -9999.0 -9999.0 -9999.0 -9999.0 -9999.0 -9999.0 -9999.0 -9999.0 -9999.0 -9999.0 -9999.0 nan nan nan -9999.0 -9999.0 -9999.0 -9999.0 -9999.0 -9999.0 -9999.0 -9999.0 -9999.0 -9999.0 -9999.0 -9999.0 -9999.0 nan nan nan -9999.0 -9999.0
nan nan nan nan nan nan nan nan nan nan nan nan nan nan nan nan nan nan nan nan nan nan nan nan nan nan nan nan nan nan nan 23.4 24.0 24.6 25.4 nan 13.3 14.8 21.9 12.9 nan nan 23.2 22.5 21.7 20.8 20.1 19.6 19.4 19.4 19.5 19.7 20.1 20.7 21.4 22.0 22.1 18.5 -9999.0 -9999.0 -9999.0 -9999.0 -9999.0 -9999.0 -9999.0 -9999.0 -9999.0 -9999.0 -9999.0 nan nan nan nan nan -9999.0 -9999.0 -9999.0 -9999.0 -9999.0 -9999.0 -9999.0 -9999.0 -9999.0 -9999.0 -9999.0 -9999.0 -9999.0 -9999.0 -9999.0 -9999.0
nan nan nan nan nan nan nan nan nan nan nan nan nan nan nan nan nan nan nan nan nan nan nan nan nan nan nan nan nan nan nan 14.2 23.8 24.5 25.6 25.9 21.9 17.0 13.6 10.9 13.2 nan 23.3 22.9 22.2 21.3 20.5 20.0 19.7 19.6 19.8 20.0 20.4 20.9 21.6 22.2 22.6 17.6 -9999.0 -9999.0 -9999.0 -9999.0 -9999.0 -9999.0 -9999.0 -9999.0 -9999.0 -9999.0 -9999.0 -9999.0 -9999.0 -9999.0 -9999.0 -9999.0 -9999.0 -9999.0 -9999.0 -9999.0 -9999.0 -9999.0 -9999.0 -9999.0 -9999.0 -9999.0 -9999.0 -9999.0 -9999.0 -9999.0 -9999.0 -9999.0
nan nan nan nan nan nan nan nan nan nan nan nan nan nan nan nan nan nan nan nan nan nan nan nan nan nan nan nan nan nan nan 14.1 23.5 24.6 25.5 26.1 26.2 nan 15.2 17.8 10.5 nan 23.5 23.3 22.7 21.9 21.1 20.5 20.1 20.0 20.1 20.3 20.6 21.2 21.9 22.5 22.9 19.0 -9999.0 -9999.0 -9999.0 -9999.0 -9999.0 -9999.0 -9999.0 -9999.0 -9999.0 -9999.0 -9999.0 -9999.0 -9999.0 -9999.0 -9999.0 -9999.0 -9999.0 -9999.0 -9999.0 -9999.0 -9999.0 -9999.0 -9999.0 -9999.0 -9999.0 -9999.0 -9999.0 -9999.0 -9999.0 -9999.0 -9999.0 -9999.0
nan nan nan nan nan nan nan nan nan nan nan nan nan nan nan nan nan nan nan nan nan nan nan nan nan nan nan nan nan nan nan 14.2 22.1 24.5 25.4 25.9 26.0 nan nan 15.9 12.4 nan nan 23.8 23.4 22.5 21.8 21.1 20.7 20.5 20.4 20.6 21.0 21.4 22.1 22.8 23.5 17.8 -9999.0 -9999.0 -9999.0 -9999.0 -9999.0 -9999.0 -9999.0 -9999.0 -9999.0 -9999.0 -9999.0 -9999.0 -9999.0 -9999.0 -9999.0 -9999.0 -9999.0 -9999.0 -9999.0 -9999.0 -9999.0 -9999.0 -9999.0 -9999.0 -9999.0 -9999.0 -9999.0 -9999.0 -9999.0 -9999.0 -9999.0 -9999.0
nan nan nan nan nan nan nan nan nan nan nan nan nan nan nan nan nan nan nan nan nan nan nan nan nan nan nan nan nan nan nan nan 13.6 24.5 25.3 25.9 nan nan nan 17.1 12.1 13.3 nan nan 23.2 22.8 22.2 21.6 21.2 21.0 20.9 21.0 21.3 21.7 22.4 23.1 23.8 22.3 -9999.0 -9999.0 -9999.0 -9999.0 -9999.0 -9999.0 -9999.0 -9999.0 -9999.0 -9999.0 -9999.0 -9999.0 -9999.0 -9999.0 -9999.0 -9999.0 -9999.0 -9999.0 -9999.0 -9999.0 -9999.0 -9999.0 -9999.0 -9999.0 nan nan nan -9999.0 -9999.0 -9999.0 -9999.0 -9999.0
nan nan nan nan nan nan nan nan nan nan nan nan nan nan nan nan nan nan nan nan nan nan nan nan nan nan nan nan nan nan nan nan 23.6 24.3 25.0 25.8 nan nan nan nan 13.8 12.6 22.4 nan 22.8 23.2 22.8 22.2 21.8 21.5 21.4 21.4 21.6 22.0 22.6 23.5 24.1 23.8 -9999.0 -9999.0 -9999.0 -9999.0 -9999.0 -9999.0 -9999.0 -9999.0 -9999.0 -9999.0 -9999.0 -9999.0 -9999.0 -9999.0 -9999.0 -9999.0 -9999.0 -9999.0 -9999.0 -9999.0 -9999.0 -9999.0 nan nan nan nan nan nan nan nan -9999.0 -9999.0
nan nan nan nan nan nan nan nan nan nan nan nan nan nan nan nan nan nan nan nan nan nan nan nan nan nan nan nan nan nan nan nan nan 24.3 25.1 26.0 nan nan nan nan 18.5 14.5 18.4 17.3 nan 23.7 23.7 23.0 22.5 22.2 22.0 21.9 22.1 22.4 23.0 23.8 24.6 24.9 -9999.0 -9999.0 -9999.0 -9999.0 -9999.0 -9999.0 -9999.0 -9999.0 -9999.0 -9999.0 -9999.0 nan nan nan nan nan nan nan nan nan nan nan nan nan nan nan nan nan nan nan nan nan
nan nan nan nan nan nan nan nan nan nan nan nan nan nan nan nan nan nan nan nan nan nan nan nan nan nan nan nan nan nan nan nan nan 24.5 25.4 26.3 26.3 nan nan nan 25.2 15.4 16.0 24.8 nan nan 23.7 23.3 23.0 22.7 22.5 22.5 22.5 22.8 23.4 24.3 25.2 25.8 -9999.0 -9999.0 -9999.0 -9999.0 -9999.0 -9999.0 -9999.0 -9999.0 -9999.0 -9999.0 nan nan nan nan nan nan nan nan nan nan nan nan nan nan nan nan nan nan nan nan nan nan
