data/output/RUN203/ECOSPACE/ECOSPACE_in_PAR3/PAR-VarZ-VarK/PAR-VarZ-VarK_1999_05.asc
ncols        93
nrows        151 
xllcorner    -123.80739
yllcorner    48.29471 
cellsize     0.013497347 
NODATA_value  0.0
[rows 80 to 119 of 151, columns 0 to 89 of 93]
nan nan nan nan nan nan nan nan nan nan nan nan nan nan nan nan nan nan nan nan nan nan nan 31.6 31.0 31.0 32.8 32.5 31.8 30.6 29.3 28.0 26.6 25.5 24.5 23.6 22.8 22.1 21.6 21.1 20.8 20.5 20.3 20.1 19.8 19.7 19.6 19.5 19.4 19.2 18.9 18.5 18.0 17.6 nan nan nan nan nan nan nan nan nan nan nan nan 14.9 15.1 15.2 15.3 nan 15.1 15.1 15.1 15.1 15.2 15.3 15.1 15.1 15.4 15.8 16.0 16.0 nan nan nan nan nan nan nan
nan nan nan nan nan nan nan nan nan nan nan nan nan nan nan nan nan nan nan nan nan nan nan nan nan nan 34.0 33.5 32.3 31.2 30.0 28.6 27.3 26.0 24.8 23.8 23.0 22.3 21.6 21.2 20.8 20.6 20.4 20.1 19.9 19.7 19.6 19.5 19.5 19.3 19.0 18.6 18.1 17.7 17.2 nan nan nan nan nan nan nan nan nan nan nan 15.2 15.2 nan nan nan nan nan 15.2 15.3 15.4 nan 15.3 15.4 15.8 16.2 16.4 nan nan nan nan nan nan nan nan
nan nan nan nan nan nan nan nan nan nan nan nan nan nan nan nan nan nan nan nan nan nan nan nan nan nan nan 33.8 32.6 31.9 30.7 29.2 28.0 26.6 25.3 24.1 23.2 22.4 21.8 21.2 20.9 20.6 20.4 20.1 19.9 19.8 19.6 19.6 19.5 19.4 19.1 18.7 18.2 17.7 17.2 17.0 nan nan nan nan nan nan nan nan nan 15.2 15.5 nan nan nan nan nan nan 15.2 15.3 15.4 nan 15.5 15.8 16.2 16.5 nan nan nan nan nan nan nan nan nan
nan nan nan nan nan nan nan nan nan nan nan nan nan nan nan nan nan nan nan nan nan nan nan nan nan nan nan nan 31.2 31.8 31.6 30.3 28.7 27.2 25.8 24.5 23.5 22.6 21.9 21.4 21.0 20.6 20.4 20.1 19.9 19.8 19.7 19.6 19.6 19.5 19.2 18.8 18.3 17.8 17.4 17.1 16.9 nan nan nan nan nan nan nan nan 15.2 15.5 nan nan nan nan nan nan 15.3 15.4 15.6 15.9 16.3 16.3 16.4 nan nan nan nan nan nan nan nan nan nan
nan nan nan nan nan nan nan nan nan nan nan nan nan nan nan nan nan nan nan nan nan nan nan nan nan nan nan nan nan 15.3 32.4 31.2 29.6 28.0 26.3 24.9 23.8 22.9 22.1 21.5 21.1 20.7 20.4 20.1 19.9 19.8 19.7 19.7 19.6 19.5 19.3 18.9 18.5 17.9 17.5 17.2 17.0 16.8 nan nan nan nan nan nan 15.3 15.4 15.5 nan 15.8 15.8 15.9 nan nan 15.3 15.5 15.8 16.2 16.8 nan nan nan nan nan nan nan nan nan nan nan nan
nan nan nan nan nan nan nan nan nan nan nan nan nan nan nan nan nan nan nan nan nan nan nan nan nan nan nan nan nan nan 15.8 31.6 30.4 28.7 27.0 25.4 24.1 23.1 22.3 21.6 21.2 20.8 20.5 20.2 19.9 19.8 19.8 19.7 19.7 19.6 19.4 19.0 18.5 18.1 17.7 17.4 17.1 16.9 nan nan nan nan nan 15.4 15.5 15.7 15.8 15.9 15.9 15.8 15.9 10.7 nan 15.4 15.7 16.0 16.4 16.6 nan nan nan nan nan nan nan nan nan nan nan nan
nan nan nan nan nan nan nan nan nan nan nan nan nan nan nan nan nan nan nan nan nan nan nan nan nan nan nan nan nan nan nan 29.0 30.4 29.3 27.6 26.0 24.6 23.4 22.5 21.8 21.3 20.9 20.5 20.2 20.0 19.9 19.8 19.8 19.8 19.6 19.4 19.1 18.7 18.3 18.0 17.6 17.4 17.2 16.9 nan nan 15.8 16.0 15.9 15.9 16.0 16.2 16.2 16.1 16.1 16.0 nan nan 15.7 15.9 16.2 16.6 16.7 nan nan nan nan nan nan nan nan nan nan nan nan
nan nan nan nan nan nan nan nan nan nan nan nan nan nan nan nan nan nan nan nan nan nan nan nan nan nan nan nan nan nan nan nan 30.9 29.6 28.1 26.5 25.0 23.7 22.7 22.0 21.4 21.0 20.6 20.4 20.1 20.0 19.9 19.8 19.8 19.7 19.5 19.2 18.9 18.6 18.3 18.0 17.7 17.6 17.3 16.8 16.5 16.5 16.5 nan 16.3 16.5 16.7 16.8 16.8 16.6 16.5 16.2 16.1 16.2 16.2 16.4 16.6 nan nan nan nan nan nan nan nan nan nan nan nan nan
nan nan nan nan nan nan nan nan nan nan nan nan nan nan nan nan nan nan nan nan nan nan nan nan nan nan nan nan nan nan 29.8 30.3 30.7 29.6 28.3 27.0 25.5 24.1 23.0 22.2 21.5 21.1 20.8 20.5 20.3 20.1 20.0 19.9 19.8 19.8 19.6 19.4 19.1 18.9 18.6 18.4 18.2 17.9 17.7 17.4 17.1 16.9 16.9 17.0 17.0 17.2 17.4 17.5 17.4 17.4 17.0 16.6 16.5 16.4 16.5 16.6 16.7 nan nan nan nan nan nan nan nan nan nan nan nan nan
nan nan nan nan nan nan nan nan nan nan nan nan nan nan nan nan nan nan nan nan nan nan nan nan nan nan nan nan nan nan nan nan 29.9 29.1 28.3 27.4 26.1 24.7 23.4 22.5 21.8 21.3 20.9 20.6 20.4 20.2 20.1 19.9 19.9 19.8 19.7 19.5 19.4 19.2 19.0 18.9 18.7 18.5 18.2 17.9 17.6 17.5 17.4 17.5 17.5 17.5 17.5 nan nan nan 17.2 17.0 16.7 16.6 16.6 16.7 nan nan nan nan nan nan nan nan nan nan nan nan nan nan
nan nan nan nan nan nan nan nan nan nan nan nan nan nan nan nan nan nan nan nan nan nan nan nan nan nan nan nan nan nan 16.9 15.2 29.4 29.0 28.3 27.8 26.7 25.4 23.9 22.9 22.0 21.5 21.1 20.8 20.5 20.3 20.1 20.0 19.9 19.9 19.8 19.7 19.7 19.6 19.5 19.4 19.2 19.0 18.7 18.4 18.1 17.8 17.7 17.7 nan nan nan nan nan nan nan 17.2 16.9 16.7 16.7 16.7 nan nan nan nan nan nan nan nan nan nan nan nan nan nan
nan nan nan nan nan nan nan nan nan nan nan nan nan nan nan nan nan nan nan nan nan nan nan nan nan nan nan nan nan nan 15.9 28.8 29.3 29.3 28.6 16.5 27.6 26.1 24.3 23.2 22.3 21.7 21.3 21.0 20.7 20.4 20.3 20.1 20.0 20.0 20.0 20.0 20.0 20.0 20.0 19.9 19.7 19.5 19.1 18.8 18.4 18.1 17.9 nan nan nan nan nan nan 16.6 16.8 16.9 16.7 16.6 16.7 nan nan nan nan nan nan nan nan nan nan nan nan nan nan nan
nan nan nan nan nan nan nan nan nan nan nan nan nan nan nan nan nan nan nan nan nan nan nan nan nan nan nan nan nan nan 16.9 27.5 29.4 29.4 nan nan nan 25.6 24.6 23.6 22.7 22.0 21.5 21.1 20.8 20.6 20.4 20.3 20.2 20.2 20.2 20.2 20.4 20.4 20.4 20.3 20.2 20.0 19.6 19.2 18.8 18.3 18.1 nan nan nan nan nan 16.6 16.6 16.6 16.6 16.5 16.5 nan nan nan nan nan nan nan nan nan nan nan nan nan nan nan nan
nan nan nan nan nan nan nan nan nan nan nan nan nan nan nan nan nan nan nan nan nan nan nan nan nan nan nan nan nan nan 16.8 14.9 29.4 29.2 nan nan nan 23.2 24.7 23.8 23.1 22.4 21.8 21.4 21.0 20.8 20.6 20.5 20.4 20.4 20.4 20.5 20.7 20.8 20.8 20.7 20.6 20.4 20.0 19.6 19.1 18.6 18.2 17.5 17.0 nan 16.6 16.6 16.6 16.5 16.4 16.4 nan nan nan nan nan nan nan nan nan nan nan nan nan nan nan nan nan nan
nan nan nan nan nan nan nan nan nan nan nan nan nan nan nan nan nan nan nan nan nan nan nan nan nan nan nan nan nan nan nan nan 29.3 23.1 nan nan nan nan 24.4 24.1 23.5 22.9 22.2 21.7 21.3 21.0 20.9 20.8 20.7 20.7 20.7 20.9 21.1 21.2 21.2 21.1 21.0 20.7 20.4 20.0 19.5 18.9 18.4 17.8 17.4 17.1 16.8 16.6 16.5 16.3 16.2 nan nan nan nan nan nan nan nan nan nan nan nan nan nan nan nan nan nan nan
nan nan nan nan nan nan nan nan nan nan nan nan nan nan nan nan nan nan nan nan nan nan nan nan nan nan nan nan nan nan nan nan nan 23.3 12.9 nan nan nan 14.6 24.9 24.2 23.4 22.7 22.0 21.6 21.4 21.2 21.1 21.0 21.0 21.1 21.3 21.4 21.5 21.6 21.5 21.3 21.1 20.8 20.4 19.9 19.3 18.7 18.1 17.6 17.2 16.8 16.6 16.4 16.3 16.1 nan nan nan nan nan nan nan nan nan nan nan nan nan nan nan nan nan nan nan
nan nan nan nan nan nan nan nan nan nan nan nan nan nan nan nan nan nan nan nan nan nan nan nan nan nan nan nan nan nan nan nan nan nan 14.9 24.4 nan nan nan nan 24.4 24.1 23.2 22.6 22.1 21.8 21.6 21.4 21.3 21.3 21.5 21.6 21.8 21.9 21.9 21.9 21.7 21.4 21.1 20.7 20.2 19.6 19.0 18.3 17.8 17.3 16.9 16.6 16.4 16.2 16.2 16.0 nan nan nan nan nan nan nan nan nan nan nan nan nan nan nan nan nan nan
nan nan nan nan nan nan nan nan nan nan nan nan nan nan nan nan nan nan nan nan nan nan nan nan nan nan nan nan nan nan nan nan nan nan nan 17.9 16.9 nan nan nan nan 22.7 23.6 23.0 22.4 22.1 21.9 21.7 21.6 21.6 21.7 21.9 22.0 22.2 22.2 22.1 22.0 21.7 21.3 20.9 20.3 19.7 19.0 18.4 17.8 17.3 16.9 16.6 16.3 16.2 16.1 16.1 16.0 10.7 nan nan nan nan nan nan nan nan nan nan nan nan nan nan nan nan
nan nan nan nan nan nan nan nan nan nan nan nan nan nan nan nan nan nan nan nan nan nan nan nan nan nan nan nan nan nan nan nan nan nan 15.8 18.4 25.3 25.2 nan 16.6 nan 21.1 23.5 23.1 22.7 22.4 22.2 22.0 21.9 21.9 22.0 22.1 22.3 22.4 22.4 22.3 22.1 21.9 21.5 21.0 20.4 19.7 19.0 18.3 17.7 17.2 16.9 16.6 16.4 16.1 16.0 16.0 16.0 15.9 nan nan nan nan nan nan nan nan nan nan nan nan nan nan nan nan
nan nan nan nan nan nan nan nan nan nan nan nan nan nan nan nan nan nan nan nan nan nan nan nan nan nan nan nan nan nan nan nan nan nan 25.2 25.2 25.6 24.6 16.6 22.3 23.1 19.4 23.9 23.4 23.0 22.6 22.4 22.2 22.1 22.1 22.1 22.2 22.4 22.5 22.5 22.4 22.2 21.9 21.5 21.0 20.3 19.5 18.8 18.1 17.5 17.0 16.2 16.1 15.3 15.9 15.9 15.9 15.9 15.9 16.0 nan nan nan nan nan nan nan nan nan nan nan nan nan nan nan
nan nan nan nan nan nan nan nan nan nan nan nan nan nan nan nan nan nan nan nan nan nan nan nan nan nan nan nan nan nan nan nan nan nan 25.3 25.4 25.5 25.7 25.9 nan 23.4 22.7 24.2 23.8 23.4 23.0 22.6 22.4 22.3 22.2 22.2 22.3 22.5 22.5 22.6 22.5 22.3 22.0 21.5 20.9 20.1 19.3 -9999.0 -9999.0 -9999.0 -9999.0 -9999.0 -9999.0 -9999.0 11.5 15.9 15.8 15.9 15.8 15.8 nan nan nan nan nan nan nan nan nan nan nan nan nan nan -9999.0
nan nan nan nan nan nan nan nan nan nan nan nan nan nan nan nan nan nan nan nan nan nan nan nan nan nan nan nan nan nan nan nan nan nan 25.2 25.2 25.3 25.3 25.4 nan nan 24.1 24.3 24.0 23.6 23.2 22.9 22.6 22.5 22.3 22.3 22.4 22.5 22.6 22.7 22.6 22.4 22.0 21.5 20.9 20.0 -9999.0 -9999.0 -9999.0 -9999.0 -9999.0 -9999.0 -9999.0 -9999.0 nan 13.7 15.7 15.8 15.3 nan nan nan nan nan nan nan nan nan nan nan nan nan nan nan -9999.0
nan nan nan nan nan nan nan nan nan nan nan nan nan nan nan nan nan nan nan nan nan nan nan nan nan nan nan nan nan nan nan nan nan nan 24.9 24.8 24.9 25.1 25.7 nan 18.9 21.3 24.3 24.1 23.8 23.4 23.0 22.8 22.6 22.5 22.5 22.5 22.6 22.8 22.8 22.7 22.5 22.1 21.5 20.8 19.9 -9999.0 -9999.0 -9999.0 -9999.0 -9999.0 -9999.0 -9999.0 -9999.0 -9999.0 -9999.0 nan 11.1 11.1 nan nan nan nan nan nan nan nan nan nan nan nan nan nan nan -9999.0
nan nan nan nan nan nan nan nan nan nan nan nan nan nan nan nan nan nan nan nan nan nan nan nan nan nan nan nan nan nan nan nan nan nan 24.5 24.6 25.1 25.7 23.4 15.3 22.5 19.2 23.7 24.0 23.8 23.5 23.1 23.0 22.8 22.7 22.7 22.7 22.8 23.0 23.0 22.8 22.6 22.1 21.5 20.7 -9999.0 -9999.0 -9999.0 -9999.0 -9999.0 -9999.0 -9999.0 -9999.0 -9999.0 -9999.0 -9999.0 nan nan nan nan nan nan nan nan nan nan nan nan nan nan nan nan nan nan -9999.0
nan nan nan nan nan nan nan nan nan nan nan nan nan nan nan nan nan nan nan nan nan nan nan nan nan nan nan nan nan nan nan nan 24.2 24.2 24.7 25.2 25.9 26.9 27.4 26.2 nan 24.3 24.1 24.0 23.7 23.5 23.3 23.2 23.0 23.0 22.9 23.0 23.1 23.2 23.2 23.0 22.7 22.2 21.6 -9999.0 -9999.0 -9999.0 -9999.0 -9999.0 -9999.0 -9999.0 -9999.0 -9999.0 -9999.0 -9999.0 -9999.0 -9999.0 nan nan nan nan nan nan nan nan nan nan nan nan nan nan nan nan nan -9999.0
nan nan nan nan nan nan nan nan nan nan nan nan nan nan nan nan nan nan nan nan nan nan nan nan nan nan nan nan nan 17.0 nan nan 25.1 25.3 25.3 25.7 26.7 27.8 28.6 nan nan 24.0 24.0 24.0 23.8 23.7 23.5 23.4 23.3 23.2 23.2 23.2 23.4 23.4 23.4 23.2 22.8 22.4 21.7 -9999.0 -9999.0 -9999.0 -9999.0 -9999.0 -9999.0 -9999.0 -9999.0 -9999.0 -9999.0 -9999.0 -9999.0 -9999.0 -9999.0 -9999.0 nan nan nan nan nan nan nan nan nan nan nan nan nan nan nan -9999.0
nan nan nan nan nan nan nan nan nan nan nan nan nan nan nan nan nan nan nan nan nan nan nan nan nan nan nan nan nan 14.2 14.2 nan 25.4 26.0 24.4 23.2 26.0 27.6 28.0 27.0 nan 24.0 24.3 24.2 23.9 23.8 23.7 23.7 23.6 23.5 23.4 23.5 23.5 23.6 23.5 23.3 23.0 22.6 -9999.0 -9999.0 -9999.0 -9999.0 -9999.0 -9999.0 -9999.0 -9999.0 -9999.0 -9999.0 -9999.0 -9999.0 -9999.0 -9999.0 -9999.0 -9999.0 -9999.0 nan nan nan nan nan nan nan nan nan nan nan nan nan nan -9999.0
nan nan nan nan nan nan nan nan nan nan nan nan nan nan nan nan nan nan nan nan nan nan nan nan nan nan nan nan nan 14.9 25.2 25.4 25.9 26.6 27.4 nan 15.4 27.2 27.4 27.6 nan 23.6 24.7 24.4 24.2 24.1 23.9 23.9 23.8 23.7 23.6 23.6 23.7 23.7 23.6 23.4 23.3 23.0 -9999.0 -9999.0 -9999.0 -9999.0 -9999.0 -9999.0 -9999.0 -9999.0 -9999.0 -9999.0 -9999.0 -9999.0 -9999.0 -9999.0 -9999.0 -9999.0 -9999.0 -9999.0 nan nan nan nan nan nan nan nan nan nan nan nan nan -9999.0
nan nan nan nan nan nan nan nan nan nan nan nan nan nan nan nan nan nan nan nan nan nan nan nan nan nan nan nan nan nan 24.8 25.3 26.0 26.9 26.2 nan nan 26.6 26.8 27.5 nan 20.7 22.8 24.7 24.5 24.3 24.1 24.0 23.9 23.8 23.8 23.8 23.8 23.7 23.5 23.3 23.4 23.2 -9999.0 -9999.0 -9999.0 -9999.0 -9999.0 -9999.0 -9999.0 -9999.0 -9999.0 -9999.0 -9999.0 -9999.0 -9999.0 -9999.0 -9999.0 -9999.0 -9999.0 -9999.0 -9999.0 nan nan nan nan nan nan nan nan nan nan nan nan -9999.0
nan nan nan nan nan nan nan nan nan nan nan nan nan nan nan nan nan nan nan nan nan nan nan nan nan nan nan nan nan nan 22.8 25.4 26.1 27.0 24.1 nan 17.3 20.4 23.1 13.8 20.7 17.0 19.3 24.8 24.7 24.5 24.3 24.2 24.0 23.9 23.9 23.8 23.8 23.8 23.6 23.4 23.4 23.0 -9999.0 -9999.0 -9999.0 -9999.0 -9999.0 -9999.0 -9999.0 -9999.0 -9999.0 -9999.0 -9999.0 -9999.0 -9999.0 -9999.0 -9999.0 -9999.0 -9999.0 -9999.0 -9999.0 -9999.0 nan nan nan nan nan nan nan nan nan nan nan -9999.0
nan nan nan nan nan nan nan nan nan nan nan nan nan nan nan nan nan nan nan nan nan nan nan nan nan nan nan nan nan nan 23.0 24.9 26.0 26.8 26.1 17.4 nan 24.0 18.4 14.0 18.5 nan 25.0 25.4 25.1 24.7 24.5 24.3 24.2 24.0 24.0 23.9 23.9 23.8 23.7 23.3 21.5 17.4 -9999.0 -9999.0 -9999.0 -9999.0 -9999.0 -9999.0 -9999.0 -9999.0 -9999.0 -9999.0 -9999.0 -9999.0 -9999.0 -9999.0 -9999.0 -9999.0 -9999.0 -9999.0 -9999.0 -9999.0 -9999.0 -9999.0 nan nan nan nan nan nan nan nan nan -9999.0
nan nan nan nan nan nan nan nan nan nan nan nan nan nan nan nan nan nan nan nan nan nan nan nan nan nan nan nan nan nan nan 25.3 25.9 26.6 27.2 nan nan 18.1 18.4 16.8 nan nan 25.4 25.6 25.4 25.0 24.8 24.5 24.3 24.2 24.1 24.0 23.9 23.9 23.8 23.7 22.0 19.5 -9999.0 -9999.0 -9999.0 -9999.0 -9999.0 -9999.0 -9999.0 -9999.0 -9999.0 -9999.0 -9999.0 nan nan nan -9999.0 -9999.0 -9999.0 -9999.0 -9999.0 -9999.0 -9999.0 -9999.0 -9999.0 -9999.0 -9999.0 -9999.0 -9999.0 nan nan nan -9999.0 -9999.0
nan nan nan nan nan nan nan nan nan nan nan nan nan nan nan nan nan nan nan nan nan nan nan nan nan nan nan nan nan nan nan 24.8 25.6 26.4 27.3 nan 15.5 16.5 24.6 14.9 nan nan 25.6 25.8 25.5 25.2 24.9 24.7 24.5 24.3 24.2 24.0 24.0 24.0 24.0 24.1 23.6 20.6 -9999.0 -9999.0 -9999.0 -9999.0 -9999.0 -9999.0 -9999.0 -9999.0 -9999.0 -9999.0 -9999.0 nan nan nan nan nan -9999.0 -9999.0 -9999.0 -9999.0 -9999.0 -9999.0 -9999.0 -9999.0 -9999.0 -9999.0 -9999.0 -9999.0 -9999.0 -9999.0 -9999.0 -9999.0
nan nan nan nan nan nan nan nan nan nan nan nan nan nan nan nan nan nan nan nan nan nan nan nan nan nan nan nan nan nan nan 17.0 25.4 26.2 27.5 26.7 23.4 19.3 15.3 12.6 14.9 nan 25.3 25.7 25.7 25.5 25.2 24.8 24.6 24.5 24.3 24.2 24.1 24.0 24.1 24.2 24.2 19.1 -9999.0 -9999.0 -9999.0 -9999.0 -9999.0 -9999.0 -9999.0 -9999.0 -9999.0 -9999.0 -9999.0 -9999.0 -9999.0 -9999.0 -9999.0 -9999.0 -9999.0 -9999.0 -9999.0 -9999.0 -9999.0 -9999.0 -9999.0 -9999.0 -9999.0 -9999.0 -9999.0 -9999.0 -9999.0 -9999.0 -9999.0 -9999.0
nan nan nan nan nan nan nan nan nan nan nan nan nan nan nan nan nan nan nan nan nan nan nan nan nan nan nan nan nan nan nan 17.0 25.2 26.1 27.4 28.3 28.6 nan 16.9 19.9 11.8 nan 25.6 26.1 25.8 25.7 25.6 25.2 25.0 24.8 24.6 24.4 24.2 24.1 24.1 24.2 24.3 19.2 -9999.0 -9999.0 -9999.0 -9999.0 -9999.0 -9999.0 -9999.0 -9999.0 -9999.0 -9999.0 -9999.0 -9999.0 -9999.0 -9999.0 -9999.0 -9999.0 -9999.0 -9999.0 -9999.0 -9999.0 -9999.0 -9999.0 -9999.0 -9999.0 -9999.0 -9999.0 -9999.0 -9999.0 -9999.0 -9999.0 -9999.0 -9999.0
nan nan nan nan nan nan nan nan nan nan nan nan nan nan nan nan nan nan nan nan nan nan nan nan nan nan nan nan nan nan nan 17.0 22.7 25.5 27.3 28.1 28.4 nan nan 17.8 13.7 nan nan 25.9 26.2 26.2 25.9 25.6 25.3 25.1 24.8 24.6 24.4 24.3 24.3 24.4 24.4 17.4 -9999.0 -9999.0 -9999.0 -9999.0 -9999.0 -9999.0 -9999.0 -9999.0 -9999.0 -9999.0 -9999.0 -9999.0 -9999.0 -9999.0 -9999.0 -9999.0 -9999.0 -9999.0 -9999.0 -9999.0 -9999.0 -9999.0 -9999.0 -9999.0 -9999.0 -9999.0 -9999.0 -9999.0 -9999.0 -9999.0 -9999.0 -9999.0
nan nan nan nan nan nan nan nan nan nan nan nan nan nan nan nan nan nan nan nan nan nan nan nan nan nan nan nan nan nan nan nan 16.1 26.2 27.2 28.1 nan nan nan 18.5 13.2 14.3 nan nan 25.5 26.0 26.0 25.9 25.6 25.4 25.2 24.9 24.7 24.5 24.5 24.6 24.7 23.1 -9999.0 -9999.0 -9999.0 -9999.0 -9999.0 -9999.0 -9999.0 -9999.0 -9999.0 -9999.0 -9999.0 -9999.0 -9999.0 -9999.0 -9999.0 -9999.0 -9999.0 -9999.0 -9999.0 -9999.0 -9999.0 -9999.0 -9999.0 -9999.0 nan nan nan -9999.0 -9999.0 -9999.0 -9999.0 -9999.0
nan nan nan nan nan nan nan nan nan nan nan nan nan nan nan nan nan nan nan nan nan nan nan nan nan nan nan nan nan nan nan nan 25.0 26.0 27.0 28.0 nan nan nan nan 15.4 13.8 24.4 nan 25.4 26.0 26.1 25.9 25.8 25.7 25.5 25.3 25.0 24.8 24.8 24.8 25.1 25.1 -9999.0 -9999.0 -9999.0 -9999.0 -9999.0 -9999.0 -9999.0 -9999.0 -9999.0 -9999.0 -9999.0 -9999.0 -9999.0 -9999.0 -9999.0 -9999.0 -9999.0 -9999.0 -9999.0 -9999.0 -9999.0 -9999.0 nan nan nan nan nan nan nan nan -9999.0 -9999.0
nan nan nan nan nan nan nan nan nan nan nan nan nan nan nan nan nan nan nan nan nan nan nan nan nan nan nan nan nan nan nan nan nan 26.1 27.2 28.2 nan nan nan nan 19.9 15.5 20.0 20.1 nan 26.2 26.8 26.5 26.4 26.1 25.8 25.7 25.4 25.2 25.1 25.2 25.2 25.0 -9999.0 -9999.0 -9999.0 -9999.0 -9999.0 -9999.0 -9999.0 -9999.0 -9999.0 -9999.0 -9999.0 nan nan nan nan nan nan nan nan nan nan nan nan nan nan nan nan nan nan nan nan nan
nan nan nan nan nan nan nan nan nan nan nan nan nan nan nan nan nan nan nan nan nan nan nan nan nan nan nan nan nan nan nan nan nan 26.1 27.3 28.4 28.6 nan nan nan 26.8 17.0 18.2 26.9 nan nan 26.4 26.6 26.5 26.3 26.1 26.0 25.8 25.6 25.6 25.7 25.8 26.1 -9999.0 -9999.0 -9999.0 -9999.0 -9999.0 -9999.0 -9999.0 -9999.0 -9999.0 -9999.0 nan nan nan nan nan nan nan nan nan nan nan nan nan nan nan nan nan nan nan nan nan nan
