data/output/RUN203/ECOSPACE/ECOSPACE_in_PAR3/PAR-VarZ-VarK/PAR-VarZ-VarK_1994_05.asc
ncols        93
nrows        151 
xllcorner    -123.80739
yllcorner    48.29471 
cellsize     0.013497347 
NODATA_value  0.0
[rows 80 to 119 of 151, columns 0 to 89 of 93]
nan nan nan nan nan nan nan nan nan nan nan nan nan nan nan nan nan nan nan nan nan nan nan 31.5 31.1 31.2 33.5 33.1 32.0 30.7 29.5 28.5 27.5 26.7 25.9 25.2 24.5 23.9 23.4 23.0 22.7 22.4 22.0 21.6 21.3 20.9 20.5 20.0 19.5 19.0 18.5 17.9 17.4 17.0 nan nan nan nan nan nan nan nan nan nan nan nan 15.3 15.6 15.7 15.8 nan 15.5 15.5 15.6 15.7 15.8 15.8 15.7 15.6 15.9 16.3 16.4 16.3 nan nan nan nan nan nan nan
nan nan nan nan nan nan nan nan nan nan nan nan nan nan nan nan nan nan nan nan nan nan nan nan nan nan 34.0 33.7 32.8 31.7 30.5 29.4 28.4 27.4 26.6 25.8 25.0 24.4 23.8 23.4 23.0 22.7 22.3 21.9 21.5 21.2 20.8 20.4 19.9 19.3 18.8 18.2 17.7 17.3 16.9 nan nan nan nan nan nan nan nan nan nan nan 15.7 15.7 nan nan nan nan nan 15.7 15.9 16.0 nan 15.8 16.0 16.4 16.7 16.9 nan nan nan nan nan nan nan nan
nan nan nan nan nan nan nan nan nan nan nan nan nan nan nan nan nan nan nan nan nan nan nan nan nan nan nan 34.0 33.3 32.6 31.5 30.4 29.2 28.1 27.2 26.3 25.5 24.9 24.2 23.7 23.3 23.0 22.6 22.2 21.8 21.5 21.1 20.7 20.2 19.7 19.1 18.5 18.0 17.5 17.1 16.8 nan nan nan nan nan nan nan nan nan 15.6 16.0 nan nan nan nan nan nan 15.8 16.0 16.0 nan 16.1 16.4 16.8 17.0 nan nan nan nan nan nan nan nan nan
nan nan nan nan nan nan nan nan nan nan nan nan nan nan nan nan nan nan nan nan nan nan nan nan nan nan nan nan 31.6 32.6 32.5 31.4 30.2 29.0 27.9 26.9 26.0 25.3 24.6 24.1 23.6 23.2 22.8 22.4 22.0 21.6 21.3 20.9 20.5 20.0 19.4 18.9 18.3 17.9 17.4 17.1 16.9 nan nan nan nan nan nan nan nan 15.7 16.0 nan nan nan nan nan nan 15.8 16.0 16.2 16.6 17.1 17.0 16.9 nan nan nan nan nan nan nan nan nan nan
nan nan nan nan nan nan nan nan nan nan nan nan nan nan nan nan nan nan nan nan nan nan nan nan nan nan nan nan nan 15.6 33.1 32.3 31.0 29.8 28.6 27.5 26.6 25.8 25.1 24.5 23.9 23.4 23.0 22.6 22.1 21.8 21.4 21.1 20.8 20.3 19.8 19.3 18.8 18.3 17.8 17.4 17.1 16.9 nan nan nan nan nan nan 15.7 15.8 16.0 nan 16.2 16.2 16.4 nan nan 15.9 16.2 16.5 17.0 17.5 nan nan nan nan nan nan nan nan nan nan nan nan
nan nan nan nan nan nan nan nan nan nan nan nan nan nan nan nan nan nan nan nan nan nan nan nan nan nan nan nan nan nan 16.1 32.6 31.8 30.6 29.4 28.2 27.3 26.4 25.5 24.9 24.3 23.7 23.2 22.8 22.3 21.9 21.6 21.2 20.9 20.6 20.2 19.7 19.2 18.7 18.3 17.9 17.6 17.3 nan nan nan nan nan 15.8 15.9 16.0 16.1 16.2 16.2 16.3 16.3 11.1 nan 16.0 16.4 16.7 17.1 17.3 nan nan nan nan nan nan nan nan nan nan nan nan
nan nan nan nan nan nan nan nan nan nan nan nan nan nan nan nan nan nan nan nan nan nan nan nan nan nan nan nan nan nan nan 30.0 32.2 31.3 30.2 29.1 28.0 27.0 26.1 25.4 24.7 24.0 23.5 23.0 22.6 22.1 21.7 21.4 21.2 20.9 20.6 20.1 19.7 19.2 18.8 18.4 18.1 17.8 17.3 nan nan 16.1 16.3 16.3 16.2 16.3 16.4 16.5 16.4 16.4 16.4 nan nan 16.3 16.6 16.9 17.3 17.3 nan nan nan nan nan nan nan nan nan nan nan nan
nan nan nan nan nan nan nan nan nan nan nan nan nan nan nan nan nan nan nan nan nan nan nan nan nan nan nan nan nan nan nan nan 32.7 31.9 31.0 29.9 28.8 27.7 26.8 25.9 25.1 24.4 23.8 23.3 22.8 22.4 21.9 21.6 21.4 21.1 20.9 20.5 20.1 19.7 19.3 18.9 18.5 18.1 17.8 17.1 16.9 16.8 16.8 nan 16.5 16.7 16.9 17.0 17.0 16.9 16.8 16.6 16.7 16.8 16.9 17.1 17.2 nan nan nan nan nan nan nan nan nan nan nan nan nan
nan nan nan nan nan nan nan nan nan nan nan nan nan nan nan nan nan nan nan nan nan nan nan nan nan nan nan nan nan nan 31.2 31.9 32.4 32.0 31.3 30.5 29.5 28.5 27.4 26.5 25.6 24.8 24.2 23.6 23.1 22.6 22.1 21.8 21.5 21.3 21.1 20.9 20.6 20.2 19.7 19.3 18.8 18.5 18.1 17.7 17.4 17.2 17.1 17.2 17.2 17.3 17.5 17.6 17.6 17.5 17.2 16.9 17.0 17.0 17.1 17.3 17.2 nan nan nan nan nan nan nan nan nan nan nan nan nan
nan nan nan nan nan nan nan nan nan nan nan nan nan nan nan nan nan nan nan nan nan nan nan nan nan nan nan nan nan nan nan nan 31.9 31.9 31.5 30.9 30.1 29.2 28.2 27.2 26.2 25.3 24.5 23.9 23.4 22.8 22.3 21.9 21.6 21.5 21.4 21.2 20.9 20.5 20.1 19.7 19.3 18.9 18.5 18.2 17.9 17.7 17.6 17.7 17.6 17.6 17.7 nan nan nan 17.3 17.2 17.2 17.1 17.2 17.2 nan nan nan nan nan nan nan nan nan nan nan nan nan nan
nan nan nan nan nan nan nan nan nan nan nan nan nan nan nan nan nan nan nan nan nan nan nan nan nan nan nan nan nan nan 17.6 15.9 31.7 31.7 31.4 31.1 30.6 30.0 29.1 28.1 27.0 25.9 25.0 24.3 23.7 23.1 22.5 22.1 21.8 21.6 21.5 21.3 21.0 20.7 20.4 20.0 19.7 19.3 19.0 18.6 18.2 18.0 17.9 17.8 nan nan nan nan nan nan nan 17.4 17.3 17.2 17.2 17.1 nan nan nan nan nan nan nan nan nan nan nan nan nan nan
nan nan nan nan nan nan nan nan nan nan nan nan nan nan nan nan nan nan nan nan nan nan nan nan nan nan nan nan nan nan 16.6 30.7 31.7 32.1 31.7 17.6 31.2 30.9 29.8 28.8 27.6 26.5 25.6 24.7 24.0 23.4 22.8 22.2 22.0 21.8 21.6 21.4 21.2 20.9 20.7 20.4 20.1 19.7 19.4 19.0 18.6 18.3 18.0 nan nan nan nan nan nan 16.9 17.1 17.3 17.2 17.1 17.1 nan nan nan nan nan nan nan nan nan nan nan nan nan nan nan
nan nan nan nan nan nan nan nan nan nan nan nan nan nan nan nan nan nan nan nan nan nan nan nan nan nan nan nan nan nan 17.7 29.5 31.8 32.5 nan nan nan 30.8 30.2 29.3 28.2 27.1 26.1 25.2 24.4 23.7 23.0 22.5 22.1 21.9 21.7 21.5 21.4 21.1 20.9 20.7 20.4 20.1 19.7 19.4 19.0 18.6 18.3 nan nan nan nan nan 17.0 17.0 17.0 17.2 17.0 16.9 nan nan nan nan nan nan nan nan nan nan nan nan nan nan nan nan
nan nan nan nan nan nan nan nan nan nan nan nan nan nan nan nan nan nan nan nan nan nan nan nan nan nan nan nan nan nan 17.6 15.7 32.1 32.7 nan nan nan 28.9 30.5 29.6 28.8 27.7 26.8 25.8 24.9 24.1 23.4 22.8 22.3 22.1 21.9 21.7 21.5 21.3 21.1 20.9 20.6 20.4 20.1 19.7 19.3 18.9 18.5 17.6 17.2 nan 16.8 16.9 17.0 17.0 17.0 17.0 nan nan nan nan nan nan nan nan nan nan nan nan nan nan nan nan nan nan
nan nan nan nan nan nan nan nan nan nan nan nan nan nan nan nan nan nan nan nan nan nan nan nan nan nan nan nan nan nan nan nan 32.1 26.6 nan nan nan nan 30.0 30.0 29.5 28.5 27.5 26.4 25.5 24.6 23.8 23.1 22.6 22.3 22.1 21.9 21.6 21.4 21.2 21.0 20.9 20.6 20.3 20.0 19.6 19.1 18.6 18.1 17.6 17.3 17.1 17.0 16.9 16.8 16.8 nan nan nan nan nan nan nan nan nan nan nan nan nan nan nan nan nan nan nan
nan nan nan nan nan nan nan nan nan nan nan nan nan nan nan nan nan nan nan nan nan nan nan nan nan nan nan nan nan nan nan nan nan 26.9 14.8 nan nan nan 16.0 30.8 30.5 29.4 28.3 27.2 26.1 25.1 24.2 23.5 23.0 22.6 22.3 22.0 21.8 21.6 21.4 21.2 21.0 20.8 20.6 20.3 19.9 19.4 18.9 18.4 17.9 17.5 17.1 16.9 16.8 16.7 16.5 nan nan nan nan nan nan nan nan nan nan nan nan nan nan nan nan nan nan nan
nan nan nan nan nan nan nan nan nan nan nan nan nan nan nan nan nan nan nan nan nan nan nan nan nan nan nan nan nan nan nan nan nan nan 17.2 28.0 nan nan nan nan 31.1 30.6 29.1 27.8 26.7 25.7 24.7 23.9 23.3 22.9 22.5 22.2 21.9 21.7 21.5 21.3 21.1 21.0 20.8 20.5 20.1 19.7 19.2 18.6 18.0 17.6 17.2 17.0 16.8 16.7 16.6 16.4 nan nan nan nan nan nan nan nan nan nan nan nan nan nan nan nan nan nan
nan nan nan nan nan nan nan nan nan nan nan nan nan nan nan nan nan nan nan nan nan nan nan nan nan nan nan nan nan nan nan nan nan nan nan 20.8 17.9 nan nan nan nan 29.1 29.5 28.2 27.1 26.1 25.2 24.4 23.7 23.2 22.8 22.4 22.1 21.8 21.6 21.4 21.3 21.1 20.9 20.7 20.3 19.9 19.3 18.8 18.2 17.7 17.3 17.1 16.9 16.7 16.6 16.6 16.5 11.1 nan nan nan nan nan nan nan nan nan nan nan nan nan nan nan nan
nan nan nan nan nan nan nan nan nan nan nan nan nan nan nan nan nan nan nan nan nan nan nan nan nan nan nan nan nan nan nan nan nan nan 17.6 22.4 29.4 29.3 nan 17.9 nan 26.7 28.9 28.5 27.5 26.5 25.6 24.8 24.1 23.5 23.0 22.6 22.2 21.9 21.7 21.5 21.4 21.2 21.0 20.8 20.5 20.0 19.5 18.8 18.2 17.7 17.4 17.1 16.9 16.7 16.5 16.5 16.5 16.4 nan nan nan nan nan nan nan nan nan nan nan nan nan nan nan nan
nan nan nan nan nan nan nan nan nan nan nan nan nan nan nan nan nan nan nan nan nan nan nan nan nan nan nan nan nan nan nan nan nan nan 29.5 29.5 29.8 29.2 19.9 27.0 28.5 24.1 29.8 28.8 27.9 27.0 26.1 25.2 24.5 23.9 23.3 22.8 22.4 22.0 21.8 21.6 21.4 21.3 21.1 20.9 20.5 20.0 19.4 18.7 18.0 17.5 16.9 16.4 15.7 16.5 16.5 16.5 16.5 16.5 16.6 nan nan nan nan nan nan nan nan nan nan nan nan nan nan nan
nan nan nan nan nan nan nan nan nan nan nan nan nan nan nan nan nan nan nan nan nan nan nan nan nan nan nan nan nan nan nan nan nan nan 29.5 29.7 29.8 29.9 30.0 nan 28.4 27.6 29.9 29.2 28.3 27.4 26.6 25.7 24.9 24.2 23.5 23.0 22.5 22.1 21.9 21.7 21.5 21.4 21.2 20.9 20.5 20.0 -9999.0 -9999.0 -9999.0 -9999.0 -9999.0 -9999.0 -9999.0 12.1 16.6 16.4 16.5 16.4 16.5 nan nan nan nan nan nan nan nan nan nan nan nan nan nan -9999.0
nan nan nan nan nan nan nan nan nan nan nan nan nan nan nan nan nan nan nan nan nan nan nan nan nan nan nan nan nan nan nan nan nan nan 29.4 29.5 29.5 29.4 29.5 nan nan 29.9 30.0 29.5 28.7 27.9 27.1 26.2 25.3 24.5 23.8 23.2 22.7 22.2 22.0 21.8 21.7 21.5 21.3 21.0 20.5 -9999.0 -9999.0 -9999.0 -9999.0 -9999.0 -9999.0 -9999.0 -9999.0 nan 14.5 16.3 16.5 16.0 nan nan nan nan nan nan nan nan nan nan nan nan nan nan nan -9999.0
nan nan nan nan nan nan nan nan nan nan nan nan nan nan nan nan nan nan nan nan nan nan nan nan nan nan nan nan nan nan nan nan nan nan 29.1 29.0 29.0 29.1 29.8 nan 23.5 26.3 30.2 29.6 28.9 28.2 27.4 26.6 25.7 24.8 24.0 23.4 22.8 22.4 22.1 22.0 21.8 21.6 21.4 21.0 20.5 -9999.0 -9999.0 -9999.0 -9999.0 -9999.0 -9999.0 -9999.0 -9999.0 -9999.0 -9999.0 nan 11.8 11.8 nan nan nan nan nan nan nan nan nan nan nan nan nan nan nan -9999.0
nan nan nan nan nan nan nan nan nan nan nan nan nan nan nan nan nan nan nan nan nan nan nan nan nan nan nan nan nan nan nan nan nan nan 28.6 28.6 28.9 29.4 26.9 18.1 27.1 24.3 29.6 29.6 29.1 28.4 27.7 26.9 26.0 25.1 24.3 23.5 22.9 22.5 22.3 22.2 22.0 21.8 21.6 21.2 -9999.0 -9999.0 -9999.0 -9999.0 -9999.0 -9999.0 -9999.0 -9999.0 -9999.0 -9999.0 -9999.0 nan nan nan nan nan nan nan nan nan nan nan nan nan nan nan nan nan nan -9999.0
nan nan nan nan nan nan nan nan nan nan nan nan nan nan nan nan nan nan nan nan nan nan nan nan nan nan nan nan nan nan nan nan 27.5 27.4 28.4 28.8 29.3 30.1 30.2 29.7 nan 30.1 29.7 29.5 29.1 28.5 27.8 27.0 26.2 25.3 24.4 23.6 23.0 22.7 22.5 22.4 22.3 22.1 21.9 -9999.0 -9999.0 -9999.0 -9999.0 -9999.0 -9999.0 -9999.0 -9999.0 -9999.0 -9999.0 -9999.0 -9999.0 -9999.0 nan nan nan nan nan nan nan nan nan nan nan nan nan nan nan nan nan -9999.0
nan nan nan nan nan nan nan nan nan nan nan nan nan nan nan nan nan nan nan nan nan nan nan nan nan nan nan nan nan 17.9 nan nan 28.6 28.6 28.7 29.1 29.9 30.8 31.8 nan nan 29.5 29.6 29.6 29.3 28.8 28.0 27.2 26.3 25.4 24.4 23.7 23.2 22.9 22.7 22.6 22.5 22.5 22.2 -9999.0 -9999.0 -9999.0 -9999.0 -9999.0 -9999.0 -9999.0 -9999.0 -9999.0 -9999.0 -9999.0 -9999.0 -9999.0 -9999.0 -9999.0 nan nan nan nan nan nan nan nan nan nan nan nan nan nan nan -9999.0
nan nan nan nan nan nan nan nan nan nan nan nan nan nan nan nan nan nan nan nan nan nan nan nan nan nan nan nan nan 15.1 15.1 nan 29.0 29.4 28.1 26.0 29.3 30.7 31.2 30.3 nan 29.6 29.9 30.0 29.7 29.2 28.4 27.4 26.4 25.4 24.6 24.0 23.5 23.2 23.0 22.9 22.9 22.9 -9999.0 -9999.0 -9999.0 -9999.0 -9999.0 -9999.0 -9999.0 -9999.0 -9999.0 -9999.0 -9999.0 -9999.0 -9999.0 -9999.0 -9999.0 -9999.0 -9999.0 nan nan nan nan nan nan nan nan nan nan nan nan nan nan -9999.0
nan nan nan nan nan nan nan nan nan nan nan nan nan nan nan nan nan nan nan nan nan nan nan nan nan nan nan nan nan 16.0 28.8 29.0 29.3 29.9 30.6 nan 16.2 30.3 30.6 30.9 nan 28.8 30.4 30.5 30.2 29.5 28.6 27.5 26.5 25.5 24.8 24.2 23.7 23.5 23.3 23.2 23.3 23.4 -9999.0 -9999.0 -9999.0 -9999.0 -9999.0 -9999.0 -9999.0 -9999.0 -9999.0 -9999.0 -9999.0 -9999.0 -9999.0 -9999.0 -9999.0 -9999.0 -9999.0 -9999.0 nan nan nan nan nan nan nan nan nan nan nan nan nan -9999.0
nan nan nan nan nan nan nan nan nan nan nan nan nan nan nan nan nan nan nan nan nan nan nan nan nan nan nan nan nan nan 28.2 28.8 29.4 30.1 29.6 nan nan 30.1 30.5 31.4 nan 26.1 28.6 30.7 30.3 29.5 28.6 27.6 26.5 25.7 25.0 24.4 24.0 23.7 23.6 23.6 23.7 23.8 -9999.0 -9999.0 -9999.0 -9999.0 -9999.0 -9999.0 -9999.0 -9999.0 -9999.0 -9999.0 -9999.0 -9999.0 -9999.0 -9999.0 -9999.0 -9999.0 -9999.0 -9999.0 -9999.0 nan nan nan nan nan nan nan nan nan nan nan nan -9999.0
nan nan nan nan nan nan nan nan nan nan nan nan nan nan nan nan nan nan nan nan nan nan nan nan nan nan nan nan nan nan 25.6 28.7 29.4 30.2 27.0 nan 18.1 23.4 27.0 17.0 26.1 21.0 24.6 30.0 30.0 29.3 28.5 27.5 26.6 25.8 25.2 24.6 24.2 24.0 24.0 24.0 24.0 23.6 -9999.0 -9999.0 -9999.0 -9999.0 -9999.0 -9999.0 -9999.0 -9999.0 -9999.0 -9999.0 -9999.0 -9999.0 -9999.0 -9999.0 -9999.0 -9999.0 -9999.0 -9999.0 -9999.0 -9999.0 nan nan nan nan nan nan nan nan nan nan nan -9999.0
nan nan nan nan nan nan nan nan nan nan nan nan nan nan nan nan nan nan nan nan nan nan nan nan nan nan nan nan nan nan 26.2 28.2 29.3 30.0 30.0 18.2 nan 27.3 23.0 17.9 22.4 nan 30.1 30.3 29.8 29.1 28.3 27.4 26.6 25.9 25.4 24.9 24.5 24.3 24.3 24.1 23.0 17.9 -9999.0 -9999.0 -9999.0 -9999.0 -9999.0 -9999.0 -9999.0 -9999.0 -9999.0 -9999.0 -9999.0 -9999.0 -9999.0 -9999.0 -9999.0 -9999.0 -9999.0 -9999.0 -9999.0 -9999.0 -9999.0 -9999.0 nan nan nan nan nan nan nan nan nan -9999.0
nan nan nan nan nan nan nan nan nan nan nan nan nan nan nan nan nan nan nan nan nan nan nan nan nan nan nan nan nan nan nan 28.7 29.1 29.8 30.4 nan nan 21.1 21.6 20.8 nan nan 30.5 30.2 29.6 29.0 28.2 27.4 26.7 26.1 25.5 25.1 24.8 24.5 24.5 24.3 21.7 19.2 -9999.0 -9999.0 -9999.0 -9999.0 -9999.0 -9999.0 -9999.0 -9999.0 -9999.0 -9999.0 -9999.0 nan nan nan -9999.0 -9999.0 -9999.0 -9999.0 -9999.0 -9999.0 -9999.0 -9999.0 -9999.0 -9999.0 -9999.0 -9999.0 -9999.0 nan nan nan -9999.0 -9999.0
nan nan nan nan nan nan nan nan nan nan nan nan nan nan nan nan nan nan nan nan nan nan nan nan nan nan nan nan nan nan nan 28.0 28.9 29.7 30.5 nan 16.6 19.2 28.4 18.5 nan nan 30.4 30.1 29.5 28.8 28.2 27.5 26.9 26.2 25.7 25.3 25.0 24.7 24.8 24.9 24.6 20.9 -9999.0 -9999.0 -9999.0 -9999.0 -9999.0 -9999.0 -9999.0 -9999.0 -9999.0 -9999.0 -9999.0 nan nan nan nan nan -9999.0 -9999.0 -9999.0 -9999.0 -9999.0 -9999.0 -9999.0 -9999.0 -9999.0 -9999.0 -9999.0 -9999.0 -9999.0 -9999.0 -9999.0 -9999.0
nan nan nan nan nan nan nan nan nan nan nan nan nan nan nan nan nan nan nan nan nan nan nan nan nan nan nan nan nan nan nan 17.8 28.7 29.8 30.5 30.0 26.4 22.5 17.8 14.7 18.1 nan 30.1 30.0 29.4 28.8 28.2 27.6 27.0 26.4 25.9 25.5 25.2 25.0 24.9 25.1 25.2 19.7 -9999.0 -9999.0 -9999.0 -9999.0 -9999.0 -9999.0 -9999.0 -9999.0 -9999.0 -9999.0 -9999.0 -9999.0 -9999.0 -9999.0 -9999.0 -9999.0 -9999.0 -9999.0 -9999.0 -9999.0 -9999.0 -9999.0 -9999.0 -9999.0 -9999.0 -9999.0 -9999.0 -9999.0 -9999.0 -9999.0 -9999.0 -9999.0
nan nan nan nan nan nan nan nan nan nan nan nan nan nan nan nan nan nan nan nan nan nan nan nan nan nan nan nan nan nan nan 17.7 28.6 29.9 31.0 31.6 31.8 nan 19.3 22.9 14.1 nan 29.9 30.1 29.6 29.0 28.4 27.7 27.1 26.6 26.1 25.6 25.4 25.2 25.2 25.3 25.2 21.8 -9999.0 -9999.0 -9999.0 -9999.0 -9999.0 -9999.0 -9999.0 -9999.0 -9999.0 -9999.0 -9999.0 -9999.0 -9999.0 -9999.0 -9999.0 -9999.0 -9999.0 -9999.0 -9999.0 -9999.0 -9999.0 -9999.0 -9999.0 -9999.0 -9999.0 -9999.0 -9999.0 -9999.0 -9999.0 -9999.0 -9999.0 -9999.0
nan nan nan nan nan nan nan nan nan nan nan nan nan nan nan nan nan nan nan nan nan nan nan nan nan nan nan nan nan nan nan 17.8 26.1 29.6 30.9 31.6 31.8 nan nan 20.8 17.5 nan nan 30.3 30.0 29.1 28.6 28.0 27.4 26.8 26.3 25.9 25.6 25.5 25.4 25.5 25.8 21.4 -9999.0 -9999.0 -9999.0 -9999.0 -9999.0 -9999.0 -9999.0 -9999.0 -9999.0 -9999.0 -9999.0 -9999.0 -9999.0 -9999.0 -9999.0 -9999.0 -9999.0 -9999.0 -9999.0 -9999.0 -9999.0 -9999.0 -9999.0 -9999.0 -9999.0 -9999.0 -9999.0 -9999.0 -9999.0 -9999.0 -9999.0 -9999.0
nan nan nan nan nan nan nan nan nan nan nan nan nan nan nan nan nan nan nan nan nan nan nan nan nan nan nan nan nan nan nan nan 17.0 30.0 30.9 31.8 nan nan nan 22.6 16.4 19.4 nan nan 29.5 29.1 28.7 28.1 27.5 27.0 26.5 26.2 26.0 25.8 25.8 25.9 26.3 25.4 -9999.0 -9999.0 -9999.0 -9999.0 -9999.0 -9999.0 -9999.0 -9999.0 -9999.0 -9999.0 -9999.0 -9999.0 -9999.0 -9999.0 -9999.0 -9999.0 -9999.0 -9999.0 -9999.0 -9999.0 -9999.0 -9999.0 -9999.0 -9999.0 nan nan nan -9999.0 -9999.0 -9999.0 -9999.0 -9999.0
nan nan nan nan nan nan nan nan nan nan nan nan nan nan nan nan nan nan nan nan nan nan nan nan nan nan nan nan nan nan nan nan 28.5 29.7 30.8 31.9 nan nan nan nan 18.8 18.8 30.5 nan 28.8 29.3 28.9 28.3 27.8 27.3 26.9 26.6 26.4 26.3 26.3 26.4 26.6 26.4 -9999.0 -9999.0 -9999.0 -9999.0 -9999.0 -9999.0 -9999.0 -9999.0 -9999.0 -9999.0 -9999.0 -9999.0 -9999.0 -9999.0 -9999.0 -9999.0 -9999.0 -9999.0 -9999.0 -9999.0 -9999.0 -9999.0 nan nan nan nan nan nan nan nan -9999.0 -9999.0
nan nan nan nan nan nan nan nan nan nan nan nan nan nan nan nan nan nan nan nan nan nan nan nan nan nan nan nan nan nan nan nan nan 29.8 31.1 32.3 nan nan nan nan 24.3 21.5 26.6 21.4 nan 29.8 29.6 28.7 28.1 27.7 27.3 27.0 27.0 26.9 26.9 27.0 27.5 28.0 -9999.0 -9999.0 -9999.0 -9999.0 -9999.0 -9999.0 -9999.0 -9999.0 -9999.0 -9999.0 -9999.0 nan nan nan nan nan nan nan nan nan nan nan nan nan nan nan nan nan nan nan nan nan
nan nan nan nan nan nan nan nan nan nan nan nan nan nan nan nan nan nan nan nan nan nan nan nan nan nan nan nan nan nan nan nan nan 29.6 31.2 32.9 32.9 nan nan nan 31.8 22.2 23.8 31.9 nan nan 29.2 28.9 28.5 28.1 27.6 27.5 27.5 27.5 27.4 27.5 28.0 28.9 -9999.0 -9999.0 -9999.0 -9999.0 -9999.0 -9999.0 -9999.0 -9999.0 -9999.0 -9999.0 nan nan nan nan nan nan nan nan nan nan nan nan nan nan nan nan nan nan nan nan nan nan
