data/output/RUN203/ECOSPACE/ECOSPACE_in_PAR3/PAR-VarZ-VarK/PAR-VarZ-VarK_1988_03.asc
ncols        93
nrows        151 
xllcorner    -123.80739
yllcorner    48.29471 
cellsize     0.013497347 
NODATA_value  0.0
[rows 80 to 119 of 151, columns 0 to 89 of 93]
nan nan nan nan nan nan nan nan nan nan nan nan nan nan nan nan nan nan nan nan nan nan nan 23.1 22.5 23.4 24.3 25.0 24.4 23.5 22.6 22.1 21.4 21.0 20.4 19.9 19.5 19.3 19.0 18.9 18.7 18.6 18.5 18.3 18.1 17.8 17.3 16.8 16.2 15.6 15.1 14.7 14.3 14.1 nan nan nan nan nan nan nan nan nan nan nan nan 11.9 12.1 12.2 12.3 nan 12.1 12.2 12.3 12.4 12.6 12.6 12.4 12.2 12.4 12.7 12.8 12.8 nan nan nan nan nan nan nan
nan nan nan nan nan nan nan nan nan nan nan nan nan nan nan nan nan nan nan nan nan nan nan nan nan nan 25.7 25.4 24.9 24.0 23.1 22.4 21.7 21.1 20.4 20.0 19.5 19.3 19.2 19.0 18.7 18.5 18.5 18.3 18.1 17.8 17.3 16.9 16.3 15.7 15.2 14.9 14.5 14.2 13.9 nan nan nan nan nan nan nan nan nan nan nan 12.2 12.3 nan nan nan nan nan 12.4 12.7 12.8 nan 12.6 12.6 12.9 13.2 13.4 nan nan nan nan nan nan nan nan
nan nan nan nan nan nan nan nan nan nan nan nan nan nan nan nan nan nan nan nan nan nan nan nan nan nan nan 25.6 25.0 24.8 23.6 22.6 22.0 21.2 20.6 20.1 19.7 19.4 19.2 19.0 18.8 18.6 18.5 18.4 18.1 17.8 17.3 16.8 16.4 15.8 15.3 15.0 14.7 14.3 14.0 13.7 nan nan nan nan nan nan nan nan nan 12.2 12.6 nan nan nan nan nan nan 12.5 12.7 12.9 nan 12.8 13.2 13.4 13.6 nan nan nan nan nan nan nan nan nan
nan nan nan nan nan nan nan nan nan nan nan nan nan nan nan nan nan nan nan nan nan nan nan nan nan nan nan nan 24.6 24.7 24.5 23.2 22.4 21.7 20.9 20.2 19.8 19.6 19.3 19.0 18.9 18.6 18.5 18.3 18.1 17.8 17.2 16.8 16.3 15.8 15.4 15.1 14.9 14.5 14.2 13.9 13.6 nan nan nan nan nan nan nan nan 12.2 12.6 nan nan nan nan nan nan 12.5 12.8 13.1 13.4 13.7 13.7 13.6 nan nan nan nan nan nan nan nan nan nan
nan nan nan nan nan nan nan nan nan nan nan nan nan nan nan nan nan nan nan nan nan nan nan nan nan nan nan nan nan 8.8 24.9 23.9 22.8 22.0 21.2 20.5 20.0 19.6 19.3 19.1 18.9 18.7 18.5 18.4 18.1 17.8 17.3 16.9 16.4 16.0 15.6 15.4 15.2 14.9 14.5 14.1 13.8 13.6 nan nan nan nan nan nan 12.2 12.4 12.7 nan 13.1 13.2 13.2 nan nan 12.6 13.0 13.3 13.7 14.2 nan nan nan nan nan nan nan nan nan nan nan nan
nan nan nan nan nan nan nan nan nan nan nan nan nan nan nan nan nan nan nan nan nan nan nan nan nan nan nan nan nan nan 9.4 24.2 23.5 22.5 21.5 20.7 20.3 19.8 19.5 19.2 19.0 18.9 18.6 18.4 18.1 17.8 17.4 16.9 16.6 16.2 15.9 15.8 15.6 15.3 15.0 14.6 14.1 13.8 nan nan nan nan nan 12.4 12.5 12.8 12.9 13.1 13.2 13.2 13.2 7.0 nan 12.7 13.2 13.6 13.9 14.1 nan nan nan nan nan nan nan nan nan nan nan nan
nan nan nan nan nan nan nan nan nan nan nan nan nan nan nan nan nan nan nan nan nan nan nan nan nan nan nan nan nan nan nan 23.4 23.4 22.8 21.9 21.0 20.5 20.0 19.7 19.4 19.1 18.9 18.7 18.5 18.2 17.8 17.5 17.0 16.7 16.5 16.3 16.2 16.1 15.9 15.5 15.1 14.7 14.3 13.9 nan nan 12.7 13.0 13.0 13.0 13.2 13.3 13.4 13.4 13.4 13.4 nan nan 13.0 13.4 13.8 14.1 14.1 nan nan nan nan nan nan nan nan nan nan nan nan
nan nan nan nan nan nan nan nan nan nan nan nan nan nan nan nan nan nan nan nan nan nan nan nan nan nan nan nan nan nan nan nan 24.0 23.0 22.2 21.5 20.8 20.3 19.9 19.6 19.3 19.1 18.8 18.5 18.2 17.9 17.5 17.1 16.9 16.8 16.7 16.7 16.6 16.5 16.1 15.7 15.4 15.0 14.6 14.0 13.7 13.6 13.6 nan 13.4 13.7 13.9 14.1 14.1 14.0 13.9 13.6 13.6 13.6 13.8 14.0 14.1 nan nan nan nan nan nan nan nan nan nan nan nan nan
nan nan nan nan nan nan nan nan nan nan nan nan nan nan nan nan nan nan nan nan nan nan nan nan nan nan nan nan nan nan 24.4 24.3 23.8 23.2 22.6 21.8 21.2 20.7 20.2 19.9 19.6 19.3 19.0 18.7 18.4 18.1 17.7 17.4 17.3 17.2 17.1 17.1 17.1 17.1 16.9 16.6 16.2 15.9 15.6 15.1 14.7 14.4 14.2 14.3 14.3 14.5 14.8 14.9 14.8 14.8 14.5 14.1 14.0 14.0 14.0 14.1 14.1 nan nan nan nan nan nan nan nan nan nan nan nan nan
nan nan nan nan nan nan nan nan nan nan nan nan nan nan nan nan nan nan nan nan nan nan nan nan nan nan nan nan nan nan nan nan 23.7 23.3 22.8 22.2 21.7 21.2 20.6 20.3 19.9 19.6 19.3 19.0 18.6 18.3 18.0 17.7 17.6 17.6 17.6 17.6 17.6 17.6 17.6 17.4 17.2 16.9 16.6 16.1 15.6 15.2 15.0 15.0 15.0 15.0 15.3 nan nan nan 14.7 14.5 14.3 14.1 14.1 14.1 nan nan nan nan nan nan nan nan nan nan nan nan nan nan
nan nan nan nan nan nan nan nan nan nan nan nan nan nan nan nan nan nan nan nan nan nan nan nan nan nan nan nan nan nan 9.1 8.4 23.4 23.4 23.2 22.9 22.4 21.8 21.1 20.8 20.3 20.0 19.6 19.3 18.9 18.6 18.2 18.0 18.0 18.0 18.0 18.1 18.2 18.3 18.3 18.2 18.0 17.7 17.3 16.9 16.4 15.8 15.4 15.3 nan nan nan nan nan nan nan 14.7 14.4 14.2 14.1 14.0 nan nan nan nan nan nan nan nan nan nan nan nan nan nan
nan nan nan nan nan nan nan nan nan nan nan nan nan nan nan nan nan nan nan nan nan nan nan nan nan nan nan nan nan nan 9.6 23.2 23.7 23.9 23.8 10.8 22.9 22.6 21.7 21.3 20.7 20.3 19.9 19.5 19.1 18.8 18.5 18.3 18.3 18.4 18.5 18.6 18.6 18.8 18.8 18.7 18.5 18.3 17.9 17.4 16.9 16.3 15.7 nan nan nan nan nan nan 14.1 14.3 14.4 14.2 14.1 14.1 nan nan nan nan nan nan nan nan nan nan nan nan nan nan nan
nan nan nan nan nan nan nan nan nan nan nan nan nan nan nan nan nan nan nan nan nan nan nan nan nan nan nan nan nan nan 9.1 22.3 23.6 24.1 nan nan nan 22.5 22.6 22.0 21.2 20.7 20.3 19.8 19.4 19.1 18.8 18.7 18.7 18.8 18.9 19.1 19.2 19.2 19.2 19.2 19.0 18.7 18.3 17.9 17.3 16.7 16.2 nan nan nan nan nan 14.3 14.2 14.1 14.1 13.9 13.9 nan nan nan nan nan nan nan nan nan nan nan nan nan nan nan nan
nan nan nan nan nan nan nan nan nan nan nan nan nan nan nan nan nan nan nan nan nan nan nan nan nan nan nan nan nan nan 9.0 8.9 23.4 23.9 nan nan nan 22.2 22.3 22.5 21.9 21.2 20.6 20.1 19.6 19.3 19.1 19.0 19.1 19.2 19.4 19.5 19.6 19.6 19.6 19.5 19.3 19.0 18.8 18.3 17.8 17.1 16.5 15.6 15.2 nan 14.4 14.4 14.4 14.2 14.0 13.8 nan nan nan nan nan nan nan nan nan nan nan nan nan nan nan nan nan nan
nan nan nan nan nan nan nan nan nan nan nan nan nan nan nan nan nan nan nan nan nan nan nan nan nan nan nan nan nan nan nan nan 23.6 19.6 nan nan nan nan 22.1 22.7 22.4 21.7 21.0 20.4 20.0 19.7 19.4 19.3 19.3 19.4 19.6 19.8 19.8 19.8 19.8 19.8 19.5 19.1 18.8 18.5 18.0 17.5 16.9 16.4 15.8 15.3 14.9 14.6 14.4 14.0 13.7 nan nan nan nan nan nan nan nan nan nan nan nan nan nan nan nan nan nan nan
nan nan nan nan nan nan nan nan nan nan nan nan nan nan nan nan nan nan nan nan nan nan nan nan nan nan nan nan nan nan nan nan nan 22.2 11.9 nan nan nan 8.6 23.2 23.0 22.3 21.5 20.8 20.2 19.9 19.8 19.7 19.6 19.6 19.8 19.9 20.0 20.1 20.1 19.9 19.7 19.4 19.1 18.6 18.5 17.9 17.4 17.0 16.5 15.8 15.2 14.8 14.4 14.0 13.6 nan nan nan nan nan nan nan nan nan nan nan nan nan nan nan nan nan nan nan
nan nan nan nan nan nan nan nan nan nan nan nan nan nan nan nan nan nan nan nan nan nan nan nan nan nan nan nan nan nan nan nan nan nan 11.9 21.6 nan nan nan nan 23.1 22.9 22.1 21.3 20.7 20.1 19.9 19.8 19.8 19.7 19.9 20.0 20.1 20.2 20.2 20.1 19.9 19.5 19.1 18.9 18.7 18.4 18.0 17.3 16.8 16.0 15.3 14.8 14.2 13.8 13.5 13.4 nan nan nan nan nan nan nan nan nan nan nan nan nan nan nan nan nan nan
nan nan nan nan nan nan nan nan nan nan nan nan nan nan nan nan nan nan nan nan nan nan nan nan nan nan nan nan nan nan nan nan nan nan nan 16.5 9.2 nan nan nan nan 22.1 22.7 21.8 21.1 20.4 20.1 20.0 20.0 20.0 20.0 20.1 20.2 20.3 20.3 20.3 20.1 19.8 19.5 19.2 19.0 18.7 18.4 17.7 17.0 16.1 15.3 14.7 14.1 13.7 13.5 13.5 13.5 6.6 nan nan nan nan nan nan nan nan nan nan nan nan nan nan nan nan
nan nan nan nan nan nan nan nan nan nan nan nan nan nan nan nan nan nan nan nan nan nan nan nan nan nan nan nan nan nan nan nan nan nan 10.7 13.3 21.2 21.4 nan 9.2 nan 22.2 22.5 21.9 21.3 20.8 20.4 20.4 20.2 20.2 20.3 20.4 20.4 20.5 20.5 20.4 20.2 19.9 19.7 19.4 19.2 18.8 18.5 17.9 17.1 16.2 15.3 14.6 14.2 13.7 13.5 13.5 13.5 13.5 nan nan nan nan nan nan nan nan nan nan nan nan nan nan nan nan
nan nan nan nan nan nan nan nan nan nan nan nan nan nan nan nan nan nan nan nan nan nan nan nan nan nan nan nan nan nan nan nan nan nan 22.3 21.1 21.9 19.6 11.1 20.7 21.9 18.7 21.5 22.3 21.6 21.1 20.7 20.6 20.5 20.5 20.5 20.4 20.4 20.5 20.5 20.5 20.3 20.1 20.0 19.7 19.5 19.1 18.7 17.9 17.0 16.0 14.9 14.8 14.5 13.9 13.5 13.5 13.5 13.6 13.8 nan nan nan nan nan nan nan nan nan nan nan nan nan nan nan
nan nan nan nan nan nan nan nan nan nan nan nan nan nan nan nan nan nan nan nan nan nan nan nan nan nan nan nan nan nan nan nan nan nan 22.2 22.2 22.0 21.6 19.8 nan 23.0 20.9 23.0 22.6 22.0 21.4 21.0 20.7 20.6 20.7 20.5 20.3 20.3 20.5 20.5 20.5 20.4 20.3 20.2 20.0 19.8 19.3 -9999.0 -9999.0 -9999.0 -9999.0 -9999.0 -9999.0 -9999.0 6.9 13.8 13.7 13.7 13.7 13.9 nan nan nan nan nan nan nan nan nan nan nan nan nan nan -9999.0
nan nan nan nan nan nan nan nan nan nan nan nan nan nan nan nan nan nan nan nan nan nan nan nan nan nan nan nan nan nan nan nan nan nan 22.2 22.2 22.1 22.0 21.8 nan nan 23.4 23.5 23.0 22.3 21.5 21.2 20.9 20.8 20.7 20.3 20.3 20.4 20.5 20.6 20.5 20.5 20.6 20.5 20.3 20.0 -9999.0 -9999.0 -9999.0 -9999.0 -9999.0 -9999.0 -9999.0 -9999.0 nan 7.8 13.7 13.8 13.4 nan nan nan nan nan nan nan nan nan nan nan nan nan nan nan -9999.0
nan nan nan nan nan nan nan nan nan nan nan nan nan nan nan nan nan nan nan nan nan nan nan nan nan nan nan nan nan nan nan nan nan nan 22.0 22.0 21.9 21.9 21.1 nan 19.8 21.0 23.5 23.1 22.5 21.9 21.4 21.0 20.7 20.4 20.2 20.3 20.3 20.4 20.5 20.5 20.7 20.7 20.7 20.5 20.1 -9999.0 -9999.0 -9999.0 -9999.0 -9999.0 -9999.0 -9999.0 -9999.0 -9999.0 -9999.0 nan 6.8 6.8 nan nan nan nan nan nan nan nan nan nan nan nan nan nan nan -9999.0
nan nan nan nan nan nan nan nan nan nan nan nan nan nan nan nan nan nan nan nan nan nan nan nan nan nan nan nan nan nan nan nan nan nan 21.9 22.0 22.1 18.9 18.8 13.0 21.1 18.7 22.7 23.0 22.6 22.0 21.4 20.9 20.5 20.3 20.2 20.2 20.1 20.2 20.4 20.6 20.8 20.9 20.9 20.6 -9999.0 -9999.0 -9999.0 -9999.0 -9999.0 -9999.0 -9999.0 -9999.0 -9999.0 -9999.0 -9999.0 nan nan nan nan nan nan nan nan nan nan nan nan nan nan nan nan nan nan -9999.0
nan nan nan nan nan nan nan nan nan nan nan nan nan nan nan nan nan nan nan nan nan nan nan nan nan nan nan nan nan nan nan nan 18.1 19.3 20.5 21.8 21.9 21.5 19.0 18.0 nan 23.2 23.3 23.0 22.5 21.9 21.3 20.9 20.4 20.2 20.1 20.0 19.9 20.1 20.4 20.6 20.9 21.0 21.0 -9999.0 -9999.0 -9999.0 -9999.0 -9999.0 -9999.0 -9999.0 -9999.0 -9999.0 -9999.0 -9999.0 -9999.0 -9999.0 nan nan nan nan nan nan nan nan nan nan nan nan nan nan nan nan nan -9999.0
nan nan nan nan nan nan nan nan nan nan nan nan nan nan nan nan nan nan nan nan nan nan nan nan nan nan nan nan nan 9.2 nan nan 21.9 21.5 22.0 21.2 22.1 22.0 21.1 nan nan 23.3 23.5 23.1 22.6 22.0 21.4 20.9 20.4 20.1 19.9 19.7 19.7 20.0 20.4 20.7 21.0 21.2 21.1 -9999.0 -9999.0 -9999.0 -9999.0 -9999.0 -9999.0 -9999.0 -9999.0 -9999.0 -9999.0 -9999.0 -9999.0 -9999.0 -9999.0 -9999.0 nan nan nan nan nan nan nan nan nan nan nan nan nan nan nan -9999.0
nan nan nan nan nan nan nan nan nan nan nan nan nan nan nan nan nan nan nan nan nan nan nan nan nan nan nan nan nan 8.3 8.3 nan 22.1 22.1 19.2 20.1 19.9 21.9 21.7 21.2 nan 23.6 23.8 23.3 22.7 22.1 21.5 21.0 20.5 20.0 19.8 19.7 19.7 19.9 20.5 20.8 21.1 21.4 -9999.0 -9999.0 -9999.0 -9999.0 -9999.0 -9999.0 -9999.0 -9999.0 -9999.0 -9999.0 -9999.0 -9999.0 -9999.0 -9999.0 -9999.0 -9999.0 -9999.0 nan nan nan nan nan nan nan nan nan nan nan nan nan nan -9999.0
nan nan nan nan nan nan nan nan nan nan nan nan nan nan nan nan nan nan nan nan nan nan nan nan nan nan nan nan nan 8.8 22.0 22.1 22.2 22.2 21.9 nan 8.4 21.0 21.9 22.4 nan 22.2 23.8 23.5 23.0 22.4 21.8 21.1 20.5 20.0 19.8 19.8 19.9 20.0 20.6 20.8 21.2 21.3 -9999.0 -9999.0 -9999.0 -9999.0 -9999.0 -9999.0 -9999.0 -9999.0 -9999.0 -9999.0 -9999.0 -9999.0 -9999.0 -9999.0 -9999.0 -9999.0 -9999.0 -9999.0 nan nan nan nan nan nan nan nan nan nan nan nan nan -9999.0
nan nan nan nan nan nan nan nan nan nan nan nan nan nan nan nan nan nan nan nan nan nan nan nan nan nan nan nan nan nan 21.3 22.1 22.2 22.3 19.4 nan nan 19.0 20.5 20.1 nan 19.2 20.8 23.3 23.0 22.4 21.9 21.3 20.6 20.1 19.9 19.9 20.0 20.2 20.7 21.0 21.2 21.2 -9999.0 -9999.0 -9999.0 -9999.0 -9999.0 -9999.0 -9999.0 -9999.0 -9999.0 -9999.0 -9999.0 -9999.0 -9999.0 -9999.0 -9999.0 -9999.0 -9999.0 -9999.0 -9999.0 nan nan nan nan nan nan nan nan nan nan nan nan -9999.0
nan nan nan nan nan nan nan nan nan nan nan nan nan nan nan nan nan nan nan nan nan nan nan nan nan nan nan nan nan nan 20.5 22.2 22.3 22.5 19.9 nan 9.2 16.6 19.0 11.0 18.1 16.0 17.6 22.2 22.8 22.3 21.7 21.1 20.6 20.1 20.0 20.0 20.1 20.5 21.0 21.3 21.2 21.1 -9999.0 -9999.0 -9999.0 -9999.0 -9999.0 -9999.0 -9999.0 -9999.0 -9999.0 -9999.0 -9999.0 -9999.0 -9999.0 -9999.0 -9999.0 -9999.0 -9999.0 -9999.0 -9999.0 -9999.0 nan nan nan nan nan nan nan nan nan nan nan -9999.0
nan nan nan nan nan nan nan nan nan nan nan nan nan nan nan nan nan nan nan nan nan nan nan nan nan nan nan nan nan nan 20.9 21.7 22.2 22.4 18.6 9.1 nan 20.3 13.9 9.6 15.3 nan 22.4 23.0 22.5 21.9 21.4 21.0 20.5 20.2 20.1 20.1 20.2 20.6 21.2 21.5 21.4 17.9 -9999.0 -9999.0 -9999.0 -9999.0 -9999.0 -9999.0 -9999.0 -9999.0 -9999.0 -9999.0 -9999.0 -9999.0 -9999.0 -9999.0 -9999.0 -9999.0 -9999.0 -9999.0 -9999.0 -9999.0 -9999.0 -9999.0 nan nan nan nan nan nan nan nan nan -9999.0
nan nan nan nan nan nan nan nan nan nan nan nan nan nan nan nan nan nan nan nan nan nan nan nan nan nan nan nan nan nan nan 21.9 22.1 22.2 22.2 nan nan 14.9 13.7 10.0 nan nan 23.3 23.1 22.6 21.8 21.3 20.9 20.6 20.4 20.2 20.3 20.5 20.9 21.5 21.9 21.6 19.6 -9999.0 -9999.0 -9999.0 -9999.0 -9999.0 -9999.0 -9999.0 -9999.0 -9999.0 -9999.0 -9999.0 nan nan nan -9999.0 -9999.0 -9999.0 -9999.0 -9999.0 -9999.0 -9999.0 -9999.0 -9999.0 -9999.0 -9999.0 -9999.0 -9999.0 nan nan nan -9999.0 -9999.0
nan nan nan nan nan nan nan nan nan nan nan nan nan nan nan nan nan nan nan nan nan nan nan nan nan nan nan nan nan nan nan 19.9 21.8 22.0 22.4 nan 9.1 11.8 19.1 10.2 nan nan 23.2 23.1 22.6 21.8 21.4 20.9 20.6 20.4 20.4 20.5 20.7 21.2 21.6 22.1 21.8 19.9 -9999.0 -9999.0 -9999.0 -9999.0 -9999.0 -9999.0 -9999.0 -9999.0 -9999.0 -9999.0 -9999.0 nan nan nan nan nan -9999.0 -9999.0 -9999.0 -9999.0 -9999.0 -9999.0 -9999.0 -9999.0 -9999.0 -9999.0 -9999.0 -9999.0 -9999.0 -9999.0 -9999.0 -9999.0
nan nan nan nan nan nan nan nan nan nan nan nan nan nan nan nan nan nan nan nan nan nan nan nan nan nan nan nan nan nan nan 9.0 21.3 22.0 21.2 19.9 18.1 14.1 11.7 9.4 10.3 nan 22.6 23.0 22.9 22.1 21.6 21.0 20.7 20.4 20.4 20.6 20.8 21.3 21.8 22.0 21.5 17.8 -9999.0 -9999.0 -9999.0 -9999.0 -9999.0 -9999.0 -9999.0 -9999.0 -9999.0 -9999.0 -9999.0 -9999.0 -9999.0 -9999.0 -9999.0 -9999.0 -9999.0 -9999.0 -9999.0 -9999.0 -9999.0 -9999.0 -9999.0 -9999.0 -9999.0 -9999.0 -9999.0 -9999.0 -9999.0 -9999.0 -9999.0 -9999.0
nan nan nan nan nan nan nan nan nan nan nan nan nan nan nan nan nan nan nan nan nan nan nan nan nan nan nan nan nan nan nan 8.9 19.1 22.0 22.3 22.3 22.0 nan 13.9 15.6 8.6 nan 23.3 22.9 23.2 22.4 21.9 21.1 20.8 20.6 20.6 20.6 20.9 21.3 21.9 22.0 21.6 18.8 -9999.0 -9999.0 -9999.0 -9999.0 -9999.0 -9999.0 -9999.0 -9999.0 -9999.0 -9999.0 -9999.0 -9999.0 -9999.0 -9999.0 -9999.0 -9999.0 -9999.0 -9999.0 -9999.0 -9999.0 -9999.0 -9999.0 -9999.0 -9999.0 -9999.0 -9999.0 -9999.0 -9999.0 -9999.0 -9999.0 -9999.0 -9999.0
nan nan nan nan nan nan nan nan nan nan nan nan nan nan nan nan nan nan nan nan nan nan nan nan nan nan nan nan nan nan nan 9.0 18.3 19.9 22.0 21.9 21.7 nan nan 13.7 9.3 nan nan 22.8 23.2 22.6 22.2 21.5 21.1 20.9 20.9 20.9 21.0 21.4 21.9 22.1 22.2 19.1 -9999.0 -9999.0 -9999.0 -9999.0 -9999.0 -9999.0 -9999.0 -9999.0 -9999.0 -9999.0 -9999.0 -9999.0 -9999.0 -9999.0 -9999.0 -9999.0 -9999.0 -9999.0 -9999.0 -9999.0 -9999.0 -9999.0 -9999.0 -9999.0 -9999.0 -9999.0 -9999.0 -9999.0 -9999.0 -9999.0 -9999.0 -9999.0
nan nan nan nan nan nan nan nan nan nan nan nan nan nan nan nan nan nan nan nan nan nan nan nan nan nan nan nan nan nan nan nan 8.7 21.3 21.5 21.6 nan nan nan 13.6 9.3 8.1 nan nan 21.8 23.0 22.4 21.9 21.5 21.2 21.2 21.1 21.2 21.5 21.9 22.1 22.5 19.5 -9999.0 -9999.0 -9999.0 -9999.0 -9999.0 -9999.0 -9999.0 -9999.0 -9999.0 -9999.0 -9999.0 -9999.0 -9999.0 -9999.0 -9999.0 -9999.0 -9999.0 -9999.0 -9999.0 -9999.0 -9999.0 -9999.0 -9999.0 -9999.0 nan nan nan -9999.0 -9999.0 -9999.0 -9999.0 -9999.0
nan nan nan nan nan nan nan nan nan nan nan nan nan nan nan nan nan nan nan nan nan nan nan nan nan nan nan nan nan nan nan nan 19.9 20.7 21.2 21.4 nan nan nan nan 10.6 8.1 15.1 nan 21.6 22.1 22.8 22.4 21.8 21.6 21.6 21.4 21.5 21.6 21.9 22.3 22.6 22.0 -9999.0 -9999.0 -9999.0 -9999.0 -9999.0 -9999.0 -9999.0 -9999.0 -9999.0 -9999.0 -9999.0 -9999.0 -9999.0 -9999.0 -9999.0 -9999.0 -9999.0 -9999.0 -9999.0 -9999.0 -9999.0 -9999.0 nan nan nan nan nan nan nan nan -9999.0 -9999.0
nan nan nan nan nan nan nan nan nan nan nan nan nan nan nan nan nan nan nan nan nan nan nan nan nan nan nan nan nan nan nan nan nan 21.0 21.3 21.4 nan nan nan nan 14.2 8.9 10.8 11.4 nan 22.5 22.9 22.6 22.2 22.0 22.0 21.6 21.8 21.8 22.1 22.4 22.6 22.6 -9999.0 -9999.0 -9999.0 -9999.0 -9999.0 -9999.0 -9999.0 -9999.0 -9999.0 -9999.0 -9999.0 nan nan nan nan nan nan nan nan nan nan nan nan nan nan nan nan nan nan nan nan nan
nan nan nan nan nan nan nan nan nan nan nan nan nan nan nan nan nan nan nan nan nan nan nan nan nan nan nan nan nan nan nan nan nan 21.1 21.4 21.5 21.4 nan nan nan 20.2 10.8 9.8 18.7 nan nan 22.4 23.0 22.8 22.4 22.3 21.8 22.0 22.1 22.3 22.7 23.0 23.2 -9999.0 -9999.0 -9999.0 -9999.0 -9999.0 -9999.0 -9999.0 -9999.0 -9999.0 -9999.0 nan nan nan nan nan nan nan nan nan nan nan nan nan nan nan nan nan nan nan nan nan nan
