data/output/RUN203/ECOSPACE/ECOSPACE_in_PAR3/PAR-VarZ-VarK/PAR-VarZ-VarK_1988_06.asc
ncols        93
nrows        151 
xllcorner    -123.80739
yllcorner    48.29471 
cellsize     0.013497347 
NODATA_value  0.0
[rows 80 to 119 of 151, columns 0 to 89 of 93]
nan nan nan nan nan nan nan nan nan nan nan nan nan nan nan nan nan nan nan nan nan nan nan 24.5 24.5 24.3 25.4 25.1 24.1 23.2 22.2 21.4 20.7 20.0 19.5 19.0 18.4 17.9 17.4 17.0 16.6 16.3 16.0 15.8 15.6 15.5 15.4 15.3 15.3 15.2 15.1 15.2 15.2 15.1 nan nan nan nan nan nan nan nan nan nan nan nan 13.8 13.8 13.9 13.9 nan 13.7 13.6 13.7 13.7 13.8 13.8 13.7 13.6 13.9 14.3 14.4 14.1 nan nan nan nan nan nan nan
nan nan nan nan nan nan nan nan nan nan nan nan nan nan nan nan nan nan nan nan nan nan nan nan nan nan 26.1 25.8 25.0 24.1 23.1 22.2 21.3 20.6 19.9 19.3 18.7 18.1 17.6 17.1 16.7 16.4 16.1 15.9 15.7 15.6 15.4 15.4 15.3 15.2 15.2 15.2 15.1 15.1 14.9 nan nan nan nan nan nan nan nan nan nan nan 14.0 14.0 nan nan nan nan nan 13.7 13.8 13.9 nan 13.7 13.9 14.2 14.5 14.7 nan nan nan nan nan nan nan nan
nan nan nan nan nan nan nan nan nan nan nan nan nan nan nan nan nan nan nan nan nan nan nan nan nan nan nan 26.1 25.7 25.0 24.0 23.0 22.1 21.2 20.5 19.7 19.0 18.4 17.9 17.4 16.9 16.5 16.3 16.1 15.9 15.7 15.6 15.5 15.4 15.3 15.3 15.2 15.1 15.0 14.9 14.8 nan nan nan nan nan nan nan nan nan 14.0 14.1 nan nan nan nan nan nan 13.8 13.8 13.9 nan 13.9 14.2 14.5 14.7 nan nan nan nan nan nan nan nan nan
nan nan nan nan nan nan nan nan nan nan nan nan nan nan nan nan nan nan nan nan nan nan nan nan nan nan nan nan 24.3 25.4 25.0 24.0 23.0 22.0 21.1 20.3 19.5 18.8 18.2 17.7 17.2 16.8 16.5 16.2 16.0 15.9 15.7 15.6 15.6 15.5 15.4 15.3 15.2 15.1 15.0 14.9 14.8 nan nan nan nan nan nan nan nan 14.1 14.1 nan nan nan nan nan nan 13.8 13.9 14.1 14.4 14.7 14.6 14.6 nan nan nan nan nan nan nan nan nan nan
nan nan nan nan nan nan nan nan nan nan nan nan nan nan nan nan nan nan nan nan nan nan nan nan nan nan nan nan nan 15.1 25.8 25.0 24.0 22.9 21.9 21.0 20.0 19.2 18.6 18.0 17.5 17.0 16.7 16.5 16.2 16.1 15.9 15.8 15.7 15.6 15.5 15.4 15.3 15.2 15.1 14.9 14.8 14.7 nan nan nan nan nan nan 14.1 14.1 14.1 nan 14.2 14.1 14.2 nan nan 13.9 14.1 14.3 14.8 15.2 nan nan nan nan nan nan nan nan nan nan nan nan
nan nan nan nan nan nan nan nan nan nan nan nan nan nan nan nan nan nan nan nan nan nan nan nan nan nan nan nan nan nan 15.2 25.5 24.8 23.8 22.7 21.7 20.6 19.7 19.0 18.4 17.9 17.4 17.0 16.7 16.5 16.3 16.1 15.9 15.8 15.7 15.6 15.5 15.4 15.2 15.1 15.0 14.9 14.8 nan nan nan nan nan 14.2 14.2 14.2 14.2 14.3 14.2 14.2 14.2 10.4 nan 14.0 14.2 14.6 14.9 15.1 nan nan nan nan nan nan nan nan nan nan nan nan
nan nan nan nan nan nan nan nan nan nan nan nan nan nan nan nan nan nan nan nan nan nan nan nan nan nan nan nan nan nan nan 23.6 25.2 24.7 23.6 22.5 21.4 20.4 19.5 18.9 18.3 17.8 17.3 17.0 16.8 16.5 16.3 16.1 16.0 15.9 15.8 15.6 15.5 15.4 15.3 15.1 15.0 14.9 14.6 nan nan 14.4 14.5 14.4 14.4 14.4 14.4 14.4 14.3 14.3 14.2 nan nan 14.2 14.5 14.8 15.0 15.1 nan nan nan nan nan nan nan nan nan nan nan nan
nan nan nan nan nan nan nan nan nan nan nan nan nan nan nan nan nan nan nan nan nan nan nan nan nan nan nan nan nan nan nan nan 25.9 25.2 24.3 23.3 22.2 21.1 20.2 19.4 18.8 18.2 17.7 17.4 17.1 16.8 16.6 16.4 16.2 16.1 15.9 15.8 15.7 15.6 15.4 15.3 15.2 15.0 14.9 14.8 14.7 14.7 14.6 nan 14.5 14.5 14.5 14.6 14.5 14.5 14.5 14.4 14.4 14.6 14.6 14.9 15.1 nan nan nan nan nan nan nan nan nan nan nan nan nan
nan nan nan nan nan nan nan nan nan nan nan nan nan nan nan nan nan nan nan nan nan nan nan nan nan nan nan nan nan nan 25.5 25.8 26.0 25.4 24.7 23.9 22.9 21.9 20.9 20.0 19.3 18.6 18.1 17.7 17.4 17.1 16.9 16.6 16.5 16.3 16.2 16.0 15.9 15.8 15.7 15.5 15.4 15.2 15.1 15.0 14.9 14.8 14.8 14.8 14.8 14.8 14.9 14.9 14.8 14.8 14.6 14.5 14.5 14.6 14.8 15.0 15.1 nan nan nan nan nan nan nan nan nan nan nan nan nan
nan nan nan nan nan nan nan nan nan nan nan nan nan nan nan nan nan nan nan nan nan nan nan nan nan nan nan nan nan nan nan nan 25.7 25.4 24.9 24.3 23.5 22.6 21.5 20.6 19.8 19.1 18.6 18.1 17.8 17.5 17.2 17.0 16.8 16.6 16.4 16.3 16.2 16.0 15.9 15.8 15.6 15.5 15.3 15.1 15.0 14.9 14.9 15.0 15.0 14.9 14.9 nan nan nan 14.7 14.6 14.6 14.7 14.9 15.1 nan nan nan nan nan nan nan nan nan nan nan nan nan nan
nan nan nan nan nan nan nan nan nan nan nan nan nan nan nan nan nan nan nan nan nan nan nan nan nan nan nan nan nan nan 18.1 16.1 25.7 25.5 25.1 24.8 24.3 23.3 22.2 21.2 20.4 19.6 19.0 18.5 18.1 17.8 17.5 17.3 17.0 16.9 16.7 16.6 16.5 16.3 16.2 16.0 15.9 15.7 15.5 15.3 15.2 15.1 15.1 15.1 nan nan nan nan nan nan nan 14.8 14.8 14.9 15.0 15.1 nan nan nan nan nan nan nan nan nan nan nan nan nan nan
nan nan nan nan nan nan nan nan nan nan nan nan nan nan nan nan nan nan nan nan nan nan nan nan nan nan nan nan nan nan 16.0 25.6 25.9 25.9 25.4 16.1 24.9 24.0 22.7 21.7 20.9 20.1 19.4 18.9 18.5 18.2 17.9 17.6 17.4 17.2 17.0 16.9 16.8 16.6 16.5 16.3 16.1 15.9 15.7 15.5 15.3 15.2 15.2 nan nan nan nan nan nan 14.8 14.9 15.0 15.0 15.0 15.1 nan nan nan nan nan nan nan nan nan nan nan nan nan nan nan
nan nan nan nan nan nan nan nan nan nan nan nan nan nan nan nan nan nan nan nan nan nan nan nan nan nan nan nan nan nan 18.2 24.5 26.1 26.2 nan nan nan 23.8 23.1 22.2 21.3 20.6 19.9 19.3 18.9 18.5 18.2 18.0 17.8 17.5 17.4 17.3 17.1 17.0 16.8 16.7 16.5 16.3 16.0 15.8 15.5 15.4 15.3 nan nan nan nan nan 14.9 15.0 15.1 15.2 15.2 15.1 nan nan nan nan nan nan nan nan nan nan nan nan nan nan nan nan
nan nan nan nan nan nan nan nan nan nan nan nan nan nan nan nan nan nan nan nan nan nan nan nan nan nan nan nan nan nan 18.1 15.3 26.6 26.4 nan nan nan 22.1 23.1 22.6 21.9 21.1 20.3 19.7 19.2 18.8 18.5 18.3 18.1 17.9 17.8 17.6 17.5 17.4 17.3 17.1 16.9 16.6 16.4 16.1 15.8 15.6 15.5 15.2 15.1 nan 15.0 15.1 15.1 15.2 15.4 15.4 nan nan nan nan nan nan nan nan nan nan nan nan nan nan nan nan nan nan
nan nan nan nan nan nan nan nan nan nan nan nan nan nan nan nan nan nan nan nan nan nan nan nan nan nan nan nan nan nan nan nan 26.8 22.1 nan nan nan nan 23.0 23.1 22.5 21.6 20.8 20.0 19.5 19.1 18.8 18.6 18.4 18.2 18.1 18.0 17.9 17.8 17.7 17.6 17.4 17.1 16.8 16.4 16.1 15.8 15.6 15.4 15.4 15.3 15.3 15.2 15.3 15.4 15.4 nan nan nan nan nan nan nan nan nan nan nan nan nan nan nan nan nan nan nan
nan nan nan nan nan nan nan nan nan nan nan nan nan nan nan nan nan nan nan nan nan nan nan nan nan nan nan nan nan nan nan nan nan 20.8 12.9 nan nan nan 15.6 23.9 23.3 22.3 21.3 20.4 19.8 19.4 19.0 18.8 18.7 18.6 18.5 18.4 18.3 18.3 18.2 18.1 17.9 17.6 17.2 16.9 16.5 16.2 15.9 15.7 15.6 15.5 15.4 15.4 15.4 15.5 15.4 nan nan nan nan nan nan nan nan nan nan nan nan nan nan nan nan nan nan nan
nan nan nan nan nan nan nan nan nan nan nan nan nan nan nan nan nan nan nan nan nan nan nan nan nan nan nan nan nan nan nan nan nan nan 15.5 22.7 nan nan nan nan 23.7 22.9 21.7 20.8 20.1 19.6 19.3 19.1 19.0 18.9 18.8 18.8 18.8 18.7 18.7 18.6 18.4 18.1 17.7 17.3 16.9 16.6 16.3 16.0 15.8 15.7 15.6 15.6 15.6 15.6 15.5 15.4 nan nan nan nan nan nan nan nan nan nan nan nan nan nan nan nan nan nan
nan nan nan nan nan nan nan nan nan nan nan nan nan nan nan nan nan nan nan nan nan nan nan nan nan nan nan nan nan nan nan nan nan nan nan 17.9 17.9 nan nan nan nan 22.2 22.0 21.1 20.4 19.9 19.5 19.4 19.3 19.2 19.1 19.1 19.1 19.1 19.1 19.0 18.9 18.6 18.2 17.8 17.4 17.0 16.6 16.3 16.0 15.9 15.8 15.7 15.7 15.6 15.6 15.6 15.4 11.0 nan nan nan nan nan nan nan nan nan nan nan nan nan nan nan nan
nan nan nan nan nan nan nan nan nan nan nan nan nan nan nan nan nan nan nan nan nan nan nan nan nan nan nan nan nan nan nan nan nan nan 15.8 19.7 23.6 23.3 nan 17.9 nan 20.3 22.2 21.3 20.6 20.1 19.8 19.6 19.5 19.5 19.5 19.4 19.5 19.5 19.5 19.5 19.4 19.1 18.7 18.3 17.8 17.3 16.9 16.5 16.2 16.0 15.9 15.9 15.8 15.7 15.5 15.5 15.5 15.4 nan nan nan nan nan nan nan nan nan nan nan nan nan nan nan nan
nan nan nan nan nan nan nan nan nan nan nan nan nan nan nan nan nan nan nan nan nan nan nan nan nan nan nan nan nan nan nan nan nan nan 23.6 23.9 24.3 23.9 18.4 21.0 21.8 19.5 22.2 21.5 20.9 20.4 20.0 19.9 19.8 19.7 19.7 19.7 19.7 19.8 19.8 19.8 19.8 19.5 19.1 18.7 18.1 17.6 17.1 16.7 16.3 16.0 15.4 15.3 15.3 15.8 15.6 15.5 15.5 15.5 15.5 nan nan nan nan nan nan nan nan nan nan nan nan nan nan nan
nan nan nan nan nan nan nan nan nan nan nan nan nan nan nan nan nan nan nan nan nan nan nan nan nan nan nan nan nan nan nan nan nan nan 23.9 24.3 24.5 24.5 24.8 nan 22.2 21.9 22.5 21.7 21.1 20.5 20.2 20.1 20.0 19.9 19.9 19.9 20.0 20.0 20.1 20.1 20.1 19.9 19.5 19.0 18.4 17.8 -9999.0 -9999.0 -9999.0 -9999.0 -9999.0 -9999.0 -9999.0 12.0 15.7 15.4 15.5 15.4 15.5 nan nan nan nan nan nan nan nan nan nan nan nan nan nan -9999.0
nan nan nan nan nan nan nan nan nan nan nan nan nan nan nan nan nan nan nan nan nan nan nan nan nan nan nan nan nan nan nan nan nan nan 24.0 24.3 24.5 24.4 24.4 nan nan 23.2 22.7 21.9 21.3 20.7 20.4 20.2 20.1 20.1 20.1 20.1 20.2 20.3 20.4 20.4 20.4 20.2 19.7 19.2 18.6 -9999.0 -9999.0 -9999.0 -9999.0 -9999.0 -9999.0 -9999.0 -9999.0 nan 14.6 15.4 15.6 15.0 nan nan nan nan nan nan nan nan nan nan nan nan nan nan nan -9999.0
nan nan nan nan nan nan nan nan nan nan nan nan nan nan nan nan nan nan nan nan nan nan nan nan nan nan nan nan nan nan nan nan nan nan 23.9 24.1 24.2 24.4 24.8 nan 18.8 22.4 23.0 22.1 21.5 20.9 20.6 20.4 20.3 20.2 20.2 20.3 20.4 20.5 20.6 20.7 20.7 20.5 20.0 19.4 18.8 -9999.0 -9999.0 -9999.0 -9999.0 -9999.0 -9999.0 -9999.0 -9999.0 -9999.0 -9999.0 nan 11.7 11.7 nan nan nan nan nan nan nan nan nan nan nan nan nan nan nan -9999.0
nan nan nan nan nan nan nan nan nan nan nan nan nan nan nan nan nan nan nan nan nan nan nan nan nan nan nan nan nan nan nan nan nan nan 23.8 23.9 24.3 24.8 23.0 16.3 22.1 19.6 22.8 22.2 21.6 21.1 20.8 20.6 20.4 20.4 20.4 20.5 20.6 20.8 20.9 21.1 21.0 20.8 20.3 19.7 -9999.0 -9999.0 -9999.0 -9999.0 -9999.0 -9999.0 -9999.0 -9999.0 -9999.0 -9999.0 -9999.0 nan nan nan nan nan nan nan nan nan nan nan nan nan nan nan nan nan nan -9999.0
nan nan nan nan nan nan nan nan nan nan nan nan nan nan nan nan nan nan nan nan nan nan nan nan nan nan nan nan nan nan nan nan 23.2 23.4 23.9 24.3 25.0 26.0 26.2 26.3 nan 23.7 23.1 22.4 21.8 21.3 20.9 20.7 20.5 20.5 20.5 20.6 20.8 20.9 21.2 21.4 21.4 21.1 20.6 -9999.0 -9999.0 -9999.0 -9999.0 -9999.0 -9999.0 -9999.0 -9999.0 -9999.0 -9999.0 -9999.0 -9999.0 -9999.0 nan nan nan nan nan nan nan nan nan nan nan nan nan nan nan nan nan -9999.0
nan nan nan nan nan nan nan nan nan nan nan nan nan nan nan nan nan nan nan nan nan nan nan nan nan nan nan nan nan 18.3 nan nan 23.9 24.1 24.2 24.5 25.5 26.7 27.4 nan nan 23.7 23.2 22.6 22.0 21.5 21.1 20.8 20.7 20.6 20.6 20.7 20.9 21.1 21.5 21.7 21.8 21.5 21.0 -9999.0 -9999.0 -9999.0 -9999.0 -9999.0 -9999.0 -9999.0 -9999.0 -9999.0 -9999.0 -9999.0 -9999.0 -9999.0 -9999.0 -9999.0 nan nan nan nan nan nan nan nan nan nan nan nan nan nan nan -9999.0
nan nan nan nan nan nan nan nan nan nan nan nan nan nan nan nan nan nan nan nan nan nan nan nan nan nan nan nan nan 14.9 14.9 nan 24.3 24.8 23.9 22.2 24.9 26.5 27.0 26.0 nan 23.8 23.5 23.0 22.4 21.8 21.3 21.0 20.8 20.7 20.8 20.9 21.1 21.4 21.7 22.0 22.1 22.0 -9999.0 -9999.0 -9999.0 -9999.0 -9999.0 -9999.0 -9999.0 -9999.0 -9999.0 -9999.0 -9999.0 -9999.0 -9999.0 -9999.0 -9999.0 -9999.0 -9999.0 nan nan nan nan nan nan nan nan nan nan nan nan nan nan -9999.0
nan nan nan nan nan nan nan nan nan nan nan nan nan nan nan nan nan nan nan nan nan nan nan nan nan nan nan nan nan 15.7 24.5 24.6 25.0 25.5 26.0 nan 16.3 26.1 26.3 26.5 nan 23.6 24.0 23.4 22.6 22.0 21.5 21.2 21.0 20.9 20.9 21.1 21.4 21.6 22.1 22.3 22.6 22.5 -9999.0 -9999.0 -9999.0 -9999.0 -9999.0 -9999.0 -9999.0 -9999.0 -9999.0 -9999.0 -9999.0 -9999.0 -9999.0 -9999.0 -9999.0 -9999.0 -9999.0 -9999.0 nan nan nan nan nan nan nan nan nan nan nan nan nan -9999.0
nan nan nan nan nan nan nan nan nan nan nan nan nan nan nan nan nan nan nan nan nan nan nan nan nan nan nan nan nan nan 24.2 24.6 25.2 25.8 25.4 nan nan 25.7 25.8 26.1 nan 21.5 22.9 23.7 22.8 22.3 21.8 21.4 21.2 21.1 21.2 21.4 21.6 22.0 22.4 22.6 22.9 22.9 -9999.0 -9999.0 -9999.0 -9999.0 -9999.0 -9999.0 -9999.0 -9999.0 -9999.0 -9999.0 -9999.0 -9999.0 -9999.0 -9999.0 -9999.0 -9999.0 -9999.0 -9999.0 -9999.0 nan nan nan nan nan nan nan nan nan nan nan nan -9999.0
nan nan nan nan nan nan nan nan nan nan nan nan nan nan nan nan nan nan nan nan nan nan nan nan nan nan nan nan nan nan 22.6 24.6 25.2 25.9 23.6 nan 18.4 20.5 23.0 14.2 21.8 17.6 19.6 23.0 23.1 22.6 22.1 21.7 21.4 21.4 21.4 21.6 21.9 22.2 22.7 23.0 23.2 22.5 -9999.0 -9999.0 -9999.0 -9999.0 -9999.0 -9999.0 -9999.0 -9999.0 -9999.0 -9999.0 -9999.0 -9999.0 -9999.0 -9999.0 -9999.0 -9999.0 -9999.0 -9999.0 -9999.0 -9999.0 nan nan nan nan nan nan nan nan nan nan nan -9999.0
nan nan nan nan nan nan nan nan nan nan nan nan nan nan nan nan nan nan nan nan nan nan nan nan nan nan nan nan nan nan 22.4 24.3 25.2 25.8 25.5 18.5 nan 23.5 19.1 15.4 19.4 nan 23.9 24.0 23.5 22.9 22.4 22.0 21.7 21.6 21.7 21.9 22.2 22.6 23.0 23.3 22.3 16.2 -9999.0 -9999.0 -9999.0 -9999.0 -9999.0 -9999.0 -9999.0 -9999.0 -9999.0 -9999.0 -9999.0 -9999.0 -9999.0 -9999.0 -9999.0 -9999.0 -9999.0 -9999.0 -9999.0 -9999.0 -9999.0 -9999.0 nan nan nan nan nan nan nan nan nan -9999.0
nan nan nan nan nan nan nan nan nan nan nan nan nan nan nan nan nan nan nan nan nan nan nan nan nan nan nan nan nan nan nan 24.6 25.1 25.7 26.1 nan nan 20.4 19.5 18.6 nan nan 24.7 24.4 23.8 23.2 22.6 22.2 22.0 21.9 22.0 22.2 22.5 22.9 23.4 23.5 22.1 18.6 -9999.0 -9999.0 -9999.0 -9999.0 -9999.0 -9999.0 -9999.0 -9999.0 -9999.0 -9999.0 -9999.0 nan nan nan -9999.0 -9999.0 -9999.0 -9999.0 -9999.0 -9999.0 -9999.0 -9999.0 -9999.0 -9999.0 -9999.0 -9999.0 -9999.0 nan nan nan -9999.0 -9999.0
nan nan nan nan nan nan nan nan nan nan nan nan nan nan nan nan nan nan nan nan nan nan nan nan nan nan nan nan nan nan nan 24.0 25.0 25.7 26.2 nan 16.0 20.0 25.1 16.5 nan nan 24.8 24.7 24.1 23.5 22.9 22.5 22.2 22.2 22.3 22.5 22.8 23.2 23.7 24.1 24.1 19.5 -9999.0 -9999.0 -9999.0 -9999.0 -9999.0 -9999.0 -9999.0 -9999.0 -9999.0 -9999.0 -9999.0 nan nan nan nan nan -9999.0 -9999.0 -9999.0 -9999.0 -9999.0 -9999.0 -9999.0 -9999.0 -9999.0 -9999.0 -9999.0 -9999.0 -9999.0 -9999.0 -9999.0 -9999.0
nan nan nan nan nan nan nan nan nan nan nan nan nan nan nan nan nan nan nan nan nan nan nan nan nan nan nan nan nan nan nan 18.1 24.9 25.5 25.6 23.9 22.5 20.8 17.0 14.3 17.4 nan 24.7 24.9 24.5 23.9 23.4 22.9 22.6 22.5 22.5 22.8 23.1 23.5 23.8 24.3 24.6 18.6 -9999.0 -9999.0 -9999.0 -9999.0 -9999.0 -9999.0 -9999.0 -9999.0 -9999.0 -9999.0 -9999.0 -9999.0 -9999.0 -9999.0 -9999.0 -9999.0 -9999.0 -9999.0 -9999.0 -9999.0 -9999.0 -9999.0 -9999.0 -9999.0 -9999.0 -9999.0 -9999.0 -9999.0 -9999.0 -9999.0 -9999.0 -9999.0
nan nan nan nan nan nan nan nan nan nan nan nan nan nan nan nan nan nan nan nan nan nan nan nan nan nan nan nan nan nan nan 18.1 24.8 25.6 26.4 26.8 26.9 nan 17.7 20.8 13.7 nan 24.8 25.1 24.9 24.4 23.8 23.3 23.0 22.8 22.9 23.1 23.4 23.7 24.1 24.6 25.0 18.9 -9999.0 -9999.0 -9999.0 -9999.0 -9999.0 -9999.0 -9999.0 -9999.0 -9999.0 -9999.0 -9999.0 -9999.0 -9999.0 -9999.0 -9999.0 -9999.0 -9999.0 -9999.0 -9999.0 -9999.0 -9999.0 -9999.0 -9999.0 -9999.0 -9999.0 -9999.0 -9999.0 -9999.0 -9999.0 -9999.0 -9999.0 -9999.0
nan nan nan nan nan nan nan nan nan nan nan nan nan nan nan nan nan nan nan nan nan nan nan nan nan nan nan nan nan nan nan 18.1 23.4 25.2 26.4 27.1 27.2 nan nan 19.3 16.2 nan nan 25.3 25.3 24.8 24.2 23.7 23.3 23.2 23.2 23.4 23.6 24.0 24.5 24.9 25.3 18.8 -9999.0 -9999.0 -9999.0 -9999.0 -9999.0 -9999.0 -9999.0 -9999.0 -9999.0 -9999.0 -9999.0 -9999.0 -9999.0 -9999.0 -9999.0 -9999.0 -9999.0 -9999.0 -9999.0 -9999.0 -9999.0 -9999.0 -9999.0 -9999.0 -9999.0 -9999.0 -9999.0 -9999.0 -9999.0 -9999.0 -9999.0 -9999.0
nan nan nan nan nan nan nan nan nan nan nan nan nan nan nan nan nan nan nan nan nan nan nan nan nan nan nan nan nan nan nan nan 17.1 25.6 26.5 27.3 nan nan nan 20.1 15.4 16.6 nan nan 24.8 24.8 24.5 24.0 23.7 23.5 23.6 23.6 23.9 24.4 24.8 25.2 25.6 24.4 -9999.0 -9999.0 -9999.0 -9999.0 -9999.0 -9999.0 -9999.0 -9999.0 -9999.0 -9999.0 -9999.0 -9999.0 -9999.0 -9999.0 -9999.0 -9999.0 -9999.0 -9999.0 -9999.0 -9999.0 -9999.0 -9999.0 -9999.0 -9999.0 nan nan nan -9999.0 -9999.0 -9999.0 -9999.0 -9999.0
nan nan nan nan nan nan nan nan nan nan nan nan nan nan nan nan nan nan nan nan nan nan nan nan nan nan nan nan nan nan nan nan 24.5 25.4 26.4 27.1 nan nan nan nan 17.6 17.0 27.3 nan 24.3 25.0 24.9 24.5 24.1 24.0 24.0 24.0 24.3 24.7 25.2 25.6 25.8 25.5 -9999.0 -9999.0 -9999.0 -9999.0 -9999.0 -9999.0 -9999.0 -9999.0 -9999.0 -9999.0 -9999.0 -9999.0 -9999.0 -9999.0 -9999.0 -9999.0 -9999.0 -9999.0 -9999.0 -9999.0 -9999.0 -9999.0 nan nan nan nan nan nan nan nan -9999.0 -9999.0
nan nan nan nan nan nan nan nan nan nan nan nan nan nan nan nan nan nan nan nan nan nan nan nan nan nan nan nan nan nan nan nan nan 25.5 26.4 27.2 nan nan nan nan 21.7 19.0 23.8 20.3 nan 25.5 25.6 25.1 24.6 24.4 24.4 24.5 24.7 25.1 25.6 26.1 26.5 26.0 -9999.0 -9999.0 -9999.0 -9999.0 -9999.0 -9999.0 -9999.0 -9999.0 -9999.0 -9999.0 -9999.0 nan nan nan nan nan nan nan nan nan nan nan nan nan nan nan nan nan nan nan nan nan
nan nan nan nan nan nan nan nan nan nan nan nan nan nan nan nan nan nan nan nan nan nan nan nan nan nan nan nan nan nan nan nan nan 25.5 26.3 27.4 27.4 nan nan nan 26.1 21.2 20.9 28.1 nan nan 25.4 25.3 25.0 24.8 24.8 24.9 25.0 25.4 26.1 26.6 26.8 27.1 -9999.0 -9999.0 -9999.0 -9999.0 -9999.0 -9999.0 -9999.0 -9999.0 -9999.0 -9999.0 nan nan nan nan nan nan nan nan nan nan nan nan nan nan nan nan nan nan nan nan nan nan
