data/output/RUN203/ECOSPACE/ECOSPACE_in_PAR3/PAR-VarZ-VarK/PAR-VarZ-VarK_1999_07.asc
ncols        93
nrows        151 
xllcorner    -123.80739
yllcorner    48.29471 
cellsize     0.013497347 
NODATA_value  0.0
[rows 80 to 119 of 151, columns 0 to 89 of 93]
nan nan nan nan nan nan nan nan nan nan nan nan nan nan nan nan nan nan nan nan nan nan nan 25.1 24.6 24.6 25.9 25.7 25.1 24.4 23.7 23.1 22.4 21.8 21.2 20.7 20.3 19.9 19.6 19.4 19.2 19.1 18.9 18.6 18.3 18.1 17.8 17.5 17.2 17.0 16.6 16.2 15.7 15.4 nan nan nan nan nan nan nan nan nan nan nan nan 13.4 13.5 13.6 13.6 nan 13.4 13.4 13.5 13.5 13.6 13.6 13.5 13.4 13.6 13.9 14.0 13.9 nan nan nan nan nan nan nan
nan nan nan nan nan nan nan nan nan nan nan nan nan nan nan nan nan nan nan nan nan nan nan nan nan nan 25.9 25.8 25.4 24.7 24.0 23.4 22.7 22.0 21.4 20.9 20.4 20.0 19.7 19.5 19.2 19.1 18.9 18.7 18.4 18.1 17.9 17.6 17.4 17.1 16.8 16.4 16.0 15.6 15.1 nan nan nan nan nan nan nan nan nan nan nan 13.6 13.6 nan nan nan nan nan 13.5 13.6 13.7 nan 13.5 13.6 13.9 14.1 14.3 nan nan nan nan nan nan nan nan
nan nan nan nan nan nan nan nan nan nan nan nan nan nan nan nan nan nan nan nan nan nan nan nan nan nan nan 25.8 25.6 25.2 24.4 23.8 23.1 22.4 21.6 21.1 20.6 20.1 19.8 19.5 19.3 19.1 18.9 18.7 18.4 18.1 17.9 17.7 17.5 17.2 16.9 16.6 16.2 15.8 15.4 15.0 nan nan nan nan nan nan nan nan nan 13.6 13.8 nan nan nan nan nan nan 13.5 13.6 13.7 nan 13.6 13.9 14.2 14.4 nan nan nan nan nan nan nan nan nan
nan nan nan nan nan nan nan nan nan nan nan nan nan nan nan nan nan nan nan nan nan nan nan nan nan nan nan nan 23.9 25.1 24.9 24.2 23.5 22.8 22.0 21.3 20.8 20.3 19.9 19.6 19.3 19.1 18.9 18.7 18.4 18.2 18.0 17.8 17.6 17.3 17.1 16.8 16.4 16.0 15.6 15.2 14.9 nan nan nan nan nan nan nan nan 13.6 13.8 nan nan nan nan nan nan 13.5 13.7 13.8 14.0 14.3 14.3 14.3 nan nan nan nan nan nan nan nan nan nan
nan nan nan nan nan nan nan nan nan nan nan nan nan nan nan nan nan nan nan nan nan nan nan nan nan nan nan nan nan 15.5 25.3 24.8 24.0 23.2 22.4 21.6 21.0 20.5 20.0 19.7 19.4 19.1 18.9 18.7 18.5 18.2 18.1 17.9 17.7 17.5 17.3 17.0 16.6 16.3 15.9 15.5 15.1 14.8 nan nan nan nan nan nan 13.6 13.7 13.8 nan 13.9 13.9 14.0 nan nan 13.6 13.8 14.0 14.2 14.6 nan nan nan nan nan nan nan nan nan nan nan nan
nan nan nan nan nan nan nan nan nan nan nan nan nan nan nan nan nan nan nan nan nan nan nan nan nan nan nan nan nan nan 15.4 25.0 24.5 23.7 22.8 22.0 21.3 20.7 20.2 19.8 19.5 19.2 19.0 18.7 18.5 18.3 18.1 18.0 17.8 17.6 17.4 17.1 16.8 16.5 16.1 15.7 15.4 15.1 nan nan nan nan nan 13.6 13.7 13.8 13.9 13.9 13.9 13.9 13.9 10.5 nan 13.6 13.9 14.1 14.3 14.5 nan nan nan nan nan nan nan nan nan nan nan nan
nan nan nan nan nan nan nan nan nan nan nan nan nan nan nan nan nan nan nan nan nan nan nan nan nan nan nan nan nan nan nan 22.7 24.6 24.1 23.3 22.5 21.7 21.0 20.4 20.0 19.6 19.4 19.1 18.8 18.6 18.4 18.2 18.1 17.9 17.8 17.6 17.3 17.0 16.7 16.3 15.9 15.6 15.2 14.8 nan nan 13.9 14.0 14.0 13.9 14.0 14.0 14.1 14.1 14.0 14.0 nan nan 13.8 14.0 14.2 14.4 14.5 nan nan nan nan nan nan nan nan nan nan nan nan
nan nan nan nan nan nan nan nan nan nan nan nan nan nan nan nan nan nan nan nan nan nan nan nan nan nan nan nan nan nan nan nan 25.0 24.4 23.7 23.0 22.1 21.4 20.7 20.2 19.8 19.5 19.2 18.9 18.7 18.5 18.3 18.1 18.0 17.9 17.7 17.5 17.2 16.8 16.5 16.1 15.7 15.4 15.1 14.6 14.4 14.4 14.4 nan 14.1 14.3 14.4 14.4 14.4 14.4 14.3 14.1 14.1 14.2 14.2 14.3 14.4 nan nan nan nan nan nan nan nan nan nan nan nan nan
nan nan nan nan nan nan nan nan nan nan nan nan nan nan nan nan nan nan nan nan nan nan nan nan nan nan nan nan nan nan 24.1 24.5 25.0 24.6 24.0 23.4 22.6 21.8 21.1 20.5 20.0 19.6 19.3 19.0 18.8 18.6 18.4 18.2 18.1 18.0 17.8 17.6 17.3 17.0 16.6 16.3 15.9 15.6 15.3 15.0 14.8 14.6 14.6 14.7 14.6 14.7 14.8 14.9 14.9 14.8 14.6 14.4 14.3 14.3 14.3 14.4 14.4 nan nan nan nan nan nan nan nan nan nan nan nan nan
nan nan nan nan nan nan nan nan nan nan nan nan nan nan nan nan nan nan nan nan nan nan nan nan nan nan nan nan nan nan nan nan 24.6 24.5 24.2 23.7 23.1 22.4 21.5 20.8 20.3 19.8 19.5 19.2 18.9 18.6 18.5 18.3 18.2 18.1 17.9 17.7 17.5 17.2 16.8 16.5 16.2 15.9 15.6 15.3 15.1 15.0 15.0 15.1 15.0 14.9 15.0 nan nan nan 14.6 14.5 14.4 14.3 14.3 14.4 nan nan nan nan nan nan nan nan nan nan nan nan nan nan
nan nan nan nan nan nan nan nan nan nan nan nan nan nan nan nan nan nan nan nan nan nan nan nan nan nan nan nan nan nan 18.5 16.4 24.4 24.4 24.1 23.9 23.6 23.0 22.0 21.3 20.6 20.1 19.7 19.3 19.0 18.8 18.5 18.3 18.2 18.1 18.0 17.8 17.6 17.3 17.0 16.8 16.5 16.2 15.9 15.6 15.4 15.3 15.3 15.3 nan nan nan nan nan nan nan 14.6 14.5 14.3 14.3 14.3 nan nan nan nan nan nan nan nan nan nan nan nan nan nan
nan nan nan nan nan nan nan nan nan nan nan nan nan nan nan nan nan nan nan nan nan nan nan nan nan nan nan nan nan nan 16.0 23.9 24.5 24.6 24.1 16.1 24.0 23.6 22.4 21.6 20.9 20.3 19.9 19.5 19.1 18.8 18.6 18.4 18.3 18.2 18.0 17.9 17.7 17.5 17.2 17.0 16.7 16.5 16.2 15.9 15.7 15.5 15.4 nan nan nan nan nan nan 14.4 14.5 14.5 14.4 14.3 14.3 nan nan nan nan nan nan nan nan nan nan nan nan nan nan nan
nan nan nan nan nan nan nan nan nan nan nan nan nan nan nan nan nan nan nan nan nan nan nan nan nan nan nan nan nan nan 18.6 23.3 24.6 24.6 nan nan nan 23.0 22.5 21.8 21.1 20.5 20.0 19.6 19.2 18.9 18.7 18.5 18.3 18.2 18.1 17.9 17.8 17.6 17.4 17.2 16.9 16.7 16.4 16.2 15.9 15.7 15.5 nan nan nan nan nan 14.4 14.4 14.4 14.3 14.3 14.2 nan nan nan nan nan nan nan nan nan nan nan nan nan nan nan nan
nan nan nan nan nan nan nan nan nan nan nan nan nan nan nan nan nan nan nan nan nan nan nan nan nan nan nan nan nan nan 18.5 15.2 24.8 24.7 nan nan nan 21.1 22.3 21.9 21.4 20.8 20.2 19.7 19.3 19.0 18.7 18.5 18.3 18.2 18.1 18.0 17.8 17.7 17.5 17.4 17.1 16.9 16.7 16.4 16.1 15.8 15.6 15.1 14.8 nan 14.4 14.4 14.4 14.3 14.2 14.2 nan nan nan nan nan nan nan nan nan nan nan nan nan nan nan nan nan nan
nan nan nan nan nan nan nan nan nan nan nan nan nan nan nan nan nan nan nan nan nan nan nan nan nan nan nan nan nan nan nan nan 24.8 21.2 nan nan nan nan 22.0 22.0 21.6 21.0 20.4 19.8 19.4 19.0 18.8 18.5 18.3 18.2 18.1 18.0 17.9 17.8 17.7 17.5 17.3 17.1 16.9 16.6 16.3 15.9 15.6 15.3 15.0 14.8 14.6 14.5 14.4 14.2 14.1 nan nan nan nan nan nan nan nan nan nan nan nan nan nan nan nan nan nan nan
nan nan nan nan nan nan nan nan nan nan nan nan nan nan nan nan nan nan nan nan nan nan nan nan nan nan nan nan nan nan nan nan nan 19.3 11.8 nan nan nan 15.8 22.3 22.0 21.3 20.6 20.0 19.5 19.1 18.8 18.6 18.4 18.2 18.1 18.0 18.0 17.9 17.8 17.7 17.5 17.3 17.0 16.8 16.4 16.1 15.7 15.4 15.2 14.9 14.7 14.5 14.3 14.2 14.0 nan nan nan nan nan nan nan nan nan nan nan nan nan nan nan nan nan nan nan
nan nan nan nan nan nan nan nan nan nan nan nan nan nan nan nan nan nan nan nan nan nan nan nan nan nan nan nan nan nan nan nan nan nan 14.4 20.7 nan nan nan nan 22.1 21.8 20.9 20.1 19.6 19.2 18.9 18.6 18.4 18.3 18.2 18.1 18.0 18.0 17.9 17.8 17.7 17.5 17.2 16.9 16.6 16.3 15.9 15.6 15.3 15.0 14.7 14.6 14.4 14.2 14.0 13.9 nan nan nan nan nan nan nan nan nan nan nan nan nan nan nan nan nan nan
nan nan nan nan nan nan nan nan nan nan nan nan nan nan nan nan nan nan nan nan nan nan nan nan nan nan nan nan nan nan nan nan nan nan nan 15.5 18.3 nan nan nan nan 21.0 20.9 20.2 19.6 19.2 18.9 18.7 18.5 18.3 18.2 18.1 18.1 18.1 18.0 18.0 17.8 17.6 17.3 17.0 16.7 16.4 16.0 15.7 15.3 15.0 14.8 14.6 14.4 14.2 14.0 14.0 13.9 10.7 nan nan nan nan nan nan nan nan nan nan nan nan nan nan nan nan
nan nan nan nan nan nan nan nan nan nan nan nan nan nan nan nan nan nan nan nan nan nan nan nan nan nan nan nan nan nan nan nan nan nan 15.3 17.2 21.3 21.3 nan 18.2 nan 18.9 20.9 20.3 19.7 19.3 19.0 18.7 18.5 18.4 18.2 18.2 18.2 18.2 18.1 18.0 17.9 17.7 17.4 17.1 16.8 16.4 16.0 15.7 15.3 15.0 14.9 14.7 14.5 14.2 14.0 14.0 13.9 13.9 nan nan nan nan nan nan nan nan nan nan nan nan nan nan nan nan
nan nan nan nan nan nan nan nan nan nan nan nan nan nan nan nan nan nan nan nan nan nan nan nan nan nan nan nan nan nan nan nan nan nan 21.3 21.6 21.9 22.0 16.7 18.8 19.9 18.4 20.8 20.3 19.8 19.4 19.0 18.8 18.5 18.4 18.3 18.2 18.2 18.2 18.2 18.1 18.0 17.8 17.5 17.1 16.8 16.4 16.0 15.6 15.2 14.9 14.6 14.8 14.5 14.4 14.0 13.9 13.9 13.9 13.9 nan nan nan nan nan nan nan nan nan nan nan nan nan nan nan
nan nan nan nan nan nan nan nan nan nan nan nan nan nan nan nan nan nan nan nan nan nan nan nan nan nan nan nan nan nan nan nan nan nan 21.4 21.7 21.8 21.8 22.0 nan 20.1 20.1 20.7 20.2 19.7 19.3 19.0 18.7 18.5 18.4 18.3 18.2 18.2 18.2 18.2 18.2 18.0 17.8 17.5 17.1 16.7 16.3 -9999.0 -9999.0 -9999.0 -9999.0 -9999.0 -9999.0 -9999.0 11.8 14.0 13.9 13.9 13.8 13.8 nan nan nan nan nan nan nan nan nan nan nan nan nan nan -9999.0
nan nan nan nan nan nan nan nan nan nan nan nan nan nan nan nan nan nan nan nan nan nan nan nan nan nan nan nan nan nan nan nan nan nan 21.3 21.5 21.5 21.4 21.3 nan nan 20.6 20.4 20.1 19.6 19.2 18.9 18.7 18.5 18.4 18.3 18.3 18.3 18.3 18.3 18.2 18.1 17.8 17.5 17.1 16.7 -9999.0 -9999.0 -9999.0 -9999.0 -9999.0 -9999.0 -9999.0 -9999.0 nan 14.5 13.9 13.9 13.2 nan nan nan nan nan nan nan nan nan nan nan nan nan nan nan -9999.0
nan nan nan nan nan nan nan nan nan nan nan nan nan nan nan nan nan nan nan nan nan nan nan nan nan nan nan nan nan nan nan nan nan nan 21.1 21.1 21.1 21.2 21.5 nan 17.1 20.0 20.3 19.9 19.5 19.1 18.8 18.6 18.4 18.4 18.3 18.3 18.4 18.4 18.4 18.3 18.1 17.9 17.5 17.1 16.7 -9999.0 -9999.0 -9999.0 -9999.0 -9999.0 -9999.0 -9999.0 -9999.0 -9999.0 -9999.0 nan 11.5 11.5 nan nan nan nan nan nan nan nan nan nan nan nan nan nan nan -9999.0
nan nan nan nan nan nan nan nan nan nan nan nan nan nan nan nan nan nan nan nan nan nan nan nan nan nan nan nan nan nan nan nan nan nan 20.8 20.8 21.1 21.6 20.2 13.6 19.1 17.8 20.0 19.7 19.3 19.0 18.7 18.5 18.4 18.4 18.4 18.4 18.5 18.5 18.5 18.4 18.2 17.9 17.6 17.1 -9999.0 -9999.0 -9999.0 -9999.0 -9999.0 -9999.0 -9999.0 -9999.0 -9999.0 -9999.0 -9999.0 nan nan nan nan nan nan nan nan nan nan nan nan nan nan nan nan nan nan -9999.0
nan nan nan nan nan nan nan nan nan nan nan nan nan nan nan nan nan nan nan nan nan nan nan nan nan nan nan nan nan nan nan nan 20.1 20.4 20.7 20.9 21.4 22.1 22.6 22.6 nan 20.5 19.9 19.5 19.2 18.9 18.7 18.5 18.4 18.4 18.4 18.5 18.5 18.6 18.5 18.4 18.3 18.0 17.6 -9999.0 -9999.0 -9999.0 -9999.0 -9999.0 -9999.0 -9999.0 -9999.0 -9999.0 -9999.0 -9999.0 -9999.0 -9999.0 nan nan nan nan nan nan nan nan nan nan nan nan nan nan nan nan nan -9999.0
nan nan nan nan nan nan nan nan nan nan nan nan nan nan nan nan nan nan nan nan nan nan nan nan nan nan nan nan nan 18.4 nan nan 20.6 20.7 20.7 21.0 21.7 22.6 23.2 nan nan 19.9 19.7 19.5 19.1 18.9 18.7 18.5 18.4 18.4 18.5 18.5 18.6 18.6 18.6 18.6 18.4 18.2 17.8 -9999.0 -9999.0 -9999.0 -9999.0 -9999.0 -9999.0 -9999.0 -9999.0 -9999.0 -9999.0 -9999.0 -9999.0 -9999.0 -9999.0 -9999.0 nan nan nan nan nan nan nan nan nan nan nan nan nan nan nan -9999.0
nan nan nan nan nan nan nan nan nan nan nan nan nan nan nan nan nan nan nan nan nan nan nan nan nan nan nan nan nan 14.4 14.4 nan 20.9 21.1 20.3 18.7 21.2 22.3 22.6 22.1 nan 19.8 19.7 19.5 19.2 18.9 18.7 18.5 18.5 18.5 18.5 18.6 18.6 18.7 18.7 18.7 18.6 18.4 -9999.0 -9999.0 -9999.0 -9999.0 -9999.0 -9999.0 -9999.0 -9999.0 -9999.0 -9999.0 -9999.0 -9999.0 -9999.0 -9999.0 -9999.0 -9999.0 -9999.0 nan nan nan nan nan nan nan nan nan nan nan nan nan nan -9999.0
nan nan nan nan nan nan nan nan nan nan nan nan nan nan nan nan nan nan nan nan nan nan nan nan nan nan nan nan nan 15.2 20.6 20.7 21.1 21.5 21.8 nan 16.2 21.9 22.0 22.1 nan 19.7 19.9 19.6 19.2 19.0 18.7 18.6 18.5 18.5 18.6 18.6 18.7 18.9 19.0 19.0 18.9 18.6 -9999.0 -9999.0 -9999.0 -9999.0 -9999.0 -9999.0 -9999.0 -9999.0 -9999.0 -9999.0 -9999.0 -9999.0 -9999.0 -9999.0 -9999.0 -9999.0 -9999.0 -9999.0 nan nan nan nan nan nan nan nan nan nan nan nan nan -9999.0
nan nan nan nan nan nan nan nan nan nan nan nan nan nan nan nan nan nan nan nan nan nan nan nan nan nan nan nan nan nan 20.3 20.6 21.0 21.5 21.2 nan nan 21.6 21.6 21.9 nan 18.0 19.0 19.6 19.2 19.0 18.8 18.6 18.6 18.6 18.6 18.7 18.9 19.0 19.2 19.2 19.2 18.9 -9999.0 -9999.0 -9999.0 -9999.0 -9999.0 -9999.0 -9999.0 -9999.0 -9999.0 -9999.0 -9999.0 -9999.0 -9999.0 -9999.0 -9999.0 -9999.0 -9999.0 -9999.0 -9999.0 nan nan nan nan nan nan nan nan nan nan nan nan -9999.0
nan nan nan nan nan nan nan nan nan nan nan nan nan nan nan nan nan nan nan nan nan nan nan nan nan nan nan nan nan nan 18.6 20.5 20.9 21.4 19.4 nan 18.4 17.2 19.4 12.2 18.2 14.7 16.9 19.3 19.2 19.0 18.8 18.6 18.6 18.6 18.7 18.9 19.1 19.3 19.5 19.6 19.5 19.0 -9999.0 -9999.0 -9999.0 -9999.0 -9999.0 -9999.0 -9999.0 -9999.0 -9999.0 -9999.0 -9999.0 -9999.0 -9999.0 -9999.0 -9999.0 -9999.0 -9999.0 -9999.0 -9999.0 -9999.0 nan nan nan nan nan nan nan nan nan nan nan -9999.0
nan nan nan nan nan nan nan nan nan nan nan nan nan nan nan nan nan nan nan nan nan nan nan nan nan nan nan nan nan nan 18.6 20.3 20.9 21.3 21.2 18.5 nan 19.4 17.3 14.3 16.3 nan 19.8 19.4 19.2 19.0 18.8 18.7 18.6 18.7 18.8 19.0 19.3 19.6 19.8 19.9 19.7 16.1 -9999.0 -9999.0 -9999.0 -9999.0 -9999.0 -9999.0 -9999.0 -9999.0 -9999.0 -9999.0 -9999.0 -9999.0 -9999.0 -9999.0 -9999.0 -9999.0 -9999.0 -9999.0 -9999.0 -9999.0 -9999.0 -9999.0 nan nan nan nan nan nan nan nan nan -9999.0
nan nan nan nan nan nan nan nan nan nan nan nan nan nan nan nan nan nan nan nan nan nan nan nan nan nan nan nan nan nan nan 20.5 20.8 21.2 21.6 nan nan 16.8 16.8 17.5 nan nan 19.7 19.6 19.3 19.1 18.9 18.7 18.7 18.8 19.0 19.2 19.5 19.9 20.2 20.5 20.4 18.5 -9999.0 -9999.0 -9999.0 -9999.0 -9999.0 -9999.0 -9999.0 -9999.0 -9999.0 -9999.0 -9999.0 nan nan nan -9999.0 -9999.0 -9999.0 -9999.0 -9999.0 -9999.0 -9999.0 -9999.0 -9999.0 -9999.0 -9999.0 -9999.0 -9999.0 nan nan nan -9999.0 -9999.0
nan nan nan nan nan nan nan nan nan nan nan nan nan nan nan nan nan nan nan nan nan nan nan nan nan nan nan nan nan nan nan 20.2 20.7 21.1 21.5 nan 15.3 17.1 20.9 15.7 nan nan 19.7 19.6 19.4 19.1 18.9 18.8 18.8 18.9 19.1 19.4 19.8 20.2 20.6 21.1 21.2 18.9 -9999.0 -9999.0 -9999.0 -9999.0 -9999.0 -9999.0 -9999.0 -9999.0 -9999.0 -9999.0 -9999.0 nan nan nan nan nan -9999.0 -9999.0 -9999.0 -9999.0 -9999.0 -9999.0 -9999.0 -9999.0 -9999.0 -9999.0 -9999.0 -9999.0 -9999.0 -9999.0 -9999.0 -9999.0
nan nan nan nan nan nan nan nan nan nan nan nan nan nan nan nan nan nan nan nan nan nan nan nan nan nan nan nan nan nan nan 18.3 20.6 21.0 21.4 20.8 19.4 19.3 14.3 11.8 16.0 nan 19.7 19.6 19.5 19.2 19.0 18.9 18.9 19.1 19.3 19.6 20.0 20.4 20.9 21.5 22.0 19.4 -9999.0 -9999.0 -9999.0 -9999.0 -9999.0 -9999.0 -9999.0 -9999.0 -9999.0 -9999.0 -9999.0 -9999.0 -9999.0 -9999.0 -9999.0 -9999.0 -9999.0 -9999.0 -9999.0 -9999.0 -9999.0 -9999.0 -9999.0 -9999.0 -9999.0 -9999.0 -9999.0 -9999.0 -9999.0 -9999.0 -9999.0 -9999.0
nan nan nan nan nan nan nan nan nan nan nan nan nan nan nan nan nan nan nan nan nan nan nan nan nan nan nan nan nan nan nan 18.2 20.5 21.0 21.6 22.0 22.3 nan 14.4 17.0 11.5 nan 19.6 19.8 19.5 19.3 19.2 19.1 19.1 19.3 19.5 19.8 20.2 20.6 21.1 21.8 22.3 20.2 -9999.0 -9999.0 -9999.0 -9999.0 -9999.0 -9999.0 -9999.0 -9999.0 -9999.0 -9999.0 -9999.0 -9999.0 -9999.0 -9999.0 -9999.0 -9999.0 -9999.0 -9999.0 -9999.0 -9999.0 -9999.0 -9999.0 -9999.0 -9999.0 -9999.0 -9999.0 -9999.0 -9999.0 -9999.0 -9999.0 -9999.0 -9999.0
nan nan nan nan nan nan nan nan nan nan nan nan nan nan nan nan nan nan nan nan nan nan nan nan nan nan nan nan nan nan nan 18.2 19.2 20.9 21.7 22.4 22.5 nan nan 16.0 15.3 nan nan 19.7 19.7 19.5 19.3 19.3 19.3 19.5 19.7 20.0 20.4 20.8 21.3 22.0 22.6 19.1 -9999.0 -9999.0 -9999.0 -9999.0 -9999.0 -9999.0 -9999.0 -9999.0 -9999.0 -9999.0 -9999.0 -9999.0 -9999.0 -9999.0 -9999.0 -9999.0 -9999.0 -9999.0 -9999.0 -9999.0 -9999.0 -9999.0 -9999.0 -9999.0 -9999.0 -9999.0 -9999.0 -9999.0 -9999.0 -9999.0 -9999.0 -9999.0
nan nan nan nan nan nan nan nan nan nan nan nan nan nan nan nan nan nan nan nan nan nan nan nan nan nan nan nan nan nan nan nan 17.0 21.0 21.8 22.6 nan nan nan 17.5 13.8 17.3 nan nan 19.4 19.5 19.5 19.4 19.5 19.6 19.9 20.1 20.5 21.0 21.5 22.1 22.6 22.6 -9999.0 -9999.0 -9999.0 -9999.0 -9999.0 -9999.0 -9999.0 -9999.0 -9999.0 -9999.0 -9999.0 -9999.0 -9999.0 -9999.0 -9999.0 -9999.0 -9999.0 -9999.0 -9999.0 -9999.0 -9999.0 -9999.0 -9999.0 -9999.0 nan nan nan -9999.0 -9999.0 -9999.0 -9999.0 -9999.0
nan nan nan nan nan nan nan nan nan nan nan nan nan nan nan nan nan nan nan nan nan nan nan nan nan nan nan nan nan nan nan nan 20.2 21.0 21.7 22.4 nan nan nan nan 15.5 17.1 24.1 nan 19.3 19.6 19.7 19.7 19.7 19.8 19.9 20.2 20.5 21.0 21.6 22.2 22.7 23.0 -9999.0 -9999.0 -9999.0 -9999.0 -9999.0 -9999.0 -9999.0 -9999.0 -9999.0 -9999.0 -9999.0 -9999.0 -9999.0 -9999.0 -9999.0 -9999.0 -9999.0 -9999.0 -9999.0 -9999.0 -9999.0 -9999.0 nan nan nan nan nan nan nan nan -9999.0 -9999.0
nan nan nan nan nan nan nan nan nan nan nan nan nan nan nan nan nan nan nan nan nan nan nan nan nan nan nan nan nan nan nan nan nan 21.0 21.8 22.5 nan nan nan nan 18.8 18.9 24.1 18.7 nan 19.8 20.0 19.9 19.8 19.9 20.0 20.2 20.5 21.0 21.5 22.2 22.6 23.2 -9999.0 -9999.0 -9999.0 -9999.0 -9999.0 -9999.0 -9999.0 -9999.0 -9999.0 -9999.0 -9999.0 nan nan nan nan nan nan nan nan nan nan nan nan nan nan nan nan nan nan nan nan nan
nan nan nan nan nan nan nan nan nan nan nan nan nan nan nan nan nan nan nan nan nan nan nan nan nan nan nan nan nan nan nan nan nan 20.9 21.6 22.6 22.8 nan nan nan 21.3 21.0 22.3 23.8 nan nan 19.8 19.8 19.8 19.9 20.0 20.3 20.6 21.0 21.5 22.1 22.6 23.1 -9999.0 -9999.0 -9999.0 -9999.0 -9999.0 -9999.0 -9999.0 -9999.0 -9999.0 -9999.0 nan nan nan nan nan nan nan nan nan nan nan nan nan nan nan nan nan nan nan nan nan nan
