data/output/RUN203/ECOSPACE/ECOSPACE_in_PAR3/PAR-VarZ-VarK/PAR-VarZ-VarK_1993_05.asc
ncols        93
nrows        151 
xllcorner    -123.80739
yllcorner    48.29471 
cellsize     0.013497347 
NODATA_value  0.0
[rows 80 to 119 of 151, columns 0 to 89 of 93]
nan nan nan nan nan nan nan nan nan nan nan nan nan nan nan nan nan nan nan nan nan nan nan 30.9 31.0 30.1 32.0 31.3 29.8 28.3 26.9 25.8 24.9 24.1 23.5 23.1 22.6 22.1 21.7 21.3 20.9 20.6 20.3 19.9 19.5 19.2 18.8 18.4 18.0 17.5 16.9 16.3 15.8 15.4 nan nan nan nan nan nan nan nan nan nan nan nan 14.1 14.3 14.4 14.5 nan 14.3 14.3 14.4 14.5 14.7 14.7 14.6 14.6 14.9 15.3 15.5 15.4 nan nan nan nan nan nan nan
nan nan nan nan nan nan nan nan nan nan nan nan nan nan nan nan nan nan nan nan nan nan nan nan nan nan 32.8 32.3 31.0 29.4 28.0 26.7 25.7 24.8 24.0 23.4 22.8 22.3 21.8 21.3 20.9 20.5 20.2 19.9 19.6 19.2 18.8 18.5 18.1 17.7 17.2 16.7 16.2 15.6 15.2 nan nan nan nan nan nan nan nan nan nan nan 14.3 14.4 nan nan nan nan nan 14.5 14.7 14.8 nan 14.7 14.9 15.3 15.7 15.9 nan nan nan nan nan nan nan nan
nan nan nan nan nan nan nan nan nan nan nan nan nan nan nan nan nan nan nan nan nan nan nan nan nan nan nan 32.9 32.0 30.8 29.3 27.8 26.6 25.6 24.7 23.9 23.2 22.5 21.8 21.3 20.8 20.4 20.1 19.8 19.5 19.2 18.9 18.5 18.2 17.9 17.5 17.1 16.5 15.9 15.4 15.1 nan nan nan nan nan nan nan nan nan 14.3 14.6 nan nan nan nan nan nan 14.5 14.7 14.8 nan 14.9 15.3 15.7 15.9 nan nan nan nan nan nan nan nan nan
nan nan nan nan nan nan nan nan nan nan nan nan nan nan nan nan nan nan nan nan nan nan nan nan nan nan nan nan 30.6 31.5 30.7 29.2 27.8 26.5 25.5 24.5 23.5 22.8 22.0 21.4 20.8 20.4 20.0 19.7 19.4 19.1 18.8 18.6 18.3 18.0 17.8 17.3 16.8 16.3 15.8 15.4 15.1 nan nan nan nan nan nan nan nan 14.3 14.6 nan nan nan nan nan nan 14.5 14.7 14.9 15.3 15.8 15.9 15.8 nan nan nan nan nan nan nan nan nan nan
nan nan nan nan nan nan nan nan nan nan nan nan nan nan nan nan nan nan nan nan nan nan nan nan nan nan nan nan nan 14.4 31.9 30.5 29.0 27.5 26.2 25.0 23.9 23.0 22.2 21.5 20.9 20.4 20.0 19.6 19.4 19.0 18.8 18.5 18.4 18.2 17.9 17.5 17.1 16.6 16.1 15.7 15.3 15.1 nan nan nan nan nan nan 14.2 14.4 14.5 nan 14.8 14.8 14.9 nan nan 14.6 14.9 15.2 15.6 16.2 nan nan nan nan nan nan nan nan nan nan nan nan
nan nan nan nan nan nan nan nan nan nan nan nan nan nan nan nan nan nan nan nan nan nan nan nan nan nan nan nan nan nan 15.0 31.4 30.1 28.5 27.0 25.6 24.4 23.4 22.4 21.6 21.0 20.4 20.0 19.6 19.3 19.0 18.7 18.5 18.4 18.2 18.0 17.7 17.3 16.9 16.4 16.0 15.7 15.4 nan nan nan nan nan 14.3 14.4 14.6 14.7 14.8 14.8 14.9 14.9 10.2 nan 14.7 15.0 15.4 15.8 16.1 nan nan nan nan nan nan nan nan nan nan nan nan
nan nan nan nan nan nan nan nan nan nan nan nan nan nan nan nan nan nan nan nan nan nan nan nan nan nan nan nan nan nan nan 29.3 30.7 29.5 27.9 26.4 25.0 23.9 22.8 21.9 21.2 20.6 20.1 19.6 19.3 18.9 18.7 18.5 18.4 18.2 18.1 17.8 17.5 17.2 16.7 16.3 16.0 15.7 15.4 nan nan 14.5 14.7 14.7 14.7 14.8 14.9 14.9 14.9 14.9 15.0 nan nan 14.9 15.3 15.6 16.0 16.1 nan nan nan nan nan nan nan nan nan nan nan nan
nan nan nan nan nan nan nan nan nan nan nan nan nan nan nan nan nan nan nan nan nan nan nan nan nan nan nan nan nan nan nan nan 31.5 30.1 28.7 27.2 25.7 24.4 23.2 22.2 21.4 20.7 20.2 19.7 19.3 18.9 18.7 18.5 18.4 18.3 18.1 18.0 17.7 17.4 17.1 16.7 16.3 16.0 15.7 15.3 15.1 15.1 15.1 nan 15.0 15.1 15.3 15.4 15.4 15.3 15.3 15.2 15.3 15.4 15.5 15.8 16.0 nan nan nan nan nan nan nan nan nan nan nan nan nan
nan nan nan nan nan nan nan nan nan nan nan nan nan nan nan nan nan nan nan nan nan nan nan nan nan nan nan nan nan nan 31.0 31.1 31.3 30.5 29.3 27.9 26.5 25.1 23.8 22.7 21.7 20.9 20.3 19.7 19.3 19.0 18.7 18.5 18.4 18.3 18.2 18.1 17.9 17.7 17.4 17.0 16.6 16.3 16.0 15.7 15.5 15.4 15.4 15.5 15.6 15.7 15.9 15.9 15.9 15.9 15.7 15.5 15.5 15.6 15.7 16.0 16.0 nan nan nan nan nan nan nan nan nan nan nan nan nan
nan nan nan nan nan nan nan nan nan nan nan nan nan nan nan nan nan nan nan nan nan nan nan nan nan nan nan nan nan nan nan nan 31.1 30.6 29.8 28.7 27.4 25.9 24.4 23.1 22.0 21.2 20.5 19.9 19.4 19.0 18.7 18.6 18.4 18.4 18.3 18.2 18.0 17.9 17.6 17.3 17.0 16.6 16.3 16.1 15.9 15.8 15.8 16.0 15.9 15.9 16.1 nan nan nan 15.7 15.7 15.7 15.7 15.8 16.0 nan nan nan nan nan nan nan nan nan nan nan nan nan nan
nan nan nan nan nan nan nan nan nan nan nan nan nan nan nan nan nan nan nan nan nan nan nan nan nan nan nan nan nan nan 15.8 14.4 30.9 30.7 30.1 29.4 28.3 26.9 25.1 23.7 22.5 21.5 20.7 20.0 19.5 19.1 18.8 18.6 18.4 18.4 18.3 18.2 18.1 18.0 17.8 17.5 17.3 17.0 16.7 16.4 16.2 16.1 16.0 16.1 nan nan nan nan nan nan nan 15.9 15.9 15.8 15.9 15.9 nan nan nan nan nan nan nan nan nan nan nan nan nan nan
nan nan nan nan nan nan nan nan nan nan nan nan nan nan nan nan nan nan nan nan nan nan nan nan nan nan nan nan nan nan 15.4 30.1 30.9 31.0 30.5 16.4 29.3 27.8 25.9 24.4 23.1 22.0 21.0 20.2 19.6 19.2 18.8 18.6 18.4 18.3 18.3 18.2 18.2 18.1 17.9 17.8 17.5 17.3 17.0 16.7 16.5 16.3 16.1 nan nan nan nan nan nan 15.4 15.7 15.9 15.9 15.9 15.9 nan nan nan nan nan nan nan nan nan nan nan nan nan nan nan
nan nan nan nan nan nan nan nan nan nan nan nan nan nan nan nan nan nan nan nan nan nan nan nan nan nan nan nan nan nan 15.9 29.2 31.2 31.2 nan nan nan 27.7 26.5 25.0 23.7 22.4 21.3 20.5 19.8 19.3 18.9 18.6 18.4 18.3 18.2 18.2 18.2 18.1 18.0 17.9 17.8 17.6 17.3 17.0 16.7 16.5 16.3 nan nan nan nan nan 15.5 15.6 15.7 15.9 15.9 15.8 nan nan nan nan nan nan nan nan nan nan nan nan nan nan nan nan
nan nan nan nan nan nan nan nan nan nan nan nan nan nan nan nan nan nan nan nan nan nan nan nan nan nan nan nan nan nan 15.8 14.6 31.4 31.4 nan nan nan 25.9 27.0 25.7 24.4 23.0 21.8 20.8 20.0 19.4 19.0 18.6 18.4 18.3 18.2 18.2 18.1 18.1 18.1 18.1 18.0 17.9 17.6 17.4 17.0 16.8 16.5 15.9 15.7 nan 15.4 15.5 15.6 15.7 15.8 15.8 nan nan nan nan nan nan nan nan nan nan nan nan nan nan nan nan nan nan
nan nan nan nan nan nan nan nan nan nan nan nan nan nan nan nan nan nan nan nan nan nan nan nan nan nan nan nan nan nan nan nan 31.6 25.8 nan nan nan nan 26.9 26.5 25.4 23.7 22.4 21.2 20.3 19.6 19.1 18.7 18.5 18.3 18.2 18.1 18.1 18.1 18.2 18.2 18.2 18.1 18.0 17.8 17.5 17.1 16.7 16.4 16.1 15.9 15.7 15.6 15.6 15.6 15.6 nan nan nan nan nan nan nan nan nan nan nan nan nan nan nan nan nan nan nan
nan nan nan nan nan nan nan nan nan nan nan nan nan nan nan nan nan nan nan nan nan nan nan nan nan nan nan nan nan nan nan nan nan 25.4 13.7 nan nan nan 14.3 27.6 26.5 24.6 23.0 21.7 20.6 19.8 19.2 18.8 18.5 18.3 18.2 18.1 18.1 18.2 18.3 18.3 18.4 18.4 18.4 18.2 17.9 17.6 17.2 16.8 16.5 16.1 15.8 15.7 15.7 15.6 15.5 nan nan nan nan nan nan nan nan nan nan nan nan nan nan nan nan nan nan nan
nan nan nan nan nan nan nan nan nan nan nan nan nan nan nan nan nan nan nan nan nan nan nan nan nan nan nan nan nan nan nan nan nan nan 16.1 25.0 nan nan nan nan 27.1 25.6 23.5 22.2 21.1 20.1 19.4 18.9 18.5 18.3 18.2 18.1 18.2 18.2 18.4 18.5 18.6 18.7 18.6 18.5 18.3 18.0 17.7 17.2 16.7 16.3 16.0 15.8 15.7 15.6 15.6 15.4 nan nan nan nan nan nan nan nan nan nan nan nan nan nan nan nan nan nan
nan nan nan nan nan nan nan nan nan nan nan nan nan nan nan nan nan nan nan nan nan nan nan nan nan nan nan nan nan nan nan nan nan nan nan 19.0 15.8 nan nan nan nan 24.4 23.9 22.5 21.4 20.4 19.6 19.0 18.6 18.4 18.2 18.2 18.3 18.3 18.5 18.6 18.8 18.9 18.9 18.8 18.6 18.4 17.9 17.4 16.9 16.5 16.1 15.8 15.7 15.6 15.5 15.6 15.6 10.4 nan nan nan nan nan nan nan nan nan nan nan nan nan nan nan nan
nan nan nan nan nan nan nan nan nan nan nan nan nan nan nan nan nan nan nan nan nan nan nan nan nan nan nan nan nan nan nan nan nan nan 15.6 21.5 26.0 25.9 nan 15.8 nan 22.0 23.7 22.9 21.7 20.6 19.9 19.2 18.8 18.5 18.4 18.4 18.4 18.5 18.6 18.7 18.9 19.0 19.1 19.1 18.9 18.6 18.1 17.5 16.9 16.5 16.1 15.9 15.7 15.5 15.4 15.4 15.5 15.5 nan nan nan nan nan nan nan nan nan nan nan nan nan nan nan nan
nan nan nan nan nan nan nan nan nan nan nan nan nan nan nan nan nan nan nan nan nan nan nan nan nan nan nan nan nan nan nan nan nan nan 26.3 26.4 26.6 25.9 20.1 23.4 24.4 20.4 24.4 23.3 22.2 21.0 20.2 19.5 19.0 18.7 18.5 18.5 18.5 18.6 18.6 18.8 19.0 19.1 19.2 19.2 19.0 18.6 18.1 17.5 16.9 16.3 15.8 15.5 15.1 15.7 15.4 15.4 15.5 15.6 15.7 nan nan nan nan nan nan nan nan nan nan nan nan nan nan nan
nan nan nan nan nan nan nan nan nan nan nan nan nan nan nan nan nan nan nan nan nan nan nan nan nan nan nan nan nan nan nan nan nan nan 26.4 26.6 26.6 26.7 27.2 nan 24.6 23.6 24.6 23.7 22.6 21.4 20.5 19.8 19.3 19.0 18.8 18.7 18.7 18.6 18.7 18.9 19.0 19.2 19.3 19.2 19.0 18.6 -9999.0 -9999.0 -9999.0 -9999.0 -9999.0 -9999.0 -9999.0 11.1 15.5 15.4 15.5 15.5 15.6 nan nan nan nan nan nan nan nan nan nan nan nan nan nan -9999.0
nan nan nan nan nan nan nan nan nan nan nan nan nan nan nan nan nan nan nan nan nan nan nan nan nan nan nan nan nan nan nan nan nan nan 26.3 26.4 26.4 26.4 26.5 nan nan 25.1 24.8 23.9 22.9 21.8 20.9 20.2 19.6 19.2 19.0 18.9 18.9 18.8 18.9 19.1 19.2 19.4 19.5 19.4 19.1 -9999.0 -9999.0 -9999.0 -9999.0 -9999.0 -9999.0 -9999.0 -9999.0 nan 13.2 15.4 15.6 15.1 nan nan nan nan nan nan nan nan nan nan nan nan nan nan nan -9999.0
nan nan nan nan nan nan nan nan nan nan nan nan nan nan nan nan nan nan nan nan nan nan nan nan nan nan nan nan nan nan nan nan nan nan 26.1 26.0 26.0 26.2 27.0 nan 20.4 22.5 25.0 24.1 23.1 22.1 21.2 20.5 20.0 19.5 19.3 19.1 19.1 19.1 19.2 19.3 19.4 19.6 19.7 19.5 19.2 -9999.0 -9999.0 -9999.0 -9999.0 -9999.0 -9999.0 -9999.0 -9999.0 -9999.0 -9999.0 nan 10.8 10.9 nan nan nan nan nan nan nan nan nan nan nan nan nan nan nan -9999.0
nan nan nan nan nan nan nan nan nan nan nan nan nan nan nan nan nan nan nan nan nan nan nan nan nan nan nan nan nan nan nan nan nan nan 25.8 25.8 26.3 26.9 24.8 17.2 24.6 20.9 24.9 24.4 23.4 22.5 21.6 21.0 20.4 19.9 19.5 19.4 19.4 19.4 19.5 19.6 19.8 19.9 20.0 19.8 -9999.0 -9999.0 -9999.0 -9999.0 -9999.0 -9999.0 -9999.0 -9999.0 -9999.0 -9999.0 -9999.0 nan nan nan nan nan nan nan nan nan nan nan nan nan nan nan nan nan nan -9999.0
nan nan nan nan nan nan nan nan nan nan nan nan nan nan nan nan nan nan nan nan nan nan nan nan nan nan nan nan nan nan nan nan 25.2 25.4 26.0 26.5 27.1 27.8 28.6 27.1 nan 26.3 25.4 24.6 23.7 22.8 22.0 21.3 20.7 20.1 19.8 19.7 19.6 19.7 19.8 20.0 20.1 20.3 20.4 -9999.0 -9999.0 -9999.0 -9999.0 -9999.0 -9999.0 -9999.0 -9999.0 -9999.0 -9999.0 -9999.0 -9999.0 -9999.0 nan nan nan nan nan nan nan nan nan nan nan nan nan nan nan nan nan -9999.0
nan nan nan nan nan nan nan nan nan nan nan nan nan nan nan nan nan nan nan nan nan nan nan nan nan nan nan nan nan 15.9 nan nan 26.2 26.4 26.6 27.1 27.9 28.6 29.5 nan nan 25.9 25.5 24.8 23.9 23.0 22.3 21.6 21.0 20.5 20.1 20.0 20.0 20.1 20.2 20.3 20.6 20.9 20.9 -9999.0 -9999.0 -9999.0 -9999.0 -9999.0 -9999.0 -9999.0 -9999.0 -9999.0 -9999.0 -9999.0 -9999.0 -9999.0 -9999.0 -9999.0 nan nan nan nan nan nan nan nan nan nan nan nan nan nan nan -9999.0
nan nan nan nan nan nan nan nan nan nan nan nan nan nan nan nan nan nan nan nan nan nan nan nan nan nan nan nan nan 13.7 13.7 nan 26.8 27.2 25.7 24.2 27.4 28.8 29.1 28.0 nan 26.0 25.7 25.0 24.2 23.2 22.5 21.8 21.2 20.7 20.4 20.3 20.3 20.4 20.6 20.8 21.1 21.4 -9999.0 -9999.0 -9999.0 -9999.0 -9999.0 -9999.0 -9999.0 -9999.0 -9999.0 -9999.0 -9999.0 -9999.0 -9999.0 -9999.0 -9999.0 -9999.0 -9999.0 nan nan nan nan nan nan nan nan nan nan nan nan nan nan -9999.0
nan nan nan nan nan nan nan nan nan nan nan nan nan nan nan nan nan nan nan nan nan nan nan nan nan nan nan nan nan 14.4 26.6 26.7 27.2 27.8 28.6 nan 14.6 28.5 28.8 29.0 nan 25.4 26.3 25.5 24.5 23.5 22.7 22.0 21.4 21.0 20.7 20.6 20.7 20.8 21.0 21.2 21.7 22.0 -9999.0 -9999.0 -9999.0 -9999.0 -9999.0 -9999.0 -9999.0 -9999.0 -9999.0 -9999.0 -9999.0 -9999.0 -9999.0 -9999.0 -9999.0 -9999.0 -9999.0 -9999.0 nan nan nan nan nan nan nan nan nan nan nan nan nan -9999.0
nan nan nan nan nan nan nan nan nan nan nan nan nan nan nan nan nan nan nan nan nan nan nan nan nan nan nan nan nan nan 26.2 26.6 27.3 28.1 27.7 nan nan 28.2 28.4 29.3 nan 23.2 24.8 25.8 24.8 23.7 22.9 22.2 21.7 21.3 21.0 20.9 21.0 21.2 21.5 21.7 22.2 22.4 -9999.0 -9999.0 -9999.0 -9999.0 -9999.0 -9999.0 -9999.0 -9999.0 -9999.0 -9999.0 -9999.0 -9999.0 -9999.0 -9999.0 -9999.0 -9999.0 -9999.0 -9999.0 -9999.0 nan nan nan nan nan nan nan nan nan nan nan nan -9999.0
nan nan nan nan nan nan nan nan nan nan nan nan nan nan nan nan nan nan nan nan nan nan nan nan nan nan nan nan nan nan 23.9 26.6 27.4 28.2 25.4 nan 16.2 22.5 25.3 15.2 23.1 19.2 21.5 25.5 24.9 23.9 23.0 22.4 21.9 21.6 21.4 21.3 21.4 21.6 22.0 22.2 22.7 22.5 -9999.0 -9999.0 -9999.0 -9999.0 -9999.0 -9999.0 -9999.0 -9999.0 -9999.0 -9999.0 -9999.0 -9999.0 -9999.0 -9999.0 -9999.0 -9999.0 -9999.0 -9999.0 -9999.0 -9999.0 nan nan nan nan nan nan nan nan nan nan nan -9999.0
nan nan nan nan nan nan nan nan nan nan nan nan nan nan nan nan nan nan nan nan nan nan nan nan nan nan nan nan nan nan 24.3 26.2 27.4 28.2 27.8 16.2 nan 25.7 20.1 15.6 20.1 nan 26.2 25.8 24.9 24.0 23.2 22.5 22.1 21.9 21.7 21.6 21.7 22.0 22.5 22.8 22.8 17.4 -9999.0 -9999.0 -9999.0 -9999.0 -9999.0 -9999.0 -9999.0 -9999.0 -9999.0 -9999.0 -9999.0 -9999.0 -9999.0 -9999.0 -9999.0 -9999.0 -9999.0 -9999.0 -9999.0 -9999.0 -9999.0 -9999.0 nan nan nan nan nan nan nan nan nan -9999.0
nan nan nan nan nan nan nan nan nan nan nan nan nan nan nan nan nan nan nan nan nan nan nan nan nan nan nan nan nan nan nan 26.8 27.4 28.1 28.8 nan nan 20.1 19.9 18.0 nan nan 26.3 25.9 25.1 24.2 23.4 22.7 22.3 22.1 22.0 22.0 22.1 22.5 23.0 23.5 22.5 19.8 -9999.0 -9999.0 -9999.0 -9999.0 -9999.0 -9999.0 -9999.0 -9999.0 -9999.0 -9999.0 -9999.0 nan nan nan -9999.0 -9999.0 -9999.0 -9999.0 -9999.0 -9999.0 -9999.0 -9999.0 -9999.0 -9999.0 -9999.0 -9999.0 -9999.0 nan nan nan -9999.0 -9999.0
nan nan nan nan nan nan nan nan nan nan nan nan nan nan nan nan nan nan nan nan nan nan nan nan nan nan nan nan nan nan nan 26.2 27.1 28.0 28.9 nan 15.1 18.5 26.5 16.3 nan nan 26.4 26.1 25.3 24.5 23.6 23.0 22.6 22.4 22.2 22.3 22.5 22.9 23.4 24.1 24.1 21.0 -9999.0 -9999.0 -9999.0 -9999.0 -9999.0 -9999.0 -9999.0 -9999.0 -9999.0 -9999.0 -9999.0 nan nan nan nan nan -9999.0 -9999.0 -9999.0 -9999.0 -9999.0 -9999.0 -9999.0 -9999.0 -9999.0 -9999.0 -9999.0 -9999.0 -9999.0 -9999.0 -9999.0 -9999.0
nan nan nan nan nan nan nan nan nan nan nan nan nan nan nan nan nan nan nan nan nan nan nan nan nan nan nan nan nan nan nan 15.9 26.9 27.9 29.0 28.9 25.2 21.0 17.0 13.7 16.5 nan 26.3 26.2 25.6 24.8 24.0 23.3 22.9 22.6 22.5 22.5 22.8 23.2 23.7 24.4 24.3 19.2 -9999.0 -9999.0 -9999.0 -9999.0 -9999.0 -9999.0 -9999.0 -9999.0 -9999.0 -9999.0 -9999.0 -9999.0 -9999.0 -9999.0 -9999.0 -9999.0 -9999.0 -9999.0 -9999.0 -9999.0 -9999.0 -9999.0 -9999.0 -9999.0 -9999.0 -9999.0 -9999.0 -9999.0 -9999.0 -9999.0 -9999.0 -9999.0
nan nan nan nan nan nan nan nan nan nan nan nan nan nan nan nan nan nan nan nan nan nan nan nan nan nan nan nan nan nan nan 15.9 26.7 27.9 29.1 30.0 30.3 nan 18.7 21.6 13.4 nan 26.4 26.7 26.0 25.2 24.5 23.8 23.3 23.0 22.8 22.8 23.1 23.5 24.0 24.7 24.6 21.2 -9999.0 -9999.0 -9999.0 -9999.0 -9999.0 -9999.0 -9999.0 -9999.0 -9999.0 -9999.0 -9999.0 -9999.0 -9999.0 -9999.0 -9999.0 -9999.0 -9999.0 -9999.0 -9999.0 -9999.0 -9999.0 -9999.0 -9999.0 -9999.0 -9999.0 -9999.0 -9999.0 -9999.0 -9999.0 -9999.0 -9999.0 -9999.0
nan nan nan nan nan nan nan nan nan nan nan nan nan nan nan nan nan nan nan nan nan nan nan nan nan nan nan nan nan nan nan 15.9 24.7 27.6 29.0 29.9 30.1 nan nan 19.6 15.9 nan nan 27.0 26.8 25.9 25.0 24.2 23.7 23.3 23.2 23.1 23.3 23.7 24.4 25.0 25.6 20.3 -9999.0 -9999.0 -9999.0 -9999.0 -9999.0 -9999.0 -9999.0 -9999.0 -9999.0 -9999.0 -9999.0 -9999.0 -9999.0 -9999.0 -9999.0 -9999.0 -9999.0 -9999.0 -9999.0 -9999.0 -9999.0 -9999.0 -9999.0 -9999.0 -9999.0 -9999.0 -9999.0 -9999.0 -9999.0 -9999.0 -9999.0 -9999.0
nan nan nan nan nan nan nan nan nan nan nan nan nan nan nan nan nan nan nan nan nan nan nan nan nan nan nan nan nan nan nan nan 15.2 28.0 29.0 30.0 nan nan nan 20.7 15.2 16.0 nan nan 26.4 26.0 25.4 24.7 24.1 23.7 23.5 23.5 23.7 24.0 24.6 25.2 25.5 22.1 -9999.0 -9999.0 -9999.0 -9999.0 -9999.0 -9999.0 -9999.0 -9999.0 -9999.0 -9999.0 -9999.0 -9999.0 -9999.0 -9999.0 -9999.0 -9999.0 -9999.0 -9999.0 -9999.0 -9999.0 -9999.0 -9999.0 -9999.0 -9999.0 nan nan nan -9999.0 -9999.0 -9999.0 -9999.0 -9999.0
nan nan nan nan nan nan nan nan nan nan nan nan nan nan nan nan nan nan nan nan nan nan nan nan nan nan nan nan nan nan nan nan 26.7 27.8 28.9 30.1 nan nan nan nan 17.4 15.6 26.3 nan 25.4 26.2 25.8 25.0 24.5 24.1 23.9 23.9 24.0 24.4 24.9 25.5 25.9 25.9 -9999.0 -9999.0 -9999.0 -9999.0 -9999.0 -9999.0 -9999.0 -9999.0 -9999.0 -9999.0 -9999.0 -9999.0 -9999.0 -9999.0 -9999.0 -9999.0 -9999.0 -9999.0 -9999.0 -9999.0 -9999.0 -9999.0 nan nan nan nan nan nan nan nan -9999.0 -9999.0
nan nan nan nan nan nan nan nan nan nan nan nan nan nan nan nan nan nan nan nan nan nan nan nan nan nan nan nan nan nan nan nan nan 27.9 29.1 30.4 nan nan nan nan 22.2 17.4 21.1 19.5 nan 26.6 26.5 25.6 25.0 24.6 24.4 24.2 24.4 24.7 25.2 25.4 26.0 26.7 -9999.0 -9999.0 -9999.0 -9999.0 -9999.0 -9999.0 -9999.0 -9999.0 -9999.0 -9999.0 -9999.0 nan nan nan nan nan nan nan nan nan nan nan nan nan nan nan nan nan nan nan nan nan
nan nan nan nan nan nan nan nan nan nan nan nan nan nan nan nan nan nan nan nan nan nan nan nan nan nan nan nan nan nan nan nan nan 28.0 29.4 30.8 30.9 nan nan nan 29.4 19.3 18.5 28.8 nan nan 26.1 25.9 25.5 25.1 24.8 24.7 24.8 25.1 25.6 26.2 27.0 27.7 -9999.0 -9999.0 -9999.0 -9999.0 -9999.0 -9999.0 -9999.0 -9999.0 -9999.0 -9999.0 nan nan nan nan nan nan nan nan nan nan nan nan nan nan nan nan nan nan nan nan nan nan
