data/output/RUN203/ECOSPACE/ECOSPACE_in_PAR3/PAR-VarZ-VarK/PAR-VarZ-VarK_2016_05.asc
ncols        93
nrows        151 
xllcorner    -123.80739
yllcorner    48.29471 
cellsize     0.013497347 
NODATA_value  0.0
[rows 80 to 119 of 151, columns 0 to 89 of 93]
nan nan nan nan nan nan nan nan nan nan nan nan nan nan nan nan nan nan nan nan nan nan nan 38.3 37.5 37.5 38.3 38.1 37.2 36.5 35.7 34.9 34.1 33.5 33.1 32.7 32.5 32.4 32.4 32.3 32.0 31.5 30.8 29.9 28.8 27.7 26.6 25.5 24.5 23.4 22.4 21.3 20.3 19.7 nan nan nan nan nan nan nan nan nan nan nan nan 15.0 15.1 15.2 15.2 nan 14.8 14.7 14.7 14.6 14.6 14.5 14.3 14.2 14.4 14.7 14.8 14.6 nan nan nan nan nan nan nan
nan nan nan nan nan nan nan nan nan nan nan nan nan nan nan nan nan nan nan nan nan nan nan nan nan nan 39.7 38.8 37.4 36.7 36.5 35.7 34.9 34.1 33.6 33.3 33.0 32.8 32.7 32.5 32.1 31.6 31.0 30.1 29.0 27.9 26.7 25.7 24.7 23.7 22.8 21.8 20.9 20.0 18.9 nan nan nan nan nan nan nan nan nan nan nan 15.4 15.3 nan nan nan nan nan 14.8 14.7 14.7 nan 14.3 14.4 14.7 14.9 15.0 nan nan nan nan nan nan nan nan
nan nan nan nan nan nan nan nan nan nan nan nan nan nan nan nan nan nan nan nan nan nan nan nan nan nan nan 39.2 38.2 37.7 36.7 36.5 35.6 34.8 34.1 33.8 33.5 33.2 32.9 32.5 32.1 31.6 31.0 30.0 28.9 27.8 26.7 25.7 24.8 23.9 23.0 22.1 21.1 20.3 19.3 18.6 nan nan nan nan nan nan nan nan nan 15.3 15.7 nan nan nan nan nan nan 14.8 14.7 14.7 nan 14.5 14.7 15.0 15.1 nan nan nan nan nan nan nan nan nan
nan nan nan nan nan nan nan nan nan nan nan nan nan nan nan nan nan nan nan nan nan nan nan nan nan nan nan nan 37.9 38.0 38.1 37.4 36.5 35.7 34.9 34.4 34.0 33.5 33.0 32.5 32.0 31.6 30.9 29.8 28.6 27.5 26.4 25.5 24.7 24.0 23.2 22.3 21.5 20.7 19.8 19.0 18.4 nan nan nan nan nan nan nan nan 15.4 15.6 nan nan nan nan nan nan 14.8 14.8 14.8 15.1 15.4 15.2 15.1 nan nan nan nan nan nan nan nan nan nan
nan nan nan nan nan nan nan nan nan nan nan nan nan nan nan nan nan nan nan nan nan nan nan nan nan nan nan nan nan 17.2 39.0 37.9 37.3 36.4 35.7 35.0 34.6 34.0 33.3 32.7 32.1 31.5 30.8 29.7 28.4 27.2 26.2 25.3 24.6 24.0 23.3 22.6 21.8 21.0 20.2 19.3 18.6 18.1 nan nan nan nan nan nan 15.5 15.6 15.6 nan 15.6 15.6 15.5 nan nan 14.8 14.9 15.0 15.3 15.8 nan nan nan nan nan nan nan nan nan nan nan nan
nan nan nan nan nan nan nan nan nan nan nan nan nan nan nan nan nan nan nan nan nan nan nan nan nan nan nan nan nan nan 18.0 38.1 37.6 37.0 36.1 35.6 35.0 34.4 33.8 33.0 32.3 31.6 30.7 29.5 28.2 27.0 25.9 25.0 24.4 23.8 23.3 22.6 22.0 21.3 20.5 19.8 19.1 18.6 nan nan nan nan nan 15.7 15.7 15.8 15.8 15.8 15.7 15.6 15.5 10.8 nan 14.9 15.0 15.1 15.4 15.5 nan nan nan nan nan nan nan nan nan nan nan nan
nan nan nan nan nan nan nan nan nan nan nan nan nan nan nan nan nan nan nan nan nan nan nan nan nan nan nan nan nan nan nan 36.3 37.9 37.7 37.0 36.1 35.6 34.9 34.2 33.5 32.6 31.7 30.5 29.3 28.0 26.9 25.8 24.9 24.3 23.7 23.2 22.7 22.1 21.5 20.8 20.1 19.5 18.9 18.2 nan nan 16.2 16.3 16.2 16.0 16.1 16.1 16.0 15.9 15.8 15.7 nan nan 15.1 15.1 15.3 15.5 15.5 nan nan nan nan nan nan nan nan nan nan nan nan
nan nan nan nan nan nan nan nan nan nan nan nan nan nan nan nan nan nan nan nan nan nan nan nan nan nan nan nan nan nan nan nan 38.6 38.0 37.5 36.6 36.0 35.3 34.6 33.8 32.9 31.7 30.4 29.1 27.9 26.7 25.7 24.8 24.1 23.6 23.1 22.7 22.1 21.5 20.9 20.3 19.7 19.2 18.5 17.7 17.3 17.1 16.9 nan 16.4 16.5 16.6 16.6 16.5 16.3 16.1 15.7 15.5 15.4 15.3 15.4 15.5 nan nan nan nan nan nan nan nan nan nan nan nan nan
nan nan nan nan nan nan nan nan nan nan nan nan nan nan nan nan nan nan nan nan nan nan nan nan nan nan nan nan nan nan 38.6 38.5 38.4 38.0 37.3 36.7 36.0 35.6 34.9 34.1 33.1 31.8 30.5 29.0 27.7 26.5 25.5 24.7 24.0 23.5 23.1 22.7 22.3 21.8 21.2 20.6 20.0 19.4 18.9 18.3 17.9 17.5 17.3 17.3 17.1 17.0 17.1 17.1 16.9 16.8 16.5 16.1 15.8 15.5 15.4 15.6 15.5 nan nan nan nan nan nan nan nan nan nan nan nan nan
nan nan nan nan nan nan nan nan nan nan nan nan nan nan nan nan nan nan nan nan nan nan nan nan nan nan nan nan nan nan nan nan 38.0 37.6 37.0 36.1 35.8 35.7 35.0 34.2 33.2 31.9 30.5 29.0 27.5 26.3 25.3 24.5 23.9 23.5 23.1 22.7 22.4 22.0 21.5 21.0 20.5 20.0 19.4 18.8 18.4 18.0 17.9 17.8 17.5 17.2 17.2 nan nan nan 16.7 16.4 16.0 15.6 15.6 15.6 nan nan nan nan nan nan nan nan nan nan nan nan nan nan
nan nan nan nan nan nan nan nan nan nan nan nan nan nan nan nan nan nan nan nan nan nan nan nan nan nan nan nan nan nan 18.7 17.0 37.4 37.0 36.5 36.3 35.8 35.5 35.0 34.2 33.2 31.8 30.4 28.8 27.3 26.1 25.1 24.4 23.8 23.4 23.2 22.8 22.4 22.1 21.8 21.5 21.0 20.5 19.9 19.3 18.8 18.4 18.1 18.0 nan nan nan nan nan nan nan 16.6 16.0 15.7 15.6 15.6 nan nan nan nan nan nan nan nan nan nan nan nan nan nan
nan nan nan nan nan nan nan nan nan nan nan nan nan nan nan nan nan nan nan nan nan nan nan nan nan nan nan nan nan nan 18.4 36.9 37.3 37.3 36.8 19.7 36.5 36.3 35.4 34.4 33.1 31.7 30.1 28.6 27.2 26.0 25.2 24.4 23.9 23.5 23.2 22.9 22.5 22.3 22.0 21.7 21.3 20.9 20.3 19.7 19.1 18.6 18.1 nan nan nan nan nan nan 16.2 16.3 16.3 16.0 15.7 15.6 nan nan nan nan nan nan nan nan nan nan nan nan nan nan nan
nan nan nan nan nan nan nan nan nan nan nan nan nan nan nan nan nan nan nan nan nan nan nan nan nan nan nan nan nan nan 18.7 35.3 37.1 37.0 nan nan nan 36.0 35.4 34.1 32.9 31.5 29.9 28.4 27.1 26.0 25.2 24.5 24.0 23.6 23.3 23.0 22.6 22.4 22.1 21.8 21.5 21.2 20.6 20.0 19.4 18.8 18.3 nan nan nan nan nan 16.3 16.2 16.1 15.9 15.8 15.7 nan nan nan nan nan nan nan nan nan nan nan nan nan nan nan nan
nan nan nan nan nan nan nan nan nan nan nan nan nan nan nan nan nan nan nan nan nan nan nan nan nan nan nan nan nan nan 18.5 17.1 36.8 36.7 nan nan nan 33.8 34.7 34.2 32.9 31.4 29.8 28.3 27.0 26.0 25.1 24.5 24.0 23.7 23.4 23.0 22.7 22.5 22.2 22.0 21.6 21.3 20.8 20.2 19.6 19.0 18.4 17.5 17.0 nan 16.5 16.5 16.3 16.1 15.9 15.7 nan nan nan nan nan nan nan nan nan nan nan nan nan nan nan nan nan nan
nan nan nan nan nan nan nan nan nan nan nan nan nan nan nan nan nan nan nan nan nan nan nan nan nan nan nan nan nan nan nan nan 36.6 30.1 nan nan nan nan 34.2 34.2 33.0 31.4 29.6 28.1 26.9 25.9 25.2 24.6 24.2 23.9 23.5 23.2 22.9 22.6 22.3 22.1 21.8 21.4 21.0 20.5 19.9 19.2 18.5 17.9 17.4 17.0 16.8 16.5 16.3 16.0 15.8 nan nan nan nan nan nan nan nan nan nan nan nan nan nan nan nan nan nan nan
nan nan nan nan nan nan nan nan nan nan nan nan nan nan nan nan nan nan nan nan nan nan nan nan nan nan nan nan nan nan nan nan nan 29.2 15.0 nan nan nan 17.1 35.4 34.0 31.6 29.6 27.9 26.8 25.8 25.2 24.7 24.3 24.0 23.7 23.4 23.0 22.7 22.4 22.2 21.9 21.6 21.2 20.7 20.2 19.6 18.8 18.1 17.6 17.1 16.7 16.4 16.2 15.9 15.6 nan nan nan nan nan nan nan nan nan nan nan nan nan nan nan nan nan nan nan
nan nan nan nan nan nan nan nan nan nan nan nan nan nan nan nan nan nan nan nan nan nan nan nan nan nan nan nan nan nan nan nan nan nan 16.2 28.8 nan nan nan nan 33.8 32.1 29.6 27.9 26.7 25.7 25.2 24.7 24.4 24.1 23.8 23.5 23.2 22.9 22.6 22.3 22.1 21.8 21.4 20.9 20.3 19.7 19.0 18.3 17.7 17.1 16.7 16.4 16.1 15.8 15.6 15.4 nan nan nan nan nan nan nan nan nan nan nan nan nan nan nan nan nan nan
nan nan nan nan nan nan nan nan nan nan nan nan nan nan nan nan nan nan nan nan nan nan nan nan nan nan nan nan nan nan nan nan nan nan nan 21.0 18.3 nan nan nan nan 30.2 29.5 27.9 26.6 25.8 25.1 24.8 24.5 24.2 23.9 23.6 23.3 23.1 22.8 22.5 22.2 21.9 21.5 21.0 20.4 19.7 19.0 18.3 17.6 17.0 16.6 16.3 15.9 15.7 15.5 15.4 15.3 10.6 nan nan nan nan nan nan nan nan nan nan nan nan nan nan nan nan
nan nan nan nan nan nan nan nan nan nan nan nan nan nan nan nan nan nan nan nan nan nan nan nan nan nan nan nan nan nan nan nan nan nan 18.3 22.0 30.5 30.4 nan 18.2 nan 27.6 29.3 27.9 26.7 25.8 25.2 24.8 24.5 24.3 24.0 23.7 23.5 23.2 22.9 22.6 22.3 22.0 21.6 21.0 20.4 19.6 18.9 18.2 17.5 16.9 16.5 16.2 15.9 15.6 15.4 15.3 15.3 15.1 nan nan nan nan nan nan nan nan nan nan nan nan nan nan nan nan
nan nan nan nan nan nan nan nan nan nan nan nan nan nan nan nan nan nan nan nan nan nan nan nan nan nan nan nan nan nan nan nan nan nan 30.5 30.6 30.9 29.4 19.8 26.5 28.0 24.1 28.0 27.7 26.5 25.6 25.2 25.0 24.7 24.4 24.2 23.9 23.7 23.3 23.0 22.7 22.4 22.0 21.5 20.9 20.2 19.5 18.7 17.9 17.2 16.6 15.9 15.9 15.4 15.7 15.4 15.3 15.2 15.2 15.2 nan nan nan nan nan nan nan nan nan nan nan nan nan nan nan
nan nan nan nan nan nan nan nan nan nan nan nan nan nan nan nan nan nan nan nan nan nan nan nan nan nan nan nan nan nan nan nan nan nan 30.9 30.9 30.8 30.7 30.5 nan 29.6 27.7 29.0 27.8 26.5 25.7 25.4 25.1 24.9 24.5 24.3 24.1 23.8 23.5 23.2 22.8 22.5 22.0 21.5 20.8 20.1 19.3 -9999.0 -9999.0 -9999.0 -9999.0 -9999.0 -9999.0 -9999.0 11.6 15.4 15.3 15.3 15.2 15.2 nan nan nan nan nan nan nan nan nan nan nan nan nan nan -9999.0
nan nan nan nan nan nan nan nan nan nan nan nan nan nan nan nan nan nan nan nan nan nan nan nan nan nan nan nan nan nan nan nan nan nan 30.6 30.6 30.5 30.4 30.4 nan nan 29.8 29.1 27.8 26.7 25.9 25.7 25.4 25.1 24.8 24.6 24.4 24.0 23.7 23.4 23.0 22.6 22.1 21.5 20.7 19.9 -9999.0 -9999.0 -9999.0 -9999.0 -9999.0 -9999.0 -9999.0 -9999.0 nan 13.9 15.3 15.2 14.9 nan nan nan nan nan nan nan nan nan nan nan nan nan nan nan -9999.0
nan nan nan nan nan nan nan nan nan nan nan nan nan nan nan nan nan nan nan nan nan nan nan nan nan nan nan nan nan nan nan nan nan nan 30.2 30.1 30.1 30.1 30.4 nan 23.8 26.9 28.8 28.1 27.0 26.2 25.9 25.5 25.3 25.1 24.9 24.6 24.3 24.0 23.6 23.2 22.7 22.1 21.4 20.6 19.7 -9999.0 -9999.0 -9999.0 -9999.0 -9999.0 -9999.0 -9999.0 -9999.0 -9999.0 -9999.0 nan 11.1 11.1 nan nan nan nan nan nan nan nan nan nan nan nan nan nan nan -9999.0
nan nan nan nan nan nan nan nan nan nan nan nan nan nan nan nan nan nan nan nan nan nan nan nan nan nan nan nan nan nan nan nan nan nan 29.8 29.9 30.1 29.7 26.4 17.7 26.9 23.3 28.2 28.1 27.2 26.6 26.1 25.8 25.5 25.3 25.1 24.8 24.5 24.2 23.9 23.4 22.9 22.2 21.4 20.5 -9999.0 -9999.0 -9999.0 -9999.0 -9999.0 -9999.0 -9999.0 -9999.0 -9999.0 -9999.0 -9999.0 nan nan nan nan nan nan nan nan nan nan nan nan nan nan nan nan nan nan -9999.0
nan nan nan nan nan nan nan nan nan nan nan nan nan nan nan nan nan nan nan nan nan nan nan nan nan nan nan nan nan nan nan nan 28.1 28.9 30.0 30.2 30.6 30.8 30.3 28.7 nan 29.7 28.7 28.0 27.2 26.8 26.5 26.1 25.7 25.5 25.2 24.9 24.6 24.3 24.0 23.6 23.1 22.2 21.4 -9999.0 -9999.0 -9999.0 -9999.0 -9999.0 -9999.0 -9999.0 -9999.0 -9999.0 -9999.0 -9999.0 -9999.0 -9999.0 nan nan nan nan nan nan nan nan nan nan nan nan nan nan nan nan nan -9999.0
nan nan nan nan nan nan nan nan nan nan nan nan nan nan nan nan nan nan nan nan nan nan nan nan nan nan nan nan nan 18.4 nan nan 30.0 30.3 30.4 30.4 31.1 31.4 31.7 nan nan 28.9 28.8 28.4 27.8 27.2 26.6 26.2 25.8 25.4 25.1 24.8 24.6 24.4 24.2 23.8 23.3 22.5 21.6 -9999.0 -9999.0 -9999.0 -9999.0 -9999.0 -9999.0 -9999.0 -9999.0 -9999.0 -9999.0 -9999.0 -9999.0 -9999.0 -9999.0 -9999.0 nan nan nan nan nan nan nan nan nan nan nan nan nan nan nan -9999.0
nan nan nan nan nan nan nan nan nan nan nan nan nan nan nan nan nan nan nan nan nan nan nan nan nan nan nan nan nan 15.7 15.7 nan 30.3 30.5 28.5 27.2 29.7 31.3 31.4 29.6 nan 29.2 29.1 28.7 28.0 27.4 26.8 26.2 25.8 25.4 25.0 24.7 24.5 24.4 24.2 24.0 23.5 22.8 -9999.0 -9999.0 -9999.0 -9999.0 -9999.0 -9999.0 -9999.0 -9999.0 -9999.0 -9999.0 -9999.0 -9999.0 -9999.0 -9999.0 -9999.0 -9999.0 -9999.0 nan nan nan nan nan nan nan nan nan nan nan nan nan nan -9999.0
nan nan nan nan nan nan nan nan nan nan nan nan nan nan nan nan nan nan nan nan nan nan nan nan nan nan nan nan nan 16.6 30.5 30.5 30.8 31.3 31.9 nan 16.5 31.0 31.1 31.2 nan 28.3 29.6 29.2 28.3 27.6 26.9 26.3 25.8 25.4 25.0 24.6 24.3 24.3 24.1 24.0 23.7 23.1 -9999.0 -9999.0 -9999.0 -9999.0 -9999.0 -9999.0 -9999.0 -9999.0 -9999.0 -9999.0 -9999.0 -9999.0 -9999.0 -9999.0 -9999.0 -9999.0 -9999.0 -9999.0 nan nan nan nan nan nan nan nan nan nan nan nan nan -9999.0
nan nan nan nan nan nan nan nan nan nan nan nan nan nan nan nan nan nan nan nan nan nan nan nan nan nan nan nan nan nan 29.6 30.4 31.1 31.8 30.4 nan nan 30.3 30.4 30.2 nan 25.3 26.9 28.9 28.4 27.7 27.0 26.3 25.7 25.4 25.1 24.6 24.4 24.4 24.3 24.2 24.0 23.4 -9999.0 -9999.0 -9999.0 -9999.0 -9999.0 -9999.0 -9999.0 -9999.0 -9999.0 -9999.0 -9999.0 -9999.0 -9999.0 -9999.0 -9999.0 -9999.0 -9999.0 -9999.0 -9999.0 nan nan nan nan nan nan nan nan nan nan nan nan -9999.0
nan nan nan nan nan nan nan nan nan nan nan nan nan nan nan nan nan nan nan nan nan nan nan nan nan nan nan nan nan nan 27.5 30.5 31.2 31.9 28.1 nan 18.4 23.1 26.3 15.4 23.3 19.4 22.9 27.6 28.3 27.7 27.0 26.3 25.8 25.5 25.2 24.8 24.7 24.6 24.5 24.4 24.1 23.1 -9999.0 -9999.0 -9999.0 -9999.0 -9999.0 -9999.0 -9999.0 -9999.0 -9999.0 -9999.0 -9999.0 -9999.0 -9999.0 -9999.0 -9999.0 -9999.0 -9999.0 -9999.0 -9999.0 -9999.0 nan nan nan nan nan nan nan nan nan nan nan -9999.0
nan nan nan nan nan nan nan nan nan nan nan nan nan nan nan nan nan nan nan nan nan nan nan nan nan nan nan nan nan nan 28.1 30.1 31.1 31.6 30.4 18.4 nan 27.3 20.6 14.8 20.1 nan 28.5 28.9 28.4 27.9 27.2 26.5 26.0 25.6 25.3 24.9 24.8 24.8 24.7 24.4 24.0 17.4 -9999.0 -9999.0 -9999.0 -9999.0 -9999.0 -9999.0 -9999.0 -9999.0 -9999.0 -9999.0 -9999.0 -9999.0 -9999.0 -9999.0 -9999.0 -9999.0 -9999.0 -9999.0 -9999.0 -9999.0 -9999.0 -9999.0 nan nan nan nan nan nan nan nan nan -9999.0
nan nan nan nan nan nan nan nan nan nan nan nan nan nan nan nan nan nan nan nan nan nan nan nan nan nan nan nan nan nan nan 30.2 30.6 31.1 31.7 nan nan 20.3 20.2 17.0 nan nan 29.1 29.1 28.7 28.1 27.4 26.8 26.3 25.9 25.4 25.1 25.0 25.0 25.0 24.9 23.9 19.2 -9999.0 -9999.0 -9999.0 -9999.0 -9999.0 -9999.0 -9999.0 -9999.0 -9999.0 -9999.0 -9999.0 nan nan nan -9999.0 -9999.0 -9999.0 -9999.0 -9999.0 -9999.0 -9999.0 -9999.0 -9999.0 -9999.0 -9999.0 -9999.0 -9999.0 nan nan nan -9999.0 -9999.0
nan nan nan nan nan nan nan nan nan nan nan nan nan nan nan nan nan nan nan nan nan nan nan nan nan nan nan nan nan nan nan 29.7 30.4 31.1 31.9 nan 16.7 17.9 27.2 15.4 nan nan 29.0 29.1 29.0 28.5 27.8 27.2 26.7 26.1 25.6 25.3 25.2 25.2 25.3 25.4 25.0 20.1 -9999.0 -9999.0 -9999.0 -9999.0 -9999.0 -9999.0 -9999.0 -9999.0 -9999.0 -9999.0 -9999.0 nan nan nan nan nan -9999.0 -9999.0 -9999.0 -9999.0 -9999.0 -9999.0 -9999.0 -9999.0 -9999.0 -9999.0 -9999.0 -9999.0 -9999.0 -9999.0 -9999.0 -9999.0
nan nan nan nan nan nan nan nan nan nan nan nan nan nan nan nan nan nan nan nan nan nan nan nan nan nan nan nan nan nan nan 18.1 30.2 31.2 32.0 31.7 27.4 21.9 16.7 13.4 16.2 nan 29.2 29.3 29.2 28.9 28.3 27.7 27.0 26.5 25.9 25.6 25.4 25.4 25.5 25.7 25.9 20.2 -9999.0 -9999.0 -9999.0 -9999.0 -9999.0 -9999.0 -9999.0 -9999.0 -9999.0 -9999.0 -9999.0 -9999.0 -9999.0 -9999.0 -9999.0 -9999.0 -9999.0 -9999.0 -9999.0 -9999.0 -9999.0 -9999.0 -9999.0 -9999.0 -9999.0 -9999.0 -9999.0 -9999.0 -9999.0 -9999.0 -9999.0 -9999.0
nan nan nan nan nan nan nan nan nan nan nan nan nan nan nan nan nan nan nan nan nan nan nan nan nan nan nan nan nan nan nan 18.0 29.9 31.2 32.1 32.8 33.3 nan 19.1 22.0 12.9 nan 29.2 29.5 29.2 29.2 28.8 28.2 27.5 27.0 26.5 26.0 25.8 25.7 25.8 26.0 26.1 20.0 -9999.0 -9999.0 -9999.0 -9999.0 -9999.0 -9999.0 -9999.0 -9999.0 -9999.0 -9999.0 -9999.0 -9999.0 -9999.0 -9999.0 -9999.0 -9999.0 -9999.0 -9999.0 -9999.0 -9999.0 -9999.0 -9999.0 -9999.0 -9999.0 -9999.0 -9999.0 -9999.0 -9999.0 -9999.0 -9999.0 -9999.0 -9999.0
nan nan nan nan nan nan nan nan nan nan nan nan nan nan nan nan nan nan nan nan nan nan nan nan nan nan nan nan nan nan nan 18.0 27.0 30.6 32.1 32.8 33.2 nan nan 19.5 15.7 nan nan 29.7 29.9 29.5 29.1 28.6 28.2 27.5 26.9 26.5 26.2 26.1 26.1 26.1 26.4 19.7 -9999.0 -9999.0 -9999.0 -9999.0 -9999.0 -9999.0 -9999.0 -9999.0 -9999.0 -9999.0 -9999.0 -9999.0 -9999.0 -9999.0 -9999.0 -9999.0 -9999.0 -9999.0 -9999.0 -9999.0 -9999.0 -9999.0 -9999.0 -9999.0 -9999.0 -9999.0 -9999.0 -9999.0 -9999.0 -9999.0 -9999.0 -9999.0
nan nan nan nan nan nan nan nan nan nan nan nan nan nan nan nan nan nan nan nan nan nan nan nan nan nan nan nan nan nan nan nan 17.3 31.1 32.0 32.8 nan nan nan 21.0 15.0 17.0 nan nan 29.4 29.7 29.4 28.9 28.6 28.0 27.3 26.9 26.7 26.5 26.5 26.5 26.6 25.9 -9999.0 -9999.0 -9999.0 -9999.0 -9999.0 -9999.0 -9999.0 -9999.0 -9999.0 -9999.0 -9999.0 -9999.0 -9999.0 -9999.0 -9999.0 -9999.0 -9999.0 -9999.0 -9999.0 -9999.0 -9999.0 -9999.0 -9999.0 -9999.0 nan nan nan -9999.0 -9999.0 -9999.0 -9999.0 -9999.0
nan nan nan nan nan nan nan nan nan nan nan nan nan nan nan nan nan nan nan nan nan nan nan nan nan nan nan nan nan nan nan nan 29.5 30.7 31.7 32.7 nan nan nan nan 17.1 16.5 28.0 nan 28.7 29.7 29.6 29.1 28.9 28.5 28.1 27.6 27.2 27.0 27.0 27.0 26.9 26.8 -9999.0 -9999.0 -9999.0 -9999.0 -9999.0 -9999.0 -9999.0 -9999.0 -9999.0 -9999.0 -9999.0 -9999.0 -9999.0 -9999.0 -9999.0 -9999.0 -9999.0 -9999.0 -9999.0 -9999.0 -9999.0 -9999.0 nan nan nan nan nan nan nan nan -9999.0 -9999.0
nan nan nan nan nan nan nan nan nan nan nan nan nan nan nan nan nan nan nan nan nan nan nan nan nan nan nan nan nan nan nan nan nan 30.7 31.9 33.0 nan nan nan nan 22.4 19.0 23.8 21.0 nan 30.0 30.4 30.0 29.4 29.1 28.7 28.2 27.8 27.4 27.3 27.4 27.4 27.6 -9999.0 -9999.0 -9999.0 -9999.0 -9999.0 -9999.0 -9999.0 -9999.0 -9999.0 -9999.0 -9999.0 nan nan nan nan nan nan nan nan nan nan nan nan nan nan nan nan nan nan nan nan nan
nan nan nan nan nan nan nan nan nan nan nan nan nan nan nan nan nan nan nan nan nan nan nan nan nan nan nan nan nan nan nan nan nan 30.9 32.2 33.3 33.4 nan nan nan 30.3 19.8 22.2 29.7 nan nan 30.0 30.1 29.8 29.5 29.1 28.7 28.3 28.0 27.8 28.0 28.0 28.2 -9999.0 -9999.0 -9999.0 -9999.0 -9999.0 -9999.0 -9999.0 -9999.0 -9999.0 -9999.0 nan nan nan nan nan nan nan nan nan nan nan nan nan nan nan nan nan nan nan nan nan nan
