data/output/RUN203/ECOSPACE/ECOSPACE_in_PAR3/PAR-VarZ-VarK/PAR-VarZ-VarK_1982_05.asc
ncols        93
nrows        151 
xllcorner    -123.80739
yllcorner    48.29471 
cellsize     0.013497347 
NODATA_value  0.0
[rows 80 to 119 of 151, columns 0 to 89 of 93]
nan nan nan nan nan nan nan nan nan nan nan nan nan nan nan nan nan nan nan nan nan nan nan 38.1 37.9 36.7 39.3 39.3 39.8 39.6 39.2 38.8 38.5 38.4 38.3 38.3 38.3 37.9 37.2 36.1 34.7 33.3 32.2 30.9 29.6 28.4 27.4 26.4 25.6 24.8 23.9 23.1 22.4 21.9 nan nan nan nan nan nan nan nan nan nan nan nan 18.5 19.0 19.2 19.4 nan 19.0 19.0 19.1 19.1 19.4 19.4 19.2 19.2 19.7 20.3 20.5 20.5 nan nan nan nan nan nan nan
nan nan nan nan nan nan nan nan nan nan nan nan nan nan nan nan nan nan nan nan nan nan nan nan nan nan 39.8 39.9 39.6 39.5 39.4 39.1 38.8 38.6 38.4 38.4 38.2 37.8 37.1 35.9 34.7 33.5 32.3 31.2 29.9 28.8 27.7 26.8 26.0 25.1 24.3 23.5 22.8 22.1 21.6 nan nan nan nan nan nan nan nan nan nan nan 18.9 19.2 nan nan nan nan nan 19.4 19.5 19.7 nan 19.4 19.8 20.4 21.1 21.5 nan nan nan nan nan nan nan nan
nan nan nan nan nan nan nan nan nan nan nan nan nan nan nan nan nan nan nan nan nan nan nan nan nan nan nan 40.0 39.7 39.8 39.4 39.1 39.1 38.7 38.4 38.2 37.9 37.5 36.8 35.8 34.6 33.5 32.3 31.2 30.0 29.0 28.0 27.1 26.3 25.5 24.7 23.9 23.1 22.4 21.8 21.4 nan nan nan nan nan nan nan nan nan 18.8 19.4 nan nan nan nan nan nan 19.4 19.5 19.7 nan 19.8 20.5 21.1 21.6 nan nan nan nan nan nan nan nan nan
nan nan nan nan nan nan nan nan nan nan nan nan nan nan nan nan nan nan nan nan nan nan nan nan nan nan nan nan 37.8 39.3 40.0 39.7 39.2 38.8 38.4 38.0 37.6 37.1 36.4 35.4 34.3 33.1 32.3 31.2 30.0 29.0 28.1 27.3 26.5 25.9 25.1 24.3 23.5 22.8 22.2 21.7 21.3 nan nan nan nan nan nan nan nan 18.9 19.4 nan nan nan nan nan nan 19.4 19.6 20.0 20.6 21.2 21.3 21.5 nan nan nan nan nan nan nan nan nan nan
nan nan nan nan nan nan nan nan nan nan nan nan nan nan nan nan nan nan nan nan nan nan nan nan nan nan nan nan nan 17.1 40.3 40.0 39.5 39.0 38.5 37.9 37.3 36.8 36.0 35.1 34.0 32.9 31.9 31.1 30.0 29.0 28.2 27.4 26.7 26.1 25.5 24.8 24.1 23.3 22.6 22.1 21.6 21.2 nan nan nan nan nan nan 18.8 19.1 19.5 nan 20.0 20.1 20.3 nan nan 19.5 19.9 20.4 21.1 22.0 nan nan nan nan nan nan nan nan nan nan nan nan
nan nan nan nan nan nan nan nan nan nan nan nan nan nan nan nan nan nan nan nan nan nan nan nan nan nan nan nan nan nan 17.9 39.8 39.6 39.1 38.4 37.8 37.1 36.4 35.6 34.7 33.8 32.8 31.8 30.9 29.9 29.0 28.3 27.5 26.9 26.5 25.9 25.3 24.7 23.9 23.2 22.6 22.1 21.6 nan nan nan nan nan 19.0 19.2 19.6 19.8 20.0 20.1 20.2 20.3 12.9 nan 19.7 20.2 20.8 21.4 21.9 nan nan nan nan nan nan nan nan nan nan nan nan
nan nan nan nan nan nan nan nan nan nan nan nan nan nan nan nan nan nan nan nan nan nan nan nan nan nan nan nan nan nan nan 36.8 38.9 39.2 38.4 37.6 36.9 36.1 35.2 34.4 33.5 32.6 31.5 30.7 29.8 29.0 28.3 27.7 27.2 26.8 26.4 25.9 25.2 24.6 23.9 23.2 22.7 22.2 21.6 nan nan 19.5 19.9 19.9 19.9 20.2 20.5 20.6 20.6 20.6 20.6 nan nan 20.0 20.6 21.1 21.7 21.9 nan nan nan nan nan nan nan nan nan nan nan nan
nan nan nan nan nan nan nan nan nan nan nan nan nan nan nan nan nan nan nan nan nan nan nan nan nan nan nan nan nan nan nan nan 39.4 38.8 38.2 37.5 36.8 35.9 34.9 34.0 33.2 32.5 31.4 30.5 29.7 28.9 28.3 27.8 27.4 27.1 26.8 26.3 25.8 25.2 24.5 23.8 23.3 22.8 22.3 21.4 21.0 20.9 20.8 nan 20.6 21.1 21.5 21.7 21.7 21.6 21.3 20.8 20.7 20.9 21.0 21.4 21.7 nan nan nan nan nan nan nan nan nan nan nan nan nan
nan nan nan nan nan nan nan nan nan nan nan nan nan nan nan nan nan nan nan nan nan nan nan nan nan nan nan nan nan nan 38.4 38.5 38.7 38.2 37.8 37.2 36.6 35.8 34.6 33.8 33.0 32.3 31.3 30.4 29.6 28.9 28.3 27.9 27.6 27.4 27.2 26.9 26.5 25.9 25.2 24.5 23.9 23.3 22.8 22.3 21.9 21.5 21.5 21.8 21.9 22.2 22.6 22.8 22.8 22.8 22.2 21.5 21.2 21.1 21.3 21.6 21.7 nan nan nan nan nan nan nan nan nan nan nan nan nan
nan nan nan nan nan nan nan nan nan nan nan nan nan nan nan nan nan nan nan nan nan nan nan nan nan nan nan nan nan nan nan nan 37.7 37.4 37.0 36.6 36.1 35.4 34.6 33.7 32.9 32.1 31.2 30.3 29.5 28.9 28.3 28.0 27.8 27.7 27.6 27.5 27.1 26.6 26.0 25.4 24.7 24.1 23.5 23.0 22.6 22.3 22.3 22.4 22.4 22.5 22.8 nan nan nan 22.4 22.0 21.6 21.4 21.4 21.5 nan nan nan nan nan nan nan nan nan nan nan nan nan nan
nan nan nan nan nan nan nan nan nan nan nan nan nan nan nan nan nan nan nan nan nan nan nan nan nan nan nan nan nan nan 18.6 16.9 36.9 36.8 36.5 36.3 35.8 35.3 34.4 33.6 32.8 32.0 31.2 30.3 29.6 28.9 28.4 28.1 28.0 28.1 28.1 28.0 27.8 27.4 26.9 26.3 25.6 24.9 24.2 23.6 23.1 22.8 22.6 22.6 nan nan nan nan nan nan nan 22.2 21.6 21.4 21.5 21.4 nan nan nan nan nan nan nan nan nan nan nan nan nan nan
nan nan nan nan nan nan nan nan nan nan nan nan nan nan nan nan nan nan nan nan nan nan nan nan nan nan nan nan nan nan 18.2 35.8 36.5 36.7 36.4 19.6 35.9 35.6 34.6 33.7 32.8 32.0 31.2 30.5 29.7 29.1 28.6 28.3 28.2 28.3 28.5 28.5 28.4 28.1 27.7 27.2 26.6 25.8 25.0 24.3 23.6 23.1 22.8 nan nan nan nan nan nan 21.2 21.5 21.7 21.4 21.2 21.3 nan nan nan nan nan nan nan nan nan nan nan nan nan nan nan
nan nan nan nan nan nan nan nan nan nan nan nan nan nan nan nan nan nan nan nan nan nan nan nan nan nan nan nan nan nan 18.6 34.1 36.5 36.8 nan nan nan 35.0 34.5 33.8 33.0 32.3 31.5 30.6 29.9 29.3 28.9 28.6 28.5 28.6 28.8 28.9 28.9 28.8 28.5 28.0 27.4 26.6 25.8 24.9 24.1 23.4 23.0 nan nan nan nan nan 21.1 21.0 21.0 21.0 20.9 20.9 nan nan nan nan nan nan nan nan nan nan nan nan nan nan nan nan
nan nan nan nan nan nan nan nan nan nan nan nan nan nan nan nan nan nan nan nan nan nan nan nan nan nan nan nan nan nan 18.4 16.9 36.1 36.6 nan nan nan 32.1 34.1 33.6 33.0 32.4 31.7 31.0 30.2 29.6 29.2 29.0 28.9 29.0 29.1 29.4 29.4 29.3 29.0 28.6 28.0 27.2 26.4 25.5 24.5 23.8 23.1 22.1 21.5 nan 20.9 20.9 20.9 20.7 20.5 20.5 nan nan nan nan nan nan nan nan nan nan nan nan nan nan nan nan nan nan
nan nan nan nan nan nan nan nan nan nan nan nan nan nan nan nan nan nan nan nan nan nan nan nan nan nan nan nan nan nan nan nan 35.9 29.5 nan nan nan nan 33.0 33.5 33.2 32.7 31.9 31.1 30.5 29.9 29.6 29.4 29.3 29.4 29.5 29.7 29.8 29.7 29.4 29.0 28.5 27.8 26.9 26.0 25.0 24.0 23.0 22.3 21.9 21.4 21.1 20.8 20.6 20.3 20.1 nan nan nan nan nan nan nan nan nan nan nan nan nan nan nan nan nan nan nan
nan nan nan nan nan nan nan nan nan nan nan nan nan nan nan nan nan nan nan nan nan nan nan nan nan nan nan nan nan nan nan nan nan 30.3 16.3 nan nan nan 16.9 34.0 33.7 32.8 32.2 31.6 30.9 30.3 30.0 29.8 29.7 29.8 30.0 30.1 30.1 30.0 29.8 29.4 29.0 28.3 27.5 26.5 25.4 24.4 23.4 22.6 22.0 21.5 21.0 20.7 20.5 20.2 19.9 nan nan nan nan nan nan nan nan nan nan nan nan nan nan nan nan nan nan nan
nan nan nan nan nan nan nan nan nan nan nan nan nan nan nan nan nan nan nan nan nan nan nan nan nan nan nan nan nan nan nan nan nan nan 17.5 31.6 nan nan nan nan 33.8 33.8 32.8 32.1 31.4 30.8 30.5 30.3 30.2 30.2 30.3 30.4 30.4 30.2 30.1 29.7 29.2 28.6 27.8 26.8 25.7 24.7 23.7 22.8 22.1 21.5 21.0 20.6 20.3 20.1 19.9 19.5 nan nan nan nan nan nan nan nan nan nan nan nan nan nan nan nan nan nan
nan nan nan nan nan nan nan nan nan nan nan nan nan nan nan nan nan nan nan nan nan nan nan nan nan nan nan nan nan nan nan nan nan nan nan 23.5 18.9 nan nan nan nan 32.2 33.4 32.6 31.8 31.2 30.9 30.7 30.6 30.5 30.5 30.5 30.5 30.4 30.2 30.0 29.5 28.8 27.9 27.0 25.9 24.8 23.8 22.9 22.1 21.4 20.9 20.5 20.1 19.9 19.8 19.7 19.5 12.3 nan nan nan nan nan nan nan nan nan nan nan nan nan nan nan nan
nan nan nan nan nan nan nan nan nan nan nan nan nan nan nan nan nan nan nan nan nan nan nan nan nan nan nan nan nan nan nan nan nan nan 19.4 22.8 34.6 34.7 nan 18.9 nan 29.9 33.0 32.8 32.1 31.6 31.2 31.0 30.9 30.8 30.7 30.7 30.7 30.6 30.3 30.0 29.5 28.8 28.0 26.9 25.8 24.8 23.8 22.8 22.0 21.2 20.7 20.3 20.0 19.7 19.5 19.5 19.5 19.4 nan nan nan nan nan nan nan nan nan nan nan nan nan nan nan nan
nan nan nan nan nan nan nan nan nan nan nan nan nan nan nan nan nan nan nan nan nan nan nan nan nan nan nan nan nan nan nan nan nan nan 34.2 34.7 34.8 31.5 20.3 30.2 31.8 26.8 33.1 32.8 32.3 31.7 31.4 31.2 31.1 31.0 30.9 30.9 30.8 30.6 30.4 30.0 29.5 28.8 27.8 26.8 25.7 24.5 23.5 22.6 21.6 20.8 19.4 19.0 18.3 19.5 19.4 19.3 19.4 19.4 19.4 nan nan nan nan nan nan nan nan nan nan nan nan nan nan nan
nan nan nan nan nan nan nan nan nan nan nan nan nan nan nan nan nan nan nan nan nan nan nan nan nan nan nan nan nan nan nan nan nan nan 34.3 34.5 34.8 34.6 32.3 nan 32.8 31.3 33.7 33.1 32.7 32.2 31.7 31.4 31.2 31.1 31.1 31.0 30.9 30.6 30.4 30.0 29.5 28.6 27.6 26.5 25.4 24.2 -9999.0 -9999.0 -9999.0 -9999.0 -9999.0 -9999.0 -9999.0 13.0 19.3 19.1 19.3 19.1 19.2 nan nan nan nan nan nan nan nan nan nan nan nan nan nan -9999.0
nan nan nan nan nan nan nan nan nan nan nan nan nan nan nan nan nan nan nan nan nan nan nan nan nan nan nan nan nan nan nan nan nan nan 34.1 34.2 34.5 34.6 34.8 nan nan 33.3 33.6 33.3 32.9 32.5 32.0 31.7 31.5 31.4 31.2 31.1 30.9 30.6 30.3 29.9 29.3 28.4 27.4 26.2 25.1 -9999.0 -9999.0 -9999.0 -9999.0 -9999.0 -9999.0 -9999.0 -9999.0 nan 15.4 18.8 19.2 18.4 nan nan nan nan nan nan nan nan nan nan nan nan nan nan nan -9999.0
nan nan nan nan nan nan nan nan nan nan nan nan nan nan nan nan nan nan nan nan nan nan nan nan nan nan nan nan nan nan nan nan nan nan 33.7 33.7 33.9 34.3 34.8 nan 26.9 30.2 33.4 33.2 33.0 32.6 32.2 32.0 31.7 31.6 31.4 31.2 30.9 30.5 30.2 29.7 29.1 28.2 27.2 26.0 24.8 -9999.0 -9999.0 -9999.0 -9999.0 -9999.0 -9999.0 -9999.0 -9999.0 -9999.0 -9999.0 nan 12.6 12.6 nan nan nan nan nan nan nan nan nan nan nan nan nan nan nan -9999.0
nan nan nan nan nan nan nan nan nan nan nan nan nan nan nan nan nan nan nan nan nan nan nan nan nan nan nan nan nan nan nan nan nan nan 33.4 33.6 34.1 31.5 29.6 19.3 30.2 26.0 33.3 33.1 33.0 32.6 32.4 32.2 31.9 31.8 31.6 31.3 30.8 30.4 30.0 29.5 28.8 28.0 27.0 25.8 -9999.0 -9999.0 -9999.0 -9999.0 -9999.0 -9999.0 -9999.0 -9999.0 -9999.0 -9999.0 -9999.0 nan nan nan nan nan nan nan nan nan nan nan nan nan nan nan nan nan nan -9999.0
nan nan nan nan nan nan nan nan nan nan nan nan nan nan nan nan nan nan nan nan nan nan nan nan nan nan nan nan nan nan nan nan 29.0 30.3 31.8 34.2 35.0 35.4 33.1 31.3 nan 33.5 33.2 33.0 32.8 32.6 32.4 32.3 32.1 31.8 31.6 31.2 30.8 30.3 29.9 29.2 28.5 27.7 26.7 -9999.0 -9999.0 -9999.0 -9999.0 -9999.0 -9999.0 -9999.0 -9999.0 -9999.0 -9999.0 -9999.0 -9999.0 -9999.0 nan nan nan nan nan nan nan nan nan nan nan nan nan nan nan nan nan -9999.0
nan nan nan nan nan nan nan nan nan nan nan nan nan nan nan nan nan nan nan nan nan nan nan nan nan nan nan nan nan 18.7 nan nan 33.2 33.6 34.2 34.2 35.5 36.5 37.2 nan nan 32.5 32.8 32.8 32.8 32.7 32.4 32.3 32.0 31.8 31.5 31.1 30.6 30.1 29.6 28.9 28.2 27.5 26.5 -9999.0 -9999.0 -9999.0 -9999.0 -9999.0 -9999.0 -9999.0 -9999.0 -9999.0 -9999.0 -9999.0 -9999.0 -9999.0 -9999.0 -9999.0 nan nan nan nan nan nan nan nan nan nan nan nan nan nan nan -9999.0
nan nan nan nan nan nan nan nan nan nan nan nan nan nan nan nan nan nan nan nan nan nan nan nan nan nan nan nan nan 16.2 16.3 nan 33.8 34.5 31.4 31.2 33.4 36.2 36.7 35.2 nan 32.8 33.2 33.2 33.1 32.9 32.6 32.3 32.1 31.7 31.3 30.9 30.4 29.9 29.1 28.6 28.0 27.2 -9999.0 -9999.0 -9999.0 -9999.0 -9999.0 -9999.0 -9999.0 -9999.0 -9999.0 -9999.0 -9999.0 -9999.0 -9999.0 -9999.0 -9999.0 -9999.0 -9999.0 nan nan nan nan nan nan nan nan nan nan nan nan nan nan -9999.0
nan nan nan nan nan nan nan nan nan nan nan nan nan nan nan nan nan nan nan nan nan nan nan nan nan nan nan nan nan 17.1 33.4 33.8 34.5 35.3 36.3 nan 17.2 35.8 36.1 36.3 nan 32.2 33.7 33.6 33.5 33.2 32.8 32.4 32.0 31.5 31.1 30.7 30.1 29.4 28.8 28.3 27.8 26.9 -9999.0 -9999.0 -9999.0 -9999.0 -9999.0 -9999.0 -9999.0 -9999.0 -9999.0 -9999.0 -9999.0 -9999.0 -9999.0 -9999.0 -9999.0 -9999.0 -9999.0 -9999.0 nan nan nan nan nan nan nan nan nan nan nan nan nan -9999.0
nan nan nan nan nan nan nan nan nan nan nan nan nan nan nan nan nan nan nan nan nan nan nan nan nan nan nan nan nan nan 32.6 33.7 34.8 35.9 33.7 nan nan 34.2 34.7 34.3 nan 27.6 30.4 33.7 33.9 33.5 33.0 32.4 31.9 31.4 30.8 30.3 29.6 29.1 28.5 27.8 27.2 26.7 -9999.0 -9999.0 -9999.0 -9999.0 -9999.0 -9999.0 -9999.0 -9999.0 -9999.0 -9999.0 -9999.0 -9999.0 -9999.0 -9999.0 -9999.0 -9999.0 -9999.0 -9999.0 -9999.0 nan nan nan nan nan nan nan nan nan nan nan nan -9999.0
nan nan nan nan nan nan nan nan nan nan nan nan nan nan nan nan nan nan nan nan nan nan nan nan nan nan nan nan nan nan 30.2 33.7 34.9 36.1 32.4 nan 19.1 26.3 29.9 16.8 26.3 22.0 25.9 33.4 34.1 33.7 33.0 32.4 31.8 31.2 30.6 30.0 29.3 28.9 28.2 27.5 26.7 25.9 -9999.0 -9999.0 -9999.0 -9999.0 -9999.0 -9999.0 -9999.0 -9999.0 -9999.0 -9999.0 -9999.0 -9999.0 -9999.0 -9999.0 -9999.0 -9999.0 -9999.0 -9999.0 -9999.0 -9999.0 nan nan nan nan nan nan nan nan nan nan nan -9999.0
nan nan nan nan nan nan nan nan nan nan nan nan nan nan nan nan nan nan nan nan nan nan nan nan nan nan nan nan nan nan 30.7 33.0 34.8 36.0 34.0 19.0 nan 31.8 22.2 15.1 22.6 nan 33.6 34.3 34.2 33.6 33.0 32.4 31.7 31.0 30.4 29.7 29.2 28.5 27.9 27.2 24.3 21.0 -9999.0 -9999.0 -9999.0 -9999.0 -9999.0 -9999.0 -9999.0 -9999.0 -9999.0 -9999.0 -9999.0 -9999.0 -9999.0 -9999.0 -9999.0 -9999.0 -9999.0 -9999.0 -9999.0 -9999.0 -9999.0 -9999.0 nan nan nan nan nan nan nan nan nan -9999.0
nan nan nan nan nan nan nan nan nan nan nan nan nan nan nan nan nan nan nan nan nan nan nan nan nan nan nan nan nan nan nan 33.4 34.5 35.5 36.5 nan nan 23.4 21.9 17.1 nan nan 33.7 34.0 34.0 33.5 32.9 32.2 31.5 30.8 30.2 29.5 29.0 28.4 27.9 27.4 24.8 22.6 -9999.0 -9999.0 -9999.0 -9999.0 -9999.0 -9999.0 -9999.0 -9999.0 -9999.0 -9999.0 -9999.0 nan nan nan -9999.0 -9999.0 -9999.0 -9999.0 -9999.0 -9999.0 -9999.0 -9999.0 -9999.0 -9999.0 -9999.0 -9999.0 -9999.0 nan nan nan -9999.0 -9999.0
nan nan nan nan nan nan nan nan nan nan nan nan nan nan nan nan nan nan nan nan nan nan nan nan nan nan nan nan nan nan nan 31.8 33.8 35.1 36.3 nan 17.8 20.5 31.0 16.7 nan nan 33.5 33.8 33.6 33.2 32.6 32.1 31.2 30.7 30.0 29.4 28.9 28.4 28.0 27.8 26.8 23.2 -9999.0 -9999.0 -9999.0 -9999.0 -9999.0 -9999.0 -9999.0 -9999.0 -9999.0 -9999.0 -9999.0 nan nan nan nan nan -9999.0 -9999.0 -9999.0 -9999.0 -9999.0 -9999.0 -9999.0 -9999.0 -9999.0 -9999.0 -9999.0 -9999.0 -9999.0 -9999.0 -9999.0 -9999.0
nan nan nan nan nan nan nan nan nan nan nan nan nan nan nan nan nan nan nan nan nan nan nan nan nan nan nan nan nan nan nan 18.5 33.5 34.9 35.7 35.0 30.1 23.7 18.9 14.6 16.7 nan 33.1 33.0 33.1 33.1 32.6 31.8 31.1 30.5 30.0 29.3 28.8 28.3 28.1 27.9 27.5 21.5 -9999.0 -9999.0 -9999.0 -9999.0 -9999.0 -9999.0 -9999.0 -9999.0 -9999.0 -9999.0 -9999.0 -9999.0 -9999.0 -9999.0 -9999.0 -9999.0 -9999.0 -9999.0 -9999.0 -9999.0 -9999.0 -9999.0 -9999.0 -9999.0 -9999.0 -9999.0 -9999.0 -9999.0 -9999.0 -9999.0 -9999.0 -9999.0
nan nan nan nan nan nan nan nan nan nan nan nan nan nan nan nan nan nan nan nan nan nan nan nan nan nan nan nan nan nan nan 18.5 31.9 35.0 36.5 37.3 37.6 nan 21.9 24.9 14.2 nan 33.1 33.7 32.8 32.6 32.4 31.9 31.1 30.6 29.9 29.2 28.7 28.3 28.2 28.0 27.6 22.4 -9999.0 -9999.0 -9999.0 -9999.0 -9999.0 -9999.0 -9999.0 -9999.0 -9999.0 -9999.0 -9999.0 -9999.0 -9999.0 -9999.0 -9999.0 -9999.0 -9999.0 -9999.0 -9999.0 -9999.0 -9999.0 -9999.0 -9999.0 -9999.0 -9999.0 -9999.0 -9999.0 -9999.0 -9999.0 -9999.0 -9999.0 -9999.0
nan nan nan nan nan nan nan nan nan nan nan nan nan nan nan nan nan nan nan nan nan nan nan nan nan nan nan nan nan nan nan 18.5 30.1 33.0 36.0 36.9 37.3 nan nan 21.8 15.9 nan nan 33.4 33.5 33.0 32.5 31.6 31.1 30.5 30.0 29.4 28.9 28.5 28.3 28.2 27.9 21.0 -9999.0 -9999.0 -9999.0 -9999.0 -9999.0 -9999.0 -9999.0 -9999.0 -9999.0 -9999.0 -9999.0 -9999.0 -9999.0 -9999.0 -9999.0 -9999.0 -9999.0 -9999.0 -9999.0 -9999.0 -9999.0 -9999.0 -9999.0 -9999.0 -9999.0 -9999.0 -9999.0 -9999.0 -9999.0 -9999.0 -9999.0 -9999.0
nan nan nan nan nan nan nan nan nan nan nan nan nan nan nan nan nan nan nan nan nan nan nan nan nan nan nan nan nan nan nan nan 17.8 34.2 35.6 36.7 nan nan nan 22.4 15.5 15.4 nan nan 32.8 32.7 32.4 32.0 31.2 30.5 30.1 29.6 29.2 28.8 28.5 28.4 28.3 25.7 -9999.0 -9999.0 -9999.0 -9999.0 -9999.0 -9999.0 -9999.0 -9999.0 -9999.0 -9999.0 -9999.0 -9999.0 -9999.0 -9999.0 -9999.0 -9999.0 -9999.0 -9999.0 -9999.0 -9999.0 -9999.0 -9999.0 -9999.0 -9999.0 nan nan nan -9999.0 -9999.0 -9999.0 -9999.0 -9999.0
nan nan nan nan nan nan nan nan nan nan nan nan nan nan nan nan nan nan nan nan nan nan nan nan nan nan nan nan nan nan nan nan 32.0 33.5 35.0 36.4 nan nan nan nan 17.5 15.1 27.6 nan 31.4 32.5 32.1 31.5 31.1 30.6 30.2 29.8 29.4 29.1 28.9 28.7 28.7 28.3 -9999.0 -9999.0 -9999.0 -9999.0 -9999.0 -9999.0 -9999.0 -9999.0 -9999.0 -9999.0 -9999.0 -9999.0 -9999.0 -9999.0 -9999.0 -9999.0 -9999.0 -9999.0 -9999.0 -9999.0 -9999.0 -9999.0 nan nan nan nan nan nan nan nan -9999.0 -9999.0
nan nan nan nan nan nan nan nan nan nan nan nan nan nan nan nan nan nan nan nan nan nan nan nan nan nan nan nan nan nan nan nan nan 33.7 35.1 36.3 nan nan nan nan 23.7 16.7 21.4 22.4 nan 32.6 33.0 32.2 31.7 31.0 30.3 30.1 29.8 29.5 29.3 29.1 29.2 29.1 -9999.0 -9999.0 -9999.0 -9999.0 -9999.0 -9999.0 -9999.0 -9999.0 -9999.0 -9999.0 -9999.0 nan nan nan nan nan nan nan nan nan nan nan nan nan nan nan nan nan nan nan nan nan
nan nan nan nan nan nan nan nan nan nan nan nan nan nan nan nan nan nan nan nan nan nan nan nan nan nan nan nan nan nan nan nan nan 33.8 35.2 36.5 36.9 nan nan nan 33.9 18.6 19.4 31.5 nan nan 32.2 32.1 31.9 31.3 30.7 30.4 30.2 29.9 29.7 29.6 29.9 29.9 -9999.0 -9999.0 -9999.0 -9999.0 -9999.0 -9999.0 -9999.0 -9999.0 -9999.0 -9999.0 nan nan nan nan nan nan nan nan nan nan nan nan nan nan nan nan nan nan nan nan nan nan
