data/output/RUN203/ECOSPACE/ECOSPACE_in_PAR3/PAR-VarZ-VarK/PAR-VarZ-VarK_2008_05.asc
ncols        93
nrows        151 
xllcorner    -123.80739
yllcorner    48.29471 
cellsize     0.013497347 
NODATA_value  0.0
[rows 80 to 119 of 151, columns 0 to 89 of 93]
nan nan nan nan nan nan nan nan nan nan nan nan nan nan nan nan nan nan nan nan nan nan nan 39.9 38.6 39.4 42.3 42.9 42.7 42.3 41.8 41.4 40.9 40.3 39.8 39.2 38.6 38.0 37.3 36.5 35.7 35.1 34.4 33.4 32.2 30.5 28.6 26.7 25.0 23.5 22.0 20.6 19.4 18.6 nan nan nan nan nan nan nan nan nan nan nan nan 15.6 15.8 16.0 16.0 nan 15.7 15.6 15.7 15.7 15.7 15.6 15.4 15.3 15.5 15.8 15.9 15.9 nan nan nan nan nan nan nan
nan nan nan nan nan nan nan nan nan nan nan nan nan nan nan nan nan nan nan nan nan nan nan nan nan nan 42.7 42.7 42.7 42.4 42.0 41.6 41.1 40.5 40.0 39.5 39.0 38.5 37.9 37.1 36.3 35.7 35.1 34.3 33.1 31.7 29.8 27.8 26.0 24.4 22.8 21.4 20.2 19.2 18.2 nan nan nan nan nan nan nan nan nan nan nan 15.9 16.0 nan nan nan nan nan 15.8 15.9 16.0 nan 15.6 15.6 15.9 16.2 16.4 nan nan nan nan nan nan nan nan
nan nan nan nan nan nan nan nan nan nan nan nan nan nan nan nan nan nan nan nan nan nan nan nan nan nan nan 42.7 42.2 42.5 42.2 41.7 41.2 40.6 40.2 39.7 39.4 38.9 38.3 37.5 36.8 36.1 35.5 34.7 33.8 32.5 30.7 28.8 27.0 25.3 23.7 22.2 20.8 19.7 18.7 17.9 nan nan nan nan nan nan nan nan nan 15.9 16.3 nan nan nan nan nan nan 15.8 15.9 15.9 nan 15.8 16.1 16.3 16.5 nan nan nan nan nan nan nan nan nan
nan nan nan nan nan nan nan nan nan nan nan nan nan nan nan nan nan nan nan nan nan nan nan nan nan nan nan nan 40.1 41.7 42.2 41.9 41.4 40.8 40.3 39.9 39.5 39.1 38.5 37.8 37.1 36.4 35.8 35.1 34.2 32.9 31.3 29.5 27.7 26.0 24.4 22.9 21.5 20.3 19.3 18.4 17.8 nan nan nan nan nan nan nan nan 16.0 16.3 nan nan nan nan nan nan 15.9 16.0 16.0 16.3 16.6 16.5 16.5 nan nan nan nan nan nan nan nan nan nan
nan nan nan nan nan nan nan nan nan nan nan nan nan nan nan nan nan nan nan nan nan nan nan nan nan nan nan nan nan 16.3 42.4 42.0 41.4 40.8 40.3 39.9 39.6 39.1 38.5 37.8 37.2 36.6 36.0 35.3 34.4 33.2 31.8 30.0 28.3 26.6 25.1 23.6 22.3 21.0 19.9 18.9 18.2 17.6 nan nan nan nan nan nan 15.9 16.1 16.3 nan 16.6 16.6 16.6 nan nan 15.9 16.1 16.2 16.5 16.9 nan nan nan nan nan nan nan nan nan nan nan nan
nan nan nan nan nan nan nan nan nan nan nan nan nan nan nan nan nan nan nan nan nan nan nan nan nan nan nan nan nan nan 17.2 41.9 41.4 40.8 40.3 39.9 39.5 39.0 38.4 37.7 37.1 36.5 35.9 35.2 34.4 33.3 31.9 30.3 28.7 27.1 25.6 24.2 22.9 21.7 20.5 19.5 18.8 18.1 nan nan nan nan nan 16.1 16.1 16.3 16.5 16.6 16.6 16.5 16.5 10.8 nan 16.0 16.2 16.4 16.6 16.7 nan nan nan nan nan nan nan nan nan nan nan nan
nan nan nan nan nan nan nan nan nan nan nan nan nan nan nan nan nan nan nan nan nan nan nan nan nan nan nan nan nan nan nan 38.7 40.7 40.7 40.2 39.7 39.3 38.8 38.2 37.5 36.9 36.2 35.7 35.0 34.2 33.3 31.9 30.4 29.0 27.5 26.1 24.8 23.6 22.4 21.3 20.2 19.4 18.7 17.9 nan nan 16.5 16.6 16.5 16.5 16.6 16.7 16.7 16.7 16.6 16.5 nan nan 16.2 16.4 16.5 16.7 16.7 nan nan nan nan nan nan nan nan nan nan nan nan
nan nan nan nan nan nan nan nan nan nan nan nan nan nan nan nan nan nan nan nan nan nan nan nan nan nan nan nan nan nan nan nan 41.0 40.4 39.8 39.4 39.0 38.5 38.0 37.3 36.6 35.9 35.3 34.7 33.9 32.9 31.6 30.3 29.1 27.8 26.5 25.3 24.1 23.1 22.0 20.9 19.9 19.2 18.5 17.7 17.2 17.0 16.9 nan 16.7 16.9 17.0 17.1 17.0 16.9 16.8 16.6 16.5 16.6 16.5 16.6 16.6 nan nan nan nan nan nan nan nan nan nan nan nan nan
nan nan nan nan nan nan nan nan nan nan nan nan nan nan nan nan nan nan nan nan nan nan nan nan nan nan nan nan nan nan 40.0 40.1 40.2 39.7 39.2 38.9 38.6 38.3 37.7 37.0 36.3 35.6 34.9 34.2 33.5 32.5 31.4 30.3 29.1 28.0 26.9 25.8 24.7 23.7 22.7 21.6 20.6 19.6 18.9 18.2 17.6 17.3 17.1 17.2 17.2 17.3 17.5 17.4 17.4 17.3 17.1 16.8 16.7 16.6 16.6 16.7 16.6 nan nan nan nan nan nan nan nan nan nan nan nan nan
nan nan nan nan nan nan nan nan nan nan nan nan nan nan nan nan nan nan nan nan nan nan nan nan nan nan nan nan nan nan nan nan 39.2 39.0 38.6 38.4 38.2 37.9 37.4 36.8 36.1 35.4 34.7 33.9 33.0 32.1 31.2 30.1 29.1 28.1 27.1 26.2 25.2 24.3 23.3 22.3 21.4 20.4 19.5 18.8 18.1 17.6 17.4 17.5 17.4 17.4 17.5 nan nan nan 17.1 17.0 16.9 16.7 16.6 16.6 nan nan nan nan nan nan nan nan nan nan nan nan nan nan
nan nan nan nan nan nan nan nan nan nan nan nan nan nan nan nan nan nan nan nan nan nan nan nan nan nan nan nan nan nan 17.5 16.0 38.5 38.3 38.1 38.0 38.0 37.7 37.1 36.6 35.9 35.2 34.5 33.6 32.8 31.9 31.0 30.0 29.1 28.2 27.4 26.6 25.7 24.9 24.0 23.0 22.1 21.1 20.2 19.4 18.6 18.0 17.6 17.5 nan nan nan nan nan nan nan 17.2 16.9 16.7 16.6 16.5 nan nan nan nan nan nan nan nan nan nan nan nan nan nan
nan nan nan nan nan nan nan nan nan nan nan nan nan nan nan nan nan nan nan nan nan nan nan nan nan nan nan nan nan nan 17.6 37.8 38.1 38.5 38.4 19.2 38.0 37.7 36.9 36.3 35.7 35.0 34.2 33.4 32.5 31.7 30.9 30.0 29.1 28.4 27.7 27.0 26.2 25.4 24.6 23.7 22.7 21.8 20.8 19.9 19.0 18.4 17.8 nan nan nan nan nan nan 16.8 16.9 17.1 16.8 16.7 16.6 nan nan nan nan nan nan nan nan nan nan nan nan nan nan nan
nan nan nan nan nan nan nan nan nan nan nan nan nan nan nan nan nan nan nan nan nan nan nan nan nan nan nan nan nan nan 17.5 36.6 38.1 38.5 nan nan nan 37.0 36.5 36.1 35.5 34.8 34.0 33.2 32.3 31.5 30.7 29.9 29.2 28.5 28.0 27.3 26.7 26.0 25.2 24.3 23.3 22.4 21.4 20.4 19.4 18.7 18.1 nan nan nan nan nan 16.8 16.8 16.7 16.8 16.7 16.5 nan nan nan nan nan nan nan nan nan nan nan nan nan nan nan nan
nan nan nan nan nan nan nan nan nan nan nan nan nan nan nan nan nan nan nan nan nan nan nan nan nan nan nan nan nan nan 17.3 16.4 37.9 38.7 nan nan nan 34.4 36.3 35.8 35.3 34.6 33.8 32.9 32.0 31.3 30.5 29.8 29.2 28.6 28.1 27.6 27.1 26.5 25.7 24.8 23.9 23.0 21.9 20.9 19.9 19.0 18.3 17.4 17.0 nan 16.7 16.6 16.7 16.6 16.6 16.6 nan nan nan nan nan nan nan nan nan nan nan nan nan nan nan nan nan nan
nan nan nan nan nan nan nan nan nan nan nan nan nan nan nan nan nan nan nan nan nan nan nan nan nan nan nan nan nan nan nan nan 37.8 32.1 nan nan nan nan 35.5 35.7 35.3 34.5 33.6 32.7 31.8 31.1 30.4 29.7 29.2 28.6 28.2 27.8 27.4 26.8 26.1 25.3 24.4 23.5 22.5 21.4 20.3 19.3 18.4 17.7 17.2 16.9 16.7 16.5 16.4 16.4 16.3 nan nan nan nan nan nan nan nan nan nan nan nan nan nan nan nan nan nan nan
nan nan nan nan nan nan nan nan nan nan nan nan nan nan nan nan nan nan nan nan nan nan nan nan nan nan nan nan nan nan nan nan nan 33.1 17.6 nan nan nan 16.1 36.2 35.5 34.4 33.4 32.6 31.8 31.0 30.3 29.7 29.1 28.6 28.2 27.8 27.4 27.0 26.4 25.6 24.8 23.9 22.9 21.9 20.8 19.7 18.8 18.0 17.4 16.9 16.6 16.4 16.3 16.3 16.2 nan nan nan nan nan nan nan nan nan nan nan nan nan nan nan nan nan nan nan
nan nan nan nan nan nan nan nan nan nan nan nan nan nan nan nan nan nan nan nan nan nan nan nan nan nan nan nan nan nan nan nan nan nan 19.0 32.3 nan nan nan nan 35.4 34.8 33.5 32.6 31.7 31.0 30.3 29.5 28.9 28.4 28.0 27.7 27.4 27.0 26.5 25.9 25.1 24.3 23.3 22.2 21.2 20.1 19.1 18.3 17.6 17.0 16.6 16.4 16.2 16.2 16.2 16.1 nan nan nan nan nan nan nan nan nan nan nan nan nan nan nan nan nan nan
nan nan nan nan nan nan nan nan nan nan nan nan nan nan nan nan nan nan nan nan nan nan nan nan nan nan nan nan nan nan nan nan nan nan nan 24.2 17.5 nan nan nan nan 33.4 33.6 32.6 31.7 30.9 30.1 29.3 28.7 28.2 27.8 27.5 27.2 26.9 26.5 26.0 25.3 24.5 23.5 22.4 21.4 20.3 19.3 18.4 17.7 17.1 16.6 16.4 16.2 16.1 16.1 16.2 16.2 10.5 nan nan nan nan nan nan nan nan nan nan nan nan nan nan nan nan
nan nan nan nan nan nan nan nan nan nan nan nan nan nan nan nan nan nan nan nan nan nan nan nan nan nan nan nan nan nan nan nan nan nan 18.3 24.1 33.6 33.5 nan 17.5 nan 30.7 33.3 32.4 31.5 30.7 29.9 29.1 28.4 28.0 27.6 27.3 27.0 26.8 26.5 26.0 25.3 24.5 23.5 22.5 21.4 20.3 19.3 18.4 17.7 17.1 16.7 16.5 16.3 16.2 16.1 16.1 16.1 16.0 nan nan nan nan nan nan nan nan nan nan nan nan nan nan nan nan
nan nan nan nan nan nan nan nan nan nan nan nan nan nan nan nan nan nan nan nan nan nan nan nan nan nan nan nan nan nan nan nan nan nan 33.7 33.7 33.6 31.9 20.8 30.5 32.3 27.9 33.0 32.2 31.3 30.5 29.6 28.8 28.1 27.7 27.3 27.1 26.9 26.7 26.4 25.9 25.2 24.4 23.4 22.4 21.3 20.2 19.2 18.3 17.6 17.0 16.2 15.9 15.6 16.1 16.1 16.1 16.1 16.1 16.2 nan nan nan nan nan nan nan nan nan nan nan nan nan nan nan
nan nan nan nan nan nan nan nan nan nan nan nan nan nan nan nan nan nan nan nan nan nan nan nan nan nan nan nan nan nan nan nan nan nan 33.7 33.7 33.6 33.7 33.0 nan 33.3 31.7 33.2 32.2 31.2 30.2 29.3 28.5 27.8 27.4 27.1 26.9 26.8 26.5 26.3 25.8 25.1 24.3 23.3 22.3 21.2 20.1 -9999.0 -9999.0 -9999.0 -9999.0 -9999.0 -9999.0 -9999.0 11.4 16.2 16.0 16.1 16.0 16.1 nan nan nan nan nan nan nan nan nan nan nan nan nan nan -9999.0
nan nan nan nan nan nan nan nan nan nan nan nan nan nan nan nan nan nan nan nan nan nan nan nan nan nan nan nan nan nan nan nan nan nan 33.6 33.5 33.3 33.3 33.5 nan nan 34.1 33.3 32.2 31.1 30.0 29.0 28.2 27.6 27.1 26.9 26.7 26.6 26.4 26.1 25.7 25.0 24.2 23.3 22.2 21.0 -9999.0 -9999.0 -9999.0 -9999.0 -9999.0 -9999.0 -9999.0 -9999.0 nan 13.6 15.9 16.1 15.9 nan nan nan nan nan nan nan nan nan nan nan nan nan nan nan -9999.0
nan nan nan nan nan nan nan nan nan nan nan nan nan nan nan nan nan nan nan nan nan nan nan nan nan nan nan nan nan nan nan nan nan nan 33.3 33.1 33.0 33.1 33.6 nan 28.0 30.9 33.3 32.1 31.0 29.8 28.7 27.9 27.3 26.9 26.6 26.5 26.4 26.3 26.0 25.6 25.0 24.2 23.2 22.1 20.9 -9999.0 -9999.0 -9999.0 -9999.0 -9999.0 -9999.0 -9999.0 -9999.0 -9999.0 -9999.0 nan 11.0 11.0 nan nan nan nan nan nan nan nan nan nan nan nan nan nan nan -9999.0
nan nan nan nan nan nan nan nan nan nan nan nan nan nan nan nan nan nan nan nan nan nan nan nan nan nan nan nan nan nan nan nan nan nan 32.9 32.8 33.1 32.9 29.2 19.8 30.6 27.5 32.5 31.9 30.7 29.5 28.4 27.6 27.0 26.6 26.4 26.3 26.2 26.1 25.9 25.6 25.0 24.2 23.2 22.0 -9999.0 -9999.0 -9999.0 -9999.0 -9999.0 -9999.0 -9999.0 -9999.0 -9999.0 -9999.0 -9999.0 nan nan nan nan nan nan nan nan nan nan nan nan nan nan nan nan nan nan -9999.0
nan nan nan nan nan nan nan nan nan nan nan nan nan nan nan nan nan nan nan nan nan nan nan nan nan nan nan nan nan nan nan nan 30.6 31.2 32.6 33.1 33.6 34.2 33.2 30.8 nan 33.7 32.6 31.6 30.4 29.3 28.2 27.4 26.8 26.4 26.2 26.1 26.1 26.0 25.8 25.5 25.0 24.3 23.2 -9999.0 -9999.0 -9999.0 -9999.0 -9999.0 -9999.0 -9999.0 -9999.0 -9999.0 -9999.0 -9999.0 -9999.0 -9999.0 nan nan nan nan nan nan nan nan nan nan nan nan nan nan nan nan nan -9999.0
nan nan nan nan nan nan nan nan nan nan nan nan nan nan nan nan nan nan nan nan nan nan nan nan nan nan nan nan nan 17.3 nan nan 32.9 33.0 33.3 33.3 34.1 34.8 35.6 nan nan 33.0 32.4 31.5 30.4 29.2 28.1 27.3 26.6 26.3 26.0 26.0 25.9 25.8 25.6 25.4 25.0 24.3 23.2 -9999.0 -9999.0 -9999.0 -9999.0 -9999.0 -9999.0 -9999.0 -9999.0 -9999.0 -9999.0 -9999.0 -9999.0 -9999.0 -9999.0 -9999.0 nan nan nan nan nan nan nan nan nan nan nan nan nan nan nan -9999.0
nan nan nan nan nan nan nan nan nan nan nan nan nan nan nan nan nan nan nan nan nan nan nan nan nan nan nan nan nan 15.1 15.1 nan 33.2 33.8 31.2 30.3 32.3 34.8 35.2 34.0 nan 33.0 32.5 31.7 30.5 29.2 28.1 27.2 26.5 26.2 25.9 25.8 25.7 25.6 25.4 25.2 24.8 24.2 -9999.0 -9999.0 -9999.0 -9999.0 -9999.0 -9999.0 -9999.0 -9999.0 -9999.0 -9999.0 -9999.0 -9999.0 -9999.0 -9999.0 -9999.0 -9999.0 -9999.0 nan nan nan nan nan nan nan nan nan nan nan nan nan nan -9999.0
nan nan nan nan nan nan nan nan nan nan nan nan nan nan nan nan nan nan nan nan nan nan nan nan nan nan nan nan nan 15.9 33.0 33.2 33.7 34.3 35.0 nan 15.8 34.5 34.8 35.0 nan 32.4 33.0 32.0 30.7 29.4 28.3 27.4 26.6 26.2 25.9 25.7 25.5 25.4 25.2 25.1 24.7 24.1 -9999.0 -9999.0 -9999.0 -9999.0 -9999.0 -9999.0 -9999.0 -9999.0 -9999.0 -9999.0 -9999.0 -9999.0 -9999.0 -9999.0 -9999.0 -9999.0 -9999.0 -9999.0 nan nan nan nan nan nan nan nan nan nan nan nan nan -9999.0
nan nan nan nan nan nan nan nan nan nan nan nan nan nan nan nan nan nan nan nan nan nan nan nan nan nan nan nan nan nan 32.5 33.3 33.9 34.6 32.8 nan nan 33.5 33.7 34.1 nan 28.8 30.2 32.2 31.2 29.8 28.6 27.6 26.8 26.3 26.0 25.7 25.5 25.3 25.2 25.0 24.7 24.0 -9999.0 -9999.0 -9999.0 -9999.0 -9999.0 -9999.0 -9999.0 -9999.0 -9999.0 -9999.0 -9999.0 -9999.0 -9999.0 -9999.0 -9999.0 -9999.0 -9999.0 -9999.0 -9999.0 nan nan nan nan nan nan nan nan nan nan nan nan -9999.0
nan nan nan nan nan nan nan nan nan nan nan nan nan nan nan nan nan nan nan nan nan nan nan nan nan nan nan nan nan nan 30.3 33.3 34.0 34.8 31.2 nan 17.5 26.7 29.9 17.8 28.1 23.6 25.9 31.7 31.4 30.2 29.0 28.1 27.2 26.6 26.2 25.9 25.7 25.5 25.3 24.9 24.6 23.7 -9999.0 -9999.0 -9999.0 -9999.0 -9999.0 -9999.0 -9999.0 -9999.0 -9999.0 -9999.0 -9999.0 -9999.0 -9999.0 -9999.0 -9999.0 -9999.0 -9999.0 -9999.0 -9999.0 -9999.0 nan nan nan nan nan nan nan nan nan nan nan -9999.0
nan nan nan nan nan nan nan nan nan nan nan nan nan nan nan nan nan nan nan nan nan nan nan nan nan nan nan nan nan nan 30.8 32.8 34.0 34.6 32.9 17.4 nan 30.9 23.6 17.4 24.3 nan 33.2 32.7 31.7 30.6 29.5 28.6 27.7 27.0 26.5 26.2 25.9 25.7 25.5 25.1 23.3 18.2 -9999.0 -9999.0 -9999.0 -9999.0 -9999.0 -9999.0 -9999.0 -9999.0 -9999.0 -9999.0 -9999.0 -9999.0 -9999.0 -9999.0 -9999.0 -9999.0 -9999.0 -9999.0 -9999.0 -9999.0 -9999.0 -9999.0 nan nan nan nan nan nan nan nan nan -9999.0
nan nan nan nan nan nan nan nan nan nan nan nan nan nan nan nan nan nan nan nan nan nan nan nan nan nan nan nan nan nan nan 33.2 33.7 34.3 34.8 nan nan 23.6 23.2 19.5 nan nan 33.3 33.0 32.2 31.2 30.1 29.1 28.2 27.5 27.0 26.6 26.3 26.1 25.9 25.5 23.6 20.3 -9999.0 -9999.0 -9999.0 -9999.0 -9999.0 -9999.0 -9999.0 -9999.0 -9999.0 -9999.0 -9999.0 nan nan nan -9999.0 -9999.0 -9999.0 -9999.0 -9999.0 -9999.0 -9999.0 -9999.0 -9999.0 -9999.0 -9999.0 -9999.0 -9999.0 nan nan nan -9999.0 -9999.0
nan nan nan nan nan nan nan nan nan nan nan nan nan nan nan nan nan nan nan nan nan nan nan nan nan nan nan nan nan nan nan 32.0 33.2 34.1 35.1 nan 16.5 20.5 30.8 18.1 nan nan 33.4 33.3 32.7 31.8 30.8 29.8 28.9 28.2 27.6 27.1 26.7 26.5 26.3 26.0 25.3 21.3 -9999.0 -9999.0 -9999.0 -9999.0 -9999.0 -9999.0 -9999.0 -9999.0 -9999.0 -9999.0 -9999.0 nan nan nan nan nan -9999.0 -9999.0 -9999.0 -9999.0 -9999.0 -9999.0 -9999.0 -9999.0 -9999.0 -9999.0 -9999.0 -9999.0 -9999.0 -9999.0 -9999.0 -9999.0
nan nan nan nan nan nan nan nan nan nan nan nan nan nan nan nan nan nan nan nan nan nan nan nan nan nan nan nan nan nan nan 17.0 32.9 34.0 33.8 33.1 29.5 23.9 19.4 15.8 18.3 nan 33.6 33.6 33.2 32.4 31.5 30.5 29.6 28.9 28.2 27.6 27.1 26.8 26.5 26.1 25.5 18.9 -9999.0 -9999.0 -9999.0 -9999.0 -9999.0 -9999.0 -9999.0 -9999.0 -9999.0 -9999.0 -9999.0 -9999.0 -9999.0 -9999.0 -9999.0 -9999.0 -9999.0 -9999.0 -9999.0 -9999.0 -9999.0 -9999.0 -9999.0 -9999.0 -9999.0 -9999.0 -9999.0 -9999.0 -9999.0 -9999.0 -9999.0 -9999.0
nan nan nan nan nan nan nan nan nan nan nan nan nan nan nan nan nan nan nan nan nan nan nan nan nan nan nan nan nan nan nan 17.0 31.7 33.9 35.0 35.8 35.9 nan 21.9 25.4 15.2 nan 33.5 33.8 33.5 32.9 32.0 31.1 30.3 29.4 28.7 28.0 27.5 27.1 26.8 26.3 25.8 21.1 -9999.0 -9999.0 -9999.0 -9999.0 -9999.0 -9999.0 -9999.0 -9999.0 -9999.0 -9999.0 -9999.0 -9999.0 -9999.0 -9999.0 -9999.0 -9999.0 -9999.0 -9999.0 -9999.0 -9999.0 -9999.0 -9999.0 -9999.0 -9999.0 -9999.0 -9999.0 -9999.0 -9999.0 -9999.0 -9999.0 -9999.0 -9999.0
nan nan nan nan nan nan nan nan nan nan nan nan nan nan nan nan nan nan nan nan nan nan nan nan nan nan nan nan nan nan nan 17.0 29.1 32.5 34.9 35.6 35.8 nan nan 22.5 17.4 nan nan 34.0 34.2 33.5 32.6 31.7 30.9 30.0 29.3 28.5 27.9 27.5 27.1 26.6 26.0 20.2 -9999.0 -9999.0 -9999.0 -9999.0 -9999.0 -9999.0 -9999.0 -9999.0 -9999.0 -9999.0 -9999.0 -9999.0 -9999.0 -9999.0 -9999.0 -9999.0 -9999.0 -9999.0 -9999.0 -9999.0 -9999.0 -9999.0 -9999.0 -9999.0 -9999.0 -9999.0 -9999.0 -9999.0 -9999.0 -9999.0 -9999.0 -9999.0
nan nan nan nan nan nan nan nan nan nan nan nan nan nan nan nan nan nan nan nan nan nan nan nan nan nan nan nan nan nan nan nan 16.4 33.7 34.7 35.6 nan nan nan 23.0 16.9 17.2 nan nan 33.8 33.6 33.0 32.1 31.3 30.5 29.8 29.0 28.3 27.8 27.5 27.0 26.5 23.1 -9999.0 -9999.0 -9999.0 -9999.0 -9999.0 -9999.0 -9999.0 -9999.0 -9999.0 -9999.0 -9999.0 -9999.0 -9999.0 -9999.0 -9999.0 -9999.0 -9999.0 -9999.0 -9999.0 -9999.0 -9999.0 -9999.0 -9999.0 -9999.0 nan nan nan -9999.0 -9999.0 -9999.0 -9999.0 -9999.0
nan nan nan nan nan nan nan nan nan nan nan nan nan nan nan nan nan nan nan nan nan nan nan nan nan nan nan nan nan nan nan nan 31.9 33.3 34.5 35.5 nan nan nan nan 19.3 17.2 29.6 nan 32.5 33.7 33.4 32.5 31.7 31.0 30.2 29.5 28.8 28.2 27.8 27.5 26.8 25.9 -9999.0 -9999.0 -9999.0 -9999.0 -9999.0 -9999.0 -9999.0 -9999.0 -9999.0 -9999.0 -9999.0 -9999.0 -9999.0 -9999.0 -9999.0 -9999.0 -9999.0 -9999.0 -9999.0 -9999.0 -9999.0 -9999.0 nan nan nan nan nan nan nan nan -9999.0 -9999.0
nan nan nan nan nan nan nan nan nan nan nan nan nan nan nan nan nan nan nan nan nan nan nan nan nan nan nan nan nan nan nan nan nan 33.6 34.8 35.7 nan nan nan nan 25.0 19.1 24.1 21.1 nan 34.0 34.1 33.0 32.1 31.4 30.6 29.9 29.2 28.7 28.2 27.9 27.3 26.5 -9999.0 -9999.0 -9999.0 -9999.0 -9999.0 -9999.0 -9999.0 -9999.0 -9999.0 -9999.0 -9999.0 nan nan nan nan nan nan nan nan nan nan nan nan nan nan nan nan nan nan nan nan nan
nan nan nan nan nan nan nan nan nan nan nan nan nan nan nan nan nan nan nan nan nan nan nan nan nan nan nan nan nan nan nan nan nan 33.8 35.1 36.0 36.1 nan nan nan 33.6 21.4 21.4 32.8 nan nan 33.7 33.2 32.6 31.9 31.1 30.4 29.8 29.2 28.8 28.4 27.8 27.3 -9999.0 -9999.0 -9999.0 -9999.0 -9999.0 -9999.0 -9999.0 -9999.0 -9999.0 -9999.0 nan nan nan nan nan nan nan nan nan nan nan nan nan nan nan nan nan nan nan nan nan nan
