data/output/RUN203/ECOSPACE/ECOSPACE_in_PAR3/PAR-VarZ-VarK/PAR-VarZ-VarK_1990_05.asc
ncols        93
nrows        151 
xllcorner    -123.80739
yllcorner    48.29471 
cellsize     0.013497347 
NODATA_value  0.0
[rows 80 to 119 of 151, columns 0 to 89 of 93]
nan nan nan nan nan nan nan nan nan nan nan nan nan nan nan nan nan nan nan nan nan nan nan 42.2 42.0 41.8 43.9 43.5 42.0 40.4 38.7 37.1 35.6 34.1 32.6 31.1 29.7 28.4 27.3 26.3 25.5 24.7 23.8 22.8 21.7 20.7 19.8 19.0 18.3 17.8 17.2 16.8 16.4 16.0 nan nan nan nan nan nan nan nan nan nan nan nan 13.8 13.9 13.9 14.0 nan 13.7 13.7 13.7 13.8 13.8 13.8 13.7 13.6 13.9 14.3 14.4 14.2 nan nan nan nan nan nan nan
nan nan nan nan nan nan nan nan nan nan nan nan nan nan nan nan nan nan nan nan nan nan nan nan nan nan 44.9 44.4 43.2 41.6 40.0 38.2 36.7 35.0 33.3 31.7 30.2 28.8 27.5 26.5 25.5 24.7 23.8 22.8 21.7 20.7 19.9 19.1 18.5 17.9 17.4 17.0 16.5 16.1 15.6 nan nan nan nan nan nan nan nan nan nan nan 14.1 14.0 nan nan nan nan nan 13.8 13.9 14.0 nan 13.8 13.9 14.3 14.6 14.7 nan nan nan nan nan nan nan nan
nan nan nan nan nan nan nan nan nan nan nan nan nan nan nan nan nan nan nan nan nan nan nan nan nan nan nan 44.8 43.9 42.8 41.2 39.4 37.7 35.9 34.1 32.3 30.6 29.1 27.7 26.5 25.5 24.5 23.6 22.7 21.7 20.7 19.9 19.2 18.6 18.0 17.5 17.0 16.6 16.2 15.9 15.5 nan nan nan nan nan nan nan nan nan 14.1 14.3 nan nan nan nan nan nan 13.8 13.9 14.0 nan 14.0 14.3 14.6 14.9 nan nan nan nan nan nan nan nan nan
nan nan nan nan nan nan nan nan nan nan nan nan nan nan nan nan nan nan nan nan nan nan nan nan nan nan nan nan 42.1 43.0 42.4 40.6 38.8 36.8 34.8 32.9 31.0 29.4 27.8 26.5 25.4 24.3 23.4 22.5 21.6 20.7 19.9 19.2 18.6 18.2 17.7 17.2 16.8 16.4 16.0 15.6 15.4 nan nan nan nan nan nan nan nan 14.1 14.2 nan nan nan nan nan nan 13.8 13.9 14.1 14.4 14.8 14.8 14.8 nan nan nan nan nan nan nan nan nan nan
nan nan nan nan nan nan nan nan nan nan nan nan nan nan nan nan nan nan nan nan nan nan nan nan nan nan nan nan nan 16.1 43.3 41.8 39.8 37.7 35.5 33.4 31.4 29.6 27.9 26.5 25.2 24.1 23.1 22.3 21.4 20.6 19.9 19.2 18.6 18.2 17.8 17.3 16.9 16.4 16.1 15.8 15.5 15.3 nan nan nan nan nan nan 14.2 14.2 14.2 nan 14.2 14.2 14.2 nan nan 13.8 14.0 14.3 14.7 15.2 nan nan nan nan nan nan nan nan nan nan nan nan
nan nan nan nan nan nan nan nan nan nan nan nan nan nan nan nan nan nan nan nan nan nan nan nan nan nan nan nan nan nan 17.1 42.5 40.8 38.5 36.2 34.0 31.8 29.8 28.0 26.5 25.1 24.0 22.9 22.1 21.3 20.5 19.8 19.2 18.6 18.2 17.8 17.4 17.0 16.5 16.2 15.9 15.7 15.5 nan nan nan nan nan 14.3 14.3 14.3 14.3 14.3 14.2 14.2 14.2 9.6 nan 13.9 14.2 14.5 14.8 15.0 nan nan nan nan nan nan nan nan nan nan nan nan
nan nan nan nan nan nan nan nan nan nan nan nan nan nan nan nan nan nan nan nan nan nan nan nan nan nan nan nan nan nan nan 39.6 40.9 39.2 36.9 34.5 32.2 30.1 28.2 26.5 25.1 23.9 22.8 22.0 21.2 20.5 19.8 19.2 18.6 18.2 17.8 17.5 17.0 16.6 16.3 16.0 15.8 15.7 15.4 nan nan 14.6 14.7 14.6 14.4 14.4 14.4 14.4 14.3 14.2 14.2 nan nan 14.1 14.4 14.6 14.9 15.0 nan nan nan nan nan nan nan nan nan nan nan nan
nan nan nan nan nan nan nan nan nan nan nan nan nan nan nan nan nan nan nan nan nan nan nan nan nan nan nan nan nan nan nan nan 41.5 39.6 37.3 35.0 32.7 30.4 28.3 26.5 25.1 23.8 22.7 21.9 21.1 20.4 19.7 19.1 18.6 18.3 17.9 17.5 17.1 16.8 16.4 16.1 15.9 15.7 15.6 15.3 15.0 14.9 14.9 nan 14.6 14.7 14.7 14.7 14.6 14.5 14.4 14.3 14.3 14.4 14.6 14.8 14.9 nan nan nan nan nan nan nan nan nan nan nan nan nan
nan nan nan nan nan nan nan nan nan nan nan nan nan nan nan nan nan nan nan nan nan nan nan nan nan nan nan nan nan nan 40.4 40.8 40.9 39.4 37.4 35.4 33.2 30.9 28.6 26.7 25.1 23.8 22.7 21.8 21.0 20.3 19.7 19.2 18.7 18.3 18.0 17.6 17.3 16.9 16.6 16.3 16.0 15.8 15.6 15.4 15.2 15.1 15.0 15.1 15.0 15.0 15.1 15.1 15.0 14.9 14.7 14.5 14.5 14.6 14.7 14.9 15.0 nan nan nan nan nan nan nan nan nan nan nan nan nan
nan nan nan nan nan nan nan nan nan nan nan nan nan nan nan nan nan nan nan nan nan nan nan nan nan nan nan nan nan nan nan nan 40.2 39.0 37.4 35.7 33.9 31.6 29.1 27.0 25.4 24.0 22.8 21.8 21.0 20.3 19.7 19.2 18.8 18.4 18.1 17.8 17.4 17.0 16.7 16.5 16.2 16.0 15.8 15.6 15.5 15.4 15.3 15.3 15.2 15.2 15.2 nan nan nan 14.8 14.7 14.7 14.7 14.8 15.0 nan nan nan nan nan nan nan nan nan nan nan nan nan nan
nan nan nan nan nan nan nan nan nan nan nan nan nan nan nan nan nan nan nan nan nan nan nan nan nan nan nan nan nan nan 17.0 15.5 39.4 38.6 37.3 36.2 34.8 32.5 29.7 27.5 25.8 24.2 23.0 21.9 21.1 20.4 19.8 19.3 18.9 18.5 18.2 17.9 17.6 17.2 16.9 16.7 16.5 16.2 16.1 15.9 15.7 15.6 15.4 15.4 nan nan nan nan nan nan nan 14.9 14.9 14.9 15.0 15.0 nan nan nan nan nan nan nan nan nan nan nan nan nan nan
nan nan nan nan nan nan nan nan nan nan nan nan nan nan nan nan nan nan nan nan nan nan nan nan nan nan nan nan nan nan 17.2 38.5 38.9 38.4 37.5 18.4 35.8 33.4 30.3 28.1 26.3 24.6 23.3 22.1 21.2 20.5 19.9 19.4 19.0 18.7 18.4 18.1 17.8 17.4 17.2 16.9 16.7 16.5 16.3 16.0 15.8 15.7 15.5 nan nan nan nan nan nan 14.7 14.9 15.1 15.0 15.0 15.0 nan nan nan nan nan nan nan nan nan nan nan nan nan nan nan
nan nan nan nan nan nan nan nan nan nan nan nan nan nan nan nan nan nan nan nan nan nan nan nan nan nan nan nan nan nan 17.0 36.9 38.5 37.7 nan nan nan 32.8 31.0 28.8 27.0 25.2 23.7 22.4 21.4 20.6 20.0 19.6 19.2 18.9 18.6 18.3 18.0 17.7 17.4 17.1 16.9 16.7 16.5 16.2 15.9 15.8 15.6 nan nan nan nan nan 14.8 14.9 15.0 15.1 15.1 15.0 nan nan nan nan nan nan nan nan nan nan nan nan nan nan nan nan
nan nan nan nan nan nan nan nan nan nan nan nan nan nan nan nan nan nan nan nan nan nan nan nan nan nan nan nan nan nan 16.9 16.2 38.6 37.9 nan nan nan 30.2 31.8 29.9 28.0 26.0 24.2 22.8 21.7 20.9 20.3 19.8 19.4 19.1 18.8 18.5 18.2 17.9 17.7 17.4 17.2 17.0 16.7 16.4 16.1 15.8 15.6 15.3 15.1 nan 14.8 14.9 14.9 15.0 15.1 15.1 nan nan nan nan nan nan nan nan nan nan nan nan nan nan nan nan nan nan
nan nan nan nan nan nan nan nan nan nan nan nan nan nan nan nan nan nan nan nan nan nan nan nan nan nan nan nan nan nan nan nan 38.8 31.5 nan nan nan nan 31.8 31.2 29.4 26.9 24.8 23.3 22.1 21.2 20.5 20.0 19.7 19.4 19.1 18.8 18.5 18.3 18.0 17.8 17.5 17.3 17.0 16.7 16.3 16.0 15.7 15.4 15.3 15.1 15.0 14.9 15.0 15.0 15.0 nan nan nan nan nan nan nan nan nan nan nan nan nan nan nan nan nan nan nan
nan nan nan nan nan nan nan nan nan nan nan nan nan nan nan nan nan nan nan nan nan nan nan nan nan nan nan nan nan nan nan nan nan 31.0 15.9 nan nan nan 15.1 33.0 30.9 28.0 25.5 23.8 22.5 21.6 20.8 20.3 20.0 19.7 19.4 19.2 18.9 18.7 18.4 18.2 17.9 17.6 17.3 17.0 16.6 16.2 15.9 15.6 15.4 15.2 15.1 15.0 15.0 15.0 14.8 nan nan nan nan nan nan nan nan nan nan nan nan nan nan nan nan nan nan nan
nan nan nan nan nan nan nan nan nan nan nan nan nan nan nan nan nan nan nan nan nan nan nan nan nan nan nan nan nan nan nan nan nan nan 18.9 29.0 nan nan nan nan 31.4 29.2 26.1 24.2 22.9 21.9 21.2 20.6 20.3 20.0 19.8 19.6 19.4 19.1 18.9 18.7 18.4 18.1 17.7 17.3 16.9 16.5 16.1 15.8 15.5 15.3 15.2 15.1 15.1 15.0 15.0 14.6 nan nan nan nan nan nan nan nan nan nan nan nan nan nan nan nan nan nan
nan nan nan nan nan nan nan nan nan nan nan nan nan nan nan nan nan nan nan nan nan nan nan nan nan nan nan nan nan nan nan nan nan nan nan 21.2 16.4 nan nan nan nan 27.5 26.3 24.6 23.3 22.3 21.6 21.0 20.7 20.4 20.2 20.0 19.8 19.7 19.5 19.2 18.9 18.5 18.1 17.6 17.2 16.7 16.3 16.0 15.7 15.4 15.3 15.2 15.1 15.0 14.9 14.9 14.7 9.7 nan nan nan nan nan nan nan nan nan nan nan nan nan nan nan nan
nan nan nan nan nan nan nan nan nan nan nan nan nan nan nan nan nan nan nan nan nan nan nan nan nan nan nan nan nan nan nan nan nan nan 16.6 22.1 28.5 28.4 nan 16.2 nan 24.8 26.0 24.9 23.7 22.7 22.0 21.5 21.1 20.9 20.7 20.5 20.4 20.2 20.0 19.8 19.4 19.0 18.5 18.0 17.5 17.0 16.5 16.1 15.8 15.6 15.4 15.3 15.2 15.0 14.8 14.8 14.7 14.6 nan nan nan nan nan nan nan nan nan nan nan nan nan nan nan nan
nan nan nan nan nan nan nan nan nan nan nan nan nan nan nan nan nan nan nan nan nan nan nan nan nan nan nan nan nan nan nan nan nan nan 29.1 29.2 29.5 28.5 19.5 26.2 27.3 22.1 26.9 25.2 24.1 23.1 22.4 21.9 21.6 21.3 21.2 21.0 20.9 20.7 20.5 20.2 19.9 19.4 18.9 18.3 17.7 17.2 16.6 16.2 15.9 15.5 15.0 15.0 14.6 15.1 14.8 14.7 14.7 14.6 14.7 nan nan nan nan nan nan nan nan nan nan nan nan nan nan nan
nan nan nan nan nan nan nan nan nan nan nan nan nan nan nan nan nan nan nan nan nan nan nan nan nan nan nan nan nan nan nan nan nan nan 29.5 29.5 29.5 29.5 29.4 nan 28.5 26.6 27.0 25.6 24.4 23.5 22.8 22.3 22.0 21.8 21.6 21.5 21.4 21.2 21.0 20.7 20.3 19.8 19.2 18.6 17.9 17.3 -9999.0 -9999.0 -9999.0 -9999.0 -9999.0 -9999.0 -9999.0 10.6 14.8 14.6 14.6 14.5 14.6 nan nan nan nan nan nan nan nan nan nan nan nan nan nan -9999.0
nan nan nan nan nan nan nan nan nan nan nan nan nan nan nan nan nan nan nan nan nan nan nan nan nan nan nan nan nan nan nan nan nan nan 29.4 29.3 29.2 28.9 28.9 nan nan 28.8 27.4 25.9 24.7 23.8 23.2 22.7 22.4 22.2 22.0 22.0 21.9 21.7 21.5 21.2 20.8 20.2 19.6 18.9 18.1 -9999.0 -9999.0 -9999.0 -9999.0 -9999.0 -9999.0 -9999.0 -9999.0 nan 12.7 14.4 14.4 14.0 nan nan nan nan nan nan nan nan nan nan nan nan nan nan nan -9999.0
nan nan nan nan nan nan nan nan nan nan nan nan nan nan nan nan nan nan nan nan nan nan nan nan nan nan nan nan nan nan nan nan nan nan 29.1 28.9 28.8 29.0 29.6 nan 23.0 25.4 27.7 26.2 25.0 24.1 23.5 23.0 22.7 22.5 22.4 22.4 22.3 22.2 22.0 21.6 21.1 20.6 19.9 19.1 18.3 -9999.0 -9999.0 -9999.0 -9999.0 -9999.0 -9999.0 -9999.0 -9999.0 -9999.0 -9999.0 nan 10.3 10.3 nan nan nan nan nan nan nan nan nan nan nan nan nan nan nan -9999.0
nan nan nan nan nan nan nan nan nan nan nan nan nan nan nan nan nan nan nan nan nan nan nan nan nan nan nan nan nan nan nan nan nan nan 28.7 28.7 29.1 29.8 27.2 18.4 27.9 23.0 27.7 26.3 25.1 24.3 23.8 23.3 23.0 22.8 22.8 22.8 22.7 22.6 22.4 22.0 21.5 20.9 20.2 19.4 -9999.0 -9999.0 -9999.0 -9999.0 -9999.0 -9999.0 -9999.0 -9999.0 -9999.0 -9999.0 -9999.0 nan nan nan nan nan nan nan nan nan nan nan nan nan nan nan nan nan nan -9999.0
nan nan nan nan nan nan nan nan nan nan nan nan nan nan nan nan nan nan nan nan nan nan nan nan nan nan nan nan nan nan nan nan 27.6 27.9 28.8 29.2 29.9 30.9 31.5 30.1 nan 29.5 27.9 26.4 25.3 24.5 24.0 23.6 23.3 23.1 23.1 23.1 23.1 23.0 22.8 22.5 22.0 21.4 20.6 -9999.0 -9999.0 -9999.0 -9999.0 -9999.0 -9999.0 -9999.0 -9999.0 -9999.0 -9999.0 -9999.0 -9999.0 -9999.0 nan nan nan nan nan nan nan nan nan nan nan nan nan nan nan nan nan -9999.0
nan nan nan nan nan nan nan nan nan nan nan nan nan nan nan nan nan nan nan nan nan nan nan nan nan nan nan nan nan 16.6 nan nan 29.1 29.2 29.3 29.6 30.7 31.8 32.6 nan nan 29.2 28.0 26.7 25.6 24.8 24.3 23.9 23.5 23.4 23.4 23.4 23.4 23.3 23.2 22.9 22.5 21.9 21.1 -9999.0 -9999.0 -9999.0 -9999.0 -9999.0 -9999.0 -9999.0 -9999.0 -9999.0 -9999.0 -9999.0 -9999.0 -9999.0 -9999.0 -9999.0 nan nan nan nan nan nan nan nan nan nan nan nan nan nan nan -9999.0
nan nan nan nan nan nan nan nan nan nan nan nan nan nan nan nan nan nan nan nan nan nan nan nan nan nan nan nan nan 14.3 14.3 nan 29.5 29.9 28.4 26.6 29.9 31.5 31.9 30.3 nan 29.5 28.6 27.3 26.1 25.2 24.5 24.1 23.8 23.6 23.6 23.7 23.6 23.6 23.5 23.3 23.0 22.5 -9999.0 -9999.0 -9999.0 -9999.0 -9999.0 -9999.0 -9999.0 -9999.0 -9999.0 -9999.0 -9999.0 -9999.0 -9999.0 -9999.0 -9999.0 -9999.0 -9999.0 nan nan nan nan nan nan nan nan nan nan nan nan nan nan -9999.0
nan nan nan nan nan nan nan nan nan nan nan nan nan nan nan nan nan nan nan nan nan nan nan nan nan nan nan nan nan 15.1 29.2 29.3 29.8 30.3 31.0 nan 15.1 31.2 31.3 31.3 nan 29.1 29.5 28.1 26.8 25.6 24.9 24.4 24.0 23.9 23.9 23.9 23.9 23.9 23.9 23.6 23.4 23.0 -9999.0 -9999.0 -9999.0 -9999.0 -9999.0 -9999.0 -9999.0 -9999.0 -9999.0 -9999.0 -9999.0 -9999.0 -9999.0 -9999.0 -9999.0 -9999.0 -9999.0 -9999.0 nan nan nan nan nan nan nan nan nan nan nan nan nan -9999.0
nan nan nan nan nan nan nan nan nan nan nan nan nan nan nan nan nan nan nan nan nan nan nan nan nan nan nan nan nan nan 28.7 29.2 29.8 30.6 29.9 nan nan 30.9 31.3 32.2 nan 26.2 27.2 28.6 27.4 26.1 25.3 24.7 24.3 24.1 24.1 24.2 24.2 24.2 24.1 23.9 23.7 23.4 -9999.0 -9999.0 -9999.0 -9999.0 -9999.0 -9999.0 -9999.0 -9999.0 -9999.0 -9999.0 -9999.0 -9999.0 -9999.0 -9999.0 -9999.0 -9999.0 -9999.0 -9999.0 -9999.0 nan nan nan nan nan nan nan nan nan nan nan nan -9999.0
nan nan nan nan nan nan nan nan nan nan nan nan nan nan nan nan nan nan nan nan nan nan nan nan nan nan nan nan nan nan 26.2 29.2 29.9 30.7 27.6 nan 16.9 25.0 28.2 17.5 27.5 22.1 23.3 27.6 27.7 26.6 25.7 25.1 24.7 24.5 24.5 24.5 24.5 24.5 24.3 24.0 23.7 23.5 -9999.0 -9999.0 -9999.0 -9999.0 -9999.0 -9999.0 -9999.0 -9999.0 -9999.0 -9999.0 -9999.0 -9999.0 -9999.0 -9999.0 -9999.0 -9999.0 -9999.0 -9999.0 -9999.0 -9999.0 nan nan nan nan nan nan nan nan nan nan nan -9999.0
nan nan nan nan nan nan nan nan nan nan nan nan nan nan nan nan nan nan nan nan nan nan nan nan nan nan nan nan nan nan 26.6 28.7 29.8 30.5 29.9 16.8 nan 28.4 23.6 17.9 24.2 nan 30.0 29.5 28.2 27.1 26.2 25.6 25.2 25.0 24.9 24.9 24.9 24.8 24.7 24.3 23.0 17.9 -9999.0 -9999.0 -9999.0 -9999.0 -9999.0 -9999.0 -9999.0 -9999.0 -9999.0 -9999.0 -9999.0 -9999.0 -9999.0 -9999.0 -9999.0 -9999.0 -9999.0 -9999.0 -9999.0 -9999.0 -9999.0 -9999.0 nan nan nan nan nan nan nan nan nan -9999.0
nan nan nan nan nan nan nan nan nan nan nan nan nan nan nan nan nan nan nan nan nan nan nan nan nan nan nan nan nan nan nan 29.1 29.6 30.3 31.1 nan nan 22.3 22.8 21.3 nan nan 30.8 30.1 29.0 27.9 26.9 26.1 25.7 25.5 25.4 25.4 25.4 25.3 25.2 24.9 23.1 19.7 -9999.0 -9999.0 -9999.0 -9999.0 -9999.0 -9999.0 -9999.0 -9999.0 -9999.0 -9999.0 -9999.0 nan nan nan -9999.0 -9999.0 -9999.0 -9999.0 -9999.0 -9999.0 -9999.0 -9999.0 -9999.0 -9999.0 -9999.0 -9999.0 -9999.0 nan nan nan -9999.0 -9999.0
nan nan nan nan nan nan nan nan nan nan nan nan nan nan nan nan nan nan nan nan nan nan nan nan nan nan nan nan nan nan nan 28.4 29.4 30.2 31.3 nan 15.8 20.1 30.0 19.1 nan nan 31.2 30.9 29.8 28.7 27.7 26.9 26.4 26.2 26.1 26.1 26.0 25.9 25.8 25.6 25.1 21.0 -9999.0 -9999.0 -9999.0 -9999.0 -9999.0 -9999.0 -9999.0 -9999.0 -9999.0 -9999.0 -9999.0 nan nan nan nan nan -9999.0 -9999.0 -9999.0 -9999.0 -9999.0 -9999.0 -9999.0 -9999.0 -9999.0 -9999.0 -9999.0 -9999.0 -9999.0 -9999.0 -9999.0 -9999.0
nan nan nan nan nan nan nan nan nan nan nan nan nan nan nan nan nan nan nan nan nan nan nan nan nan nan nan nan nan nan nan 16.5 29.3 30.2 30.6 29.5 26.3 23.0 19.1 16.1 19.3 nan 31.4 31.5 30.7 29.7 28.7 27.9 27.3 27.0 26.8 26.7 26.6 26.5 26.3 26.0 25.4 18.4 -9999.0 -9999.0 -9999.0 -9999.0 -9999.0 -9999.0 -9999.0 -9999.0 -9999.0 -9999.0 -9999.0 -9999.0 -9999.0 -9999.0 -9999.0 -9999.0 -9999.0 -9999.0 -9999.0 -9999.0 -9999.0 -9999.0 -9999.0 -9999.0 -9999.0 -9999.0 -9999.0 -9999.0 -9999.0 -9999.0 -9999.0 -9999.0
nan nan nan nan nan nan nan nan nan nan nan nan nan nan nan nan nan nan nan nan nan nan nan nan nan nan nan nan nan nan nan 16.4 29.1 30.4 31.6 32.3 32.5 nan 20.5 24.7 15.2 nan 31.6 32.0 31.6 30.8 29.8 28.9 28.2 27.9 27.6 27.5 27.3 27.1 26.9 26.5 26.1 21.3 -9999.0 -9999.0 -9999.0 -9999.0 -9999.0 -9999.0 -9999.0 -9999.0 -9999.0 -9999.0 -9999.0 -9999.0 -9999.0 -9999.0 -9999.0 -9999.0 -9999.0 -9999.0 -9999.0 -9999.0 -9999.0 -9999.0 -9999.0 -9999.0 -9999.0 -9999.0 -9999.0 -9999.0 -9999.0 -9999.0 -9999.0 -9999.0
nan nan nan nan nan nan nan nan nan nan nan nan nan nan nan nan nan nan nan nan nan nan nan nan nan nan nan nan nan nan nan 16.5 26.4 29.7 31.4 32.2 32.3 nan nan 22.4 18.1 nan nan 32.5 32.8 32.0 31.0 30.1 29.3 28.8 28.5 28.2 28.0 27.8 27.6 27.3 26.9 21.4 -9999.0 -9999.0 -9999.0 -9999.0 -9999.0 -9999.0 -9999.0 -9999.0 -9999.0 -9999.0 -9999.0 -9999.0 -9999.0 -9999.0 -9999.0 -9999.0 -9999.0 -9999.0 -9999.0 -9999.0 -9999.0 -9999.0 -9999.0 -9999.0 -9999.0 -9999.0 -9999.0 -9999.0 -9999.0 -9999.0 -9999.0 -9999.0
nan nan nan nan nan nan nan nan nan nan nan nan nan nan nan nan nan nan nan nan nan nan nan nan nan nan nan nan nan nan nan nan 15.8 30.5 31.4 32.2 nan nan nan 23.8 17.6 19.7 nan nan 32.3 32.3 31.8 31.0 30.3 29.7 29.4 29.1 28.7 28.5 28.3 28.1 27.8 24.4 -9999.0 -9999.0 -9999.0 -9999.0 -9999.0 -9999.0 -9999.0 -9999.0 -9999.0 -9999.0 -9999.0 -9999.0 -9999.0 -9999.0 -9999.0 -9999.0 -9999.0 -9999.0 -9999.0 -9999.0 -9999.0 -9999.0 -9999.0 -9999.0 nan nan nan -9999.0 -9999.0 -9999.0 -9999.0 -9999.0
nan nan nan nan nan nan nan nan nan nan nan nan nan nan nan nan nan nan nan nan nan nan nan nan nan nan nan nan nan nan nan nan 28.9 30.1 31.2 32.2 nan nan nan nan 19.9 19.7 31.9 nan 31.6 32.7 32.5 31.9 31.3 30.7 30.3 29.9 29.5 29.2 29.0 28.9 28.5 27.6 -9999.0 -9999.0 -9999.0 -9999.0 -9999.0 -9999.0 -9999.0 -9999.0 -9999.0 -9999.0 -9999.0 -9999.0 -9999.0 -9999.0 -9999.0 -9999.0 -9999.0 -9999.0 -9999.0 -9999.0 -9999.0 -9999.0 nan nan nan nan nan nan nan nan -9999.0 -9999.0
nan nan nan nan nan nan nan nan nan nan nan nan nan nan nan nan nan nan nan nan nan nan nan nan nan nan nan nan nan nan nan nan nan 30.2 31.5 32.5 nan nan nan nan 26.0 22.2 27.0 20.9 nan 33.2 33.6 32.9 32.2 31.7 31.3 31.0 30.5 30.1 29.8 29.6 29.4 29.3 -9999.0 -9999.0 -9999.0 -9999.0 -9999.0 -9999.0 -9999.0 -9999.0 -9999.0 -9999.0 -9999.0 nan nan nan nan nan nan nan nan nan nan nan nan nan nan nan nan nan nan nan nan nan
nan nan nan nan nan nan nan nan nan nan nan nan nan nan nan nan nan nan nan nan nan nan nan nan nan nan nan nan nan nan nan nan nan 30.5 31.4 32.7 32.6 nan nan nan 33.3 23.6 24.2 34.3 nan nan 33.3 33.2 32.9 32.6 32.3 32.0 31.5 31.0 30.8 30.7 30.7 30.7 -9999.0 -9999.0 -9999.0 -9999.0 -9999.0 -9999.0 -9999.0 -9999.0 -9999.0 -9999.0 nan nan nan nan nan nan nan nan nan nan nan nan nan nan nan nan nan nan nan nan nan nan
