data/output/RUN203/ECOSPACE/ECOSPACE_in_PAR3/PAR-VarZ-VarK/PAR-VarZ-VarK_1996_04.asc
ncols        93
nrows        151 
xllcorner    -123.80739
yllcorner    48.29471 
cellsize     0.013497347 
NODATA_value  0.0
[rows 80 to 119 of 151, columns 0 to 89 of 93]
nan nan nan nan nan nan nan nan nan nan nan nan nan nan nan nan nan nan nan nan nan nan nan 23.9 22.6 25.6 27.1 27.0 25.8 24.7 23.9 23.3 22.9 22.6 22.1 21.7 21.4 20.8 20.2 19.5 18.5 17.5 16.6 15.8 15.1 14.5 14.1 13.7 13.3 13.0 12.7 12.4 12.1 11.9 nan nan nan nan nan nan nan nan nan nan nan nan 9.9 10.1 10.1 10.2 nan 10.0 10.0 10.1 10.1 10.1 10.1 10.1 10.0 10.1 10.2 10.4 10.4 nan nan nan nan nan nan nan
nan nan nan nan nan nan nan nan nan nan nan nan nan nan nan nan nan nan nan nan nan nan nan nan nan nan 28.6 28.0 27.0 25.9 24.9 24.2 23.7 23.3 22.9 22.4 22.1 21.6 20.9 19.9 18.9 17.7 16.7 15.8 14.9 14.3 13.8 13.4 13.1 12.8 12.6 12.4 12.1 11.9 11.6 nan nan nan nan nan nan nan nan nan nan nan 10.1 10.1 nan nan nan nan nan 10.1 10.2 10.3 nan 10.1 10.2 10.3 10.5 10.6 nan nan nan nan nan nan nan nan
nan nan nan nan nan nan nan nan nan nan nan nan nan nan nan nan nan nan nan nan nan nan nan nan nan nan nan 28.8 28.1 27.3 26.2 25.2 24.5 24.0 23.5 23.0 22.7 22.0 21.2 20.2 19.1 17.9 16.7 15.6 14.8 14.1 13.5 13.2 12.9 12.6 12.4 12.3 12.1 12.0 11.8 11.6 nan nan nan nan nan nan nan nan nan 10.1 10.2 nan nan nan nan nan nan 10.1 10.2 10.2 nan 10.3 10.4 10.5 10.6 nan nan nan nan nan nan nan nan nan
nan nan nan nan nan nan nan nan nan nan nan nan nan nan nan nan nan nan nan nan nan nan nan nan nan nan nan nan 27.5 27.8 27.4 26.3 25.4 24.8 24.1 23.6 23.0 22.4 21.4 20.3 19.1 17.8 16.6 15.5 14.5 13.8 13.3 12.9 12.6 12.4 12.3 12.1 12.0 12.0 11.9 11.7 11.5 nan nan nan nan nan nan nan nan 10.1 10.3 nan nan nan nan nan nan 10.1 10.2 10.3 10.5 10.7 10.7 10.6 nan nan nan nan nan nan nan nan nan nan
nan nan nan nan nan nan nan nan nan nan nan nan nan nan nan nan nan nan nan nan nan nan nan nan nan nan nan nan nan 10.3 28.4 27.5 26.4 25.5 24.8 24.1 23.5 22.7 21.6 20.3 19.0 17.7 16.5 15.3 14.3 13.6 13.1 12.7 12.5 12.2 12.1 11.9 11.9 11.9 11.9 11.8 11.5 11.2 nan nan nan nan nan nan 10.2 10.2 10.3 nan 10.4 10.4 10.5 nan nan 10.1 10.3 10.4 10.6 10.9 nan nan nan nan nan nan nan nan nan nan nan nan
nan nan nan nan nan nan nan nan nan nan nan nan nan nan nan nan nan nan nan nan nan nan nan nan nan nan nan nan nan nan 11.0 28.4 27.4 26.4 25.4 24.6 23.9 23.0 21.8 20.4 19.1 17.6 16.3 15.1 14.1 13.5 12.9 12.6 12.3 12.1 11.9 11.8 11.8 11.7 11.7 11.7 11.6 11.3 nan nan nan nan nan 10.3 10.4 10.5 10.5 10.5 10.5 10.5 10.4 6.8 nan 10.2 10.4 10.5 10.7 10.8 nan nan nan nan nan nan nan nan nan nan nan nan
nan nan nan nan nan nan nan nan nan nan nan nan nan nan nan nan nan nan nan nan nan nan nan nan nan nan nan nan nan nan nan 27.1 27.9 27.2 26.3 25.3 24.4 23.3 22.0 20.5 19.0 17.5 16.2 15.0 14.0 13.3 12.8 12.4 12.1 11.9 11.8 11.7 11.6 11.6 11.6 11.6 11.5 11.4 11.1 nan nan 10.5 10.7 10.6 10.7 10.8 10.8 10.7 10.6 10.6 10.5 nan nan 10.3 10.5 10.6 10.8 10.8 nan nan nan nan nan nan nan nan nan nan nan nan
nan nan nan nan nan nan nan nan nan nan nan nan nan nan nan nan nan nan nan nan nan nan nan nan nan nan nan nan nan nan nan nan 28.8 28.0 27.1 26.1 25.1 23.8 22.3 20.7 19.0 17.5 16.0 14.9 13.9 13.3 12.7 12.3 12.0 11.8 11.7 11.6 11.6 11.5 11.6 11.6 11.5 11.4 11.1 10.9 10.8 10.9 10.9 nan 10.9 11.0 11.0 11.0 10.9 10.8 10.6 10.5 10.5 10.6 10.6 10.7 10.8 nan nan nan nan nan nan nan nan nan nan nan nan nan
nan nan nan nan nan nan nan nan nan nan nan nan nan nan nan nan nan nan nan nan nan nan nan nan nan nan nan nan nan nan 29.4 29.2 29.0 28.3 27.6 26.7 25.7 24.4 22.7 20.9 19.1 17.5 16.0 14.8 13.9 13.2 12.7 12.2 11.9 11.7 11.6 11.5 11.5 11.5 11.5 11.5 11.5 11.4 11.3 11.2 11.2 11.1 11.1 11.1 11.1 11.2 11.2 11.2 11.1 11.0 10.9 10.7 10.7 10.7 10.7 10.8 10.8 nan nan nan nan nan nan nan nan nan nan nan nan nan
nan nan nan nan nan nan nan nan nan nan nan nan nan nan nan nan nan nan nan nan nan nan nan nan nan nan nan nan nan nan nan nan 29.0 28.4 27.9 27.2 26.3 25.0 23.1 21.1 19.2 17.6 16.1 14.9 13.9 13.2 12.7 12.2 11.9 11.7 11.6 11.5 11.4 11.4 11.4 11.5 11.5 11.5 11.5 11.5 11.4 11.3 11.2 11.2 11.2 11.2 11.3 nan nan nan 10.9 10.9 10.8 10.8 10.8 10.8 nan nan nan nan nan nan nan nan nan nan nan nan nan nan
nan nan nan nan nan nan nan nan nan nan nan nan nan nan nan nan nan nan nan nan nan nan nan nan nan nan nan nan nan nan 10.8 10.0 28.6 28.3 28.0 27.6 26.8 25.5 23.6 21.6 19.6 17.8 16.2 14.9 14.0 13.3 12.7 12.2 11.9 11.7 11.5 11.4 11.4 11.4 11.4 11.4 11.5 11.5 11.5 11.5 11.5 11.4 11.2 11.2 nan nan nan nan nan nan nan 10.9 10.9 10.8 10.8 10.8 nan nan nan nan nan nan nan nan nan nan nan nan nan nan
nan nan nan nan nan nan nan nan nan nan nan nan nan nan nan nan nan nan nan nan nan nan nan nan nan nan nan nan nan nan 11.5 28.0 28.4 28.3 28.2 12.8 27.0 26.0 24.2 22.0 20.0 18.1 16.5 15.1 14.1 13.3 12.7 12.3 11.9 11.7 11.6 11.5 11.4 11.4 11.4 11.4 11.5 11.5 11.5 11.5 11.4 11.3 11.1 nan nan nan nan nan nan 10.7 10.8 10.9 10.9 10.8 10.8 nan nan nan nan nan nan nan nan nan nan nan nan nan nan nan
nan nan nan nan nan nan nan nan nan nan nan nan nan nan nan nan nan nan nan nan nan nan nan nan nan nan nan nan nan nan 10.9 26.9 28.5 28.1 nan nan nan 26.0 25.0 22.8 20.7 18.6 16.8 15.3 14.2 13.4 12.8 12.4 12.0 11.8 11.6 11.5 11.4 11.4 11.4 11.5 11.5 11.6 11.6 11.5 11.4 11.2 11.0 nan nan nan nan nan 10.7 10.7 10.8 10.8 10.8 10.8 nan nan nan nan nan nan nan nan nan nan nan nan nan nan nan nan
nan nan nan nan nan nan nan nan nan nan nan nan nan nan nan nan nan nan nan nan nan nan nan nan nan nan nan nan nan nan 10.8 10.8 28.8 28.2 nan nan nan 24.6 24.9 23.9 21.5 19.2 17.1 15.6 14.4 13.6 12.9 12.5 12.1 11.9 11.7 11.6 11.5 11.5 11.5 11.6 11.6 11.6 11.6 11.5 11.3 11.1 11.0 10.8 10.8 nan 10.7 10.7 10.8 10.7 10.7 10.7 nan nan nan nan nan nan nan nan nan nan nan nan nan nan nan nan nan nan
nan nan nan nan nan nan nan nan nan nan nan nan nan nan nan nan nan nan nan nan nan nan nan nan nan nan nan nan nan nan nan nan 29.4 22.2 nan nan nan nan 22.6 24.2 22.5 19.9 17.6 15.9 14.7 13.8 13.2 12.6 12.3 12.0 11.8 11.7 11.6 11.6 11.6 11.7 11.7 11.6 11.6 11.5 11.4 11.2 11.1 10.9 10.9 10.8 10.8 10.7 10.7 10.6 10.6 nan nan nan nan nan nan nan nan nan nan nan nan nan nan nan nan nan nan nan
nan nan nan nan nan nan nan nan nan nan nan nan nan nan nan nan nan nan nan nan nan nan nan nan nan nan nan nan nan nan nan nan nan 24.4 12.1 nan nan nan 10.1 26.2 23.4 20.7 18.1 16.3 15.0 14.1 13.4 12.9 12.6 12.3 12.0 11.9 11.8 11.8 11.8 11.8 11.8 11.8 11.7 11.6 11.4 11.2 11.1 11.0 10.9 10.8 10.7 10.6 10.6 10.6 10.4 nan nan nan nan nan nan nan nan nan nan nan nan nan nan nan nan nan nan nan
nan nan nan nan nan nan nan nan nan nan nan nan nan nan nan nan nan nan nan nan nan nan nan nan nan nan nan nan nan nan nan nan nan nan 12.9 21.1 nan nan nan nan 23.9 21.4 18.5 16.7 15.4 14.4 13.8 13.3 12.9 12.6 12.4 12.2 12.1 12.0 12.0 12.0 12.0 11.9 11.8 11.6 11.5 11.3 11.1 11.0 10.9 10.8 10.6 10.6 10.5 10.5 10.4 10.4 nan nan nan nan nan nan nan nan nan nan nan nan nan nan nan nan nan nan
nan nan nan nan nan nan nan nan nan nan nan nan nan nan nan nan nan nan nan nan nan nan nan nan nan nan nan nan nan nan nan nan nan nan nan 15.4 10.6 nan nan nan nan 20.0 18.8 17.1 15.8 14.8 14.2 13.7 13.4 13.1 12.9 12.7 12.6 12.4 12.3 12.2 12.2 12.1 11.9 11.8 11.6 11.4 11.2 11.0 10.9 10.8 10.6 10.5 10.4 10.4 10.4 10.4 10.4 6.7 nan nan nan nan nan nan nan nan nan nan nan nan nan nan nan nan
nan nan nan nan nan nan nan nan nan nan nan nan nan nan nan nan nan nan nan nan nan nan nan nan nan nan nan nan nan nan nan nan nan nan 11.3 14.1 20.6 20.5 nan 10.6 nan 18.4 19.2 17.5 16.3 15.3 14.6 14.1 13.8 13.6 13.4 13.2 13.1 12.9 12.8 12.6 12.5 12.3 12.2 12.0 11.8 11.6 11.3 11.1 10.9 10.8 10.6 10.6 10.5 10.4 10.3 10.3 10.4 10.3 nan nan nan nan nan nan nan nan nan nan nan nan nan nan nan nan
nan nan nan nan nan nan nan nan nan nan nan nan nan nan nan nan nan nan nan nan nan nan nan nan nan nan nan nan nan nan nan nan nan nan 21.4 21.0 21.3 19.0 12.1 19.0 19.7 15.6 19.3 17.9 16.7 15.8 15.1 14.6 14.4 14.1 13.9 13.8 13.6 13.4 13.3 13.1 12.9 12.6 12.4 12.3 12.0 11.8 11.5 11.3 11.0 10.8 10.5 10.6 10.5 10.5 10.3 10.3 10.3 10.4 10.5 nan nan nan nan nan nan nan nan nan nan nan nan nan nan nan
nan nan nan nan nan nan nan nan nan nan nan nan nan nan nan nan nan nan nan nan nan nan nan nan nan nan nan nan nan nan nan nan nan nan 21.6 21.6 21.5 21.2 20.2 nan 21.4 19.6 19.8 18.3 17.1 16.2 15.6 15.1 14.9 14.6 14.5 14.3 14.2 14.0 13.8 13.6 13.3 13.0 12.8 12.6 12.3 12.0 -9999.0 -9999.0 -9999.0 -9999.0 -9999.0 -9999.0 -9999.0 7.2 10.4 10.4 10.4 10.4 10.4 nan nan nan nan nan nan nan nan nan nan nan nan nan nan -9999.0
nan nan nan nan nan nan nan nan nan nan nan nan nan nan nan nan nan nan nan nan nan nan nan nan nan nan nan nan nan nan nan nan nan nan 21.8 21.7 21.6 21.5 21.4 nan nan 21.9 20.3 18.8 17.6 16.7 16.0 15.6 15.3 15.1 15.0 14.9 14.7 14.6 14.4 14.1 13.8 13.5 13.2 12.9 12.6 -9999.0 -9999.0 -9999.0 -9999.0 -9999.0 -9999.0 -9999.0 -9999.0 nan 8.6 10.3 10.4 10.2 nan nan nan nan nan nan nan nan nan nan nan nan nan nan nan -9999.0
nan nan nan nan nan nan nan nan nan nan nan nan nan nan nan nan nan nan nan nan nan nan nan nan nan nan nan nan nan nan nan nan nan nan 21.8 21.7 21.7 21.7 21.8 nan 16.9 19.0 20.7 19.3 18.0 17.1 16.5 16.1 15.8 15.6 15.5 15.4 15.3 15.1 15.0 14.7 14.4 14.1 13.7 13.3 12.9 -9999.0 -9999.0 -9999.0 -9999.0 -9999.0 -9999.0 -9999.0 -9999.0 -9999.0 -9999.0 nan 7.1 7.1 nan nan nan nan nan nan nan nan nan nan nan nan nan nan nan -9999.0
nan nan nan nan nan nan nan nan nan nan nan nan nan nan nan nan nan nan nan nan nan nan nan nan nan nan nan nan nan nan nan nan nan nan 21.7 21.7 22.0 20.5 19.0 12.6 20.1 16.9 20.8 19.6 18.4 17.5 16.9 16.6 16.3 16.1 16.0 15.9 15.9 15.8 15.6 15.4 15.0 14.6 14.2 13.7 -9999.0 -9999.0 -9999.0 -9999.0 -9999.0 -9999.0 -9999.0 -9999.0 -9999.0 -9999.0 -9999.0 nan nan nan nan nan nan nan nan nan nan nan nan nan nan nan nan nan nan -9999.0
nan nan nan nan nan nan nan nan nan nan nan nan nan nan nan nan nan nan nan nan nan nan nan nan nan nan nan nan nan nan nan nan 19.7 20.2 21.7 22.2 22.5 22.8 22.5 20.1 nan 22.7 21.1 19.8 18.7 17.9 17.4 17.0 16.7 16.6 16.5 16.5 16.5 16.4 16.3 16.1 15.7 15.2 14.7 -9999.0 -9999.0 -9999.0 -9999.0 -9999.0 -9999.0 -9999.0 -9999.0 -9999.0 -9999.0 -9999.0 -9999.0 -9999.0 nan nan nan nan nan nan nan nan nan nan nan nan nan nan nan nan nan -9999.0
nan nan nan nan nan nan nan nan nan nan nan nan nan nan nan nan nan nan nan nan nan nan nan nan nan nan nan nan nan 10.8 nan nan 22.4 22.3 22.5 22.5 22.9 23.3 23.6 nan nan 22.6 21.3 20.0 19.0 18.3 17.7 17.3 17.1 17.0 17.0 17.1 17.1 17.1 17.1 16.9 16.5 15.9 15.2 -9999.0 -9999.0 -9999.0 -9999.0 -9999.0 -9999.0 -9999.0 -9999.0 -9999.0 -9999.0 -9999.0 -9999.0 -9999.0 -9999.0 -9999.0 nan nan nan nan nan nan nan nan nan nan nan nan nan nan nan -9999.0
nan nan nan nan nan nan nan nan nan nan nan nan nan nan nan nan nan nan nan nan nan nan nan nan nan nan nan nan nan 9.6 9.6 nan 22.6 22.7 21.0 20.4 21.9 23.4 23.5 22.4 nan 23.0 21.8 20.5 19.5 18.6 18.1 17.7 17.5 17.4 17.5 17.6 17.7 17.8 17.8 17.6 17.2 16.6 -9999.0 -9999.0 -9999.0 -9999.0 -9999.0 -9999.0 -9999.0 -9999.0 -9999.0 -9999.0 -9999.0 -9999.0 -9999.0 -9999.0 -9999.0 -9999.0 -9999.0 nan nan nan nan nan nan nan nan nan nan nan nan nan nan -9999.0
nan nan nan nan nan nan nan nan nan nan nan nan nan nan nan nan nan nan nan nan nan nan nan nan nan nan nan nan nan 10.2 23.0 23.0 23.0 23.0 23.2 nan 9.9 23.3 23.5 23.6 nan 21.6 22.3 21.1 20.0 19.1 18.5 18.0 17.8 17.8 17.9 18.0 18.2 18.3 18.4 18.4 18.0 17.4 -9999.0 -9999.0 -9999.0 -9999.0 -9999.0 -9999.0 -9999.0 -9999.0 -9999.0 -9999.0 -9999.0 -9999.0 -9999.0 -9999.0 -9999.0 -9999.0 -9999.0 -9999.0 nan nan nan nan nan nan nan nan nan nan nan nan nan -9999.0
nan nan nan nan nan nan nan nan nan nan nan nan nan nan nan nan nan nan nan nan nan nan nan nan nan nan nan nan nan nan 22.7 23.0 23.3 23.5 21.1 nan nan 22.3 23.0 24.3 nan 18.9 19.7 21.5 20.6 19.6 18.9 18.4 18.2 18.1 18.2 18.4 18.6 18.8 18.9 18.9 18.6 18.1 -9999.0 -9999.0 -9999.0 -9999.0 -9999.0 -9999.0 -9999.0 -9999.0 -9999.0 -9999.0 -9999.0 -9999.0 -9999.0 -9999.0 -9999.0 -9999.0 -9999.0 -9999.0 -9999.0 nan nan nan nan nan nan nan nan nan nan nan nan -9999.0
nan nan nan nan nan nan nan nan nan nan nan nan nan nan nan nan nan nan nan nan nan nan nan nan nan nan nan nan nan nan 21.1 23.3 23.5 23.6 20.8 nan 10.9 17.6 20.4 12.5 19.2 15.6 16.2 20.6 21.0 20.0 19.2 18.7 18.5 18.5 18.6 18.8 18.9 19.1 19.1 19.1 18.9 18.6 -9999.0 -9999.0 -9999.0 -9999.0 -9999.0 -9999.0 -9999.0 -9999.0 -9999.0 -9999.0 -9999.0 -9999.0 -9999.0 -9999.0 -9999.0 -9999.0 -9999.0 -9999.0 -9999.0 -9999.0 nan nan nan nan nan nan nan nan nan nan nan -9999.0
nan nan nan nan nan nan nan nan nan nan nan nan nan nan nan nan nan nan nan nan nan nan nan nan nan nan nan nan nan nan 21.9 23.1 23.5 23.7 21.1 10.9 nan 21.0 16.4 12.2 17.1 nan 22.9 22.8 21.5 20.5 19.6 19.1 18.9 18.9 19.0 19.1 19.2 19.4 19.5 19.5 19.0 15.4 -9999.0 -9999.0 -9999.0 -9999.0 -9999.0 -9999.0 -9999.0 -9999.0 -9999.0 -9999.0 -9999.0 -9999.0 -9999.0 -9999.0 -9999.0 -9999.0 -9999.0 -9999.0 -9999.0 -9999.0 -9999.0 -9999.0 nan nan nan nan nan nan nan nan nan -9999.0
nan nan nan nan nan nan nan nan nan nan nan nan nan nan nan nan nan nan nan nan nan nan nan nan nan nan nan nan nan nan nan 23.3 23.3 23.4 23.6 nan nan 15.9 15.6 13.9 nan nan 24.4 23.4 22.2 21.0 20.1 19.6 19.4 19.4 19.5 19.6 19.7 19.8 20.0 20.1 19.6 16.6 -9999.0 -9999.0 -9999.0 -9999.0 -9999.0 -9999.0 -9999.0 -9999.0 -9999.0 -9999.0 -9999.0 nan nan nan -9999.0 -9999.0 -9999.0 -9999.0 -9999.0 -9999.0 -9999.0 -9999.0 -9999.0 -9999.0 -9999.0 -9999.0 -9999.0 nan nan nan -9999.0 -9999.0
nan nan nan nan nan nan nan nan nan nan nan nan nan nan nan nan nan nan nan nan nan nan nan nan nan nan nan nan nan nan nan 21.6 23.3 23.4 23.9 nan 10.6 13.3 21.1 12.3 nan nan 24.9 24.2 23.0 21.8 20.8 20.2 19.9 19.9 20.0 20.1 20.2 20.3 20.5 20.5 20.1 17.0 -9999.0 -9999.0 -9999.0 -9999.0 -9999.0 -9999.0 -9999.0 -9999.0 -9999.0 -9999.0 -9999.0 nan nan nan nan nan -9999.0 -9999.0 -9999.0 -9999.0 -9999.0 -9999.0 -9999.0 -9999.0 -9999.0 -9999.0 -9999.0 -9999.0 -9999.0 -9999.0 -9999.0 -9999.0
nan nan nan nan nan nan nan nan nan nan nan nan nan nan nan nan nan nan nan nan nan nan nan nan nan nan nan nan nan nan nan 10.8 23.2 23.5 22.6 21.4 20.6 16.3 13.1 10.7 12.3 nan 25.3 25.0 23.9 22.7 21.6 20.9 20.5 20.4 20.5 20.6 20.7 20.8 20.9 20.6 19.9 15.2 -9999.0 -9999.0 -9999.0 -9999.0 -9999.0 -9999.0 -9999.0 -9999.0 -9999.0 -9999.0 -9999.0 -9999.0 -9999.0 -9999.0 -9999.0 -9999.0 -9999.0 -9999.0 -9999.0 -9999.0 -9999.0 -9999.0 -9999.0 -9999.0 -9999.0 -9999.0 -9999.0 -9999.0 -9999.0 -9999.0 -9999.0 -9999.0
nan nan nan nan nan nan nan nan nan nan nan nan nan nan nan nan nan nan nan nan nan nan nan nan nan nan nan nan nan nan nan 10.7 21.5 23.8 24.1 24.3 24.1 nan 14.8 17.5 10.2 nan 25.8 25.7 24.8 23.7 22.7 21.9 21.3 21.0 21.0 21.1 21.2 21.4 21.4 21.2 20.6 17.4 -9999.0 -9999.0 -9999.0 -9999.0 -9999.0 -9999.0 -9999.0 -9999.0 -9999.0 -9999.0 -9999.0 -9999.0 -9999.0 -9999.0 -9999.0 -9999.0 -9999.0 -9999.0 -9999.0 -9999.0 -9999.0 -9999.0 -9999.0 -9999.0 -9999.0 -9999.0 -9999.0 -9999.0 -9999.0 -9999.0 -9999.0 -9999.0
nan nan nan nan nan nan nan nan nan nan nan nan nan nan nan nan nan nan nan nan nan nan nan nan nan nan nan nan nan nan nan 10.8 20.3 22.1 24.2 24.2 24.0 nan nan 15.6 11.5 nan nan 26.6 26.0 24.9 23.8 22.9 22.2 21.8 21.6 21.7 21.8 21.9 21.9 21.7 21.2 17.3 -9999.0 -9999.0 -9999.0 -9999.0 -9999.0 -9999.0 -9999.0 -9999.0 -9999.0 -9999.0 -9999.0 -9999.0 -9999.0 -9999.0 -9999.0 -9999.0 -9999.0 -9999.0 -9999.0 -9999.0 -9999.0 -9999.0 -9999.0 -9999.0 -9999.0 -9999.0 -9999.0 -9999.0 -9999.0 -9999.0 -9999.0 -9999.0
nan nan nan nan nan nan nan nan nan nan nan nan nan nan nan nan nan nan nan nan nan nan nan nan nan nan nan nan nan nan nan nan 10.5 23.8 24.1 24.2 nan nan nan 15.9 11.3 10.7 nan nan 25.8 25.6 24.8 23.9 23.2 22.6 22.3 22.3 22.4 22.4 22.4 22.3 22.1 19.2 -9999.0 -9999.0 -9999.0 -9999.0 -9999.0 -9999.0 -9999.0 -9999.0 -9999.0 -9999.0 -9999.0 -9999.0 -9999.0 -9999.0 -9999.0 -9999.0 -9999.0 -9999.0 -9999.0 -9999.0 -9999.0 -9999.0 -9999.0 -9999.0 nan nan nan -9999.0 -9999.0 -9999.0 -9999.0 -9999.0
nan nan nan nan nan nan nan nan nan nan nan nan nan nan nan nan nan nan nan nan nan nan nan nan nan nan nan nan nan nan nan nan 22.5 23.4 23.9 24.1 nan nan nan nan 13.1 10.5 19.0 nan 24.7 26.1 25.7 24.9 24.1 23.5 23.1 22.9 23.0 23.0 23.0 22.9 22.7 21.4 -9999.0 -9999.0 -9999.0 -9999.0 -9999.0 -9999.0 -9999.0 -9999.0 -9999.0 -9999.0 -9999.0 -9999.0 -9999.0 -9999.0 -9999.0 -9999.0 -9999.0 -9999.0 -9999.0 -9999.0 -9999.0 -9999.0 nan nan nan nan nan nan nan nan -9999.0 -9999.0
nan nan nan nan nan nan nan nan nan nan nan nan nan nan nan nan nan nan nan nan nan nan nan nan nan nan nan nan nan nan nan nan nan 23.6 24.0 24.2 nan nan nan nan 17.1 11.8 14.5 13.9 nan 27.0 26.9 26.1 25.3 24.5 24.0 23.7 23.6 23.6 23.6 23.7 23.4 22.4 -9999.0 -9999.0 -9999.0 -9999.0 -9999.0 -9999.0 -9999.0 -9999.0 -9999.0 -9999.0 -9999.0 nan nan nan nan nan nan nan nan nan nan nan nan nan nan nan nan nan nan nan nan nan
nan nan nan nan nan nan nan nan nan nan nan nan nan nan nan nan nan nan nan nan nan nan nan nan nan nan nan nan nan nan nan nan nan 24.0 24.2 24.4 24.4 nan nan nan 23.4 13.6 13.2 22.6 nan nan 26.9 26.7 26.1 25.5 24.8 24.5 24.2 24.2 24.2 24.3 24.2 23.8 -9999.0 -9999.0 -9999.0 -9999.0 -9999.0 -9999.0 -9999.0 -9999.0 -9999.0 -9999.0 nan nan nan nan nan nan nan nan nan nan nan nan nan nan nan nan nan nan nan nan nan nan
