data/output/RUN203/ECOSPACE/ECOSPACE_in_PAR3/PAR-VarZ-VarK/PAR-VarZ-VarK_1989_07.asc
ncols        93
nrows        151 
xllcorner    -123.80739
yllcorner    48.29471 
cellsize     0.013497347 
NODATA_value  0.0
[rows 80 to 119 of 151, columns 0 to 89 of 93]
nan nan nan nan nan nan nan nan nan nan nan nan nan nan nan nan nan nan nan nan nan nan nan 32.0 31.5 32.0 34.0 33.1 31.6 30.2 28.8 27.7 26.8 26.0 25.4 24.9 24.5 24.0 23.7 23.4 23.2 23.1 22.9 22.8 22.6 22.4 22.1 21.7 21.3 20.5 19.6 18.8 18.0 17.5 nan nan nan nan nan nan nan nan nan nan nan nan 15.2 15.3 15.4 15.4 nan 15.2 15.1 15.1 15.1 15.2 15.1 15.0 14.9 15.2 15.7 15.7 15.4 nan nan nan nan nan nan nan
nan nan nan nan nan nan nan nan nan nan nan nan nan nan nan nan nan nan nan nan nan nan nan nan nan nan 34.2 33.6 32.5 31.1 29.7 28.5 27.5 26.6 25.9 25.3 24.8 24.3 23.9 23.5 23.3 23.1 22.9 22.7 22.5 22.2 22.0 21.7 21.3 20.7 20.0 19.1 18.4 17.7 17.2 nan nan nan nan nan nan nan nan nan nan nan 15.5 15.5 nan nan nan nan nan 15.2 15.3 15.3 nan 15.0 15.2 15.6 15.9 16.0 nan nan nan nan nan nan nan nan
nan nan nan nan nan nan nan nan nan nan nan nan nan nan nan nan nan nan nan nan nan nan nan nan nan nan nan 33.8 33.0 32.0 30.7 29.5 28.3 27.3 26.4 25.7 25.1 24.6 24.1 23.7 23.3 23.1 22.8 22.6 22.4 22.1 21.9 21.6 21.3 20.8 20.2 19.4 18.7 18.1 17.5 17.1 nan nan nan nan nan nan nan nan nan 15.6 15.8 nan nan nan nan nan nan 15.3 15.3 15.4 nan 15.2 15.5 15.9 16.1 nan nan nan nan nan nan nan nan nan
nan nan nan nan nan nan nan nan nan nan nan nan nan nan nan nan nan nan nan nan nan nan nan nan nan nan nan nan 31.3 32.4 31.8 30.5 29.2 28.1 27.1 26.2 25.5 24.9 24.3 23.8 23.4 23.1 22.8 22.6 22.3 22.1 21.9 21.6 21.3 20.9 20.4 19.8 19.1 18.5 17.9 17.4 17.1 nan nan nan nan nan nan nan nan 15.7 15.8 nan nan nan nan nan nan 15.3 15.4 15.5 15.9 16.2 16.1 16.1 nan nan nan nan nan nan nan nan nan nan
nan nan nan nan nan nan nan nan nan nan nan nan nan nan nan nan nan nan nan nan nan nan nan nan nan nan nan nan nan 16.0 32.7 31.5 30.1 28.9 27.7 26.8 25.9 25.2 24.6 24.0 23.6 23.2 22.9 22.6 22.3 22.1 21.9 21.6 21.4 21.0 20.6 20.1 19.5 18.9 18.3 17.8 17.4 17.2 nan nan nan nan nan nan 15.7 15.8 15.9 nan 15.9 15.9 15.9 nan nan 15.4 15.6 15.9 16.3 16.9 nan nan nan nan nan nan nan nan nan nan nan nan
nan nan nan nan nan nan nan nan nan nan nan nan nan nan nan nan nan nan nan nan nan nan nan nan nan nan nan nan nan nan 16.5 32.3 31.0 29.6 28.4 27.4 26.4 25.6 24.9 24.3 23.8 23.4 23.0 22.7 22.4 22.2 22.0 21.7 21.5 21.2 20.9 20.5 20.0 19.4 18.8 18.3 17.9 17.6 nan nan nan nan nan 15.9 15.9 16.0 16.0 16.0 16.0 16.0 15.9 11.2 nan 15.6 15.8 16.2 16.5 16.8 nan nan nan nan nan nan nan nan nan nan nan nan
nan nan nan nan nan nan nan nan nan nan nan nan nan nan nan nan nan nan nan nan nan nan nan nan nan nan nan nan nan nan nan 29.4 31.4 30.4 29.1 28.0 27.0 26.1 25.3 24.6 24.0 23.6 23.2 22.9 22.6 22.4 22.2 22.0 21.8 21.6 21.3 20.9 20.4 19.9 19.4 18.9 18.4 18.0 17.5 nan nan 16.2 16.4 16.3 16.2 16.2 16.3 16.2 16.2 16.1 16.0 nan nan 15.8 16.1 16.4 16.7 16.8 nan nan nan nan nan nan nan nan nan nan nan nan
nan nan nan nan nan nan nan nan nan nan nan nan nan nan nan nan nan nan nan nan nan nan nan nan nan nan nan nan nan nan nan nan 31.9 30.8 29.8 28.7 27.6 26.6 25.8 25.0 24.4 23.9 23.5 23.1 22.9 22.6 22.5 22.3 22.1 21.9 21.7 21.4 21.0 20.5 20.0 19.5 18.9 18.4 17.9 17.2 17.0 16.9 16.8 nan 16.5 16.6 16.6 16.7 16.6 16.5 16.4 16.2 16.2 16.3 16.4 16.6 16.8 nan nan nan nan nan nan nan nan nan nan nan nan nan
nan nan nan nan nan nan nan nan nan nan nan nan nan nan nan nan nan nan nan nan nan nan nan nan nan nan nan nan nan nan 30.9 31.4 31.7 31.0 30.2 29.3 28.4 27.4 26.5 25.6 24.9 24.3 23.8 23.5 23.2 23.0 22.8 22.6 22.4 22.3 22.1 21.9 21.5 21.1 20.6 20.1 19.5 18.9 18.4 17.9 17.6 17.3 17.2 17.1 17.1 17.1 17.2 17.2 17.1 17.0 16.8 16.5 16.5 16.5 16.6 16.8 16.8 nan nan nan nan nan nan nan nan nan nan nan nan nan
nan nan nan nan nan nan nan nan nan nan nan nan nan nan nan nan nan nan nan nan nan nan nan nan nan nan nan nan nan nan nan nan 31.4 31.1 30.6 29.9 29.1 28.2 27.3 26.3 25.5 24.8 24.3 23.9 23.6 23.3 23.1 22.9 22.8 22.6 22.5 22.3 22.0 21.6 21.2 20.8 20.2 19.6 19.1 18.6 18.1 17.8 17.7 17.6 17.5 17.4 17.4 nan nan nan 16.9 16.8 16.7 16.7 16.8 16.9 nan nan nan nan nan nan nan nan nan nan nan nan nan nan
nan nan nan nan nan nan nan nan nan nan nan nan nan nan nan nan nan nan nan nan nan nan nan nan nan nan nan nan nan nan 18.2 16.4 31.3 31.2 30.9 30.5 30.0 29.2 28.1 27.1 26.2 25.5 24.8 24.3 24.0 23.7 23.4 23.2 23.1 22.9 22.8 22.6 22.3 22.0 21.6 21.2 20.8 20.3 19.7 19.2 18.7 18.3 18.0 17.9 nan nan nan nan nan nan nan 17.1 16.9 16.9 16.9 16.9 nan nan nan nan nan nan nan nan nan nan nan nan nan nan
nan nan nan nan nan nan nan nan nan nan nan nan nan nan nan nan nan nan nan nan nan nan nan nan nan nan nan nan nan nan 17.0 30.9 31.4 31.7 31.4 17.9 30.7 30.1 28.8 27.9 27.0 26.1 25.4 24.8 24.3 24.0 23.7 23.5 23.3 23.2 23.0 22.8 22.6 22.3 21.9 21.5 21.1 20.7 20.2 19.7 19.1 18.7 18.4 nan nan nan nan nan nan 17.0 17.1 17.2 17.1 17.0 17.0 nan nan nan nan nan nan nan nan nan nan nan nan nan nan nan
nan nan nan nan nan nan nan nan nan nan nan nan nan nan nan nan nan nan nan nan nan nan nan nan nan nan nan nan nan nan 18.3 29.4 31.6 32.0 nan nan nan 29.9 29.3 28.5 27.6 26.8 26.0 25.3 24.7 24.3 23.9 23.7 23.5 23.4 23.2 23.0 22.8 22.5 22.1 21.8 21.4 21.1 20.6 20.1 19.6 19.1 18.7 nan nan nan nan nan 17.2 17.2 17.2 17.3 17.2 17.0 nan nan nan nan nan nan nan nan nan nan nan nan nan nan nan nan
nan nan nan nan nan nan nan nan nan nan nan nan nan nan nan nan nan nan nan nan nan nan nan nan nan nan nan nan nan nan 18.2 16.1 32.2 32.3 nan nan nan 27.6 29.5 29.0 28.3 27.5 26.6 25.8 25.1 24.6 24.2 24.0 23.7 23.6 23.4 23.2 23.0 22.7 22.4 22.0 21.7 21.4 21.0 20.5 20.0 19.4 18.9 18.1 17.8 nan 17.3 17.3 17.4 17.3 17.4 17.3 nan nan nan nan nan nan nan nan nan nan nan nan nan nan nan nan nan nan
nan nan nan nan nan nan nan nan nan nan nan nan nan nan nan nan nan nan nan nan nan nan nan nan nan nan nan nan nan nan nan nan 32.3 26.6 nan nan nan nan 29.4 29.4 29.0 28.2 27.2 26.3 25.6 25.0 24.6 24.3 24.0 23.9 23.6 23.4 23.1 22.9 22.6 22.3 22.0 21.7 21.3 20.9 20.4 19.9 19.3 18.7 18.3 17.9 17.7 17.5 17.4 17.4 17.3 nan nan nan nan nan nan nan nan nan nan nan nan nan nan nan nan nan nan nan
nan nan nan nan nan nan nan nan nan nan nan nan nan nan nan nan nan nan nan nan nan nan nan nan nan nan nan nan nan nan nan nan nan 26.1 15.1 nan nan nan 16.4 30.0 29.8 29.0 27.9 26.9 26.1 25.4 25.0 24.6 24.4 24.2 23.9 23.7 23.4 23.1 22.8 22.5 22.3 22.0 21.7 21.3 20.9 20.3 19.8 19.2 18.8 18.3 18.0 17.7 17.6 17.4 17.3 nan nan nan nan nan nan nan nan nan nan nan nan nan nan nan nan nan nan nan
nan nan nan nan nan nan nan nan nan nan nan nan nan nan nan nan nan nan nan nan nan nan nan nan nan nan nan nan nan nan nan nan nan nan 18.5 27.5 nan nan nan nan 30.1 29.8 28.6 27.5 26.6 25.9 25.4 25.0 24.8 24.5 24.2 23.9 23.7 23.4 23.1 22.9 22.6 22.4 22.1 21.7 21.3 20.8 20.2 19.6 19.0 18.6 18.2 17.9 17.7 17.5 17.4 17.1 nan nan nan nan nan nan nan nan nan nan nan nan nan nan nan nan nan nan
nan nan nan nan nan nan nan nan nan nan nan nan nan nan nan nan nan nan nan nan nan nan nan nan nan nan nan nan nan nan nan nan nan nan nan 21.3 18.6 nan nan nan nan 28.9 29.0 28.0 27.1 26.4 25.8 25.4 25.1 24.8 24.5 24.2 24.0 23.7 23.5 23.2 23.0 22.7 22.5 22.1 21.7 21.2 20.5 19.9 19.3 18.8 18.4 18.1 17.9 17.6 17.5 17.3 17.2 11.7 nan nan nan nan nan nan nan nan nan nan nan nan nan nan nan nan
nan nan nan nan nan nan nan nan nan nan nan nan nan nan nan nan nan nan nan nan nan nan nan nan nan nan nan nan nan nan nan nan nan nan 17.7 23.0 28.9 28.7 nan 18.7 nan 26.2 29.4 28.5 27.7 26.9 26.2 25.7 25.3 25.1 24.8 24.5 24.3 24.0 23.8 23.6 23.4 23.1 22.9 22.5 22.0 21.5 20.8 20.1 19.4 18.9 18.6 18.3 18.0 17.7 17.4 17.3 17.2 17.1 nan nan nan nan nan nan nan nan nan nan nan nan nan nan nan nan
nan nan nan nan nan nan nan nan nan nan nan nan nan nan nan nan nan nan nan nan nan nan nan nan nan nan nan nan nan nan nan nan nan nan 28.8 29.1 29.5 28.8 20.0 26.5 28.1 24.9 29.9 28.9 28.0 27.2 26.5 26.0 25.6 25.3 25.0 24.8 24.6 24.4 24.2 24.0 23.8 23.5 23.2 22.8 22.2 21.6 20.9 20.1 19.4 18.9 18.1 18.3 17.8 17.9 17.5 17.4 17.3 17.2 17.3 nan nan nan nan nan nan nan nan nan nan nan nan nan nan nan
nan nan nan nan nan nan nan nan nan nan nan nan nan nan nan nan nan nan nan nan nan nan nan nan nan nan nan nan nan nan nan nan nan nan 29.0 29.4 29.6 29.8 29.8 nan 28.3 28.8 30.0 29.2 28.4 27.5 26.8 26.3 25.9 25.6 25.3 25.1 24.9 24.7 24.5 24.4 24.2 23.9 23.5 23.1 22.4 21.7 -9999.0 -9999.0 -9999.0 -9999.0 -9999.0 -9999.0 -9999.0 12.8 17.6 17.5 17.4 17.2 17.3 nan nan nan nan nan nan nan nan nan nan nan nan nan nan -9999.0
nan nan nan nan nan nan nan nan nan nan nan nan nan nan nan nan nan nan nan nan nan nan nan nan nan nan nan nan nan nan nan nan nan nan 29.0 29.4 29.5 29.4 29.2 nan nan 30.1 30.2 29.5 28.6 27.8 27.1 26.5 26.1 25.8 25.6 25.4 25.2 25.0 24.9 24.8 24.6 24.3 23.9 23.3 22.6 -9999.0 -9999.0 -9999.0 -9999.0 -9999.0 -9999.0 -9999.0 -9999.0 nan 15.4 17.5 17.5 16.9 nan nan nan nan nan nan nan nan nan nan nan nan nan nan nan -9999.0
nan nan nan nan nan nan nan nan nan nan nan nan nan nan nan nan nan nan nan nan nan nan nan nan nan nan nan nan nan nan nan nan nan nan 28.9 28.9 29.0 29.0 29.3 nan 23.8 28.1 30.2 29.6 28.8 27.9 27.2 26.7 26.3 26.1 25.9 25.7 25.5 25.4 25.3 25.2 25.0 24.6 24.1 23.5 22.7 -9999.0 -9999.0 -9999.0 -9999.0 -9999.0 -9999.0 -9999.0 -9999.0 -9999.0 -9999.0 nan 12.5 12.5 nan nan nan nan nan nan nan nan nan nan nan nan nan nan nan -9999.0
nan nan nan nan nan nan nan nan nan nan nan nan nan nan nan nan nan nan nan nan nan nan nan nan nan nan nan nan nan nan nan nan nan nan 28.5 28.4 28.7 29.1 26.5 18.4 26.9 24.5 29.5 29.3 28.6 27.9 27.3 26.9 26.5 26.3 26.1 26.0 25.8 25.8 25.7 25.7 25.4 25.0 24.5 23.7 -9999.0 -9999.0 -9999.0 -9999.0 -9999.0 -9999.0 -9999.0 -9999.0 -9999.0 -9999.0 -9999.0 nan nan nan nan nan nan nan nan nan nan nan nan nan nan nan nan nan nan -9999.0
nan nan nan nan nan nan nan nan nan nan nan nan nan nan nan nan nan nan nan nan nan nan nan nan nan nan nan nan nan nan nan nan 27.1 27.2 28.2 28.5 29.0 29.8 29.8 29.7 nan 29.8 29.5 29.2 28.6 28.0 27.4 27.0 26.7 26.5 26.4 26.2 26.1 26.1 26.2 26.2 25.9 25.5 24.8 -9999.0 -9999.0 -9999.0 -9999.0 -9999.0 -9999.0 -9999.0 -9999.0 -9999.0 -9999.0 -9999.0 -9999.0 -9999.0 nan nan nan nan nan nan nan nan nan nan nan nan nan nan nan nan nan -9999.0
nan nan nan nan nan nan nan nan nan nan nan nan nan nan nan nan nan nan nan nan nan nan nan nan nan nan nan nan nan 18.6 nan nan 28.4 28.4 28.2 28.5 29.4 30.3 31.2 nan nan 29.6 29.6 29.3 28.8 28.1 27.6 27.2 27.0 26.8 26.6 26.5 26.5 26.5 26.6 26.6 26.4 26.0 25.3 -9999.0 -9999.0 -9999.0 -9999.0 -9999.0 -9999.0 -9999.0 -9999.0 -9999.0 -9999.0 -9999.0 -9999.0 -9999.0 -9999.0 -9999.0 nan nan nan nan nan nan nan nan nan nan nan nan nan nan nan -9999.0
nan nan nan nan nan nan nan nan nan nan nan nan nan nan nan nan nan nan nan nan nan nan nan nan nan nan nan nan nan 15.6 15.6 nan 28.7 28.8 27.2 25.5 28.6 30.2 30.8 29.8 nan 29.7 30.0 29.8 29.2 28.5 27.9 27.5 27.2 27.0 26.9 26.8 26.7 26.8 26.9 27.0 26.9 26.5 -9999.0 -9999.0 -9999.0 -9999.0 -9999.0 -9999.0 -9999.0 -9999.0 -9999.0 -9999.0 -9999.0 -9999.0 -9999.0 -9999.0 -9999.0 -9999.0 -9999.0 nan nan nan nan nan nan nan nan nan nan nan nan nan nan -9999.0
nan nan nan nan nan nan nan nan nan nan nan nan nan nan nan nan nan nan nan nan nan nan nan nan nan nan nan nan nan 16.4 28.7 28.8 29.0 29.0 29.4 nan 16.8 29.9 30.3 30.6 nan 28.7 30.5 30.3 29.6 28.8 28.2 27.7 27.5 27.2 27.1 27.0 27.0 27.1 27.3 27.5 27.4 27.1 -9999.0 -9999.0 -9999.0 -9999.0 -9999.0 -9999.0 -9999.0 -9999.0 -9999.0 -9999.0 -9999.0 -9999.0 -9999.0 -9999.0 -9999.0 -9999.0 -9999.0 -9999.0 nan nan nan nan nan nan nan nan nan nan nan nan nan -9999.0
nan nan nan nan nan nan nan nan nan nan nan nan nan nan nan nan nan nan nan nan nan nan nan nan nan nan nan nan nan nan 28.2 28.5 28.8 29.2 28.3 nan nan 29.8 30.3 30.3 nan 26.0 28.2 30.2 29.7 29.0 28.4 28.0 27.7 27.5 27.3 27.3 27.3 27.5 27.8 27.9 27.9 27.6 -9999.0 -9999.0 -9999.0 -9999.0 -9999.0 -9999.0 -9999.0 -9999.0 -9999.0 -9999.0 -9999.0 -9999.0 -9999.0 -9999.0 -9999.0 -9999.0 -9999.0 -9999.0 -9999.0 nan nan nan nan nan nan nan nan nan nan nan nan -9999.0
nan nan nan nan nan nan nan nan nan nan nan nan nan nan nan nan nan nan nan nan nan nan nan nan nan nan nan nan nan nan 25.6 28.4 28.8 29.2 26.2 nan 19.0 23.8 26.6 16.7 26.0 21.1 24.5 29.3 29.7 29.0 28.5 28.1 27.9 27.7 27.6 27.6 27.6 27.8 28.2 28.2 28.2 27.4 -9999.0 -9999.0 -9999.0 -9999.0 -9999.0 -9999.0 -9999.0 -9999.0 -9999.0 -9999.0 -9999.0 -9999.0 -9999.0 -9999.0 -9999.0 -9999.0 -9999.0 -9999.0 -9999.0 -9999.0 nan nan nan nan nan nan nan nan nan nan nan -9999.0
nan nan nan nan nan nan nan nan nan nan nan nan nan nan nan nan nan nan nan nan nan nan nan nan nan nan nan nan nan nan 26.0 28.0 28.8 29.2 28.6 18.9 nan 27.1 22.7 18.4 22.8 nan 30.2 30.4 29.8 29.2 28.7 28.3 28.1 27.9 27.8 27.8 27.9 28.1 28.4 28.3 27.9 22.6 -9999.0 -9999.0 -9999.0 -9999.0 -9999.0 -9999.0 -9999.0 -9999.0 -9999.0 -9999.0 -9999.0 -9999.0 -9999.0 -9999.0 -9999.0 -9999.0 -9999.0 -9999.0 -9999.0 -9999.0 -9999.0 -9999.0 nan nan nan nan nan nan nan nan nan -9999.0
nan nan nan nan nan nan nan nan nan nan nan nan nan nan nan nan nan nan nan nan nan nan nan nan nan nan nan nan nan nan nan 28.4 28.8 29.2 29.7 nan nan 21.9 21.9 21.7 nan nan 30.6 30.5 29.9 29.3 28.9 28.5 28.3 28.1 28.1 28.1 28.2 28.4 28.7 28.8 28.1 24.5 -9999.0 -9999.0 -9999.0 -9999.0 -9999.0 -9999.0 -9999.0 -9999.0 -9999.0 -9999.0 -9999.0 nan nan nan -9999.0 -9999.0 -9999.0 -9999.0 -9999.0 -9999.0 -9999.0 -9999.0 -9999.0 -9999.0 -9999.0 -9999.0 -9999.0 nan nan nan -9999.0 -9999.0
nan nan nan nan nan nan nan nan nan nan nan nan nan nan nan nan nan nan nan nan nan nan nan nan nan nan nan nan nan nan nan 27.9 28.6 29.2 29.9 nan 16.9 20.4 28.4 18.4 nan nan 30.7 30.6 30.1 29.5 29.0 28.7 28.4 28.3 28.3 28.4 28.5 28.8 29.1 29.3 29.4 26.0 -9999.0 -9999.0 -9999.0 -9999.0 -9999.0 -9999.0 -9999.0 -9999.0 -9999.0 -9999.0 -9999.0 nan nan nan nan nan -9999.0 -9999.0 -9999.0 -9999.0 -9999.0 -9999.0 -9999.0 -9999.0 -9999.0 -9999.0 -9999.0 -9999.0 -9999.0 -9999.0 -9999.0 -9999.0
nan nan nan nan nan nan nan nan nan nan nan nan nan nan nan nan nan nan nan nan nan nan nan nan nan nan nan nan nan nan nan 18.6 28.6 29.1 29.6 28.5 25.7 22.7 18.4 15.5 18.7 nan 30.7 30.7 30.3 29.8 29.3 28.9 28.6 28.5 28.5 28.6 28.8 29.0 29.4 29.6 29.8 26.6 -9999.0 -9999.0 -9999.0 -9999.0 -9999.0 -9999.0 -9999.0 -9999.0 -9999.0 -9999.0 -9999.0 -9999.0 -9999.0 -9999.0 -9999.0 -9999.0 -9999.0 -9999.0 -9999.0 -9999.0 -9999.0 -9999.0 -9999.0 -9999.0 -9999.0 -9999.0 -9999.0 -9999.0 -9999.0 -9999.0 -9999.0 -9999.0
nan nan nan nan nan nan nan nan nan nan nan nan nan nan nan nan nan nan nan nan nan nan nan nan nan nan nan nan nan nan nan 18.6 28.5 29.2 30.0 30.5 30.7 nan 19.6 23.3 15.1 nan 30.5 30.8 30.6 30.1 29.7 29.2 28.8 28.6 28.6 28.8 29.1 29.4 29.5 29.6 29.8 26.5 -9999.0 -9999.0 -9999.0 -9999.0 -9999.0 -9999.0 -9999.0 -9999.0 -9999.0 -9999.0 -9999.0 -9999.0 -9999.0 -9999.0 -9999.0 -9999.0 -9999.0 -9999.0 -9999.0 -9999.0 -9999.0 -9999.0 -9999.0 -9999.0 -9999.0 -9999.0 -9999.0 -9999.0 -9999.0 -9999.0 -9999.0 -9999.0
nan nan nan nan nan nan nan nan nan nan nan nan nan nan nan nan nan nan nan nan nan nan nan nan nan nan nan nan nan nan nan 18.7 26.4 29.0 30.1 30.7 30.8 nan nan 21.7 18.2 nan nan 31.1 31.1 30.5 30.0 29.5 29.1 28.9 28.9 29.2 29.4 29.8 30.0 30.0 30.0 26.3 -9999.0 -9999.0 -9999.0 -9999.0 -9999.0 -9999.0 -9999.0 -9999.0 -9999.0 -9999.0 -9999.0 -9999.0 -9999.0 -9999.0 -9999.0 -9999.0 -9999.0 -9999.0 -9999.0 -9999.0 -9999.0 -9999.0 -9999.0 -9999.0 -9999.0 -9999.0 -9999.0 -9999.0 -9999.0 -9999.0 -9999.0 -9999.0
nan nan nan nan nan nan nan nan nan nan nan nan nan nan nan nan nan nan nan nan nan nan nan nan nan nan nan nan nan nan nan nan 17.7 29.4 30.1 30.9 nan nan nan 23.2 17.5 19.2 nan nan 30.6 30.5 30.2 29.7 29.4 29.2 29.3 29.5 29.8 30.3 30.4 30.4 30.3 30.1 -9999.0 -9999.0 -9999.0 -9999.0 -9999.0 -9999.0 -9999.0 -9999.0 -9999.0 -9999.0 -9999.0 -9999.0 -9999.0 -9999.0 -9999.0 -9999.0 -9999.0 -9999.0 -9999.0 -9999.0 -9999.0 -9999.0 -9999.0 -9999.0 nan nan nan -9999.0 -9999.0 -9999.0 -9999.0 -9999.0
nan nan nan nan nan nan nan nan nan nan nan nan nan nan nan nan nan nan nan nan nan nan nan nan nan nan nan nan nan nan nan nan 28.6 29.4 30.2 30.9 nan nan nan nan 20.6 19.4 30.5 nan 30.0 30.8 30.6 30.1 29.8 29.6 29.8 29.9 30.3 30.8 31.0 31.0 30.9 31.3 -9999.0 -9999.0 -9999.0 -9999.0 -9999.0 -9999.0 -9999.0 -9999.0 -9999.0 -9999.0 -9999.0 -9999.0 -9999.0 -9999.0 -9999.0 -9999.0 -9999.0 -9999.0 -9999.0 -9999.0 -9999.0 -9999.0 nan nan nan nan nan nan nan nan -9999.0 -9999.0
nan nan nan nan nan nan nan nan nan nan nan nan nan nan nan nan nan nan nan nan nan nan nan nan nan nan nan nan nan nan nan nan nan 29.5 30.4 31.4 nan nan nan nan 25.1 21.4 26.8 21.5 nan 31.4 31.3 30.5 30.2 30.1 30.1 30.3 30.7 31.3 31.7 31.9 31.7 31.6 -9999.0 -9999.0 -9999.0 -9999.0 -9999.0 -9999.0 -9999.0 -9999.0 -9999.0 -9999.0 -9999.0 nan nan nan nan nan nan nan nan nan nan nan nan nan nan nan nan nan nan nan nan nan
nan nan nan nan nan nan nan nan nan nan nan nan nan nan nan nan nan nan nan nan nan nan nan nan nan nan nan nan nan nan nan nan nan 29.6 30.3 31.6 31.6 nan nan nan 30.7 23.5 24.3 31.5 nan nan 31.0 30.8 30.5 30.5 30.5 30.7 31.0 31.7 32.3 32.8 33.1 33.3 -9999.0 -9999.0 -9999.0 -9999.0 -9999.0 -9999.0 -9999.0 -9999.0 -9999.0 -9999.0 nan nan nan nan nan nan nan nan nan nan nan nan nan nan nan nan nan nan nan nan nan nan
