data/output/RUN203/ECOSPACE/ECOSPACE_in_PAR3/PAR-VarZ-VarK/PAR-VarZ-VarK_1998_03.asc
ncols        93
nrows        151 
xllcorner    -123.80739
yllcorner    48.29471 
cellsize     0.013497347 
NODATA_value  0.0
[rows 80 to 119 of 151, columns 0 to 89 of 93]
nan nan nan nan nan nan nan nan nan nan nan nan nan nan nan nan nan nan nan nan nan nan nan 20.3 20.2 20.5 21.4 22.2 21.7 21.2 20.6 20.0 19.4 19.0 18.6 18.4 18.1 18.1 18.2 18.3 18.5 18.4 18.5 18.5 18.5 18.5 18.3 18.0 17.7 17.0 15.9 14.6 13.4 12.6 nan nan nan nan nan nan nan nan nan nan nan nan 11.1 11.2 11.3 11.4 nan 11.3 11.3 11.4 11.5 11.7 11.7 11.6 11.6 11.7 11.9 12.1 12.2 nan nan nan nan nan nan nan
nan nan nan nan nan nan nan nan nan nan nan nan nan nan nan nan nan nan nan nan nan nan nan nan nan nan 22.7 22.5 22.1 21.8 21.3 20.7 20.1 19.6 19.2 19.0 18.8 18.5 18.4 18.3 18.4 18.4 18.5 18.6 18.6 18.5 18.4 18.1 17.7 17.4 16.6 15.4 14.2 13.0 12.1 nan nan nan nan nan nan nan nan nan nan nan 11.2 11.3 nan nan nan nan nan 11.4 11.6 11.8 nan 11.7 11.8 12.0 12.3 12.6 nan nan nan nan nan nan nan nan
nan nan nan nan nan nan nan nan nan nan nan nan nan nan nan nan nan nan nan nan nan nan nan nan nan nan nan 22.6 22.3 22.4 21.9 21.3 20.7 20.3 19.9 19.6 19.2 19.0 18.7 18.4 18.3 18.3 18.4 18.5 18.5 18.5 18.4 18.2 18.0 17.5 17.1 16.1 14.9 13.7 12.6 12.0 nan nan nan nan nan nan nan nan nan 11.2 11.3 nan nan nan nan nan nan 11.4 11.6 11.7 nan 11.9 12.1 12.4 12.6 nan nan nan nan nan nan nan nan nan
nan nan nan nan nan nan nan nan nan nan nan nan nan nan nan nan nan nan nan nan nan nan nan nan nan nan nan nan 21.4 21.8 22.4 21.9 21.4 21.0 20.5 20.1 19.7 19.3 18.9 18.7 18.5 18.2 18.3 18.4 18.4 18.4 18.4 18.2 18.0 17.6 17.2 16.5 15.4 14.3 13.2 12.4 11.9 nan nan nan nan nan nan nan nan 11.2 11.3 nan nan nan nan nan nan 11.4 11.6 11.9 12.2 12.6 12.6 12.6 nan nan nan nan nan nan nan nan nan nan
nan nan nan nan nan nan nan nan nan nan nan nan nan nan nan nan nan nan nan nan nan nan nan nan nan nan nan nan nan 8.8 22.5 22.3 21.8 21.3 20.8 20.4 20.0 19.6 19.2 18.9 18.6 18.3 18.2 18.2 18.4 18.4 18.2 18.1 18.0 17.6 17.2 16.7 15.8 14.8 13.7 12.8 12.2 11.9 nan nan nan nan nan nan 11.2 11.3 11.4 nan 11.6 11.6 11.6 nan nan 11.4 11.7 12.1 12.5 12.9 nan nan nan nan nan nan nan nan nan nan nan nan
nan nan nan nan nan nan nan nan nan nan nan nan nan nan nan nan nan nan nan nan nan nan nan nan nan nan nan nan nan nan 9.4 22.3 22.0 21.6 21.1 20.6 20.2 19.8 19.3 19.0 18.7 18.4 18.3 18.2 18.3 18.3 18.2 18.1 17.9 17.5 17.1 16.7 15.9 15.0 14.1 13.1 12.5 12.1 nan nan nan nan nan 11.2 11.3 11.4 11.5 11.6 11.6 11.6 11.6 6.8 nan 11.4 11.8 12.2 12.6 12.9 nan nan nan nan nan nan nan nan nan nan nan nan
nan nan nan nan nan nan nan nan nan nan nan nan nan nan nan nan nan nan nan nan nan nan nan nan nan nan nan nan nan nan nan 20.9 21.8 21.9 21.4 20.9 20.4 19.9 19.3 18.9 18.6 18.4 18.3 18.2 18.1 18.1 18.2 18.0 17.9 17.6 17.2 16.7 16.0 15.2 14.2 13.3 12.7 12.2 11.9 nan nan 11.4 11.5 11.5 11.4 11.5 11.6 11.7 11.6 11.6 11.6 nan nan 11.6 12.0 12.4 12.8 12.9 nan nan nan nan nan nan nan nan nan nan nan nan
nan nan nan nan nan nan nan nan nan nan nan nan nan nan nan nan nan nan nan nan nan nan nan nan nan nan nan nan nan nan nan nan 22.3 21.9 21.5 21.1 20.6 19.9 19.3 18.8 18.5 18.3 18.2 18.2 18.2 18.1 18.0 18.0 17.8 17.5 17.1 16.5 15.9 15.1 14.2 13.5 12.8 12.4 12.1 11.8 11.7 11.7 11.7 nan 11.6 11.7 11.8 11.9 11.9 11.8 11.8 11.7 11.8 12.0 12.3 12.6 12.8 nan nan nan nan nan nan nan nan nan nan nan nan nan
nan nan nan nan nan nan nan nan nan nan nan nan nan nan nan nan nan nan nan nan nan nan nan nan nan nan nan nan nan nan 22.4 22.5 22.3 21.9 21.5 21.2 20.7 20.0 19.3 18.8 18.4 18.2 18.1 18.0 18.0 18.0 18.0 17.9 17.6 17.3 16.9 16.4 15.7 14.9 14.2 13.5 13.0 12.6 12.3 12.1 12.0 11.9 11.8 11.9 11.9 12.1 12.2 12.2 12.2 12.2 12.0 11.9 12.0 12.2 12.5 12.8 12.9 nan nan nan nan nan nan nan nan nan nan nan nan nan
nan nan nan nan nan nan nan nan nan nan nan nan nan nan nan nan nan nan nan nan nan nan nan nan nan nan nan nan nan nan nan nan 22.1 21.9 21.5 21.2 20.8 20.2 19.5 18.9 18.5 18.2 18.0 17.9 17.8 17.8 17.8 17.7 17.5 17.1 16.6 16.1 15.5 14.8 14.1 13.5 13.1 12.8 12.5 12.3 12.2 12.1 12.1 12.2 12.1 12.2 12.3 nan nan nan 12.0 12.0 12.2 12.4 12.7 12.9 nan nan nan nan nan nan nan nan nan nan nan nan nan nan
nan nan nan nan nan nan nan nan nan nan nan nan nan nan nan nan nan nan nan nan nan nan nan nan nan nan nan nan nan nan 9.3 8.6 21.7 21.7 21.5 21.3 21.0 20.5 19.8 19.1 18.5 18.1 18.0 17.8 17.8 17.6 17.6 17.5 17.2 16.8 16.4 15.9 15.3 14.6 14.1 13.6 13.1 12.8 12.6 12.5 12.4 12.3 12.3 12.4 nan nan nan nan nan nan nan 12.2 12.3 12.6 12.8 12.9 nan nan nan nan nan nan nan nan nan nan nan nan nan nan
nan nan nan nan nan nan nan nan nan nan nan nan nan nan nan nan nan nan nan nan nan nan nan nan nan nan nan nan nan nan 9.6 21.2 21.7 21.8 21.6 10.6 21.1 20.8 20.0 19.2 18.6 18.1 17.8 17.7 17.5 17.5 17.4 17.2 17.0 16.5 16.1 15.6 15.1 14.5 14.0 13.6 13.2 13.0 12.8 12.6 12.5 12.5 12.5 nan nan nan nan nan nan 11.9 12.1 12.3 12.5 12.7 12.8 nan nan nan nan nan nan nan nan nan nan nan nan nan nan nan
nan nan nan nan nan nan nan nan nan nan nan nan nan nan nan nan nan nan nan nan nan nan nan nan nan nan nan nan nan nan 9.3 19.8 21.7 22.0 nan nan nan 20.8 20.5 19.6 18.9 18.3 17.9 17.6 17.4 17.3 17.1 17.0 16.7 16.3 15.8 15.4 14.9 14.4 14.0 13.6 13.4 13.2 13.0 12.8 12.7 12.6 12.6 nan nan nan nan nan 11.9 12.0 12.2 12.4 12.5 12.6 nan nan nan nan nan nan nan nan nan nan nan nan nan nan nan nan
nan nan nan nan nan nan nan nan nan nan nan nan nan nan nan nan nan nan nan nan nan nan nan nan nan nan nan nan nan nan 9.2 9.0 21.3 21.7 nan nan nan 19.4 20.2 20.1 19.2 18.5 17.9 17.6 17.3 17.1 16.9 16.7 16.4 16.1 15.6 15.2 14.8 14.4 14.1 13.8 13.6 13.4 13.2 13.1 13.0 12.9 12.8 12.5 12.4 nan 12.0 12.1 12.2 12.2 12.4 12.5 nan nan nan nan nan nan nan nan nan nan nan nan nan nan nan nan nan nan
nan nan nan nan nan nan nan nan nan nan nan nan nan nan nan nan nan nan nan nan nan nan nan nan nan nan nan nan nan nan nan nan 21.5 15.9 nan nan nan nan 19.0 20.1 19.6 18.8 18.1 17.6 17.3 17.1 16.8 16.5 16.2 15.8 15.5 15.1 14.7 14.4 14.1 13.9 13.8 13.6 13.5 13.4 13.3 13.2 13.0 12.9 12.7 12.5 12.4 12.4 12.4 12.4 12.5 nan nan nan nan nan nan nan nan nan nan nan nan nan nan nan nan nan nan nan
nan nan nan nan nan nan nan nan nan nan nan nan nan nan nan nan nan nan nan nan nan nan nan nan nan nan nan nan nan nan nan nan nan 18.9 9.6 nan nan nan 8.8 20.9 20.1 19.1 18.3 17.8 17.4 17.1 16.8 16.5 16.1 15.7 15.4 15.0 14.8 14.5 14.3 14.1 14.0 13.9 13.8 13.7 13.7 13.5 13.4 13.2 13.1 12.9 12.7 12.6 12.6 12.5 12.5 nan nan nan nan nan nan nan nan nan nan nan nan nan nan nan nan nan nan nan
nan nan nan nan nan nan nan nan nan nan nan nan nan nan nan nan nan nan nan nan nan nan nan nan nan nan nan nan nan nan nan nan nan nan 9.8 19.4 nan nan nan nan 20.4 19.6 18.6 18.1 17.6 17.2 16.9 16.5 16.1 15.7 15.4 15.1 14.9 14.7 14.5 14.4 14.3 14.3 14.2 14.1 14.0 13.9 13.8 13.6 13.4 13.2 13.0 12.8 12.7 12.6 12.6 12.5 nan nan nan nan nan nan nan nan nan nan nan nan nan nan nan nan nan nan
nan nan nan nan nan nan nan nan nan nan nan nan nan nan nan nan nan nan nan nan nan nan nan nan nan nan nan nan nan nan nan nan nan nan nan 14.5 9.4 nan nan nan nan 18.6 19.0 18.4 17.9 17.5 17.0 16.6 16.2 15.9 15.6 15.3 15.1 14.9 14.8 14.8 14.7 14.7 14.6 14.5 14.4 14.3 14.1 13.9 13.7 13.4 13.2 12.9 12.8 12.6 12.5 12.6 12.6 6.8 nan nan nan nan nan nan nan nan nan nan nan nan nan nan nan nan
nan nan nan nan nan nan nan nan nan nan nan nan nan nan nan nan nan nan nan nan nan nan nan nan nan nan nan nan nan nan nan nan nan nan 10.6 11.9 20.3 20.0 nan 9.4 nan 17.7 19.2 18.7 18.2 17.7 17.2 16.9 16.4 16.1 15.8 15.6 15.4 15.3 15.2 15.2 15.1 15.1 15.1 14.9 14.8 14.6 14.4 14.2 13.9 13.6 13.3 13.0 12.8 12.6 12.5 12.5 12.6 12.6 nan nan nan nan nan nan nan nan nan nan nan nan nan nan nan nan
nan nan nan nan nan nan nan nan nan nan nan nan nan nan nan nan nan nan nan nan nan nan nan nan nan nan nan nan nan nan nan nan nan nan 20.5 20.2 20.4 16.3 9.6 17.8 18.7 15.1 18.6 19.0 18.5 18.0 17.5 17.1 16.7 16.3 16.1 15.9 15.7 15.6 15.6 15.6 15.6 15.6 15.5 15.4 15.2 14.9 14.6 14.4 14.0 13.6 13.1 13.0 12.7 12.8 12.5 12.5 12.5 12.6 12.8 nan nan nan nan nan nan nan nan nan nan nan nan nan nan nan
nan nan nan nan nan nan nan nan nan nan nan nan nan nan nan nan nan nan nan nan nan nan nan nan nan nan nan nan nan nan nan nan nan nan 21.1 21.2 20.7 20.0 17.4 nan 20.2 18.0 19.8 19.2 18.7 18.2 17.7 17.3 16.9 16.5 16.3 16.1 16.0 16.0 16.0 16.1 16.1 16.1 15.9 15.8 15.5 15.2 -9999.0 -9999.0 -9999.0 -9999.0 -9999.0 -9999.0 -9999.0 7.1 12.5 12.5 12.6 12.6 12.7 nan nan nan nan nan nan nan nan nan nan nan nan nan nan -9999.0
nan nan nan nan nan nan nan nan nan nan nan nan nan nan nan nan nan nan nan nan nan nan nan nan nan nan nan nan nan nan nan nan nan nan 21.2 21.2 21.1 21.0 20.9 nan nan 20.5 20.0 19.4 18.9 18.4 17.9 17.4 17.0 16.7 16.5 16.4 16.3 16.4 16.4 16.5 16.5 16.5 16.4 16.1 15.8 -9999.0 -9999.0 -9999.0 -9999.0 -9999.0 -9999.0 -9999.0 -9999.0 nan 8.1 12.4 12.5 12.1 nan nan nan nan nan nan nan nan nan nan nan nan nan nan nan -9999.0
nan nan nan nan nan nan nan nan nan nan nan nan nan nan nan nan nan nan nan nan nan nan nan nan nan nan nan nan nan nan nan nan nan nan 21.1 21.3 21.2 21.1 20.5 nan 16.8 17.6 20.0 19.6 19.0 18.5 18.0 17.5 17.2 16.9 16.7 16.6 16.6 16.7 16.8 16.9 16.9 16.9 16.7 16.5 16.0 -9999.0 -9999.0 -9999.0 -9999.0 -9999.0 -9999.0 -9999.0 -9999.0 -9999.0 -9999.0 nan 6.9 6.9 nan nan nan nan nan nan nan nan nan nan nan nan nan nan nan -9999.0
nan nan nan nan nan nan nan nan nan nan nan nan nan nan nan nan nan nan nan nan nan nan nan nan nan nan nan nan nan nan nan nan nan nan 21.1 21.2 21.3 17.6 16.7 11.0 18.0 14.8 19.9 19.6 19.1 18.5 18.0 17.6 17.3 17.0 16.9 16.8 16.9 16.9 17.0 17.1 17.2 17.2 17.1 16.7 -9999.0 -9999.0 -9999.0 -9999.0 -9999.0 -9999.0 -9999.0 -9999.0 -9999.0 -9999.0 -9999.0 nan nan nan nan nan nan nan nan nan nan nan nan nan nan nan nan nan nan -9999.0
nan nan nan nan nan nan nan nan nan nan nan nan nan nan nan nan nan nan nan nan nan nan nan nan nan nan nan nan nan nan nan nan 16.6 17.6 18.2 21.3 21.4 21.0 18.8 17.1 nan 20.7 20.0 19.5 19.1 18.5 18.0 17.6 17.3 17.1 17.0 17.0 17.0 17.1 17.2 17.3 17.4 17.4 17.2 -9999.0 -9999.0 -9999.0 -9999.0 -9999.0 -9999.0 -9999.0 -9999.0 -9999.0 -9999.0 -9999.0 -9999.0 -9999.0 nan nan nan nan nan nan nan nan nan nan nan nan nan nan nan nan nan -9999.0
nan nan nan nan nan nan nan nan nan nan nan nan nan nan nan nan nan nan nan nan nan nan nan nan nan nan nan nan nan 9.5 nan nan 20.6 20.5 21.5 20.6 21.5 21.5 21.3 nan nan 20.5 20.0 19.5 19.0 18.6 18.1 17.7 17.4 17.2 17.1 17.1 17.1 17.2 17.4 17.5 17.6 17.6 17.4 -9999.0 -9999.0 -9999.0 -9999.0 -9999.0 -9999.0 -9999.0 -9999.0 -9999.0 -9999.0 -9999.0 -9999.0 -9999.0 -9999.0 -9999.0 nan nan nan nan nan nan nan nan nan nan nan nan nan nan nan -9999.0
nan nan nan nan nan nan nan nan nan nan nan nan nan nan nan nan nan nan nan nan nan nan nan nan nan nan nan nan nan 8.7 8.7 nan 21.2 21.6 18.2 19.3 19.2 21.5 21.5 19.7 nan 20.5 20.2 19.7 19.1 18.7 18.2 17.8 17.5 17.2 17.1 17.2 17.3 17.4 17.6 17.8 17.9 17.9 -9999.0 -9999.0 -9999.0 -9999.0 -9999.0 -9999.0 -9999.0 -9999.0 -9999.0 -9999.0 -9999.0 -9999.0 -9999.0 -9999.0 -9999.0 -9999.0 -9999.0 nan nan nan nan nan nan nan nan nan nan nan nan nan nan -9999.0
nan nan nan nan nan nan nan nan nan nan nan nan nan nan nan nan nan nan nan nan nan nan nan nan nan nan nan nan nan 9.1 21.2 21.7 21.9 22.0 22.0 nan 8.7 21.4 21.5 20.9 nan 19.3 20.4 19.9 19.4 18.8 18.4 18.0 17.6 17.4 17.3 17.3 17.4 17.6 17.8 18.1 18.2 18.2 -9999.0 -9999.0 -9999.0 -9999.0 -9999.0 -9999.0 -9999.0 -9999.0 -9999.0 -9999.0 -9999.0 -9999.0 -9999.0 -9999.0 -9999.0 -9999.0 -9999.0 -9999.0 nan nan nan nan nan nan nan nan nan nan nan nan nan -9999.0
nan nan nan nan nan nan nan nan nan nan nan nan nan nan nan nan nan nan nan nan nan nan nan nan nan nan nan nan nan nan 19.1 21.8 22.1 22.3 18.5 nan nan 18.5 19.1 17.2 nan 15.7 17.5 20.0 19.7 19.0 18.6 18.2 17.8 17.6 17.4 17.4 17.5 17.8 18.0 18.4 18.5 18.6 -9999.0 -9999.0 -9999.0 -9999.0 -9999.0 -9999.0 -9999.0 -9999.0 -9999.0 -9999.0 -9999.0 -9999.0 -9999.0 -9999.0 -9999.0 -9999.0 -9999.0 -9999.0 -9999.0 nan nan nan nan nan nan nan nan nan nan nan nan -9999.0
nan nan nan nan nan nan nan nan nan nan nan nan nan nan nan nan nan nan nan nan nan nan nan nan nan nan nan nan nan nan 20.0 21.5 22.2 22.4 19.3 nan 9.5 15.5 17.2 8.8 14.3 12.5 14.7 18.7 19.8 19.1 18.7 18.3 17.9 17.7 17.6 17.5 17.7 17.9 18.2 18.6 18.7 18.8 -9999.0 -9999.0 -9999.0 -9999.0 -9999.0 -9999.0 -9999.0 -9999.0 -9999.0 -9999.0 -9999.0 -9999.0 -9999.0 -9999.0 -9999.0 -9999.0 -9999.0 -9999.0 -9999.0 -9999.0 nan nan nan nan nan nan nan nan nan nan nan -9999.0
nan nan nan nan nan nan nan nan nan nan nan nan nan nan nan nan nan nan nan nan nan nan nan nan nan nan nan nan nan nan 20.6 21.0 22.2 22.4 18.2 9.5 nan 19.1 11.6 7.5 12.2 nan 20.4 20.4 19.9 19.4 18.9 18.5 18.2 18.0 17.8 17.8 17.9 18.1 18.5 18.8 18.6 16.1 -9999.0 -9999.0 -9999.0 -9999.0 -9999.0 -9999.0 -9999.0 -9999.0 -9999.0 -9999.0 -9999.0 -9999.0 -9999.0 -9999.0 -9999.0 -9999.0 -9999.0 -9999.0 -9999.0 -9999.0 -9999.0 -9999.0 nan nan nan nan nan nan nan nan nan -9999.0
nan nan nan nan nan nan nan nan nan nan nan nan nan nan nan nan nan nan nan nan nan nan nan nan nan nan nan nan nan nan nan 20.7 22.0 22.0 21.8 nan nan 13.8 12.1 8.0 nan nan 20.8 20.5 20.0 19.5 19.1 18.8 18.5 18.2 18.1 18.0 18.1 18.3 18.7 19.2 19.0 17.1 -9999.0 -9999.0 -9999.0 -9999.0 -9999.0 -9999.0 -9999.0 -9999.0 -9999.0 -9999.0 -9999.0 nan nan nan -9999.0 -9999.0 -9999.0 -9999.0 -9999.0 -9999.0 -9999.0 -9999.0 -9999.0 -9999.0 -9999.0 -9999.0 -9999.0 nan nan nan -9999.0 -9999.0
nan nan nan nan nan nan nan nan nan nan nan nan nan nan nan nan nan nan nan nan nan nan nan nan nan nan nan nan nan nan nan 18.4 20.7 21.8 22.0 nan 9.4 11.2 17.8 7.8 nan nan 21.0 20.6 20.1 19.6 19.2 18.9 18.6 18.4 18.3 18.3 18.3 18.5 18.9 19.2 19.3 17.4 -9999.0 -9999.0 -9999.0 -9999.0 -9999.0 -9999.0 -9999.0 -9999.0 -9999.0 -9999.0 -9999.0 nan nan nan nan nan -9999.0 -9999.0 -9999.0 -9999.0 -9999.0 -9999.0 -9999.0 -9999.0 -9999.0 -9999.0 -9999.0 -9999.0 -9999.0 -9999.0 -9999.0 -9999.0
nan nan nan nan nan nan nan nan nan nan nan nan nan nan nan nan nan nan nan nan nan nan nan nan nan nan nan nan nan nan nan 9.3 20.9 21.7 20.7 20.1 18.3 13.0 10.6 8.0 8.7 nan 21.0 20.9 20.4 19.9 19.5 19.1 18.8 18.6 18.4 18.4 18.5 18.6 19.0 19.2 19.2 16.8 -9999.0 -9999.0 -9999.0 -9999.0 -9999.0 -9999.0 -9999.0 -9999.0 -9999.0 -9999.0 -9999.0 -9999.0 -9999.0 -9999.0 -9999.0 -9999.0 -9999.0 -9999.0 -9999.0 -9999.0 -9999.0 -9999.0 -9999.0 -9999.0 -9999.0 -9999.0 -9999.0 -9999.0 -9999.0 -9999.0 -9999.0 -9999.0
nan nan nan nan nan nan nan nan nan nan nan nan nan nan nan nan nan nan nan nan nan nan nan nan nan nan nan nan nan nan nan 9.3 16.1 21.9 22.2 22.3 22.2 nan 13.0 14.4 7.6 nan 20.7 21.1 20.6 20.2 19.8 19.3 19.0 18.8 18.6 18.5 18.6 18.7 19.0 19.2 19.5 18.6 -9999.0 -9999.0 -9999.0 -9999.0 -9999.0 -9999.0 -9999.0 -9999.0 -9999.0 -9999.0 -9999.0 -9999.0 -9999.0 -9999.0 -9999.0 -9999.0 -9999.0 -9999.0 -9999.0 -9999.0 -9999.0 -9999.0 -9999.0 -9999.0 -9999.0 -9999.0 -9999.0 -9999.0 -9999.0 -9999.0 -9999.0 -9999.0
nan nan nan nan nan nan nan nan nan nan nan nan nan nan nan nan nan nan nan nan nan nan nan nan nan nan nan nan nan nan nan 9.4 18.1 19.3 22.2 22.1 22.0 nan nan 12.5 8.2 nan nan 21.1 20.9 20.5 20.0 19.6 19.2 19.0 18.8 18.6 18.7 18.9 19.1 19.3 19.7 17.5 -9999.0 -9999.0 -9999.0 -9999.0 -9999.0 -9999.0 -9999.0 -9999.0 -9999.0 -9999.0 -9999.0 -9999.0 -9999.0 -9999.0 -9999.0 -9999.0 -9999.0 -9999.0 -9999.0 -9999.0 -9999.0 -9999.0 -9999.0 -9999.0 -9999.0 -9999.0 -9999.0 -9999.0 -9999.0 -9999.0 -9999.0 -9999.0
nan nan nan nan nan nan nan nan nan nan nan nan nan nan nan nan nan nan nan nan nan nan nan nan nan nan nan nan nan nan nan nan 9.1 21.5 21.8 21.9 nan nan nan 12.4 8.3 7.2 nan nan 20.6 20.7 20.3 19.8 19.5 19.2 19.0 18.9 18.8 18.9 19.2 19.5 19.9 18.8 -9999.0 -9999.0 -9999.0 -9999.0 -9999.0 -9999.0 -9999.0 -9999.0 -9999.0 -9999.0 -9999.0 -9999.0 -9999.0 -9999.0 -9999.0 -9999.0 -9999.0 -9999.0 -9999.0 -9999.0 -9999.0 -9999.0 -9999.0 -9999.0 nan nan nan -9999.0 -9999.0 -9999.0 -9999.0 -9999.0
nan nan nan nan nan nan nan nan nan nan nan nan nan nan nan nan nan nan nan nan nan nan nan nan nan nan nan nan nan nan nan nan 19.7 20.7 21.5 21.8 nan nan nan nan 9.6 7.1 13.6 nan 18.8 20.4 20.5 20.0 19.7 19.4 19.2 19.1 19.0 19.1 19.3 19.7 20.1 19.9 -9999.0 -9999.0 -9999.0 -9999.0 -9999.0 -9999.0 -9999.0 -9999.0 -9999.0 -9999.0 -9999.0 -9999.0 -9999.0 -9999.0 -9999.0 -9999.0 -9999.0 -9999.0 -9999.0 -9999.0 -9999.0 -9999.0 nan nan nan nan nan nan nan nan -9999.0 -9999.0
nan nan nan nan nan nan nan nan nan nan nan nan nan nan nan nan nan nan nan nan nan nan nan nan nan nan nan nan nan nan nan nan nan 21.0 21.6 21.8 nan nan nan nan 13.0 7.8 9.1 11.7 nan 20.8 20.9 20.5 20.1 19.8 19.5 19.3 19.2 19.2 19.4 19.8 20.4 20.2 -9999.0 -9999.0 -9999.0 -9999.0 -9999.0 -9999.0 -9999.0 -9999.0 -9999.0 -9999.0 -9999.0 nan nan nan nan nan nan nan nan nan nan nan nan nan nan nan nan nan nan nan nan nan
nan nan nan nan nan nan nan nan nan nan nan nan nan nan nan nan nan nan nan nan nan nan nan nan nan nan nan nan nan nan nan nan nan 21.2 21.7 22.0 21.9 nan nan nan 18.9 9.2 8.1 17.1 nan nan 20.4 20.7 20.4 20.1 19.8 19.6 19.4 19.4 19.6 20.0 20.6 21.0 -9999.0 -9999.0 -9999.0 -9999.0 -9999.0 -9999.0 -9999.0 -9999.0 -9999.0 -9999.0 nan nan nan nan nan nan nan nan nan nan nan nan nan nan nan nan nan nan nan nan nan nan
