data/output/RUN203/ECOSPACE/ECOSPACE_in_PAR3/PAR-VarZ-VarK/PAR-VarZ-VarK_1986_08.asc
ncols        93
nrows        151 
xllcorner    -123.80739
yllcorner    48.29471 
cellsize     0.013497347 
NODATA_value  0.0
[rows 80 to 119 of 151, columns 0 to 89 of 93]
nan nan nan nan nan nan nan nan nan nan nan nan nan nan nan nan nan nan nan nan nan nan nan 29.6 28.3 30.2 32.0 32.4 32.6 32.9 33.0 33.1 33.1 33.1 33.4 33.8 34.1 34.3 34.4 34.5 34.5 34.6 34.5 34.5 34.4 34.2 33.8 33.2 32.5 31.7 30.7 29.5 28.2 27.3 nan nan nan nan nan nan nan nan nan nan nan nan 20.0 20.4 20.6 20.7 nan 20.2 20.1 20.1 20.0 20.1 20.1 19.8 19.7 19.9 20.4 20.5 20.3 nan nan nan nan nan nan nan
nan nan nan nan nan nan nan nan nan nan nan nan nan nan nan nan nan nan nan nan nan nan nan nan nan nan 31.6 31.9 32.1 32.4 32.7 32.8 32.8 32.8 33.0 33.3 33.7 33.9 34.1 34.2 34.3 34.4 34.4 34.5 34.5 34.4 34.1 33.6 33.0 32.4 31.4 30.2 28.9 27.7 26.3 nan nan nan nan nan nan nan nan nan nan nan 20.6 20.7 nan nan nan nan nan 20.2 20.4 20.5 nan 20.0 20.1 20.5 21.0 21.2 nan nan nan nan nan nan nan nan
nan nan nan nan nan nan nan nan nan nan nan nan nan nan nan nan nan nan nan nan nan nan nan nan nan nan nan 31.4 31.5 31.9 32.2 32.4 32.5 32.5 32.7 32.9 33.2 33.5 33.7 33.9 34.1 34.2 34.3 34.4 34.5 34.5 34.3 34.0 33.5 32.9 32.1 30.9 29.5 28.1 26.8 25.9 nan nan nan nan nan nan nan nan nan 20.5 21.2 nan nan nan nan nan nan 20.2 20.4 20.5 nan 20.3 20.7 21.1 21.4 nan nan nan nan nan nan nan nan nan
nan nan nan nan nan nan nan nan nan nan nan nan nan nan nan nan nan nan nan nan nan nan nan nan nan nan nan nan 29.4 31.2 31.7 32.0 32.1 32.2 32.3 32.5 32.6 32.9 33.3 33.5 33.8 34.0 34.3 34.5 34.7 34.7 34.5 34.2 33.8 33.2 32.4 31.4 30.1 28.7 27.5 26.4 25.7 nan nan nan nan nan nan nan nan 20.6 21.2 nan nan nan nan nan nan 20.2 20.5 20.7 21.1 21.5 21.4 21.4 nan nan nan nan nan nan nan nan nan nan
nan nan nan nan nan nan nan nan nan nan nan nan nan nan nan nan nan nan nan nan nan nan nan nan nan nan nan nan nan 16.4 31.5 31.6 31.7 31.8 31.9 32.0 32.1 32.3 32.7 33.1 33.4 33.8 34.1 34.5 34.8 34.8 34.7 34.5 34.1 33.6 32.9 32.0 30.9 29.5 28.3 27.2 26.2 25.4 nan nan nan nan nan nan 20.5 20.9 21.2 nan 21.5 21.5 21.7 nan nan 20.3 20.7 21.0 21.5 22.2 nan nan nan nan nan nan nan nan nan nan nan nan
nan nan nan nan nan nan nan nan nan nan nan nan nan nan nan nan nan nan nan nan nan nan nan nan nan nan nan nan nan nan 16.8 31.2 31.4 31.5 31.5 31.6 31.6 31.8 32.1 32.5 33.0 33.5 33.9 34.3 34.7 34.8 34.8 34.5 34.2 33.8 33.3 32.6 31.6 30.5 29.2 28.1 27.1 26.2 nan nan nan nan nan 20.8 21.0 21.3 21.5 21.6 21.6 21.6 21.6 13.4 nan 20.5 20.9 21.4 21.8 22.1 nan nan nan nan nan nan nan nan nan nan nan nan
nan nan nan nan nan nan nan nan nan nan nan nan nan nan nan nan nan nan nan nan nan nan nan nan nan nan nan nan nan nan nan 29.0 31.0 31.1 31.0 31.1 31.2 31.3 31.6 32.0 32.5 33.1 33.5 34.0 34.4 34.7 34.7 34.5 34.3 34.1 33.7 33.1 32.2 31.3 30.1 28.9 28.0 26.9 25.5 nan nan 21.6 22.0 21.8 21.5 21.8 22.0 22.0 22.0 21.9 21.9 nan nan 20.8 21.3 21.7 22.1 22.1 nan nan nan nan nan nan nan nan nan nan nan nan
nan nan nan nan nan nan nan nan nan nan nan nan nan nan nan nan nan nan nan nan nan nan nan nan nan nan nan nan nan nan nan nan 30.6 30.6 30.6 30.7 30.8 30.9 31.1 31.4 31.9 32.5 33.2 33.7 34.1 34.4 34.5 34.5 34.4 34.2 34.0 33.5 32.8 31.9 30.7 29.4 28.4 27.5 26.4 24.6 23.7 23.5 23.1 nan 22.3 22.6 23.0 23.2 23.1 23.0 22.8 22.1 21.8 21.7 21.7 21.9 22.1 nan nan nan nan nan nan nan nan nan nan nan nan nan
nan nan nan nan nan nan nan nan nan nan nan nan nan nan nan nan nan nan nan nan nan nan nan nan nan nan nan nan nan nan 29.9 30.0 30.1 30.1 30.1 30.2 30.4 30.5 30.6 30.9 31.3 31.9 32.6 33.3 33.8 34.2 34.3 34.3 34.4 34.3 34.1 33.8 33.3 32.5 31.5 30.2 29.0 28.0 26.9 25.8 25.0 24.3 24.1 24.2 23.8 23.9 24.4 24.5 24.3 24.3 23.6 22.8 22.4 22.1 22.0 22.2 22.1 nan nan nan nan nan nan nan nan nan nan nan nan nan
nan nan nan nan nan nan nan nan nan nan nan nan nan nan nan nan nan nan nan nan nan nan nan nan nan nan nan nan nan nan nan nan 29.5 29.5 29.5 29.6 29.8 30.0 30.1 30.3 30.7 31.3 32.0 32.7 33.3 33.8 34.1 34.2 34.2 34.2 34.1 33.9 33.6 33.0 32.2 31.4 30.4 29.4 28.4 27.3 26.4 25.8 25.5 25.4 24.8 24.5 24.8 nan nan nan 23.7 23.4 22.7 22.3 22.1 22.2 nan nan nan nan nan nan nan nan nan nan nan nan nan nan
nan nan nan nan nan nan nan nan nan nan nan nan nan nan nan nan nan nan nan nan nan nan nan nan nan nan nan nan nan nan 18.9 16.9 28.9 28.9 28.9 29.0 29.1 29.6 29.9 30.0 30.3 30.7 31.4 32.1 32.8 33.4 33.8 34.0 34.0 34.0 33.9 33.8 33.6 33.3 32.8 32.3 31.6 30.7 29.8 28.7 27.8 27.1 26.7 26.3 nan nan nan nan nan nan nan 23.6 22.8 22.3 22.2 22.1 nan nan nan nan nan nan nan nan nan nan nan nan nan nan
nan nan nan nan nan nan nan nan nan nan nan nan nan nan nan nan nan nan nan nan nan nan nan nan nan nan nan nan nan nan 17.2 28.1 28.6 28.9 28.7 17.7 28.7 29.5 29.7 29.9 30.1 30.4 30.9 31.5 32.2 32.9 33.4 33.7 33.8 33.8 33.7 33.7 33.6 33.4 33.2 32.8 32.3 31.6 30.8 29.7 28.8 28.0 27.4 nan nan nan nan nan nan 22.8 22.9 23.1 22.6 22.2 22.1 nan nan nan nan nan nan nan nan nan nan nan nan nan nan nan
nan nan nan nan nan nan nan nan nan nan nan nan nan nan nan nan nan nan nan nan nan nan nan nan nan nan nan nan nan nan 18.9 27.3 28.7 29.2 nan nan nan 28.9 29.3 29.5 29.7 30.0 30.4 30.9 31.6 32.2 32.8 33.2 33.4 33.5 33.4 33.4 33.5 33.5 33.4 33.2 32.8 32.3 31.5 30.5 29.4 28.5 27.9 nan nan nan nan nan 23.0 22.9 22.7 22.5 22.2 22.0 nan nan nan nan nan nan nan nan nan nan nan nan nan nan nan nan
nan nan nan nan nan nan nan nan nan nan nan nan nan nan nan nan nan nan nan nan nan nan nan nan nan nan nan nan nan nan 18.8 16.1 28.9 29.3 nan nan nan 26.8 28.3 28.8 29.2 29.5 29.9 30.4 31.0 31.6 32.2 32.7 33.0 33.1 33.1 33.2 33.3 33.4 33.5 33.4 33.2 32.8 32.1 31.2 30.0 29.1 28.0 26.1 25.2 nan 23.3 23.2 23.2 22.8 22.5 22.2 nan nan nan nan nan nan nan nan nan nan nan nan nan nan nan nan nan nan
nan nan nan nan nan nan nan nan nan nan nan nan nan nan nan nan nan nan nan nan nan nan nan nan nan nan nan nan nan nan nan nan 28.7 25.9 nan nan nan nan 27.6 28.0 28.6 28.9 29.3 29.8 30.4 31.0 31.5 32.0 32.4 32.6 32.8 33.0 33.1 33.3 33.4 33.4 33.3 33.1 32.5 31.7 30.7 29.5 28.3 27.2 26.4 25.1 24.2 23.5 23.1 22.5 22.0 nan nan nan nan nan nan nan nan nan nan nan nan nan nan nan nan nan nan nan
nan nan nan nan nan nan nan nan nan nan nan nan nan nan nan nan nan nan nan nan nan nan nan nan nan nan nan nan nan nan nan nan nan 24.1 13.5 nan nan nan 16.8 27.3 28.0 28.5 28.9 29.3 29.8 30.2 30.8 31.3 31.8 32.1 32.5 32.7 32.9 33.1 33.3 33.3 33.3 33.2 32.7 32.1 31.3 30.4 29.3 28.2 27.0 25.9 24.8 23.8 23.1 22.4 21.7 nan nan nan nan nan nan nan nan nan nan nan nan nan nan nan nan nan nan nan
nan nan nan nan nan nan nan nan nan nan nan nan nan nan nan nan nan nan nan nan nan nan nan nan nan nan nan nan nan nan nan nan nan nan 14.7 25.3 nan nan nan nan 27.5 28.4 28.6 28.9 29.2 29.6 30.1 30.6 31.1 31.6 32.1 32.5 32.7 32.9 33.1 33.2 33.2 33.1 32.8 32.3 31.7 31.0 30.1 29.0 27.6 26.3 25.1 24.1 23.2 22.4 21.8 21.3 nan nan nan nan nan nan nan nan nan nan nan nan nan nan nan nan nan nan
nan nan nan nan nan nan nan nan nan nan nan nan nan nan nan nan nan nan nan nan nan nan nan nan nan nan nan nan nan nan nan nan nan nan nan 19.8 19.1 nan nan nan nan 27.5 28.3 28.5 28.8 29.2 29.6 30.1 30.6 31.1 31.7 32.2 32.5 32.8 32.9 33.0 33.0 33.0 32.9 32.5 31.9 31.3 30.4 29.2 27.8 26.4 25.2 24.2 23.3 22.5 21.8 21.6 21.3 13.1 nan nan nan nan nan nan nan nan nan nan nan nan nan nan nan nan
nan nan nan nan nan nan nan nan nan nan nan nan nan nan nan nan nan nan nan nan nan nan nan nan nan nan nan nan nan nan nan nan nan nan 17.9 22.0 28.0 28.0 nan 19.2 nan 25.4 28.1 28.2 28.5 28.9 29.2 29.6 30.1 30.7 31.3 31.8 32.2 32.5 32.7 32.8 32.8 32.9 32.8 32.5 32.0 31.4 30.4 29.1 27.6 26.1 25.1 24.3 23.5 22.6 21.8 21.5 21.3 21.1 nan nan nan nan nan nan nan nan nan nan nan nan nan nan nan nan
nan nan nan nan nan nan nan nan nan nan nan nan nan nan nan nan nan nan nan nan nan nan nan nan nan nan nan nan nan nan nan nan nan nan 27.9 28.2 28.3 27.7 19.6 24.3 26.0 24.7 27.5 27.9 28.3 28.6 28.9 29.3 29.7 30.3 30.9 31.4 31.9 32.2 32.4 32.6 32.7 32.7 32.6 32.4 31.9 31.3 30.1 28.6 27.0 25.6 24.3 24.5 23.9 22.9 21.9 21.5 21.3 21.2 21.3 nan nan nan nan nan nan nan nan nan nan nan nan nan nan nan
nan nan nan nan nan nan nan nan nan nan nan nan nan nan nan nan nan nan nan nan nan nan nan nan nan nan nan nan nan nan nan nan nan nan 27.9 28.1 28.3 28.5 27.6 nan 26.6 26.0 27.7 27.9 28.1 28.4 28.7 29.0 29.5 30.0 30.5 31.0 31.4 31.8 32.1 32.2 32.3 32.4 32.4 32.2 31.7 30.9 -9999.0 -9999.0 -9999.0 -9999.0 -9999.0 -9999.0 -9999.0 14.1 21.8 21.5 21.3 21.1 21.1 nan nan nan nan nan nan nan nan nan nan nan nan nan nan -9999.0
nan nan nan nan nan nan nan nan nan nan nan nan nan nan nan nan nan nan nan nan nan nan nan nan nan nan nan nan nan nan nan nan nan nan 27.7 27.9 28.1 28.2 28.3 nan nan 27.2 27.7 27.8 28.1 28.4 28.6 29.0 29.4 29.8 30.2 30.7 31.1 31.5 31.8 32.0 32.1 32.2 32.1 31.8 31.3 -9999.0 -9999.0 -9999.0 -9999.0 -9999.0 -9999.0 -9999.0 -9999.0 nan 16.3 21.3 21.2 20.1 nan nan nan nan nan nan nan nan nan nan nan nan nan nan nan -9999.0
nan nan nan nan nan nan nan nan nan nan nan nan nan nan nan nan nan nan nan nan nan nan nan nan nan nan nan nan nan nan nan nan nan nan 27.4 27.5 27.7 27.9 28.1 nan 23.2 26.1 27.7 27.8 28.0 28.3 28.6 29.0 29.3 29.7 30.0 30.5 30.8 31.2 31.5 31.7 31.8 31.9 31.8 31.3 30.5 -9999.0 -9999.0 -9999.0 -9999.0 -9999.0 -9999.0 -9999.0 -9999.0 -9999.0 -9999.0 nan 13.5 13.5 nan nan nan nan nan nan nan nan nan nan nan nan nan nan nan -9999.0
nan nan nan nan nan nan nan nan nan nan nan nan nan nan nan nan nan nan nan nan nan nan nan nan nan nan nan nan nan nan nan nan nan nan 27.1 27.2 27.6 28.0 25.4 17.4 25.0 23.0 27.6 27.8 28.0 28.2 28.5 28.9 29.2 29.6 30.0 30.3 30.6 31.0 31.4 31.6 31.7 31.6 31.3 30.6 -9999.0 -9999.0 -9999.0 -9999.0 -9999.0 -9999.0 -9999.0 -9999.0 -9999.0 -9999.0 -9999.0 nan nan nan nan nan nan nan nan nan nan nan nan nan nan nan nan nan nan -9999.0
nan nan nan nan nan nan nan nan nan nan nan nan nan nan nan nan nan nan nan nan nan nan nan nan nan nan nan nan nan nan nan nan 25.9 26.6 27.1 27.5 28.0 28.8 29.3 27.5 nan 27.4 27.4 27.5 27.9 28.1 28.4 28.8 29.1 29.5 29.8 30.1 30.5 30.9 31.2 31.4 31.3 31.1 30.6 -9999.0 -9999.0 -9999.0 -9999.0 -9999.0 -9999.0 -9999.0 -9999.0 -9999.0 -9999.0 -9999.0 -9999.0 -9999.0 nan nan nan nan nan nan nan nan nan nan nan nan nan nan nan nan nan -9999.0
nan nan nan nan nan nan nan nan nan nan nan nan nan nan nan nan nan nan nan nan nan nan nan nan nan nan nan nan nan 18.9 nan nan 26.9 27.1 27.3 27.7 28.6 29.4 30.0 nan nan 26.7 27.0 27.4 27.7 27.9 28.2 28.6 28.9 29.2 29.6 29.9 30.2 30.6 31.0 31.2 31.1 30.8 30.1 -9999.0 -9999.0 -9999.0 -9999.0 -9999.0 -9999.0 -9999.0 -9999.0 -9999.0 -9999.0 -9999.0 -9999.0 -9999.0 -9999.0 -9999.0 nan nan nan nan nan nan nan nan nan nan nan nan nan nan nan -9999.0
nan nan nan nan nan nan nan nan nan nan nan nan nan nan nan nan nan nan nan nan nan nan nan nan nan nan nan nan nan 15.7 15.7 nan 27.1 27.6 26.1 24.8 27.7 29.3 29.5 29.1 nan 26.8 27.4 27.5 27.7 28.0 28.2 28.6 28.9 29.0 29.2 29.6 30.0 30.5 30.7 30.7 30.6 30.2 -9999.0 -9999.0 -9999.0 -9999.0 -9999.0 -9999.0 -9999.0 -9999.0 -9999.0 -9999.0 -9999.0 -9999.0 -9999.0 -9999.0 -9999.0 -9999.0 -9999.0 nan nan nan nan nan nan nan nan nan nan nan nan nan nan -9999.0
nan nan nan nan nan nan nan nan nan nan nan nan nan nan nan nan nan nan nan nan nan nan nan nan nan nan nan nan nan 16.5 26.9 27.0 27.4 28.0 28.8 nan 17.1 28.8 29.0 29.0 nan 26.9 27.7 27.7 27.7 27.9 28.2 28.4 28.6 28.9 29.2 29.4 29.8 30.2 30.5 30.6 30.6 30.2 -9999.0 -9999.0 -9999.0 -9999.0 -9999.0 -9999.0 -9999.0 -9999.0 -9999.0 -9999.0 -9999.0 -9999.0 -9999.0 -9999.0 -9999.0 -9999.0 -9999.0 -9999.0 nan nan nan nan nan nan nan nan nan nan nan nan nan -9999.0
nan nan nan nan nan nan nan nan nan nan nan nan nan nan nan nan nan nan nan nan nan nan nan nan nan nan nan nan nan nan 26.5 26.9 27.5 28.3 27.9 nan nan 28.4 28.4 27.9 nan 24.6 26.4 27.8 27.9 28.0 28.1 28.3 28.6 28.8 28.9 29.2 29.7 30.2 30.4 30.4 30.3 29.9 -9999.0 -9999.0 -9999.0 -9999.0 -9999.0 -9999.0 -9999.0 -9999.0 -9999.0 -9999.0 -9999.0 -9999.0 -9999.0 -9999.0 -9999.0 -9999.0 -9999.0 -9999.0 -9999.0 nan nan nan nan nan nan nan nan nan nan nan nan -9999.0
nan nan nan nan nan nan nan nan nan nan nan nan nan nan nan nan nan nan nan nan nan nan nan nan nan nan nan nan nan nan 24.4 26.9 27.5 28.3 26.1 nan 19.1 22.0 25.2 15.3 23.2 19.5 22.7 27.7 28.0 28.1 28.1 28.3 28.5 28.7 28.9 29.2 29.7 30.2 30.5 30.6 30.3 29.7 -9999.0 -9999.0 -9999.0 -9999.0 -9999.0 -9999.0 -9999.0 -9999.0 -9999.0 -9999.0 -9999.0 -9999.0 -9999.0 -9999.0 -9999.0 -9999.0 -9999.0 -9999.0 -9999.0 -9999.0 nan nan nan nan nan nan nan nan nan nan nan -9999.0
nan nan nan nan nan nan nan nan nan nan nan nan nan nan nan nan nan nan nan nan nan nan nan nan nan nan nan nan nan nan 24.6 26.6 27.5 28.1 27.9 19.2 nan 25.3 20.5 15.6 20.2 nan 27.4 27.7 27.8 27.9 28.1 28.3 28.5 28.7 28.9 29.2 29.7 30.3 30.7 30.6 30.1 25.3 -9999.0 -9999.0 -9999.0 -9999.0 -9999.0 -9999.0 -9999.0 -9999.0 -9999.0 -9999.0 -9999.0 -9999.0 -9999.0 -9999.0 -9999.0 -9999.0 -9999.0 -9999.0 -9999.0 -9999.0 -9999.0 -9999.0 nan nan nan nan nan nan nan nan nan -9999.0
nan nan nan nan nan nan nan nan nan nan nan nan nan nan nan nan nan nan nan nan nan nan nan nan nan nan nan nan nan nan nan 26.9 27.3 28.0 28.7 nan nan 20.3 20.4 17.6 nan nan 27.3 27.4 27.6 27.7 28.0 28.2 28.5 28.8 29.0 29.4 30.0 30.6 31.1 31.5 30.6 28.4 -9999.0 -9999.0 -9999.0 -9999.0 -9999.0 -9999.0 -9999.0 -9999.0 -9999.0 -9999.0 -9999.0 nan nan nan -9999.0 -9999.0 -9999.0 -9999.0 -9999.0 -9999.0 -9999.0 -9999.0 -9999.0 -9999.0 -9999.0 -9999.0 -9999.0 nan nan nan -9999.0 -9999.0
nan nan nan nan nan nan nan nan nan nan nan nan nan nan nan nan nan nan nan nan nan nan nan nan nan nan nan nan nan nan nan 26.3 27.1 27.9 28.6 nan 17.0 18.2 25.9 16.7 nan nan 27.1 27.2 27.4 27.5 27.6 28.0 28.4 28.7 29.1 29.6 30.3 30.9 31.6 32.2 32.2 28.0 -9999.0 -9999.0 -9999.0 -9999.0 -9999.0 -9999.0 -9999.0 -9999.0 -9999.0 -9999.0 -9999.0 nan nan nan nan nan -9999.0 -9999.0 -9999.0 -9999.0 -9999.0 -9999.0 -9999.0 -9999.0 -9999.0 -9999.0 -9999.0 -9999.0 -9999.0 -9999.0 -9999.0 -9999.0
nan nan nan nan nan nan nan nan nan nan nan nan nan nan nan nan nan nan nan nan nan nan nan nan nan nan nan nan nan nan nan 18.9 27.0 27.6 28.3 28.6 27.1 21.2 17.1 13.7 17.4 nan 26.9 27.0 27.2 27.4 27.5 28.0 28.4 28.9 29.3 29.8 30.4 31.0 31.7 32.5 33.0 28.2 -9999.0 -9999.0 -9999.0 -9999.0 -9999.0 -9999.0 -9999.0 -9999.0 -9999.0 -9999.0 -9999.0 -9999.0 -9999.0 -9999.0 -9999.0 -9999.0 -9999.0 -9999.0 -9999.0 -9999.0 -9999.0 -9999.0 -9999.0 -9999.0 -9999.0 -9999.0 -9999.0 -9999.0 -9999.0 -9999.0 -9999.0 -9999.0
nan nan nan nan nan nan nan nan nan nan nan nan nan nan nan nan nan nan nan nan nan nan nan nan nan nan nan nan nan nan nan 18.8 26.8 27.5 28.5 29.0 29.2 nan 18.7 20.8 13.7 nan 26.8 27.1 27.2 27.2 27.5 27.9 28.3 28.8 29.3 29.9 30.5 31.1 31.7 32.7 33.3 29.4 -9999.0 -9999.0 -9999.0 -9999.0 -9999.0 -9999.0 -9999.0 -9999.0 -9999.0 -9999.0 -9999.0 -9999.0 -9999.0 -9999.0 -9999.0 -9999.0 -9999.0 -9999.0 -9999.0 -9999.0 -9999.0 -9999.0 -9999.0 -9999.0 -9999.0 -9999.0 -9999.0 -9999.0 -9999.0 -9999.0 -9999.0 -9999.0
nan nan nan nan nan nan nan nan nan nan nan nan nan nan nan nan nan nan nan nan nan nan nan nan nan nan nan nan nan nan nan 18.9 24.9 27.2 28.3 29.0 29.2 nan nan 18.9 16.8 nan nan 27.0 27.2 27.3 27.5 27.8 28.2 28.7 29.3 29.8 30.4 31.0 31.8 32.7 33.4 27.8 -9999.0 -9999.0 -9999.0 -9999.0 -9999.0 -9999.0 -9999.0 -9999.0 -9999.0 -9999.0 -9999.0 -9999.0 -9999.0 -9999.0 -9999.0 -9999.0 -9999.0 -9999.0 -9999.0 -9999.0 -9999.0 -9999.0 -9999.0 -9999.0 -9999.0 -9999.0 -9999.0 -9999.0 -9999.0 -9999.0 -9999.0 -9999.0
nan nan nan nan nan nan nan nan nan nan nan nan nan nan nan nan nan nan nan nan nan nan nan nan nan nan nan nan nan nan nan nan 17.9 27.5 28.2 29.1 nan nan nan 20.4 15.7 19.2 nan nan 26.8 26.9 27.2 27.6 28.0 28.6 29.2 29.7 30.3 30.9 31.7 32.6 33.4 32.9 -9999.0 -9999.0 -9999.0 -9999.0 -9999.0 -9999.0 -9999.0 -9999.0 -9999.0 -9999.0 -9999.0 -9999.0 -9999.0 -9999.0 -9999.0 -9999.0 -9999.0 -9999.0 -9999.0 -9999.0 -9999.0 -9999.0 -9999.0 -9999.0 nan nan nan -9999.0 -9999.0 -9999.0 -9999.0 -9999.0
nan nan nan nan nan nan nan nan nan nan nan nan nan nan nan nan nan nan nan nan nan nan nan nan nan nan nan nan nan nan nan nan 27.0 27.4 28.1 29.0 nan nan nan nan 17.9 19.0 28.7 nan 26.1 26.7 26.9 27.2 27.7 28.3 29.0 29.6 30.1 30.8 31.7 32.7 33.5 34.0 -9999.0 -9999.0 -9999.0 -9999.0 -9999.0 -9999.0 -9999.0 -9999.0 -9999.0 -9999.0 -9999.0 -9999.0 -9999.0 -9999.0 -9999.0 -9999.0 -9999.0 -9999.0 -9999.0 -9999.0 -9999.0 -9999.0 nan nan nan nan nan nan nan nan -9999.0 -9999.0
nan nan nan nan nan nan nan nan nan nan nan nan nan nan nan nan nan nan nan nan nan nan nan nan nan nan nan nan nan nan nan nan nan 27.5 28.2 29.0 nan nan nan nan 21.5 21.3 26.1 20.8 nan 26.7 27.2 27.4 27.7 28.3 28.9 29.4 29.9 30.6 31.6 32.5 33.2 34.2 -9999.0 -9999.0 -9999.0 -9999.0 -9999.0 -9999.0 -9999.0 -9999.0 -9999.0 -9999.0 -9999.0 nan nan nan nan nan nan nan nan nan nan nan nan nan nan nan nan nan nan nan nan nan
nan nan nan nan nan nan nan nan nan nan nan nan nan nan nan nan nan nan nan nan nan nan nan nan nan nan nan nan nan nan nan nan nan 27.4 28.2 29.1 29.3 nan nan nan 27.0 22.1 25.0 28.7 nan nan 26.8 27.1 27.5 28.0 28.7 29.1 29.7 30.4 31.3 32.3 33.1 33.8 -9999.0 -9999.0 -9999.0 -9999.0 -9999.0 -9999.0 -9999.0 -9999.0 -9999.0 -9999.0 nan nan nan nan nan nan nan nan nan nan nan nan nan nan nan nan nan nan nan nan nan nan
