data/output/RUN203/ECOSPACE/ECOSPACE_in_PAR3/PAR-VarZ-VarK/PAR-VarZ-VarK_1990_04.asc
ncols        93
nrows        151 
xllcorner    -123.80739
yllcorner    48.29471 
cellsize     0.013497347 
NODATA_value  0.0
[rows 80 to 119 of 151, columns 0 to 89 of 93]
nan nan nan nan nan nan nan nan nan nan nan nan nan nan nan nan nan nan nan nan nan nan nan 35.5 34.0 35.4 37.7 38.4 37.8 37.0 36.3 35.7 35.2 34.8 34.5 34.2 33.6 33.0 32.3 31.7 31.0 30.2 29.4 28.5 27.8 27.2 26.8 26.2 25.6 24.9 23.9 22.6 21.2 20.3 nan nan nan nan nan nan nan nan nan nan nan nan 17.5 18.0 18.4 18.6 nan 18.2 18.3 18.4 18.4 18.7 18.8 18.6 18.5 18.8 19.4 19.7 19.8 nan nan nan nan nan nan nan
nan nan nan nan nan nan nan nan nan nan nan nan nan nan nan nan nan nan nan nan nan nan nan nan nan nan 38.9 38.7 38.3 37.7 37.1 36.5 36.0 35.7 35.3 34.8 34.1 33.3 32.5 31.8 31.0 30.1 29.3 28.4 27.7 27.1 26.6 26.2 25.8 25.2 24.4 23.4 22.1 20.8 19.6 nan nan nan nan nan nan nan nan nan nan nan 17.9 18.3 nan nan nan nan nan 18.6 18.8 19.0 nan 18.9 19.1 19.5 20.1 20.6 nan nan nan nan nan nan nan nan
nan nan nan nan nan nan nan nan nan nan nan nan nan nan nan nan nan nan nan nan nan nan nan nan nan nan nan 38.9 38.4 38.4 38.0 37.4 36.8 36.4 35.9 35.2 34.4 33.5 32.6 31.7 30.9 29.9 29.1 28.3 27.5 26.9 26.5 26.1 25.7 25.3 24.8 23.8 22.7 21.5 20.3 19.5 nan nan nan nan nan nan nan nan nan 17.7 18.2 nan nan nan nan nan nan 18.5 18.8 19.0 nan 19.2 19.8 20.3 20.7 nan nan nan nan nan nan nan nan nan
nan nan nan nan nan nan nan nan nan nan nan nan nan nan nan nan nan nan nan nan nan nan nan nan nan nan nan nan 37.0 38.3 38.7 38.2 37.6 37.0 36.3 35.5 34.5 33.5 32.6 31.6 30.6 29.7 28.8 28.0 27.2 26.6 26.2 25.9 25.5 25.2 24.8 24.1 23.3 22.1 21.0 19.9 19.3 nan nan nan nan nan nan nan nan 17.8 18.2 nan nan nan nan nan nan 18.5 18.9 19.2 19.7 20.3 20.5 20.6 nan nan nan nan nan nan nan nan nan nan
nan nan nan nan nan nan nan nan nan nan nan nan nan nan nan nan nan nan nan nan nan nan nan nan nan nan nan nan nan 13.4 39.2 38.9 38.3 37.5 36.7 35.7 34.6 33.5 32.5 31.4 30.3 29.4 28.6 27.8 27.0 26.4 26.0 25.7 25.3 25.0 24.7 24.2 23.6 22.7 21.6 20.5 19.6 19.1 nan nan nan nan nan nan 17.7 18.0 18.3 nan 19.0 19.1 19.4 nan nan 18.6 19.1 19.5 20.1 20.8 nan nan nan nan nan nan nan nan nan nan nan nan
nan nan nan nan nan nan nan nan nan nan nan nan nan nan nan nan nan nan nan nan nan nan nan nan nan nan nan nan nan nan 14.5 39.1 38.7 37.9 36.9 35.7 34.6 33.4 32.3 31.1 30.1 29.1 28.4 27.6 26.9 26.2 25.8 25.4 25.1 24.8 24.6 24.2 23.7 23.0 22.0 21.0 20.1 19.4 nan nan nan nan nan 17.8 18.0 18.4 18.7 19.0 19.0 19.1 19.2 10.6 nan 18.7 19.3 19.8 20.3 20.6 nan nan nan nan nan nan nan nan nan nan nan nan
nan nan nan nan nan nan nan nan nan nan nan nan nan nan nan nan nan nan nan nan nan nan nan nan nan nan nan nan nan nan nan 36.8 38.2 38.0 36.9 35.7 34.5 33.2 32.0 30.9 29.9 28.9 28.2 27.4 26.7 26.1 25.6 25.2 24.9 24.7 24.5 24.2 23.8 23.2 22.4 21.4 20.6 19.8 19.1 nan nan 18.1 18.5 18.6 18.7 19.0 19.3 19.5 19.4 19.4 19.4 nan nan 19.0 19.6 20.0 20.5 20.7 nan nan nan nan nan nan nan nan nan nan nan nan
nan nan nan nan nan nan nan nan nan nan nan nan nan nan nan nan nan nan nan nan nan nan nan nan nan nan nan nan nan nan nan nan 38.5 37.6 36.6 35.5 34.2 33.0 31.9 30.7 29.7 28.7 28.0 27.2 26.5 25.9 25.4 25.0 24.7 24.5 24.4 24.1 23.8 23.4 22.7 21.9 21.1 20.3 19.7 19.0 18.9 18.9 19.1 nan 19.1 19.7 20.1 20.3 20.3 20.2 19.9 19.5 19.5 19.7 19.9 20.2 20.4 nan nan nan nan nan nan nan nan nan nan nan nan nan
nan nan nan nan nan nan nan nan nan nan nan nan nan nan nan nan nan nan nan nan nan nan nan nan nan nan nan nan nan nan 38.2 38.1 37.8 36.9 36.0 35.0 34.0 32.9 31.7 30.6 29.5 28.6 27.8 27.0 26.4 25.8 25.3 24.9 24.7 24.5 24.3 24.1 23.9 23.5 23.1 22.4 21.7 21.0 20.4 19.9 19.6 19.5 19.5 19.8 20.1 20.5 21.0 21.2 21.2 21.2 20.7 20.1 20.0 20.0 20.1 20.3 20.4 nan nan nan nan nan nan nan nan nan nan nan nan nan
nan nan nan nan nan nan nan nan nan nan nan nan nan nan nan nan nan nan nan nan nan nan nan nan nan nan nan nan nan nan nan nan 36.8 36.1 35.3 34.6 33.8 32.8 31.7 30.5 29.4 28.5 27.7 26.9 26.3 25.7 25.3 24.9 24.7 24.5 24.3 24.2 24.0 23.8 23.4 22.9 22.3 21.7 21.2 20.7 20.4 20.0 20.0 20.4 20.5 20.8 21.2 nan nan nan 20.8 20.5 20.3 20.1 20.1 20.2 nan nan nan nan nan nan nan nan nan nan nan nan nan nan
nan nan nan nan nan nan nan nan nan nan nan nan nan nan nan nan nan nan nan nan nan nan nan nan nan nan nan nan nan nan 14.1 12.9 35.8 35.4 34.9 34.5 34.0 33.1 31.8 30.6 29.5 28.5 27.7 26.9 26.3 25.8 25.4 25.0 24.7 24.6 24.5 24.4 24.2 24.0 23.7 23.3 22.8 22.2 21.8 21.4 20.9 20.4 20.2 20.3 nan nan nan nan nan nan nan 20.6 20.3 20.1 20.0 20.0 nan nan nan nan nan nan nan nan nan nan nan nan nan nan
nan nan nan nan nan nan nan nan nan nan nan nan nan nan nan nan nan nan nan nan nan nan nan nan nan nan nan nan nan nan 14.6 34.7 35.3 35.2 34.9 16.1 34.2 33.3 31.8 30.6 29.5 28.6 27.7 27.0 26.4 25.9 25.5 25.1 24.9 24.7 24.6 24.5 24.5 24.3 24.1 23.7 23.3 22.8 22.3 21.8 21.2 20.6 20.1 nan nan nan nan nan nan 19.5 19.8 20.1 19.9 19.8 19.9 nan nan nan nan nan nan nan nan nan nan nan nan nan nan nan
nan nan nan nan nan nan nan nan nan nan nan nan nan nan nan nan nan nan nan nan nan nan nan nan nan nan nan nan nan nan 14.1 33.4 35.1 35.2 nan nan nan 32.8 32.1 30.9 29.8 28.8 27.9 27.1 26.6 26.1 25.7 25.4 25.1 25.0 24.9 24.8 24.8 24.6 24.4 24.1 23.8 23.4 22.9 22.3 21.6 20.9 20.4 nan nan nan nan nan 19.3 19.4 19.4 19.5 19.4 19.5 nan nan nan nan nan nan nan nan nan nan nan nan nan nan nan nan
nan nan nan nan nan nan nan nan nan nan nan nan nan nan nan nan nan nan nan nan nan nan nan nan nan nan nan nan nan nan 13.9 13.6 34.6 35.2 nan nan nan 30.3 32.1 31.3 30.2 29.1 28.1 27.4 26.8 26.3 25.9 25.6 25.4 25.3 25.2 25.1 25.1 25.0 24.8 24.6 24.3 23.9 23.4 22.8 22.1 21.3 20.8 19.9 19.6 nan 19.1 19.2 19.2 19.0 19.0 19.0 nan nan nan nan nan nan nan nan nan nan nan nan nan nan nan nan nan nan
nan nan nan nan nan nan nan nan nan nan nan nan nan nan nan nan nan nan nan nan nan nan nan nan nan nan nan nan nan nan nan nan 34.6 29.2 nan nan nan nan 30.2 31.7 30.9 29.5 28.4 27.6 27.0 26.5 26.2 25.9 25.8 25.6 25.5 25.5 25.5 25.4 25.3 25.1 24.9 24.5 24.0 23.4 22.7 21.9 21.2 20.6 20.1 19.7 19.4 19.1 18.9 18.7 18.4 nan nan nan nan nan nan nan nan nan nan nan nan nan nan nan nan nan nan nan
nan nan nan nan nan nan nan nan nan nan nan nan nan nan nan nan nan nan nan nan nan nan nan nan nan nan nan nan nan nan nan nan nan 31.0 15.8 nan nan nan 13.0 32.8 31.5 29.8 28.6 27.8 27.3 26.8 26.5 26.3 26.1 26.0 25.9 25.9 25.9 25.9 25.8 25.7 25.5 25.1 24.6 24.0 23.3 22.4 21.7 21.0 20.5 20.0 19.4 19.0 18.7 18.5 18.2 nan nan nan nan nan nan nan nan nan nan nan nan nan nan nan nan nan nan nan
nan nan nan nan nan nan nan nan nan nan nan nan nan nan nan nan nan nan nan nan nan nan nan nan nan nan nan nan nan nan nan nan nan nan 16.5 28.8 nan nan nan nan 31.6 30.4 29.0 28.2 27.6 27.2 26.9 26.6 26.5 26.4 26.4 26.4 26.4 26.4 26.3 26.2 26.0 25.6 25.1 24.5 23.7 22.9 22.1 21.4 20.7 20.0 19.4 18.9 18.5 18.3 18.2 18.1 nan nan nan nan nan nan nan nan nan nan nan nan nan nan nan nan nan nan
nan nan nan nan nan nan nan nan nan nan nan nan nan nan nan nan nan nan nan nan nan nan nan nan nan nan nan nan nan nan nan nan nan nan nan 21.5 14.1 nan nan nan nan 29.0 29.4 28.5 27.9 27.5 27.2 27.0 26.8 26.8 26.8 26.8 26.9 26.9 26.8 26.7 26.5 26.1 25.5 24.9 24.0 23.2 22.3 21.5 20.7 19.9 19.2 18.7 18.4 18.1 18.1 18.2 18.2 9.9 nan nan nan nan nan nan nan nan nan nan nan nan nan nan nan nan
nan nan nan nan nan nan nan nan nan nan nan nan nan nan nan nan nan nan nan nan nan nan nan nan nan nan nan nan nan nan nan nan nan nan 15.4 20.1 29.7 29.7 nan 14.1 nan 27.0 29.4 28.8 28.2 27.8 27.5 27.3 27.2 27.1 27.1 27.2 27.3 27.3 27.2 27.1 26.8 26.4 25.9 25.1 24.3 23.3 22.4 21.4 20.5 19.7 19.0 18.6 18.3 18.0 17.9 18.0 18.1 18.2 nan nan nan nan nan nan nan nan nan nan nan nan nan nan nan nan
nan nan nan nan nan nan nan nan nan nan nan nan nan nan nan nan nan nan nan nan nan nan nan nan nan nan nan nan nan nan nan nan nan nan 30.0 29.8 30.2 26.8 16.4 27.5 29.1 23.7 28.6 29.2 28.6 28.1 27.8 27.6 27.6 27.5 27.5 27.5 27.6 27.6 27.6 27.5 27.2 26.8 26.1 25.3 24.3 23.3 22.1 21.1 20.1 19.3 18.4 18.2 17.7 18.0 17.8 17.9 18.1 18.2 18.5 nan nan nan nan nan nan nan nan nan nan nan nan nan nan nan
nan nan nan nan nan nan nan nan nan nan nan nan nan nan nan nan nan nan nan nan nan nan nan nan nan nan nan nan nan nan nan nan nan nan 30.2 30.4 30.4 30.4 28.5 nan 30.2 28.5 30.4 29.6 29.1 28.5 28.2 28.0 27.9 27.8 27.7 27.8 27.8 27.9 27.9 27.8 27.5 27.1 26.4 25.4 24.3 23.1 -9999.0 -9999.0 -9999.0 -9999.0 -9999.0 -9999.0 -9999.0 10.2 18.0 17.9 18.2 18.2 18.4 nan nan nan nan nan nan nan nan nan nan nan nan nan nan -9999.0
nan nan nan nan nan nan nan nan nan nan nan nan nan nan nan nan nan nan nan nan nan nan nan nan nan nan nan nan nan nan nan nan nan nan 30.3 30.5 30.4 30.5 30.7 nan nan 31.7 31.0 30.2 29.5 28.9 28.5 28.3 28.1 28.0 27.9 27.9 27.9 27.9 28.0 27.9 27.7 27.2 26.5 25.5 24.2 -9999.0 -9999.0 -9999.0 -9999.0 -9999.0 -9999.0 -9999.0 -9999.0 nan 11.9 17.8 18.2 17.6 nan nan nan nan nan nan nan nan nan nan nan nan nan nan nan -9999.0
nan nan nan nan nan nan nan nan nan nan nan nan nan nan nan nan nan nan nan nan nan nan nan nan nan nan nan nan nan nan nan nan nan nan 30.3 30.4 30.4 30.6 31.0 nan 25.6 28.2 31.7 30.8 30.0 29.3 28.8 28.5 28.1 28.0 27.9 27.9 27.9 28.0 28.0 27.9 27.7 27.3 26.5 25.4 24.1 -9999.0 -9999.0 -9999.0 -9999.0 -9999.0 -9999.0 -9999.0 -9999.0 -9999.0 -9999.0 nan 10.0 10.0 nan nan nan nan nan nan nan nan nan nan nan nan nan nan nan -9999.0
nan nan nan nan nan nan nan nan nan nan nan nan nan nan nan nan nan nan nan nan nan nan nan nan nan nan nan nan nan nan nan nan nan nan 30.1 30.2 30.6 29.3 26.7 17.8 29.1 25.2 31.4 31.2 30.4 29.7 29.1 28.5 28.1 27.8 27.8 27.8 27.9 28.0 28.0 28.0 27.8 27.4 26.5 25.4 -9999.0 -9999.0 -9999.0 -9999.0 -9999.0 -9999.0 -9999.0 -9999.0 -9999.0 -9999.0 -9999.0 nan nan nan nan nan nan nan nan nan nan nan nan nan nan nan nan nan nan -9999.0
nan nan nan nan nan nan nan nan nan nan nan nan nan nan nan nan nan nan nan nan nan nan nan nan nan nan nan nan nan nan nan nan 26.7 27.4 29.4 30.6 31.0 31.5 30.6 27.9 nan 32.3 31.9 31.3 30.6 29.9 29.2 28.5 28.0 27.7 27.6 27.7 27.7 27.9 28.0 28.1 28.0 27.5 26.7 -9999.0 -9999.0 -9999.0 -9999.0 -9999.0 -9999.0 -9999.0 -9999.0 -9999.0 -9999.0 -9999.0 -9999.0 -9999.0 nan nan nan nan nan nan nan nan nan nan nan nan nan nan nan nan nan -9999.0
nan nan nan nan nan nan nan nan nan nan nan nan nan nan nan nan nan nan nan nan nan nan nan nan nan nan nan nan nan 14.2 nan nan 30.2 29.9 30.7 30.5 31.5 32.2 33.0 nan nan 32.2 32.1 31.5 30.7 30.0 29.3 28.5 27.9 27.5 27.4 27.5 27.5 27.7 27.9 28.0 28.0 27.6 26.8 -9999.0 -9999.0 -9999.0 -9999.0 -9999.0 -9999.0 -9999.0 -9999.0 -9999.0 -9999.0 -9999.0 -9999.0 -9999.0 -9999.0 -9999.0 nan nan nan nan nan nan nan nan nan nan nan nan nan nan nan -9999.0
nan nan nan nan nan nan nan nan nan nan nan nan nan nan nan nan nan nan nan nan nan nan nan nan nan nan nan nan nan 12.7 12.7 nan 30.6 31.1 28.8 28.1 29.5 32.3 32.8 31.5 nan 32.6 32.5 31.8 31.0 30.2 29.3 28.5 27.9 27.5 27.3 27.3 27.4 27.5 27.6 27.8 27.9 27.6 -9999.0 -9999.0 -9999.0 -9999.0 -9999.0 -9999.0 -9999.0 -9999.0 -9999.0 -9999.0 -9999.0 -9999.0 -9999.0 -9999.0 -9999.0 -9999.0 -9999.0 nan nan nan nan nan nan nan nan nan nan nan nan nan nan -9999.0
nan nan nan nan nan nan nan nan nan nan nan nan nan nan nan nan nan nan nan nan nan nan nan nan nan nan nan nan nan 13.4 30.8 30.9 31.2 31.5 32.1 nan 13.0 31.9 32.6 32.8 nan 31.9 33.2 32.4 31.5 30.5 29.5 28.6 28.0 27.5 27.3 27.2 27.3 27.4 27.5 27.6 27.6 27.4 -9999.0 -9999.0 -9999.0 -9999.0 -9999.0 -9999.0 -9999.0 -9999.0 -9999.0 -9999.0 -9999.0 -9999.0 -9999.0 -9999.0 -9999.0 -9999.0 -9999.0 -9999.0 nan nan nan nan nan nan nan nan nan nan nan nan nan -9999.0
nan nan nan nan nan nan nan nan nan nan nan nan nan nan nan nan nan nan nan nan nan nan nan nan nan nan nan nan nan nan 30.0 30.9 31.5 32.0 28.8 nan nan 30.8 31.3 31.8 nan 28.2 30.0 33.1 32.1 30.9 29.9 28.9 28.2 27.7 27.4 27.4 27.4 27.5 27.5 27.4 27.4 27.3 -9999.0 -9999.0 -9999.0 -9999.0 -9999.0 -9999.0 -9999.0 -9999.0 -9999.0 -9999.0 -9999.0 -9999.0 -9999.0 -9999.0 -9999.0 -9999.0 -9999.0 -9999.0 -9999.0 nan nan nan nan nan nan nan nan nan nan nan nan -9999.0
nan nan nan nan nan nan nan nan nan nan nan nan nan nan nan nan nan nan nan nan nan nan nan nan nan nan nan nan nan nan 28.1 31.0 31.7 32.3 28.6 nan 14.3 24.1 27.8 16.6 27.1 23.1 25.8 32.2 32.5 31.4 30.3 29.3 28.5 28.0 27.8 27.7 27.7 27.7 27.6 27.3 27.1 27.5 -9999.0 -9999.0 -9999.0 -9999.0 -9999.0 -9999.0 -9999.0 -9999.0 -9999.0 -9999.0 -9999.0 -9999.0 -9999.0 -9999.0 -9999.0 -9999.0 -9999.0 -9999.0 -9999.0 -9999.0 nan nan nan nan nan nan nan nan nan nan nan -9999.0
nan nan nan nan nan nan nan nan nan nan nan nan nan nan nan nan nan nan nan nan nan nan nan nan nan nan nan nan nan nan 28.8 30.5 31.6 32.2 29.0 14.3 nan 28.8 21.6 16.1 23.4 nan 33.2 33.7 33.0 31.9 30.8 29.8 29.0 28.5 28.3 28.2 28.1 28.1 27.9 27.5 26.5 21.6 -9999.0 -9999.0 -9999.0 -9999.0 -9999.0 -9999.0 -9999.0 -9999.0 -9999.0 -9999.0 -9999.0 -9999.0 -9999.0 -9999.0 -9999.0 -9999.0 -9999.0 -9999.0 -9999.0 -9999.0 -9999.0 -9999.0 nan nan nan nan nan nan nan nan nan -9999.0
nan nan nan nan nan nan nan nan nan nan nan nan nan nan nan nan nan nan nan nan nan nan nan nan nan nan nan nan nan nan nan 30.9 31.3 31.8 32.4 nan nan 21.6 20.8 17.8 nan nan 33.7 33.8 33.3 32.4 31.4 30.5 29.8 29.3 29.0 28.8 28.6 28.5 28.5 28.0 26.9 24.7 -9999.0 -9999.0 -9999.0 -9999.0 -9999.0 -9999.0 -9999.0 -9999.0 -9999.0 -9999.0 -9999.0 nan nan nan -9999.0 -9999.0 -9999.0 -9999.0 -9999.0 -9999.0 -9999.0 -9999.0 -9999.0 -9999.0 -9999.0 -9999.0 -9999.0 nan nan nan -9999.0 -9999.0
nan nan nan nan nan nan nan nan nan nan nan nan nan nan nan nan nan nan nan nan nan nan nan nan nan nan nan nan nan nan nan 29.4 30.9 31.6 32.6 nan 14.0 18.0 28.6 16.3 nan nan 33.9 34.0 33.7 33.0 32.1 31.3 30.7 30.2 29.7 29.4 29.1 28.9 28.8 28.7 28.4 25.0 -9999.0 -9999.0 -9999.0 -9999.0 -9999.0 -9999.0 -9999.0 -9999.0 -9999.0 -9999.0 -9999.0 nan nan nan nan nan -9999.0 -9999.0 -9999.0 -9999.0 -9999.0 -9999.0 -9999.0 -9999.0 -9999.0 -9999.0 -9999.0 -9999.0 -9999.0 -9999.0 -9999.0 -9999.0
nan nan nan nan nan nan nan nan nan nan nan nan nan nan nan nan nan nan nan nan nan nan nan nan nan nan nan nan nan nan nan 14.0 30.4 31.5 32.2 29.5 26.5 21.0 17.4 14.4 16.5 nan 33.8 34.1 33.9 33.4 32.8 32.0 31.5 31.0 30.5 30.0 29.7 29.4 29.1 28.6 28.3 21.6 -9999.0 -9999.0 -9999.0 -9999.0 -9999.0 -9999.0 -9999.0 -9999.0 -9999.0 -9999.0 -9999.0 -9999.0 -9999.0 -9999.0 -9999.0 -9999.0 -9999.0 -9999.0 -9999.0 -9999.0 -9999.0 -9999.0 -9999.0 -9999.0 -9999.0 -9999.0 -9999.0 -9999.0 -9999.0 -9999.0 -9999.0 -9999.0
nan nan nan nan nan nan nan nan nan nan nan nan nan nan nan nan nan nan nan nan nan nan nan nan nan nan nan nan nan nan nan 13.9 29.4 31.3 32.3 32.8 32.8 nan 20.1 23.4 13.4 nan 33.8 34.1 34.1 33.8 33.3 32.7 32.1 31.6 31.2 30.7 30.3 29.9 29.6 29.0 28.6 23.9 -9999.0 -9999.0 -9999.0 -9999.0 -9999.0 -9999.0 -9999.0 -9999.0 -9999.0 -9999.0 -9999.0 -9999.0 -9999.0 -9999.0 -9999.0 -9999.0 -9999.0 -9999.0 -9999.0 -9999.0 -9999.0 -9999.0 -9999.0 -9999.0 -9999.0 -9999.0 -9999.0 -9999.0 -9999.0 -9999.0 -9999.0 -9999.0
nan nan nan nan nan nan nan nan nan nan nan nan nan nan nan nan nan nan nan nan nan nan nan nan nan nan nan nan nan nan nan 13.9 26.1 29.6 31.8 32.2 32.2 nan nan 20.6 15.0 nan nan 34.4 34.6 34.3 33.9 33.3 32.8 32.3 31.8 31.3 30.8 30.4 30.0 29.5 28.9 22.3 -9999.0 -9999.0 -9999.0 -9999.0 -9999.0 -9999.0 -9999.0 -9999.0 -9999.0 -9999.0 -9999.0 -9999.0 -9999.0 -9999.0 -9999.0 -9999.0 -9999.0 -9999.0 -9999.0 -9999.0 -9999.0 -9999.0 -9999.0 -9999.0 -9999.0 -9999.0 -9999.0 -9999.0 -9999.0 -9999.0 -9999.0 -9999.0
nan nan nan nan nan nan nan nan nan nan nan nan nan nan nan nan nan nan nan nan nan nan nan nan nan nan nan nan nan nan nan nan 13.5 30.7 31.4 31.8 nan nan nan 20.9 14.8 14.1 nan nan 34.1 34.3 34.2 33.8 33.3 32.8 32.5 32.0 31.4 30.9 30.5 30.0 29.6 25.4 -9999.0 -9999.0 -9999.0 -9999.0 -9999.0 -9999.0 -9999.0 -9999.0 -9999.0 -9999.0 -9999.0 -9999.0 -9999.0 -9999.0 -9999.0 -9999.0 -9999.0 -9999.0 -9999.0 -9999.0 -9999.0 -9999.0 -9999.0 -9999.0 nan nan nan -9999.0 -9999.0 -9999.0 -9999.0 -9999.0
nan nan nan nan nan nan nan nan nan nan nan nan nan nan nan nan nan nan nan nan nan nan nan nan nan nan nan nan nan nan nan nan 28.8 29.9 30.8 31.5 nan nan nan nan 16.8 14.1 25.4 nan 32.7 34.3 34.4 34.0 33.6 33.2 32.9 32.5 32.0 31.5 31.0 30.5 30.0 28.7 -9999.0 -9999.0 -9999.0 -9999.0 -9999.0 -9999.0 -9999.0 -9999.0 -9999.0 -9999.0 -9999.0 -9999.0 -9999.0 -9999.0 -9999.0 -9999.0 -9999.0 -9999.0 -9999.0 -9999.0 -9999.0 -9999.0 nan nan nan nan nan nan nan nan -9999.0 -9999.0
nan nan nan nan nan nan nan nan nan nan nan nan nan nan nan nan nan nan nan nan nan nan nan nan nan nan nan nan nan nan nan nan nan 30.1 31.0 31.5 nan nan nan nan 22.3 15.6 19.8 18.0 nan 34.5 34.8 34.5 34.0 33.7 33.4 32.9 32.5 32.0 31.6 31.1 30.5 29.5 -9999.0 -9999.0 -9999.0 -9999.0 -9999.0 -9999.0 -9999.0 -9999.0 -9999.0 -9999.0 -9999.0 nan nan nan nan nan nan nan nan nan nan nan nan nan nan nan nan nan nan nan nan nan
nan nan nan nan nan nan nan nan nan nan nan nan nan nan nan nan nan nan nan nan nan nan nan nan nan nan nan nan nan nan nan nan nan 30.4 31.3 31.8 31.8 nan nan nan 30.9 18.1 18.0 30.2 nan nan 34.4 34.4 34.2 33.9 33.7 33.4 33.1 32.7 32.2 31.8 31.4 31.0 -9999.0 -9999.0 -9999.0 -9999.0 -9999.0 -9999.0 -9999.0 -9999.0 -9999.0 -9999.0 nan nan nan nan nan nan nan nan nan nan nan nan nan nan nan nan nan nan nan nan nan nan
