data/output/RUN203/ECOSPACE/ECOSPACE_in_PAR3/PAR-VarZ-VarK/PAR-VarZ-VarK_2017_08.asc
ncols        93
nrows        151 
xllcorner    -123.80739
yllcorner    48.29471 
cellsize     0.013497347 
NODATA_value  0.0
[rows 80 to 119 of 151, columns 0 to 89 of 93]
nan nan nan nan nan nan nan nan nan nan nan nan nan nan nan nan nan nan nan nan nan nan nan 34.9 33.7 35.2 37.2 37.1 36.8 36.4 35.9 35.4 34.8 34.2 33.7 33.3 33.1 32.9 32.8 32.7 32.6 32.5 32.3 32.1 31.7 31.1 30.3 29.3 28.2 27.1 25.9 24.9 24.0 23.4 nan nan nan nan nan nan nan nan nan nan nan nan 19.2 19.6 19.7 19.8 nan 19.4 19.3 19.2 19.2 19.3 19.1 18.9 18.7 18.9 19.4 19.6 19.5 nan nan nan nan nan nan nan
nan nan nan nan nan nan nan nan nan nan nan nan nan nan nan nan nan nan nan nan nan nan nan nan nan nan 37.3 37.1 36.9 36.5 36.0 35.5 34.9 34.2 33.6 33.2 32.9 32.8 32.7 32.6 32.5 32.4 32.3 32.1 31.8 31.4 30.7 29.9 28.9 27.7 26.5 25.4 24.4 23.7 22.9 nan nan nan nan nan nan nan nan nan nan nan 19.7 19.8 nan nan nan nan nan 19.4 19.5 19.6 nan 19.0 19.1 19.4 19.8 20.1 nan nan nan nan nan nan nan nan
nan nan nan nan nan nan nan nan nan nan nan nan nan nan nan nan nan nan nan nan nan nan nan nan nan nan nan 37.0 36.8 36.6 36.2 35.6 35.0 34.3 33.7 33.2 32.8 32.6 32.5 32.4 32.3 32.2 32.1 32.0 31.8 31.5 31.0 30.4 29.5 28.4 27.2 26.0 24.9 24.0 23.2 22.5 nan nan nan nan nan nan nan nan nan 19.7 20.2 nan nan nan nan nan nan 19.5 19.5 19.5 nan 19.3 19.6 20.0 20.2 nan nan nan nan nan nan nan nan nan
nan nan nan nan nan nan nan nan nan nan nan nan nan nan nan nan nan nan nan nan nan nan nan nan nan nan nan nan 34.8 36.4 36.4 35.9 35.2 34.3 33.7 33.2 32.8 32.5 32.3 32.2 32.1 32.0 32.0 31.8 31.7 31.6 31.2 30.7 30.0 29.0 27.8 26.6 25.5 24.6 23.7 23.0 22.5 nan nan nan nan nan nan nan nan 19.8 20.2 nan nan nan nan nan nan 19.5 19.6 19.7 20.0 20.4 20.3 20.2 nan nan nan nan nan nan nan nan nan nan
nan nan nan nan nan nan nan nan nan nan nan nan nan nan nan nan nan nan nan nan nan nan nan nan nan nan nan nan nan 17.0 36.6 36.1 35.3 34.5 33.7 33.1 32.7 32.4 32.2 32.0 31.9 31.7 31.7 31.7 31.6 31.5 31.3 31.0 30.5 29.6 28.5 27.4 26.3 25.4 24.4 23.6 23.0 22.5 nan nan nan nan nan nan 19.8 20.0 20.3 nan 20.6 20.5 20.6 nan nan 19.6 19.8 20.0 20.4 21.0 nan nan nan nan nan nan nan nan nan nan nan nan
nan nan nan nan nan nan nan nan nan nan nan nan nan nan nan nan nan nan nan nan nan nan nan nan nan nan nan nan nan nan 17.7 36.1 35.5 34.6 33.9 33.2 32.6 32.2 32.0 31.8 31.6 31.5 31.5 31.4 31.4 31.4 31.3 31.1 30.7 30.1 29.2 28.1 27.1 26.2 25.3 24.4 23.7 23.2 nan nan nan nan nan 20.0 20.2 20.4 20.6 20.7 20.6 20.6 20.5 13.0 nan 19.7 20.0 20.3 20.6 20.9 nan nan nan nan nan nan nan nan nan nan nan nan
nan nan nan nan nan nan nan nan nan nan nan nan nan nan nan nan nan nan nan nan nan nan nan nan nan nan nan nan nan nan nan 33.7 35.5 34.8 34.0 33.2 32.6 32.1 31.8 31.6 31.4 31.2 31.2 31.2 31.2 31.2 31.2 31.1 30.9 30.4 29.7 28.8 27.9 27.0 26.2 25.3 24.6 23.8 22.9 nan nan 20.6 20.9 20.9 20.8 20.9 21.0 21.0 20.9 20.8 20.8 nan nan 20.0 20.3 20.6 20.9 21.0 nan nan nan nan nan nan nan nan nan nan nan nan
nan nan nan nan nan nan nan nan nan nan nan nan nan nan nan nan nan nan nan nan nan nan nan nan nan nan nan nan nan nan nan nan 35.7 34.8 34.0 33.3 32.6 32.1 31.7 31.4 31.2 31.0 31.0 31.0 31.0 31.0 31.0 31.0 30.9 30.6 30.1 29.4 28.7 27.9 27.0 26.2 25.4 24.6 23.7 22.5 21.9 21.8 21.7 nan 21.3 21.5 21.8 21.9 21.8 21.6 21.4 20.9 20.8 20.7 20.7 20.9 21.0 nan nan nan nan nan nan nan nan nan nan nan nan nan
nan nan nan nan nan nan nan nan nan nan nan nan nan nan nan nan nan nan nan nan nan nan nan nan nan nan nan nan nan nan 35.2 35.2 35.3 34.7 34.0 33.4 32.7 32.1 31.6 31.3 31.0 30.8 30.8 30.8 30.8 30.8 30.9 30.9 30.9 30.8 30.6 30.0 29.4 28.8 28.0 27.2 26.3 25.4 24.5 23.6 23.0 22.5 22.4 22.4 22.3 22.4 22.7 22.8 22.6 22.6 22.1 21.5 21.2 21.0 21.0 21.1 21.1 nan nan nan nan nan nan nan nan nan nan nan nan nan
nan nan nan nan nan nan nan nan nan nan nan nan nan nan nan nan nan nan nan nan nan nan nan nan nan nan nan nan nan nan nan nan 34.9 34.4 33.9 33.4 32.9 32.4 31.8 31.4 31.0 30.8 30.6 30.6 30.6 30.6 30.7 30.8 30.9 30.9 30.8 30.5 30.0 29.5 28.9 28.2 27.4 26.5 25.7 24.8 24.1 23.6 23.4 23.3 23.1 22.9 23.0 nan nan nan 22.3 22.0 21.5 21.2 21.1 21.2 nan nan nan nan nan nan nan nan nan nan nan nan nan nan
nan nan nan nan nan nan nan nan nan nan nan nan nan nan nan nan nan nan nan nan nan nan nan nan nan nan nan nan nan nan 19.0 17.2 34.5 34.2 33.8 33.5 33.3 32.9 32.3 31.6 31.2 30.8 30.6 30.5 30.5 30.5 30.5 30.6 30.8 31.0 31.0 30.8 30.6 30.2 29.7 29.2 28.5 27.8 26.9 26.0 25.2 24.6 24.2 23.9 nan nan nan nan nan nan nan 22.3 21.6 21.3 21.2 21.1 nan nan nan nan nan nan nan nan nan nan nan nan nan nan
nan nan nan nan nan nan nan nan nan nan nan nan nan nan nan nan nan nan nan nan nan nan nan nan nan nan nan nan nan nan 18.3 33.7 34.3 34.2 33.9 19.0 33.5 33.4 32.6 31.9 31.4 30.9 30.5 30.3 30.3 30.3 30.4 30.5 30.8 31.0 31.2 31.1 30.9 30.7 30.4 30.0 29.5 28.9 28.0 27.1 26.2 25.5 24.9 nan nan nan nan nan nan 21.7 21.9 22.0 21.6 21.3 21.2 nan nan nan nan nan nan nan nan nan nan nan nan nan nan nan
nan nan nan nan nan nan nan nan nan nan nan nan nan nan nan nan nan nan nan nan nan nan nan nan nan nan nan nan nan nan 19.1 32.7 34.3 34.5 nan nan nan 32.6 32.7 32.0 31.4 30.9 30.5 30.3 30.2 30.2 30.3 30.5 30.8 31.1 31.3 31.3 31.2 31.1 31.0 30.8 30.4 29.8 29.0 28.1 27.2 26.4 25.8 nan nan nan nan nan 22.1 22.0 21.7 21.5 21.3 21.1 nan nan nan nan nan nan nan nan nan nan nan nan nan nan nan nan
nan nan nan nan nan nan nan nan nan nan nan nan nan nan nan nan nan nan nan nan nan nan nan nan nan nan nan nan nan nan 19.0 17.2 34.7 34.8 nan nan nan 30.5 32.6 32.1 31.5 30.9 30.5 30.3 30.1 30.1 30.2 30.4 30.7 31.1 31.4 31.5 31.5 31.5 31.5 31.3 31.0 30.6 29.9 29.1 28.1 27.1 26.0 24.4 23.5 nan 22.3 22.3 22.3 22.0 21.6 21.3 nan nan nan nan nan nan nan nan nan nan nan nan nan nan nan nan nan nan
nan nan nan nan nan nan nan nan nan nan nan nan nan nan nan nan nan nan nan nan nan nan nan nan nan nan nan nan nan nan nan nan 34.8 30.2 nan nan nan nan 32.0 32.0 31.7 31.1 30.5 30.3 30.1 30.1 30.2 30.4 30.7 31.1 31.4 31.6 31.8 31.8 31.8 31.8 31.6 31.2 30.7 30.1 29.1 27.9 26.6 25.4 24.6 23.7 23.1 22.6 22.2 21.7 21.2 nan nan nan nan nan nan nan nan nan nan nan nan nan nan nan nan nan nan nan
nan nan nan nan nan nan nan nan nan nan nan nan nan nan nan nan nan nan nan nan nan nan nan nan nan nan nan nan nan nan nan nan nan 27.9 15.1 nan nan nan 17.2 32.2 31.9 31.4 30.8 30.4 30.2 30.1 30.2 30.4 30.7 31.1 31.4 31.7 31.9 32.0 32.1 32.1 32.0 31.8 31.5 30.9 30.1 29.0 27.7 26.5 25.4 24.4 23.5 22.8 22.2 21.6 21.0 nan nan nan nan nan nan nan nan nan nan nan nan nan nan nan nan nan nan nan
nan nan nan nan nan nan nan nan nan nan nan nan nan nan nan nan nan nan nan nan nan nan nan nan nan nan nan nan nan nan nan nan nan nan 16.2 28.2 nan nan nan nan 32.0 31.9 31.2 30.8 30.5 30.3 30.3 30.4 30.7 31.1 31.5 31.8 32.0 32.2 32.3 32.4 32.4 32.3 32.1 31.6 30.9 30.0 28.8 27.5 26.1 25.0 23.9 23.0 22.3 21.6 21.0 20.6 nan nan nan nan nan nan nan nan nan nan nan nan nan nan nan nan nan nan
nan nan nan nan nan nan nan nan nan nan nan nan nan nan nan nan nan nan nan nan nan nan nan nan nan nan nan nan nan nan nan nan nan nan nan 21.7 19.1 nan nan nan nan 31.2 31.5 31.0 30.7 30.5 30.4 30.5 30.8 31.1 31.5 31.9 32.2 32.4 32.5 32.7 32.7 32.7 32.5 32.2 31.5 30.7 29.5 28.1 26.6 25.3 24.2 23.2 22.5 21.7 21.0 20.8 20.6 12.8 nan nan nan nan nan nan nan nan nan nan nan nan nan nan nan nan
nan nan nan nan nan nan nan nan nan nan nan nan nan nan nan nan nan nan nan nan nan nan nan nan nan nan nan nan nan nan nan nan nan nan 18.9 24.1 31.3 31.2 nan 19.1 nan 28.2 31.6 31.3 31.0 30.7 30.6 30.6 30.8 31.2 31.5 31.9 32.3 32.5 32.7 32.8 32.9 33.0 32.9 32.7 32.1 31.2 29.9 28.4 26.8 25.4 24.3 23.5 22.8 21.9 21.2 20.9 20.7 20.5 nan nan nan nan nan nan nan nan nan nan nan nan nan nan nan nan
nan nan nan nan nan nan nan nan nan nan nan nan nan nan nan nan nan nan nan nan nan nan nan nan nan nan nan nan nan nan nan nan nan nan 31.6 31.5 31.7 30.0 20.4 27.4 29.1 26.6 31.8 31.4 31.1 30.9 30.7 30.7 30.9 31.2 31.6 32.0 32.3 32.6 32.8 33.0 33.1 33.2 33.1 32.9 32.3 31.4 30.1 28.4 26.6 25.0 23.8 23.6 23.1 22.4 21.3 20.9 20.8 20.7 20.8 nan nan nan nan nan nan nan nan nan nan nan nan nan nan nan
nan nan nan nan nan nan nan nan nan nan nan nan nan nan nan nan nan nan nan nan nan nan nan nan nan nan nan nan nan nan nan nan nan nan 31.6 31.6 31.6 31.7 30.2 nan 29.5 30.2 31.9 31.6 31.2 31.0 30.8 30.8 31.0 31.2 31.6 32.0 32.3 32.6 32.8 33.1 33.3 33.4 33.3 33.1 32.5 31.5 -9999.0 -9999.0 -9999.0 -9999.0 -9999.0 -9999.0 -9999.0 13.9 21.4 21.1 20.9 20.6 20.7 nan nan nan nan nan nan nan nan nan nan nan nan nan nan -9999.0
nan nan nan nan nan nan nan nan nan nan nan nan nan nan nan nan nan nan nan nan nan nan nan nan nan nan nan nan nan nan nan nan nan nan 31.4 31.5 31.4 31.3 31.4 nan nan 31.3 31.7 31.5 31.3 31.0 30.9 30.8 31.0 31.2 31.5 31.9 32.3 32.6 32.9 33.2 33.4 33.5 33.5 33.1 32.4 -9999.0 -9999.0 -9999.0 -9999.0 -9999.0 -9999.0 -9999.0 -9999.0 nan 16.1 20.9 20.8 19.7 nan nan nan nan nan nan nan nan nan nan nan nan nan nan nan -9999.0
nan nan nan nan nan nan nan nan nan nan nan nan nan nan nan nan nan nan nan nan nan nan nan nan nan nan nan nan nan nan nan nan nan nan 31.2 31.0 31.0 31.0 31.4 nan 26.0 29.4 31.5 31.4 31.2 31.0 30.9 30.8 30.9 31.1 31.3 31.7 32.1 32.5 32.8 33.2 33.4 33.6 33.5 33.0 32.1 -9999.0 -9999.0 -9999.0 -9999.0 -9999.0 -9999.0 -9999.0 -9999.0 -9999.0 -9999.0 nan 13.4 13.4 nan nan nan nan nan nan nan nan nan nan nan nan nan nan nan -9999.0
nan nan nan nan nan nan nan nan nan nan nan nan nan nan nan nan nan nan nan nan nan nan nan nan nan nan nan nan nan nan nan nan nan nan 30.8 30.8 31.1 31.4 28.5 19.0 28.4 25.7 31.1 31.1 31.0 30.9 30.8 30.7 30.7 30.9 31.1 31.5 31.9 32.3 32.7 33.0 33.3 33.5 33.3 32.7 -9999.0 -9999.0 -9999.0 -9999.0 -9999.0 -9999.0 -9999.0 -9999.0 -9999.0 -9999.0 -9999.0 nan nan nan nan nan nan nan nan nan nan nan nan nan nan nan nan nan nan -9999.0
nan nan nan nan nan nan nan nan nan nan nan nan nan nan nan nan nan nan nan nan nan nan nan nan nan nan nan nan nan nan nan nan 29.1 30.2 30.7 31.0 31.5 32.1 31.8 30.9 nan 31.4 31.0 30.9 30.9 30.8 30.7 30.6 30.6 30.8 31.0 31.4 31.8 32.2 32.5 32.9 33.2 33.3 33.1 -9999.0 -9999.0 -9999.0 -9999.0 -9999.0 -9999.0 -9999.0 -9999.0 -9999.0 -9999.0 -9999.0 -9999.0 -9999.0 nan nan nan nan nan nan nan nan nan nan nan nan nan nan nan nan nan -9999.0
nan nan nan nan nan nan nan nan nan nan nan nan nan nan nan nan nan nan nan nan nan nan nan nan nan nan nan nan nan 19.0 nan nan 30.7 30.9 30.9 31.3 31.9 32.5 33.0 nan nan 30.9 30.9 30.9 30.9 30.8 30.7 30.6 30.6 30.8 31.0 31.3 31.6 32.0 32.3 32.8 33.1 33.1 32.8 -9999.0 -9999.0 -9999.0 -9999.0 -9999.0 -9999.0 -9999.0 -9999.0 -9999.0 -9999.0 -9999.0 -9999.0 -9999.0 -9999.0 -9999.0 nan nan nan nan nan nan nan nan nan nan nan nan nan nan nan -9999.0
nan nan nan nan nan nan nan nan nan nan nan nan nan nan nan nan nan nan nan nan nan nan nan nan nan nan nan nan nan 16.2 16.2 nan 31.0 31.3 29.2 27.8 31.0 32.3 32.4 31.2 nan 30.9 31.0 31.1 31.1 31.0 30.8 30.7 30.8 30.9 31.1 31.3 31.5 31.8 32.2 32.7 33.0 32.9 -9999.0 -9999.0 -9999.0 -9999.0 -9999.0 -9999.0 -9999.0 -9999.0 -9999.0 -9999.0 -9999.0 -9999.0 -9999.0 -9999.0 -9999.0 -9999.0 -9999.0 nan nan nan nan nan nan nan nan nan nan nan nan nan nan -9999.0
nan nan nan nan nan nan nan nan nan nan nan nan nan nan nan nan nan nan nan nan nan nan nan nan nan nan nan nan nan 17.1 30.7 30.9 31.2 31.6 32.0 nan 17.2 32.0 32.1 32.2 nan 30.7 31.5 31.5 31.3 31.1 31.0 30.9 30.9 31.0 31.2 31.3 31.4 31.8 32.2 32.7 33.0 32.9 -9999.0 -9999.0 -9999.0 -9999.0 -9999.0 -9999.0 -9999.0 -9999.0 -9999.0 -9999.0 -9999.0 -9999.0 -9999.0 -9999.0 -9999.0 -9999.0 -9999.0 -9999.0 nan nan nan nan nan nan nan nan nan nan nan nan nan -9999.0
nan nan nan nan nan nan nan nan nan nan nan nan nan nan nan nan nan nan nan nan nan nan nan nan nan nan nan nan nan nan 30.2 30.8 31.3 31.9 30.7 nan nan 31.6 31.9 32.6 nan 27.6 30.0 31.7 31.6 31.3 31.1 31.0 31.0 31.1 31.2 31.2 31.5 31.9 32.3 32.7 33.0 33.0 -9999.0 -9999.0 -9999.0 -9999.0 -9999.0 -9999.0 -9999.0 -9999.0 -9999.0 -9999.0 -9999.0 -9999.0 -9999.0 -9999.0 -9999.0 -9999.0 -9999.0 -9999.0 -9999.0 nan nan nan nan nan nan nan nan nan nan nan nan -9999.0
nan nan nan nan nan nan nan nan nan nan nan nan nan nan nan nan nan nan nan nan nan nan nan nan nan nan nan nan nan nan 27.7 30.8 31.4 31.9 28.5 nan 19.2 25.5 28.5 16.8 25.3 21.5 25.6 31.1 31.8 31.5 31.3 31.1 31.2 31.2 31.2 31.3 31.6 32.0 32.5 32.9 33.1 33.3 -9999.0 -9999.0 -9999.0 -9999.0 -9999.0 -9999.0 -9999.0 -9999.0 -9999.0 -9999.0 -9999.0 -9999.0 -9999.0 -9999.0 -9999.0 -9999.0 -9999.0 -9999.0 -9999.0 -9999.0 nan nan nan nan nan nan nan nan nan nan nan -9999.0
nan nan nan nan nan nan nan nan nan nan nan nan nan nan nan nan nan nan nan nan nan nan nan nan nan nan nan nan nan nan 28.1 30.2 31.3 31.7 30.7 19.2 nan 28.3 23.2 16.4 21.4 nan 31.5 32.2 32.0 31.6 31.3 31.2 31.2 31.2 31.3 31.4 31.7 32.2 32.7 33.1 32.9 28.4 -9999.0 -9999.0 -9999.0 -9999.0 -9999.0 -9999.0 -9999.0 -9999.0 -9999.0 -9999.0 -9999.0 -9999.0 -9999.0 -9999.0 -9999.0 -9999.0 -9999.0 -9999.0 -9999.0 -9999.0 -9999.0 -9999.0 nan nan nan nan nan nan nan nan nan -9999.0
nan nan nan nan nan nan nan nan nan nan nan nan nan nan nan nan nan nan nan nan nan nan nan nan nan nan nan nan nan nan nan 30.7 31.1 31.5 31.9 nan nan 22.1 22.2 19.6 nan nan 32.2 32.3 32.0 31.7 31.4 31.2 31.2 31.3 31.3 31.5 31.8 32.3 33.0 33.5 33.4 31.5 -9999.0 -9999.0 -9999.0 -9999.0 -9999.0 -9999.0 -9999.0 -9999.0 -9999.0 -9999.0 -9999.0 nan nan nan -9999.0 -9999.0 -9999.0 -9999.0 -9999.0 -9999.0 -9999.0 -9999.0 -9999.0 -9999.0 -9999.0 -9999.0 -9999.0 nan nan nan -9999.0 -9999.0
nan nan nan nan nan nan nan nan nan nan nan nan nan nan nan nan nan nan nan nan nan nan nan nan nan nan nan nan nan nan nan 30.0 30.9 31.4 32.0 nan 17.5 19.4 28.5 17.7 nan nan 32.2 32.3 32.0 31.7 31.4 31.2 31.2 31.3 31.4 31.6 32.0 32.5 33.4 34.1 34.2 32.1 -9999.0 -9999.0 -9999.0 -9999.0 -9999.0 -9999.0 -9999.0 -9999.0 -9999.0 -9999.0 -9999.0 nan nan nan nan nan -9999.0 -9999.0 -9999.0 -9999.0 -9999.0 -9999.0 -9999.0 -9999.0 -9999.0 -9999.0 -9999.0 -9999.0 -9999.0 -9999.0 -9999.0 -9999.0
nan nan nan nan nan nan nan nan nan nan nan nan nan nan nan nan nan nan nan nan nan nan nan nan nan nan nan nan nan nan nan 19.0 30.7 31.3 31.6 31.7 30.4 23.5 18.1 14.7 18.3 nan 32.2 32.2 32.0 31.8 31.5 31.3 31.3 31.3 31.5 31.7 32.1 32.8 33.7 34.4 34.7 33.0 -9999.0 -9999.0 -9999.0 -9999.0 -9999.0 -9999.0 -9999.0 -9999.0 -9999.0 -9999.0 -9999.0 -9999.0 -9999.0 -9999.0 -9999.0 -9999.0 -9999.0 -9999.0 -9999.0 -9999.0 -9999.0 -9999.0 -9999.0 -9999.0 -9999.0 -9999.0 -9999.0 -9999.0 -9999.0 -9999.0 -9999.0 -9999.0
nan nan nan nan nan nan nan nan nan nan nan nan nan nan nan nan nan nan nan nan nan nan nan nan nan nan nan nan nan nan nan 19.0 30.6 31.2 32.0 32.2 32.4 nan 20.4 23.0 14.6 nan 32.0 32.2 32.1 31.9 31.6 31.4 31.4 31.4 31.6 31.8 32.2 33.0 33.9 34.6 35.2 33.4 -9999.0 -9999.0 -9999.0 -9999.0 -9999.0 -9999.0 -9999.0 -9999.0 -9999.0 -9999.0 -9999.0 -9999.0 -9999.0 -9999.0 -9999.0 -9999.0 -9999.0 -9999.0 -9999.0 -9999.0 -9999.0 -9999.0 -9999.0 -9999.0 -9999.0 -9999.0 -9999.0 -9999.0 -9999.0 -9999.0 -9999.0 -9999.0
nan nan nan nan nan nan nan nan nan nan nan nan nan nan nan nan nan nan nan nan nan nan nan nan nan nan nan nan nan nan nan 19.0 27.7 30.7 31.8 32.3 32.4 nan nan 20.8 17.7 nan nan 32.3 32.1 31.9 31.6 31.5 31.5 31.5 31.7 31.9 32.3 33.0 34.0 34.9 35.5 30.9 -9999.0 -9999.0 -9999.0 -9999.0 -9999.0 -9999.0 -9999.0 -9999.0 -9999.0 -9999.0 -9999.0 -9999.0 -9999.0 -9999.0 -9999.0 -9999.0 -9999.0 -9999.0 -9999.0 -9999.0 -9999.0 -9999.0 -9999.0 -9999.0 -9999.0 -9999.0 -9999.0 -9999.0 -9999.0 -9999.0 -9999.0 -9999.0
nan nan nan nan nan nan nan nan nan nan nan nan nan nan nan nan nan nan nan nan nan nan nan nan nan nan nan nan nan nan nan nan 18.1 31.3 31.8 32.3 nan nan nan 22.7 16.8 20.2 nan nan 31.9 31.8 31.6 31.5 31.5 31.6 31.8 32.0 32.4 33.2 34.2 35.2 35.8 35.0 -9999.0 -9999.0 -9999.0 -9999.0 -9999.0 -9999.0 -9999.0 -9999.0 -9999.0 -9999.0 -9999.0 -9999.0 -9999.0 -9999.0 -9999.0 -9999.0 -9999.0 -9999.0 -9999.0 -9999.0 -9999.0 -9999.0 -9999.0 -9999.0 nan nan nan -9999.0 -9999.0 -9999.0 -9999.0 -9999.0
nan nan nan nan nan nan nan nan nan nan nan nan nan nan nan nan nan nan nan nan nan nan nan nan nan nan nan nan nan nan nan nan 30.9 31.3 31.7 32.3 nan nan nan nan 19.2 19.5 30.9 nan 31.4 31.9 31.9 31.6 31.6 31.7 31.9 32.1 32.5 33.3 34.3 35.3 36.1 35.7 -9999.0 -9999.0 -9999.0 -9999.0 -9999.0 -9999.0 -9999.0 -9999.0 -9999.0 -9999.0 -9999.0 -9999.0 -9999.0 -9999.0 -9999.0 -9999.0 -9999.0 -9999.0 -9999.0 -9999.0 -9999.0 -9999.0 nan nan nan nan nan nan nan nan -9999.0 -9999.0
nan nan nan nan nan nan nan nan nan nan nan nan nan nan nan nan nan nan nan nan nan nan nan nan nan nan nan nan nan nan nan nan nan 31.3 31.9 32.6 nan nan nan nan 24.4 22.2 27.2 21.5 nan 32.2 32.1 31.8 31.8 31.9 32.0 32.2 32.6 33.3 34.3 35.5 36.3 37.1 -9999.0 -9999.0 -9999.0 -9999.0 -9999.0 -9999.0 -9999.0 -9999.0 -9999.0 -9999.0 -9999.0 nan nan nan nan nan nan nan nan nan nan nan nan nan nan nan nan nan nan nan nan nan
nan nan nan nan nan nan nan nan nan nan nan nan nan nan nan nan nan nan nan nan nan nan nan nan nan nan nan nan nan nan nan nan nan 31.4 32.0 32.7 32.8 nan nan nan 30.8 22.7 25.3 31.1 nan nan 31.7 31.6 31.5 31.6 31.7 32.1 32.5 33.3 34.3 35.3 36.4 37.0 -9999.0 -9999.0 -9999.0 -9999.0 -9999.0 -9999.0 -9999.0 -9999.0 -9999.0 -9999.0 nan nan nan nan nan nan nan nan nan nan nan nan nan nan nan nan nan nan nan nan nan nan
