data/output/RUN203/ECOSPACE/ECOSPACE_in_PAR3/PAR-VarZ-VarK/PAR-VarZ-VarK_2010_04.asc
ncols        93
nrows        151 
xllcorner    -123.80739
yllcorner    48.29471 
cellsize     0.013497347 
NODATA_value  0.0
[rows 80 to 119 of 151, columns 0 to 89 of 93]
nan nan nan nan nan nan nan nan nan nan nan nan nan nan nan nan nan nan nan nan nan nan nan 33.8 33.3 34.3 34.7 35.7 35.5 35.0 34.5 34.0 33.5 32.9 31.9 30.8 29.9 29.4 28.9 28.3 27.9 27.5 27.1 26.9 26.6 26.3 25.9 25.3 24.9 24.3 23.4 22.4 21.5 20.8 nan nan nan nan nan nan nan nan nan nan nan nan 16.1 16.5 16.7 16.8 nan 16.3 16.3 16.4 16.4 16.5 16.4 16.2 16.1 16.3 16.8 16.9 16.8 nan nan nan nan nan nan nan
nan nan nan nan nan nan nan nan nan nan nan nan nan nan nan nan nan nan nan nan nan nan nan nan nan nan 35.8 35.8 36.0 35.3 35.0 34.3 33.4 33.0 32.1 31.0 30.3 29.7 29.1 28.6 28.1 27.7 27.3 26.8 26.6 26.4 26.1 25.6 25.2 24.6 23.9 22.9 22.0 21.1 20.2 nan nan nan nan nan nan nan nan nan nan nan 16.6 16.7 nan nan nan nan nan 16.5 16.6 16.7 nan 16.3 16.5 16.9 17.3 17.6 nan nan nan nan nan nan nan nan
nan nan nan nan nan nan nan nan nan nan nan nan nan nan nan nan nan nan nan nan nan nan nan nan nan nan nan 36.3 35.7 35.7 35.3 34.5 33.6 32.6 31.8 31.2 30.5 29.9 29.2 28.7 28.1 27.7 27.3 26.9 26.6 26.4 26.1 25.8 25.4 24.9 24.3 23.6 22.6 21.6 20.7 20.0 nan nan nan nan nan nan nan nan nan 16.7 17.2 nan nan nan nan nan nan 16.5 16.7 16.7 nan 16.6 17.1 17.5 17.7 nan nan nan nan nan nan nan nan nan
nan nan nan nan nan nan nan nan nan nan nan nan nan nan nan nan nan nan nan nan nan nan nan nan nan nan nan nan 35.5 34.9 35.4 34.6 33.8 33.0 32.1 31.3 30.4 29.6 29.2 28.8 28.2 27.8 27.4 27.1 26.9 26.6 26.5 26.2 25.9 25.5 25.0 24.3 23.4 22.5 21.5 20.6 20.1 nan nan nan nan nan nan nan nan 16.8 17.3 nan nan nan nan nan nan 16.6 16.7 16.9 17.4 17.9 17.8 17.6 nan nan nan nan nan nan nan nan nan nan
nan nan nan nan nan nan nan nan nan nan nan nan nan nan nan nan nan nan nan nan nan nan nan nan nan nan nan nan nan 13.3 36.4 35.3 34.3 33.3 32.2 31.5 30.8 30.0 29.4 28.9 28.2 27.9 27.7 27.5 27.3 27.2 27.1 26.9 26.8 26.4 26.0 25.4 24.5 23.5 22.4 21.5 20.7 20.1 nan nan nan nan nan nan 16.9 17.1 17.3 nan 17.6 17.6 17.7 nan nan 16.6 16.9 17.3 17.8 18.6 nan nan nan nan nan nan nan nan nan nan nan nan
nan nan nan nan nan nan nan nan nan nan nan nan nan nan nan nan nan nan nan nan nan nan nan nan nan nan nan nan nan nan 14.2 36.0 34.8 33.9 32.7 31.7 31.1 30.5 29.8 29.2 28.6 28.2 28.1 28.0 28.0 28.0 27.9 27.8 27.5 27.3 26.8 26.3 25.6 24.7 23.5 22.5 21.6 20.7 nan nan nan nan nan 17.1 17.3 17.5 17.6 17.7 17.7 17.6 17.6 10.0 nan 16.8 17.2 17.6 18.1 18.5 nan nan nan nan nan nan nan nan nan nan nan nan
nan nan nan nan nan nan nan nan nan nan nan nan nan nan nan nan nan nan nan nan nan nan nan nan nan nan nan nan nan nan nan 34.6 34.5 34.3 33.4 32.3 31.1 30.4 30.0 29.5 29.0 28.7 28.6 28.6 28.6 28.6 28.4 28.5 28.4 28.1 27.9 27.5 26.8 25.7 24.5 23.4 22.4 21.4 20.4 nan nan 17.8 18.2 18.1 17.9 18.1 18.2 18.2 18.0 17.9 17.8 nan nan 17.2 17.5 18.0 18.4 18.5 nan nan nan nan nan nan nan nan nan nan nan nan
nan nan nan nan nan nan nan nan nan nan nan nan nan nan nan nan nan nan nan nan nan nan nan nan nan nan nan nan nan nan nan nan 35.2 34.7 33.6 32.6 31.6 30.7 30.1 29.8 29.3 29.0 28.9 29.0 29.1 29.0 28.7 28.6 28.4 28.4 28.6 28.3 27.6 26.7 25.6 24.4 23.3 22.2 21.3 20.0 19.5 19.3 19.2 nan 18.6 18.9 19.1 19.1 19.0 18.8 18.5 18.0 18.0 18.0 18.0 18.2 18.5 nan nan nan nan nan nan nan nan nan nan nan nan nan
nan nan nan nan nan nan nan nan nan nan nan nan nan nan nan nan nan nan nan nan nan nan nan nan nan nan nan nan nan nan 36.1 36.0 35.0 34.7 33.6 32.7 31.7 31.0 30.3 29.9 29.6 29.3 29.2 29.3 29.5 29.6 29.3 29.2 29.2 29.0 29.1 28.9 28.3 27.6 26.5 25.3 24.3 23.2 22.3 21.5 20.9 20.4 20.1 20.2 20.0 20.1 20.4 20.4 20.1 20.0 19.3 18.7 18.6 18.4 18.4 18.7 18.6 nan nan nan nan nan nan nan nan nan nan nan nan nan
nan nan nan nan nan nan nan nan nan nan nan nan nan nan nan nan nan nan nan nan nan nan nan nan nan nan nan nan nan nan nan nan 34.8 34.5 33.5 33.0 32.2 31.4 30.7 30.3 29.9 29.6 29.5 29.6 29.8 30.0 29.8 29.8 29.5 29.3 29.1 29.2 28.9 28.3 27.6 26.7 25.7 24.6 23.7 23.0 22.2 21.5 21.4 21.2 20.8 20.7 21.0 nan nan nan 19.5 19.2 19.0 18.7 18.7 18.8 nan nan nan nan nan nan nan nan nan nan nan nan nan nan
nan nan nan nan nan nan nan nan nan nan nan nan nan nan nan nan nan nan nan nan nan nan nan nan nan nan nan nan nan nan 13.6 12.6 34.5 34.4 33.7 33.3 32.6 32.0 31.4 30.8 30.5 30.0 29.9 29.9 30.0 30.0 30.1 29.9 29.7 29.4 29.4 29.4 29.2 28.9 28.4 27.7 26.8 25.9 25.0 24.1 23.3 22.8 22.1 21.8 nan nan nan nan nan nan nan 19.6 19.2 19.0 18.9 18.8 nan nan nan nan nan nan nan nan nan nan nan nan nan nan
nan nan nan nan nan nan nan nan nan nan nan nan nan nan nan nan nan nan nan nan nan nan nan nan nan nan nan nan nan nan 14.4 33.7 34.4 34.7 34.1 16.1 33.3 32.9 31.9 31.7 31.1 30.7 30.4 30.3 30.3 30.4 30.2 30.2 29.9 29.5 29.4 29.5 29.4 29.1 28.8 28.3 27.7 26.8 25.9 25.0 24.1 23.4 22.5 nan nan nan nan nan nan 18.7 19.0 19.3 19.1 19.0 19.0 nan nan nan nan nan nan nan nan nan nan nan nan nan nan nan
nan nan nan nan nan nan nan nan nan nan nan nan nan nan nan nan nan nan nan nan nan nan nan nan nan nan nan nan nan nan 13.6 32.4 34.2 34.8 nan nan nan 32.8 32.7 32.4 31.9 31.3 30.9 30.7 30.4 30.4 30.3 30.0 29.5 29.2 29.1 29.0 29.1 29.3 29.1 28.7 28.2 27.5 26.6 25.6 24.6 23.7 22.8 nan nan nan nan nan 19.0 18.9 19.0 19.1 18.9 18.8 nan nan nan nan nan nan nan nan nan nan nan nan nan nan nan nan
nan nan nan nan nan nan nan nan nan nan nan nan nan nan nan nan nan nan nan nan nan nan nan nan nan nan nan nan nan nan 13.4 13.4 33.9 34.4 nan nan nan 32.2 32.2 32.9 32.7 32.1 31.4 31.0 30.5 30.5 30.3 29.9 29.8 29.3 29.0 28.7 28.8 29.0 29.0 28.8 28.5 27.9 27.1 26.2 25.1 24.1 23.0 21.5 20.8 nan 19.4 19.4 19.3 19.1 19.0 18.9 nan nan nan nan nan nan nan nan nan nan nan nan nan nan nan nan nan nan
nan nan nan nan nan nan nan nan nan nan nan nan nan nan nan nan nan nan nan nan nan nan nan nan nan nan nan nan nan nan nan nan 33.7 27.6 nan nan nan nan 32.0 32.9 33.0 32.7 31.8 31.2 30.7 30.5 30.2 29.7 29.5 29.1 28.9 28.7 28.6 28.6 28.6 28.6 28.4 28.1 27.4 26.6 25.5 24.5 23.4 22.5 21.6 20.8 20.4 19.8 19.5 19.1 18.8 nan nan nan nan nan nan nan nan nan nan nan nan nan nan nan nan nan nan nan
nan nan nan nan nan nan nan nan nan nan nan nan nan nan nan nan nan nan nan nan nan nan nan nan nan nan nan nan nan nan nan nan nan 31.6 17.5 nan nan nan 13.1 34.0 34.1 33.2 32.1 31.3 30.6 30.5 30.2 29.8 29.4 29.0 28.6 28.3 28.2 28.0 28.1 28.3 28.4 28.1 27.6 26.9 26.0 25.3 24.2 23.3 22.4 21.6 20.8 20.2 19.6 19.2 18.6 nan nan nan nan nan nan nan nan nan nan nan nan nan nan nan nan nan nan nan
nan nan nan nan nan nan nan nan nan nan nan nan nan nan nan nan nan nan nan nan nan nan nan nan nan nan nan nan nan nan nan nan nan nan 17.5 32.7 nan nan nan nan 33.9 34.0 32.7 31.7 30.8 30.5 30.0 29.6 29.3 28.9 28.4 28.2 27.9 28.0 27.8 28.0 28.1 28.0 27.6 27.0 26.2 25.4 24.4 23.6 22.8 21.9 21.0 20.3 19.6 19.1 18.6 18.2 nan nan nan nan nan nan nan nan nan nan nan nan nan nan nan nan nan nan
nan nan nan nan nan nan nan nan nan nan nan nan nan nan nan nan nan nan nan nan nan nan nan nan nan nan nan nan nan nan nan nan nan nan nan 25.3 13.8 nan nan nan nan 31.9 33.0 32.1 31.4 30.6 29.8 29.4 29.2 28.7 28.4 28.2 27.8 27.7 27.7 27.8 28.0 27.7 27.5 27.0 26.4 25.6 24.6 23.8 22.8 21.9 20.9 20.1 19.5 18.9 18.5 18.4 18.2 9.6 nan nan nan nan nan nan nan nan nan nan nan nan nan nan nan nan
nan nan nan nan nan nan nan nan nan nan nan nan nan nan nan nan nan nan nan nan nan nan nan nan nan nan nan nan nan nan nan nan nan nan 16.4 21.0 32.6 33.4 nan 13.9 nan 32.3 32.5 32.0 31.6 30.9 30.1 29.6 29.1 28.7 28.4 28.2 27.8 27.6 27.6 27.5 27.6 27.6 27.4 27.0 26.5 25.8 24.7 23.7 22.4 21.6 20.7 20.1 19.4 18.8 18.4 18.3 18.1 18.0 nan nan nan nan nan nan nan nan nan nan nan nan nan nan nan nan
nan nan nan nan nan nan nan nan nan nan nan nan nan nan nan nan nan nan nan nan nan nan nan nan nan nan nan nan nan nan nan nan nan nan 32.9 32.2 32.4 30.3 18.2 31.7 33.2 27.8 31.5 33.0 32.1 31.5 30.3 29.7 29.1 28.6 28.4 28.1 27.9 27.7 27.6 27.6 27.6 27.5 27.2 26.9 26.5 25.7 24.7 23.6 22.4 21.3 20.0 19.4 18.7 18.8 18.3 18.2 18.1 18.1 18.3 nan nan nan nan nan nan nan nan nan nan nan nan nan nan nan
nan nan nan nan nan nan nan nan nan nan nan nan nan nan nan nan nan nan nan nan nan nan nan nan nan nan nan nan nan nan nan nan nan nan 33.4 33.4 32.5 33.3 30.6 nan 35.3 30.5 33.2 32.4 32.0 31.2 30.0 29.6 29.0 28.6 28.4 28.1 27.9 27.7 27.6 27.6 27.5 27.4 27.1 26.8 26.3 25.5 -9999.0 -9999.0 -9999.0 -9999.0 -9999.0 -9999.0 -9999.0 10.1 18.4 18.2 18.3 18.1 18.1 nan nan nan nan nan nan nan nan nan nan nan nan nan nan -9999.0
nan nan nan nan nan nan nan nan nan nan nan nan nan nan nan nan nan nan nan nan nan nan nan nan nan nan nan nan nan nan nan nan nan nan 33.4 33.3 32.8 33.0 32.3 nan nan 33.8 33.8 33.2 32.1 30.9 29.8 29.2 28.8 28.6 28.2 28.0 27.9 27.8 27.8 27.7 27.5 27.4 27.1 26.6 25.9 -9999.0 -9999.0 -9999.0 -9999.0 -9999.0 -9999.0 -9999.0 -9999.0 nan 11.5 17.9 18.0 17.4 nan nan nan nan nan nan nan nan nan nan nan nan nan nan nan -9999.0
nan nan nan nan nan nan nan nan nan nan nan nan nan nan nan nan nan nan nan nan nan nan nan nan nan nan nan nan nan nan nan nan nan nan 33.3 33.0 32.6 32.8 31.7 nan 29.5 29.6 33.4 32.9 31.9 30.6 29.4 29.0 28.8 28.6 28.4 28.2 28.0 27.9 27.8 27.7 27.6 27.5 27.1 26.6 25.7 -9999.0 -9999.0 -9999.0 -9999.0 -9999.0 -9999.0 -9999.0 -9999.0 -9999.0 -9999.0 nan 9.9 9.9 nan nan nan nan nan nan nan nan nan nan nan nan nan nan nan -9999.0
nan nan nan nan nan nan nan nan nan nan nan nan nan nan nan nan nan nan nan nan nan nan nan nan nan nan nan nan nan nan nan nan nan nan 32.5 32.9 32.4 29.4 29.4 20.7 31.7 25.7 32.3 32.6 31.6 30.2 29.2 28.9 28.8 28.6 28.4 28.2 28.1 28.1 28.0 27.9 27.9 27.7 27.3 26.6 -9999.0 -9999.0 -9999.0 -9999.0 -9999.0 -9999.0 -9999.0 -9999.0 -9999.0 -9999.0 -9999.0 nan nan nan nan nan nan nan nan nan nan nan nan nan nan nan nan nan nan -9999.0
nan nan nan nan nan nan nan nan nan nan nan nan nan nan nan nan nan nan nan nan nan nan nan nan nan nan nan nan nan nan nan nan 29.0 30.3 30.4 32.4 32.5 32.3 30.1 28.9 nan 32.5 33.0 32.2 30.8 29.7 29.2 29.1 28.9 28.6 28.2 28.1 28.1 28.3 28.2 28.2 28.2 28.1 27.5 -9999.0 -9999.0 -9999.0 -9999.0 -9999.0 -9999.0 -9999.0 -9999.0 -9999.0 -9999.0 -9999.0 -9999.0 -9999.0 nan nan nan nan nan nan nan nan nan nan nan nan nan nan nan nan nan -9999.0
nan nan nan nan nan nan nan nan nan nan nan nan nan nan nan nan nan nan nan nan nan nan nan nan nan nan nan nan nan 13.6 nan nan 32.0 31.8 32.1 31.9 32.8 32.8 32.5 nan nan 33.3 33.1 31.9 30.6 29.8 29.2 29.1 28.9 28.5 28.1 27.9 28.2 28.4 28.4 28.5 28.6 28.5 27.8 -9999.0 -9999.0 -9999.0 -9999.0 -9999.0 -9999.0 -9999.0 -9999.0 -9999.0 -9999.0 -9999.0 -9999.0 -9999.0 -9999.0 -9999.0 nan nan nan nan nan nan nan nan nan nan nan nan nan nan nan -9999.0
nan nan nan nan nan nan nan nan nan nan nan nan nan nan nan nan nan nan nan nan nan nan nan nan nan nan nan nan nan 12.6 12.6 nan 34.0 33.2 30.0 31.4 31.0 32.8 32.8 32.6 nan 33.1 33.4 32.2 30.8 29.5 29.0 29.0 28.8 28.5 28.0 27.7 28.0 28.3 28.6 28.9 29.1 28.7 -9999.0 -9999.0 -9999.0 -9999.0 -9999.0 -9999.0 -9999.0 -9999.0 -9999.0 -9999.0 -9999.0 -9999.0 -9999.0 -9999.0 -9999.0 -9999.0 -9999.0 nan nan nan nan nan nan nan nan nan nan nan nan nan nan -9999.0
nan nan nan nan nan nan nan nan nan nan nan nan nan nan nan nan nan nan nan nan nan nan nan nan nan nan nan nan nan 13.3 34.3 34.4 33.8 33.8 33.6 nan 12.6 32.7 33.1 33.4 nan 31.1 33.0 32.0 31.0 29.7 28.7 28.5 28.4 28.2 27.7 27.6 27.7 28.4 28.9 29.1 29.2 28.8 -9999.0 -9999.0 -9999.0 -9999.0 -9999.0 -9999.0 -9999.0 -9999.0 -9999.0 -9999.0 -9999.0 -9999.0 -9999.0 -9999.0 -9999.0 -9999.0 -9999.0 -9999.0 nan nan nan nan nan nan nan nan nan nan nan nan nan -9999.0
nan nan nan nan nan nan nan nan nan nan nan nan nan nan nan nan nan nan nan nan nan nan nan nan nan nan nan nan nan nan 33.3 34.4 34.4 34.3 30.1 nan nan 31.2 32.2 30.7 nan 27.4 28.9 31.8 30.9 29.5 28.6 28.2 28.0 27.7 27.3 27.4 27.8 28.5 29.0 29.1 29.1 28.5 -9999.0 -9999.0 -9999.0 -9999.0 -9999.0 -9999.0 -9999.0 -9999.0 -9999.0 -9999.0 -9999.0 -9999.0 -9999.0 -9999.0 -9999.0 -9999.0 -9999.0 -9999.0 -9999.0 nan nan nan nan nan nan nan nan nan nan nan nan -9999.0
nan nan nan nan nan nan nan nan nan nan nan nan nan nan nan nan nan nan nan nan nan nan nan nan nan nan nan nan nan nan 32.1 34.5 34.8 34.7 31.6 nan 13.7 25.7 28.9 17.1 25.8 22.8 24.8 29.9 30.4 29.4 28.5 28.0 27.6 27.2 27.1 27.4 28.1 28.8 29.2 29.1 28.8 27.7 -9999.0 -9999.0 -9999.0 -9999.0 -9999.0 -9999.0 -9999.0 -9999.0 -9999.0 -9999.0 -9999.0 -9999.0 -9999.0 -9999.0 -9999.0 -9999.0 -9999.0 -9999.0 -9999.0 -9999.0 nan nan nan nan nan nan nan nan nan nan nan -9999.0
nan nan nan nan nan nan nan nan nan nan nan nan nan nan nan nan nan nan nan nan nan nan nan nan nan nan nan nan nan nan 32.7 33.9 34.9 34.8 30.4 13.7 nan 31.0 21.0 14.9 22.5 nan 30.2 31.2 30.4 29.1 28.4 28.0 27.5 27.1 27.1 27.5 28.3 29.1 29.2 28.9 26.5 20.9 -9999.0 -9999.0 -9999.0 -9999.0 -9999.0 -9999.0 -9999.0 -9999.0 -9999.0 -9999.0 -9999.0 -9999.0 -9999.0 -9999.0 -9999.0 -9999.0 -9999.0 -9999.0 -9999.0 -9999.0 -9999.0 -9999.0 nan nan nan nan nan nan nan nan nan -9999.0
nan nan nan nan nan nan nan nan nan nan nan nan nan nan nan nan nan nan nan nan nan nan nan nan nan nan nan nan nan nan nan 34.1 34.8 34.6 34.0 nan nan 23.2 20.9 15.6 nan nan 32.1 31.4 30.3 29.2 28.6 28.0 27.5 27.0 27.3 27.7 28.4 29.2 29.6 29.6 28.9 24.7 -9999.0 -9999.0 -9999.0 -9999.0 -9999.0 -9999.0 -9999.0 -9999.0 -9999.0 -9999.0 -9999.0 nan nan nan -9999.0 -9999.0 -9999.0 -9999.0 -9999.0 -9999.0 -9999.0 -9999.0 -9999.0 -9999.0 -9999.0 -9999.0 -9999.0 nan nan nan -9999.0 -9999.0
nan nan nan nan nan nan nan nan nan nan nan nan nan nan nan nan nan nan nan nan nan nan nan nan nan nan nan nan nan nan nan 31.2 33.8 34.5 34.8 nan 13.8 19.4 29.5 15.3 nan nan 31.9 31.2 30.3 29.6 28.8 28.0 27.6 27.4 27.5 28.0 28.6 29.4 29.8 30.5 30.7 26.1 -9999.0 -9999.0 -9999.0 -9999.0 -9999.0 -9999.0 -9999.0 -9999.0 -9999.0 -9999.0 -9999.0 nan nan nan nan nan -9999.0 -9999.0 -9999.0 -9999.0 -9999.0 -9999.0 -9999.0 -9999.0 -9999.0 -9999.0 -9999.0 -9999.0 -9999.0 -9999.0 -9999.0 -9999.0
nan nan nan nan nan nan nan nan nan nan nan nan nan nan nan nan nan nan nan nan nan nan nan nan nan nan nan nan nan nan nan 13.3 33.4 34.4 33.8 31.6 29.0 22.6 18.5 14.6 16.3 nan 31.4 31.4 30.6 29.5 28.9 28.2 27.7 27.5 27.6 28.1 28.9 29.7 30.1 30.8 30.9 23.2 -9999.0 -9999.0 -9999.0 -9999.0 -9999.0 -9999.0 -9999.0 -9999.0 -9999.0 -9999.0 -9999.0 -9999.0 -9999.0 -9999.0 -9999.0 -9999.0 -9999.0 -9999.0 -9999.0 -9999.0 -9999.0 -9999.0 -9999.0 -9999.0 -9999.0 -9999.0 -9999.0 -9999.0 -9999.0 -9999.0 -9999.0 -9999.0
nan nan nan nan nan nan nan nan nan nan nan nan nan nan nan nan nan nan nan nan nan nan nan nan nan nan nan nan nan nan nan 13.3 29.9 34.4 35.0 35.1 34.9 nan 22.1 24.5 13.6 nan 32.0 31.6 31.1 29.5 28.8 28.1 27.8 27.6 27.7 28.2 28.9 29.8 30.4 30.9 30.3 24.4 -9999.0 -9999.0 -9999.0 -9999.0 -9999.0 -9999.0 -9999.0 -9999.0 -9999.0 -9999.0 -9999.0 -9999.0 -9999.0 -9999.0 -9999.0 -9999.0 -9999.0 -9999.0 -9999.0 -9999.0 -9999.0 -9999.0 -9999.0 -9999.0 -9999.0 -9999.0 -9999.0 -9999.0 -9999.0 -9999.0 -9999.0 -9999.0
nan nan nan nan nan nan nan nan nan nan nan nan nan nan nan nan nan nan nan nan nan nan nan nan nan nan nan nan nan nan nan 13.3 29.0 31.9 34.7 35.0 34.7 nan nan 21.6 14.9 nan nan 31.3 32.0 30.3 29.1 28.1 27.7 27.6 27.9 28.5 29.1 29.8 30.5 31.1 30.5 21.8 -9999.0 -9999.0 -9999.0 -9999.0 -9999.0 -9999.0 -9999.0 -9999.0 -9999.0 -9999.0 -9999.0 -9999.0 -9999.0 -9999.0 -9999.0 -9999.0 -9999.0 -9999.0 -9999.0 -9999.0 -9999.0 -9999.0 -9999.0 -9999.0 -9999.0 -9999.0 -9999.0 -9999.0 -9999.0 -9999.0 -9999.0 -9999.0
nan nan nan nan nan nan nan nan nan nan nan nan nan nan nan nan nan nan nan nan nan nan nan nan nan nan nan nan nan nan nan nan 13.1 33.8 34.5 34.7 nan nan nan 21.5 14.7 13.1 nan nan 29.9 30.7 30.4 29.0 28.2 27.8 28.2 28.7 29.1 29.8 30.5 31.1 31.6 26.3 -9999.0 -9999.0 -9999.0 -9999.0 -9999.0 -9999.0 -9999.0 -9999.0 -9999.0 -9999.0 -9999.0 -9999.0 -9999.0 -9999.0 -9999.0 -9999.0 -9999.0 -9999.0 -9999.0 -9999.0 -9999.0 -9999.0 -9999.0 -9999.0 nan nan nan -9999.0 -9999.0 -9999.0 -9999.0 -9999.0
nan nan nan nan nan nan nan nan nan nan nan nan nan nan nan nan nan nan nan nan nan nan nan nan nan nan nan nan nan nan nan nan 31.9 33.2 34.0 34.5 nan nan nan nan 16.9 13.1 24.0 nan 30.0 29.6 30.8 29.6 28.6 28.3 28.7 29.0 29.3 29.9 30.5 31.2 31.7 29.2 -9999.0 -9999.0 -9999.0 -9999.0 -9999.0 -9999.0 -9999.0 -9999.0 -9999.0 -9999.0 -9999.0 -9999.0 -9999.0 -9999.0 -9999.0 -9999.0 -9999.0 -9999.0 -9999.0 -9999.0 -9999.0 -9999.0 nan nan nan nan nan nan nan nan -9999.0 -9999.0
nan nan nan nan nan nan nan nan nan nan nan nan nan nan nan nan nan nan nan nan nan nan nan nan nan nan nan nan nan nan nan nan nan 33.5 34.3 34.6 nan nan nan nan 22.6 14.6 17.3 17.7 nan 30.1 30.8 29.9 29.1 28.8 29.0 29.1 29.6 30.1 30.8 31.5 31.5 29.6 -9999.0 -9999.0 -9999.0 -9999.0 -9999.0 -9999.0 -9999.0 -9999.0 -9999.0 -9999.0 -9999.0 nan nan nan nan nan nan nan nan nan nan nan nan nan nan nan nan nan nan nan nan nan
nan nan nan nan nan nan nan nan nan nan nan nan nan nan nan nan nan nan nan nan nan nan nan nan nan nan nan nan nan nan nan nan nan 33.8 34.5 34.9 34.7 nan nan nan 31.9 17.1 15.8 29.6 nan nan 29.4 30.6 30.4 29.4 29.4 29.2 30.0 30.4 31.1 31.8 32.7 32.2 -9999.0 -9999.0 -9999.0 -9999.0 -9999.0 -9999.0 -9999.0 -9999.0 -9999.0 -9999.0 nan nan nan nan nan nan nan nan nan nan nan nan nan nan nan nan nan nan nan nan nan nan
