data/output/RUN203/ECOSPACE/ECOSPACE_in_PAR3/PAR-VarZ-VarK/PAR-VarZ-VarK_2002_07.asc
ncols        93
nrows        151 
xllcorner    -123.80739
yllcorner    48.29471 
cellsize     0.013497347 
NODATA_value  0.0
[rows 80 to 119 of 151, columns 0 to 89 of 93]
nan nan nan nan nan nan nan nan nan nan nan nan nan nan nan nan nan nan nan nan nan nan nan 24.8 24.7 24.3 25.3 25.0 24.6 24.2 23.8 23.4 23.0 22.6 22.3 22.1 22.0 21.9 21.9 21.9 21.9 21.8 21.7 21.5 21.4 21.2 21.0 20.8 20.4 19.9 19.4 18.8 18.3 17.9 nan nan nan nan nan nan nan nan nan nan nan nan 15.1 15.2 15.2 15.2 nan 15.0 15.0 15.0 15.0 15.0 15.0 14.8 14.8 15.0 15.3 15.4 15.3 nan nan nan nan nan nan nan
nan nan nan nan nan nan nan nan nan nan nan nan nan nan nan nan nan nan nan nan nan nan nan nan nan nan 25.3 25.1 24.9 24.5 24.1 23.7 23.3 22.9 22.5 22.2 22.0 21.9 21.8 21.8 21.8 21.7 21.6 21.5 21.3 21.2 21.0 20.8 20.5 20.1 19.7 19.1 18.6 18.1 17.4 nan nan nan nan nan nan nan nan nan nan nan 15.3 15.3 nan nan nan nan nan 15.0 15.1 15.1 nan 14.8 14.9 15.3 15.5 15.7 nan nan nan nan nan nan nan nan
nan nan nan nan nan nan nan nan nan nan nan nan nan nan nan nan nan nan nan nan nan nan nan nan nan nan nan 25.1 25.0 24.7 24.3 23.9 23.5 23.1 22.7 22.4 22.1 21.9 21.8 21.7 21.6 21.5 21.5 21.3 21.2 21.1 21.0 20.9 20.6 20.3 19.9 19.4 18.8 18.2 17.6 17.1 nan nan nan nan nan nan nan nan nan 15.3 15.5 nan nan nan nan nan nan 15.0 15.1 15.1 nan 15.0 15.2 15.5 15.7 nan nan nan nan nan nan nan nan nan
nan nan nan nan nan nan nan nan nan nan nan nan nan nan nan nan nan nan nan nan nan nan nan nan nan nan nan nan 23.2 24.5 24.6 24.2 23.8 23.4 22.9 22.5 22.2 22.0 21.8 21.7 21.6 21.4 21.3 21.2 21.1 21.0 20.9 20.8 20.7 20.4 20.0 19.5 19.0 18.5 17.9 17.4 17.0 nan nan nan nan nan nan nan nan 15.4 15.5 nan nan nan nan nan nan 15.0 15.1 15.2 15.4 15.7 15.7 15.6 nan nan nan nan nan nan nan nan nan nan
nan nan nan nan nan nan nan nan nan nan nan nan nan nan nan nan nan nan nan nan nan nan nan nan nan nan nan nan nan 15.5 24.9 24.6 24.1 23.6 23.2 22.8 22.4 22.1 21.9 21.7 21.5 21.4 21.2 21.0 20.9 20.9 20.8 20.8 20.6 20.5 20.1 19.7 19.2 18.7 18.2 17.6 17.2 16.9 nan nan nan nan nan nan 15.4 15.5 15.5 nan 15.6 15.5 15.5 nan nan 15.1 15.2 15.4 15.7 16.1 nan nan nan nan nan nan nan nan nan nan nan nan
nan nan nan nan nan nan nan nan nan nan nan nan nan nan nan nan nan nan nan nan nan nan nan nan nan nan nan nan nan nan 15.5 24.7 24.4 24.0 23.5 23.1 22.6 22.3 22.0 21.7 21.5 21.3 21.1 20.9 20.8 20.7 20.7 20.6 20.5 20.4 20.1 19.8 19.4 18.9 18.4 17.9 17.5 17.1 nan nan nan nan nan 15.5 15.5 15.5 15.6 15.6 15.6 15.5 15.5 11.3 nan 15.1 15.4 15.6 15.9 16.0 nan nan nan nan nan nan nan nan nan nan nan nan
nan nan nan nan nan nan nan nan nan nan nan nan nan nan nan nan nan nan nan nan nan nan nan nan nan nan nan nan nan nan nan 22.7 24.6 24.4 24.0 23.4 23.0 22.5 22.1 21.8 21.5 21.3 21.1 20.9 20.7 20.6 20.5 20.5 20.4 20.3 20.2 19.9 19.5 19.0 18.6 18.1 17.7 17.3 16.8 nan nan 15.7 15.8 15.7 15.6 15.7 15.7 15.7 15.6 15.6 15.5 nan nan 15.3 15.5 15.7 16.0 16.0 nan nan nan nan nan nan nan nan nan nan nan nan
nan nan nan nan nan nan nan nan nan nan nan nan nan nan nan nan nan nan nan nan nan nan nan nan nan nan nan nan nan nan nan nan 25.0 24.7 24.3 23.8 23.2 22.7 22.3 21.9 21.5 21.3 21.0 20.8 20.7 20.5 20.5 20.4 20.3 20.3 20.2 19.9 19.6 19.2 18.8 18.3 17.9 17.5 17.0 16.5 16.3 16.2 16.1 nan 15.8 15.9 15.9 15.9 15.9 15.8 15.7 15.6 15.6 15.6 15.7 15.8 16.0 nan nan nan nan nan nan nan nan nan nan nan nan nan
nan nan nan nan nan nan nan nan nan nan nan nan nan nan nan nan nan nan nan nan nan nan nan nan nan nan nan nan nan nan 24.1 24.5 25.0 24.8 24.5 24.1 23.6 23.0 22.5 22.0 21.6 21.3 21.0 20.8 20.6 20.5 20.4 20.4 20.3 20.3 20.2 20.0 19.7 19.4 19.0 18.6 18.1 17.7 17.3 16.9 16.6 16.4 16.3 16.3 16.2 16.2 16.3 16.3 16.2 16.2 16.0 15.8 15.7 15.7 15.8 16.0 16.0 nan nan nan nan nan nan nan nan nan nan nan nan nan
nan nan nan nan nan nan nan nan nan nan nan nan nan nan nan nan nan nan nan nan nan nan nan nan nan nan nan nan nan nan nan nan 24.5 24.6 24.4 24.2 23.9 23.4 22.8 22.3 21.8 21.4 21.1 20.8 20.7 20.5 20.5 20.4 20.3 20.3 20.2 20.0 19.8 19.5 19.2 18.9 18.5 18.1 17.7 17.4 17.0 16.8 16.7 16.7 16.5 16.4 16.5 nan nan nan 16.0 15.9 15.9 15.8 15.9 16.0 nan nan nan nan nan nan nan nan nan nan nan nan nan nan
nan nan nan nan nan nan nan nan nan nan nan nan nan nan nan nan nan nan nan nan nan nan nan nan nan nan nan nan nan nan 19.1 16.9 24.4 24.5 24.4 24.3 24.1 23.6 23.0 22.5 22.0 21.6 21.2 20.9 20.7 20.6 20.5 20.4 20.4 20.3 20.2 20.1 19.9 19.7 19.4 19.2 18.9 18.5 18.1 17.7 17.4 17.1 17.0 16.9 nan nan nan nan nan nan nan 16.1 16.0 15.9 15.9 15.9 nan nan nan nan nan nan nan nan nan nan nan nan nan nan
nan nan nan nan nan nan nan nan nan nan nan nan nan nan nan nan nan nan nan nan nan nan nan nan nan nan nan nan nan nan 16.5 23.9 24.5 24.7 24.5 16.4 24.2 24.0 23.2 22.6 22.1 21.7 21.3 20.9 20.7 20.6 20.5 20.4 20.4 20.3 20.2 20.1 20.0 19.8 19.6 19.4 19.2 18.8 18.5 18.1 17.7 17.4 17.2 nan nan nan nan nan nan 16.0 16.1 16.1 16.0 16.0 16.0 nan nan nan nan nan nan nan nan nan nan nan nan nan nan nan
nan nan nan nan nan nan nan nan nan nan nan nan nan nan nan nan nan nan nan nan nan nan nan nan nan nan nan nan nan nan 19.1 23.6 24.7 25.0 nan nan nan 23.5 23.1 22.6 22.2 21.7 21.3 21.0 20.7 20.6 20.5 20.4 20.3 20.2 20.2 20.1 20.0 19.9 19.8 19.6 19.4 19.1 18.7 18.3 18.0 17.6 17.4 nan nan nan nan nan 16.1 16.1 16.1 16.1 16.0 15.9 nan nan nan nan nan nan nan nan nan nan nan nan nan nan nan nan
nan nan nan nan nan nan nan nan nan nan nan nan nan nan nan nan nan nan nan nan nan nan nan nan nan nan nan nan nan nan 19.1 15.7 25.2 25.4 nan nan nan 22.0 22.9 22.5 22.2 21.8 21.4 21.0 20.8 20.6 20.5 20.3 20.2 20.2 20.1 20.1 20.0 20.0 19.9 19.8 19.5 19.3 19.0 18.6 18.2 17.8 17.4 16.9 16.6 nan 16.2 16.2 16.2 16.2 16.1 16.0 nan nan nan nan nan nan nan nan nan nan nan nan nan nan nan nan nan nan
nan nan nan nan nan nan nan nan nan nan nan nan nan nan nan nan nan nan nan nan nan nan nan nan nan nan nan nan nan nan nan nan 25.3 22.3 nan nan nan nan 22.6 22.6 22.3 22.0 21.5 21.1 20.8 20.5 20.4 20.3 20.2 20.1 20.1 20.0 20.0 20.1 20.0 19.9 19.7 19.5 19.2 18.8 18.4 18.0 17.5 17.1 16.9 16.6 16.4 16.3 16.2 16.1 16.0 nan nan nan nan nan nan nan nan nan nan nan nan nan nan nan nan nan nan nan
nan nan nan nan nan nan nan nan nan nan nan nan nan nan nan nan nan nan nan nan nan nan nan nan nan nan nan nan nan nan nan nan nan 20.0 12.6 nan nan nan 16.4 22.7 22.6 22.2 21.6 21.1 20.8 20.5 20.3 20.2 20.1 20.0 20.0 20.0 20.1 20.1 20.1 20.0 19.9 19.6 19.4 19.1 18.6 18.2 17.8 17.4 17.0 16.7 16.5 16.3 16.2 16.1 15.9 nan nan nan nan nan nan nan nan nan nan nan nan nan nan nan nan nan nan nan
nan nan nan nan nan nan nan nan nan nan nan nan nan nan nan nan nan nan nan nan nan nan nan nan nan nan nan nan nan nan nan nan nan nan 14.8 21.5 nan nan nan nan 22.6 22.4 21.7 21.1 20.7 20.4 20.2 20.1 20.0 20.0 20.0 20.0 20.1 20.2 20.2 20.1 20.0 19.8 19.6 19.2 18.8 18.5 18.0 17.6 17.2 16.8 16.6 16.4 16.2 16.1 16.0 15.8 nan nan nan nan nan nan nan nan nan nan nan nan nan nan nan nan nan nan
nan nan nan nan nan nan nan nan nan nan nan nan nan nan nan nan nan nan nan nan nan nan nan nan nan nan nan nan nan nan nan nan nan nan nan 17.0 19.0 nan nan nan nan 21.8 21.7 21.1 20.7 20.4 20.2 20.0 20.0 20.0 20.0 20.0 20.1 20.2 20.2 20.2 20.1 19.9 19.7 19.4 19.0 18.6 18.1 17.7 17.3 16.9 16.6 16.4 16.3 16.1 16.0 15.9 15.8 11.5 nan nan nan nan nan nan nan nan nan nan nan nan nan nan nan nan
nan nan nan nan nan nan nan nan nan nan nan nan nan nan nan nan nan nan nan nan nan nan nan nan nan nan nan nan nan nan nan nan nan nan 16.1 19.9 22.9 22.7 nan 18.9 nan 19.9 21.6 21.0 20.6 20.3 20.1 20.0 19.9 20.0 20.0 20.0 20.1 20.2 20.3 20.2 20.1 19.9 19.7 19.4 19.0 18.6 18.1 17.7 17.3 16.9 16.6 16.5 16.3 16.1 15.9 15.9 15.8 15.7 nan nan nan nan nan nan nan nan nan nan nan nan nan nan nan nan
nan nan nan nan nan nan nan nan nan nan nan nan nan nan nan nan nan nan nan nan nan nan nan nan nan nan nan nan nan nan nan nan nan nan 22.8 23.0 23.2 23.1 18.8 20.0 21.1 19.2 21.4 20.9 20.5 20.2 20.0 20.0 19.9 20.0 20.0 20.1 20.2 20.3 20.3 20.2 20.1 19.9 19.7 19.4 19.0 18.6 18.0 17.6 17.2 16.8 16.1 16.4 16.3 16.2 15.9 15.8 15.8 15.7 15.8 nan nan nan nan nan nan nan nan nan nan nan nan nan nan nan
nan nan nan nan nan nan nan nan nan nan nan nan nan nan nan nan nan nan nan nan nan nan nan nan nan nan nan nan nan nan nan nan nan nan 22.8 23.1 23.2 23.2 23.5 nan 21.4 21.0 21.2 20.8 20.4 20.1 20.0 19.9 19.9 20.0 20.1 20.2 20.2 20.3 20.3 20.2 20.1 19.9 19.6 19.3 18.9 18.5 -9999.0 -9999.0 -9999.0 -9999.0 -9999.0 -9999.0 -9999.0 12.6 16.0 15.8 15.8 15.7 15.7 nan nan nan nan nan nan nan nan nan nan nan nan nan nan -9999.0
nan nan nan nan nan nan nan nan nan nan nan nan nan nan nan nan nan nan nan nan nan nan nan nan nan nan nan nan nan nan nan nan nan nan 22.7 22.9 23.0 22.9 22.8 nan nan 21.6 21.1 20.7 20.3 20.0 19.9 19.9 19.9 20.0 20.1 20.2 20.3 20.3 20.3 20.2 20.1 19.9 19.6 19.3 18.9 -9999.0 -9999.0 -9999.0 -9999.0 -9999.0 -9999.0 -9999.0 -9999.0 nan 15.3 15.9 15.9 15.2 nan nan nan nan nan nan nan nan nan nan nan nan nan nan nan -9999.0
nan nan nan nan nan nan nan nan nan nan nan nan nan nan nan nan nan nan nan nan nan nan nan nan nan nan nan nan nan nan nan nan nan nan 22.5 22.5 22.6 22.6 22.9 nan 18.6 21.3 21.1 20.6 20.2 20.0 19.8 19.8 19.9 20.1 20.1 20.2 20.3 20.4 20.3 20.3 20.1 19.9 19.6 19.3 18.8 -9999.0 -9999.0 -9999.0 -9999.0 -9999.0 -9999.0 -9999.0 -9999.0 -9999.0 -9999.0 nan 12.3 12.3 nan nan nan nan nan nan nan nan nan nan nan nan nan nan nan -9999.0
nan nan nan nan nan nan nan nan nan nan nan nan nan nan nan nan nan nan nan nan nan nan nan nan nan nan nan nan nan nan nan nan nan nan 22.2 22.2 22.4 22.9 21.6 15.7 20.8 18.9 21.1 20.5 20.1 19.9 19.8 19.8 19.9 20.1 20.2 20.2 20.4 20.4 20.5 20.4 20.3 20.0 19.7 19.3 -9999.0 -9999.0 -9999.0 -9999.0 -9999.0 -9999.0 -9999.0 -9999.0 -9999.0 -9999.0 -9999.0 nan nan nan nan nan nan nan nan nan nan nan nan nan nan nan nan nan nan -9999.0
nan nan nan nan nan nan nan nan nan nan nan nan nan nan nan nan nan nan nan nan nan nan nan nan nan nan nan nan nan nan nan nan 21.7 21.8 22.1 22.3 22.7 23.5 24.2 24.4 nan 21.5 20.9 20.4 20.0 19.8 19.8 19.8 19.9 20.1 20.2 20.3 20.5 20.6 20.6 20.6 20.5 20.3 20.0 -9999.0 -9999.0 -9999.0 -9999.0 -9999.0 -9999.0 -9999.0 -9999.0 -9999.0 -9999.0 -9999.0 -9999.0 -9999.0 nan nan nan nan nan nan nan nan nan nan nan nan nan nan nan nan nan -9999.0
nan nan nan nan nan nan nan nan nan nan nan nan nan nan nan nan nan nan nan nan nan nan nan nan nan nan nan nan nan 18.9 nan nan 21.8 22.0 22.1 22.4 23.1 24.0 24.7 nan nan 21.1 20.8 20.4 20.0 19.8 19.7 19.7 19.8 20.0 20.2 20.4 20.6 20.8 20.9 20.9 20.8 20.6 20.3 -9999.0 -9999.0 -9999.0 -9999.0 -9999.0 -9999.0 -9999.0 -9999.0 -9999.0 -9999.0 -9999.0 -9999.0 -9999.0 -9999.0 -9999.0 nan nan nan nan nan nan nan nan nan nan nan nan nan nan nan -9999.0
nan nan nan nan nan nan nan nan nan nan nan nan nan nan nan nan nan nan nan nan nan nan nan nan nan nan nan nan nan 14.9 14.9 nan 22.0 22.4 21.7 20.3 22.6 23.8 24.1 23.7 nan 21.0 20.8 20.5 20.1 19.8 19.6 19.6 19.8 20.0 20.2 20.4 20.6 20.9 21.1 21.2 21.2 21.0 -9999.0 -9999.0 -9999.0 -9999.0 -9999.0 -9999.0 -9999.0 -9999.0 -9999.0 -9999.0 -9999.0 -9999.0 -9999.0 -9999.0 -9999.0 -9999.0 -9999.0 nan nan nan nan nan nan nan nan nan nan nan nan nan nan -9999.0
nan nan nan nan nan nan nan nan nan nan nan nan nan nan nan nan nan nan nan nan nan nan nan nan nan nan nan nan nan 15.7 21.6 21.8 22.2 22.7 23.2 nan 16.8 23.3 23.5 23.6 nan 21.0 21.0 20.6 20.2 19.8 19.6 19.6 19.7 19.9 20.1 20.3 20.7 21.0 21.4 21.6 21.7 21.6 -9999.0 -9999.0 -9999.0 -9999.0 -9999.0 -9999.0 -9999.0 -9999.0 -9999.0 -9999.0 -9999.0 -9999.0 -9999.0 -9999.0 -9999.0 -9999.0 -9999.0 -9999.0 nan nan nan nan nan nan nan nan nan nan nan nan nan -9999.0
nan nan nan nan nan nan nan nan nan nan nan nan nan nan nan nan nan nan nan nan nan nan nan nan nan nan nan nan nan nan 21.4 21.7 22.1 22.7 22.6 nan nan 23.0 23.1 23.4 nan 20.1 20.6 20.6 20.2 19.9 19.6 19.5 19.6 19.8 20.0 20.3 20.8 21.2 21.7 22.0 22.2 22.1 -9999.0 -9999.0 -9999.0 -9999.0 -9999.0 -9999.0 -9999.0 -9999.0 -9999.0 -9999.0 -9999.0 -9999.0 -9999.0 -9999.0 -9999.0 -9999.0 -9999.0 -9999.0 -9999.0 nan nan nan nan nan nan nan nan nan nan nan nan -9999.0
nan nan nan nan nan nan nan nan nan nan nan nan nan nan nan nan nan nan nan nan nan nan nan nan nan nan nan nan nan nan 19.7 21.6 22.1 22.6 20.7 nan 19.1 19.2 21.3 14.4 20.3 16.2 17.7 20.5 20.2 19.9 19.6 19.5 19.5 19.7 20.0 20.4 20.9 21.5 22.1 22.5 22.7 22.0 -9999.0 -9999.0 -9999.0 -9999.0 -9999.0 -9999.0 -9999.0 -9999.0 -9999.0 -9999.0 -9999.0 -9999.0 -9999.0 -9999.0 -9999.0 -9999.0 -9999.0 -9999.0 -9999.0 -9999.0 nan nan nan nan nan nan nan nan nan nan nan -9999.0
nan nan nan nan nan nan nan nan nan nan nan nan nan nan nan nan nan nan nan nan nan nan nan nan nan nan nan nan nan nan 19.6 21.2 22.0 22.5 22.6 19.1 nan 20.6 18.7 16.5 18.2 nan 21.1 20.8 20.3 20.0 19.6 19.4 19.5 19.6 20.0 20.4 21.0 21.7 22.4 23.0 22.5 17.6 -9999.0 -9999.0 -9999.0 -9999.0 -9999.0 -9999.0 -9999.0 -9999.0 -9999.0 -9999.0 -9999.0 -9999.0 -9999.0 -9999.0 -9999.0 -9999.0 -9999.0 -9999.0 -9999.0 -9999.0 -9999.0 -9999.0 nan nan nan nan nan nan nan nan nan -9999.0
nan nan nan nan nan nan nan nan nan nan nan nan nan nan nan nan nan nan nan nan nan nan nan nan nan nan nan nan nan nan nan 21.6 22.0 22.5 22.9 nan nan 18.2 19.1 19.5 nan nan 21.1 20.9 20.6 20.1 19.8 19.5 19.5 19.7 20.0 20.5 21.1 21.9 22.6 23.3 23.1 20.6 -9999.0 -9999.0 -9999.0 -9999.0 -9999.0 -9999.0 -9999.0 -9999.0 -9999.0 -9999.0 -9999.0 nan nan nan -9999.0 -9999.0 -9999.0 -9999.0 -9999.0 -9999.0 -9999.0 -9999.0 -9999.0 -9999.0 -9999.0 -9999.0 -9999.0 nan nan nan -9999.0 -9999.0
nan nan nan nan nan nan nan nan nan nan nan nan nan nan nan nan nan nan nan nan nan nan nan nan nan nan nan nan nan nan nan 21.3 21.9 22.4 22.9 nan 16.0 18.5 22.8 17.3 nan nan 21.2 21.1 20.8 20.4 20.0 19.7 19.6 19.8 20.1 20.7 21.3 22.1 22.9 23.6 24.2 21.4 -9999.0 -9999.0 -9999.0 -9999.0 -9999.0 -9999.0 -9999.0 -9999.0 -9999.0 -9999.0 -9999.0 nan nan nan nan nan -9999.0 -9999.0 -9999.0 -9999.0 -9999.0 -9999.0 -9999.0 -9999.0 -9999.0 -9999.0 -9999.0 -9999.0 -9999.0 -9999.0 -9999.0 -9999.0
nan nan nan nan nan nan nan nan nan nan nan nan nan nan nan nan nan nan nan nan nan nan nan nan nan nan nan nan nan nan nan 18.8 21.8 22.3 23.0 22.0 20.7 20.0 15.6 13.3 17.8 nan 21.2 21.3 21.1 20.7 20.3 20.0 19.9 20.0 20.3 20.9 21.5 22.2 23.1 23.9 24.7 20.7 -9999.0 -9999.0 -9999.0 -9999.0 -9999.0 -9999.0 -9999.0 -9999.0 -9999.0 -9999.0 -9999.0 -9999.0 -9999.0 -9999.0 -9999.0 -9999.0 -9999.0 -9999.0 -9999.0 -9999.0 -9999.0 -9999.0 -9999.0 -9999.0 -9999.0 -9999.0 -9999.0 -9999.0 -9999.0 -9999.0 -9999.0 -9999.0
nan nan nan nan nan nan nan nan nan nan nan nan nan nan nan nan nan nan nan nan nan nan nan nan nan nan nan nan nan nan nan 18.8 21.6 22.2 23.0 23.4 23.6 nan 15.7 18.6 13.1 nan 21.2 21.4 21.4 21.1 20.7 20.3 20.2 20.3 20.6 21.1 21.7 22.4 23.2 24.0 24.5 21.8 -9999.0 -9999.0 -9999.0 -9999.0 -9999.0 -9999.0 -9999.0 -9999.0 -9999.0 -9999.0 -9999.0 -9999.0 -9999.0 -9999.0 -9999.0 -9999.0 -9999.0 -9999.0 -9999.0 -9999.0 -9999.0 -9999.0 -9999.0 -9999.0 -9999.0 -9999.0 -9999.0 -9999.0 -9999.0 -9999.0 -9999.0 -9999.0
nan nan nan nan nan nan nan nan nan nan nan nan nan nan nan nan nan nan nan nan nan nan nan nan nan nan nan nan nan nan nan 18.8 20.7 22.1 22.9 23.6 23.8 nan nan 17.8 17.3 nan nan 21.5 21.5 21.3 21.0 20.7 20.5 20.6 20.9 21.3 21.9 22.6 23.4 24.1 25.0 21.7 -9999.0 -9999.0 -9999.0 -9999.0 -9999.0 -9999.0 -9999.0 -9999.0 -9999.0 -9999.0 -9999.0 -9999.0 -9999.0 -9999.0 -9999.0 -9999.0 -9999.0 -9999.0 -9999.0 -9999.0 -9999.0 -9999.0 -9999.0 -9999.0 -9999.0 -9999.0 -9999.0 -9999.0 -9999.0 -9999.0 -9999.0 -9999.0
nan nan nan nan nan nan nan nan nan nan nan nan nan nan nan nan nan nan nan nan nan nan nan nan nan nan nan nan nan nan nan nan 17.6 22.2 23.0 23.8 nan nan nan 19.9 15.7 19.9 nan nan 21.3 21.2 21.1 20.9 20.9 20.9 21.1 21.5 22.1 22.8 23.5 24.3 25.1 25.6 -9999.0 -9999.0 -9999.0 -9999.0 -9999.0 -9999.0 -9999.0 -9999.0 -9999.0 -9999.0 -9999.0 -9999.0 -9999.0 -9999.0 -9999.0 -9999.0 -9999.0 -9999.0 -9999.0 -9999.0 -9999.0 -9999.0 -9999.0 -9999.0 nan nan nan -9999.0 -9999.0 -9999.0 -9999.0 -9999.0
nan nan nan nan nan nan nan nan nan nan nan nan nan nan nan nan nan nan nan nan nan nan nan nan nan nan nan nan nan nan nan nan 21.4 22.1 22.8 23.6 nan nan nan nan 17.8 19.9 27.1 nan 21.0 21.3 21.3 21.3 21.2 21.3 21.4 21.8 22.3 22.9 23.7 24.5 25.2 26.0 -9999.0 -9999.0 -9999.0 -9999.0 -9999.0 -9999.0 -9999.0 -9999.0 -9999.0 -9999.0 -9999.0 -9999.0 -9999.0 -9999.0 -9999.0 -9999.0 -9999.0 -9999.0 -9999.0 -9999.0 -9999.0 -9999.0 nan nan nan nan nan nan nan nan -9999.0 -9999.0
nan nan nan nan nan nan nan nan nan nan nan nan nan nan nan nan nan nan nan nan nan nan nan nan nan nan nan nan nan nan nan nan nan 22.0 22.8 23.6 nan nan nan nan 20.7 22.3 28.5 19.8 nan 21.5 21.8 21.6 21.5 21.6 21.7 22.0 22.5 23.0 23.9 24.7 25.4 26.0 -9999.0 -9999.0 -9999.0 -9999.0 -9999.0 -9999.0 -9999.0 -9999.0 -9999.0 -9999.0 -9999.0 nan nan nan nan nan nan nan nan nan nan nan nan nan nan nan nan nan nan nan nan nan
nan nan nan nan nan nan nan nan nan nan nan nan nan nan nan nan nan nan nan nan nan nan nan nan nan nan nan nan nan nan nan nan nan 21.8 22.7 23.7 23.8 nan nan nan 23.3 23.6 24.8 26.7 nan nan 21.6 21.7 21.7 21.8 21.9 22.3 22.7 23.3 24.0 24.9 25.8 26.6 -9999.0 -9999.0 -9999.0 -9999.0 -9999.0 -9999.0 -9999.0 -9999.0 -9999.0 -9999.0 nan nan nan nan nan nan nan nan nan nan nan nan nan nan nan nan nan nan nan nan nan nan
