data/output/RUN203/ECOSPACE/ECOSPACE_in_PAR3/PAR-VarZ-VarK/PAR-VarZ-VarK_1995_09.asc
ncols        93
nrows        151 
xllcorner    -123.80739
yllcorner    48.29471 
cellsize     0.013497347 
NODATA_value  0.0
[rows 80 to 119 of 151, columns 0 to 89 of 93]
nan nan nan nan nan nan nan nan nan nan nan nan nan nan nan nan nan nan nan nan nan nan nan 28.5 25.5 28.4 30.6 30.6 30.1 29.6 29.0 28.4 27.8 27.3 26.8 26.5 26.1 25.9 25.6 25.3 24.9 24.5 24.0 23.5 23.0 22.6 22.0 21.4 20.8 20.2 19.7 19.2 18.8 18.5 nan nan nan nan nan nan nan nan nan nan nan nan 16.1 16.5 16.7 16.8 nan 16.4 16.3 16.4 16.5 16.6 16.5 16.2 16.1 16.3 16.7 17.0 16.9 nan nan nan nan nan nan nan
nan nan nan nan nan nan nan nan nan nan nan nan nan nan nan nan nan nan nan nan nan nan nan nan nan nan 31.0 30.7 30.2 29.7 29.1 28.5 27.9 27.3 26.7 26.3 26.0 25.7 25.4 25.1 24.7 24.2 23.8 23.3 22.9 22.4 22.0 21.4 20.9 20.3 19.8 19.3 18.9 18.5 18.1 nan nan nan nan nan nan nan nan nan nan nan 16.5 16.7 nan nan nan nan nan 16.6 16.7 16.9 nan 16.4 16.5 16.9 17.3 17.7 nan nan nan nan nan nan nan nan
nan nan nan nan nan nan nan nan nan nan nan nan nan nan nan nan nan nan nan nan nan nan nan nan nan nan nan 30.8 30.2 29.9 29.3 28.7 28.0 27.3 26.7 26.3 25.9 25.6 25.2 24.9 24.5 24.0 23.6 23.2 22.7 22.3 21.9 21.4 21.0 20.5 20.0 19.5 19.0 18.6 18.2 17.9 nan nan nan nan nan nan nan nan nan 16.5 17.0 nan nan nan nan nan nan 16.6 16.8 16.9 nan 16.7 17.1 17.5 17.8 nan nan nan nan nan nan nan nan nan
nan nan nan nan nan nan nan nan nan nan nan nan nan nan nan nan nan nan nan nan nan nan nan nan nan nan nan nan 28.5 29.7 29.6 28.9 28.1 27.4 26.8 26.3 25.8 25.4 25.1 24.7 24.2 23.8 23.5 23.0 22.6 22.2 21.9 21.5 21.1 20.7 20.2 19.7 19.3 18.9 18.5 18.1 17.9 nan nan nan nan nan nan nan nan 16.5 17.0 nan nan nan nan nan nan 16.6 16.9 17.1 17.5 17.9 17.9 17.9 nan nan nan nan nan nan nan nan nan nan
nan nan nan nan nan nan nan nan nan nan nan nan nan nan nan nan nan nan nan nan nan nan nan nan nan nan nan nan nan 12.6 29.8 29.2 28.4 27.5 26.8 26.3 25.8 25.3 24.9 24.4 24.0 23.6 23.3 22.9 22.5 22.2 21.9 21.6 21.3 21.0 20.6 20.1 19.7 19.3 18.9 18.5 18.2 18.1 nan nan nan nan nan nan 16.5 16.8 17.1 nan 17.6 17.6 17.7 nan nan 16.7 17.1 17.5 17.9 18.5 nan nan nan nan nan nan nan nan nan nan nan nan
nan nan nan nan nan nan nan nan nan nan nan nan nan nan nan nan nan nan nan nan nan nan nan nan nan nan nan nan nan nan 13.2 29.5 28.6 27.7 26.9 26.2 25.7 25.2 24.7 24.2 23.8 23.5 23.2 22.8 22.4 22.1 21.9 21.7 21.5 21.3 21.0 20.6 20.2 19.8 19.5 19.1 18.8 18.6 nan nan nan nan nan 16.5 16.8 17.1 17.3 17.5 17.5 17.6 17.6 10.2 nan 16.9 17.4 17.8 18.1 18.4 nan nan nan nan nan nan nan nan nan nan nan nan
nan nan nan nan nan nan nan nan nan nan nan nan nan nan nan nan nan nan nan nan nan nan nan nan nan nan nan nan nan nan nan 27.2 28.5 27.7 26.9 26.2 25.6 25.0 24.5 24.0 23.7 23.4 23.1 22.7 22.4 22.2 22.0 21.9 21.8 21.7 21.6 21.3 20.9 20.5 20.1 19.8 19.4 19.1 18.5 nan nan 17.0 17.2 17.3 17.2 17.5 17.7 17.8 17.8 17.8 17.8 nan nan 17.1 17.7 18.1 18.4 18.5 nan nan nan nan nan nan nan nan nan nan nan nan
nan nan nan nan nan nan nan nan nan nan nan nan nan nan nan nan nan nan nan nan nan nan nan nan nan nan nan nan nan nan nan nan 28.5 27.7 26.8 26.1 25.5 24.9 24.4 23.9 23.6 23.4 23.1 22.8 22.5 22.3 22.2 22.2 22.2 22.2 22.2 22.0 21.7 21.4 21.0 20.6 20.1 19.7 19.2 18.4 18.0 17.9 18.0 nan 17.7 18.1 18.4 18.6 18.6 18.6 18.4 18.0 18.0 18.0 18.1 18.3 18.4 nan nan nan nan nan nan nan nan nan nan nan nan nan
nan nan nan nan nan nan nan nan nan nan nan nan nan nan nan nan nan nan nan nan nan nan nan nan nan nan nan nan nan nan 28.0 28.2 28.2 27.5 26.7 26.1 25.6 25.0 24.4 24.0 23.7 23.5 23.2 23.0 22.7 22.6 22.5 22.6 22.7 22.8 22.9 22.8 22.6 22.3 21.9 21.5 21.0 20.5 19.9 19.4 19.0 18.8 18.7 18.8 18.8 19.1 19.5 19.6 19.6 19.6 19.2 18.6 18.5 18.4 18.4 18.5 18.5 nan nan nan nan nan nan nan nan nan nan nan nan nan
nan nan nan nan nan nan nan nan nan nan nan nan nan nan nan nan nan nan nan nan nan nan nan nan nan nan nan nan nan nan nan nan 27.7 27.2 26.6 26.2 25.8 25.2 24.6 24.1 23.8 23.6 23.4 23.1 23.0 22.8 22.8 22.9 23.1 23.4 23.5 23.5 23.3 23.1 22.8 22.4 22.0 21.5 21.0 20.5 20.1 19.8 19.7 19.7 19.6 19.6 19.9 nan nan nan 19.4 19.1 18.8 18.6 18.5 18.6 nan nan nan nan nan nan nan nan nan nan nan nan nan nan
nan nan nan nan nan nan nan nan nan nan nan nan nan nan nan nan nan nan nan nan nan nan nan nan nan nan nan nan nan nan 13.7 12.4 27.1 26.9 26.5 26.3 26.0 25.6 24.9 24.4 24.0 23.8 23.5 23.3 23.2 23.1 23.1 23.3 23.5 23.8 24.0 24.0 23.9 23.8 23.5 23.2 22.8 22.4 22.0 21.5 21.0 20.6 20.4 20.3 nan nan nan nan nan nan nan 19.3 18.9 18.6 18.5 18.5 nan nan nan nan nan nan nan nan nan nan nan nan nan nan
nan nan nan nan nan nan nan nan nan nan nan nan nan nan nan nan nan nan nan nan nan nan nan nan nan nan nan nan nan nan 13.4 26.7 26.9 26.9 26.6 14.2 26.4 25.9 25.0 24.6 24.3 24.0 23.8 23.5 23.4 23.3 23.4 23.5 23.8 24.1 24.3 24.4 24.4 24.3 24.2 23.9 23.6 23.3 22.8 22.3 21.7 21.2 20.9 nan nan nan nan nan nan 18.8 19.0 19.0 18.8 18.5 18.5 nan nan nan nan nan nan nan nan nan nan nan nan nan nan nan
nan nan nan nan nan nan nan nan nan nan nan nan nan nan nan nan nan nan nan nan nan nan nan nan nan nan nan nan nan nan 13.7 25.6 27.0 27.1 nan nan nan 25.4 25.1 24.7 24.4 24.2 24.0 23.7 23.5 23.5 23.6 23.8 24.1 24.4 24.6 24.7 24.8 24.8 24.7 24.6 24.4 24.0 23.6 23.1 22.4 21.8 21.4 nan nan nan nan nan 18.9 18.9 18.7 18.5 18.4 18.3 nan nan nan nan nan nan nan nan nan nan nan nan nan nan nan nan
nan nan nan nan nan nan nan nan nan nan nan nan nan nan nan nan nan nan nan nan nan nan nan nan nan nan nan nan nan nan 13.6 12.6 27.1 27.4 nan nan nan 23.4 25.1 24.8 24.5 24.3 24.1 23.9 23.7 23.6 23.7 23.9 24.3 24.6 24.8 24.9 25.1 25.1 25.2 25.1 25.0 24.7 24.3 23.7 23.1 22.5 21.9 20.6 20.1 nan 19.0 19.0 19.0 18.7 18.4 18.1 nan nan nan nan nan nan nan nan nan nan nan nan nan nan nan nan nan nan
nan nan nan nan nan nan nan nan nan nan nan nan nan nan nan nan nan nan nan nan nan nan nan nan nan nan nan nan nan nan nan nan 27.2 22.9 nan nan nan nan 24.8 24.6 24.6 24.4 24.2 24.0 23.8 23.7 23.7 24.0 24.3 24.6 24.9 25.1 25.2 25.4 25.4 25.5 25.4 25.3 24.9 24.4 23.8 23.2 22.5 21.8 21.2 20.4 19.8 19.3 18.9 18.4 18.0 nan nan nan nan nan nan nan nan nan nan nan nan nan nan nan nan nan nan nan
nan nan nan nan nan nan nan nan nan nan nan nan nan nan nan nan nan nan nan nan nan nan nan nan nan nan nan nan nan nan nan nan nan 22.4 11.1 nan nan nan 12.4 24.9 24.9 24.7 24.4 24.1 23.8 23.7 23.8 24.0 24.3 24.6 24.9 25.1 25.3 25.5 25.6 25.7 25.8 25.7 25.4 25.0 24.5 23.9 23.2 22.6 21.9 21.0 20.3 19.6 19.0 18.4 17.9 nan nan nan nan nan nan nan nan nan nan nan nan nan nan nan nan nan nan nan
nan nan nan nan nan nan nan nan nan nan nan nan nan nan nan nan nan nan nan nan nan nan nan nan nan nan nan nan nan nan nan nan nan nan 12.6 22.4 nan nan nan nan 25.0 25.2 24.7 24.2 23.9 23.8 23.8 24.0 24.2 24.6 24.8 25.1 25.3 25.5 25.7 25.8 26.0 26.0 25.8 25.5 25.1 24.6 24.0 23.3 22.4 21.5 20.6 19.8 19.1 18.5 18.0 17.6 nan nan nan nan nan nan nan nan nan nan nan nan nan nan nan nan nan nan
nan nan nan nan nan nan nan nan nan nan nan nan nan nan nan nan nan nan nan nan nan nan nan nan nan nan nan nan nan nan nan nan nan nan nan 16.9 13.7 nan nan nan nan 24.3 24.8 24.4 24.1 23.9 23.9 24.0 24.2 24.5 24.8 25.0 25.2 25.4 25.7 25.9 26.0 26.1 26.1 25.9 25.6 25.1 24.5 23.8 22.9 21.8 20.8 20.0 19.3 18.6 18.0 17.8 17.6 9.9 nan nan nan nan nan nan nan nan nan nan nan nan nan nan nan nan
nan nan nan nan nan nan nan nan nan nan nan nan nan nan nan nan nan nan nan nan nan nan nan nan nan nan nan nan nan nan nan nan nan nan 13.9 16.9 23.9 24.1 nan 13.8 nan 21.8 24.7 24.5 24.3 24.1 24.0 24.1 24.2 24.5 24.7 24.9 25.1 25.4 25.6 25.8 26.0 26.2 26.2 26.2 26.0 25.6 24.9 24.1 22.9 21.8 20.9 20.1 19.5 18.7 18.1 17.9 17.7 17.6 nan nan nan nan nan nan nan nan nan nan nan nan nan nan nan nan
nan nan nan nan nan nan nan nan nan nan nan nan nan nan nan nan nan nan nan nan nan nan nan nan nan nan nan nan nan nan nan nan nan nan 24.5 24.1 24.4 22.9 14.6 21.5 23.1 20.8 25.1 24.8 24.5 24.3 24.1 24.1 24.2 24.4 24.6 24.9 25.1 25.3 25.5 25.7 25.9 26.1 26.3 26.4 26.2 25.8 25.0 24.0 22.7 21.5 20.6 20.5 19.8 19.0 18.2 17.9 17.8 17.8 17.9 nan nan nan nan nan nan nan nan nan nan nan nan nan nan nan
nan nan nan nan nan nan nan nan nan nan nan nan nan nan nan nan nan nan nan nan nan nan nan nan nan nan nan nan nan nan nan nan nan nan 24.4 24.4 24.4 23.5 22.9 nan 23.0 23.8 25.1 25.0 24.7 24.4 24.2 24.2 24.2 24.4 24.6 24.8 25.0 25.2 25.4 25.7 25.9 26.1 26.3 26.4 26.2 25.8 -9999.0 -9999.0 -9999.0 -9999.0 -9999.0 -9999.0 -9999.0 10.6 18.2 18.0 17.9 17.7 17.8 nan nan nan nan nan nan nan nan nan nan nan nan nan nan -9999.0
nan nan nan nan nan nan nan nan nan nan nan nan nan nan nan nan nan nan nan nan nan nan nan nan nan nan nan nan nan nan nan nan nan nan 24.2 24.1 24.1 24.0 23.9 nan nan 24.6 25.0 25.0 24.8 24.5 24.3 24.2 24.3 24.4 24.6 24.8 25.0 25.2 25.4 25.6 25.9 26.1 26.3 26.4 26.1 -9999.0 -9999.0 -9999.0 -9999.0 -9999.0 -9999.0 -9999.0 -9999.0 nan 12.1 17.6 17.4 16.6 nan nan nan nan nan nan nan nan nan nan nan nan nan nan nan -9999.0
nan nan nan nan nan nan nan nan nan nan nan nan nan nan nan nan nan nan nan nan nan nan nan nan nan nan nan nan nan nan nan nan nan nan 23.9 23.7 23.6 23.6 23.6 nan 19.6 22.8 24.9 25.0 24.9 24.6 24.4 24.3 24.3 24.4 24.5 24.7 24.9 25.1 25.3 25.5 25.8 26.0 26.3 26.2 25.9 -9999.0 -9999.0 -9999.0 -9999.0 -9999.0 -9999.0 -9999.0 -9999.0 -9999.0 -9999.0 nan 10.2 10.2 nan nan nan nan nan nan nan nan nan nan nan nan nan nan nan -9999.0
nan nan nan nan nan nan nan nan nan nan nan nan nan nan nan nan nan nan nan nan nan nan nan nan nan nan nan nan nan nan nan nan nan nan 23.4 23.4 23.6 22.9 21.4 14.1 22.1 19.9 24.3 24.8 24.7 24.6 24.4 24.3 24.2 24.3 24.5 24.7 24.8 25.0 25.2 25.5 25.7 26.0 26.2 26.1 -9999.0 -9999.0 -9999.0 -9999.0 -9999.0 -9999.0 -9999.0 -9999.0 -9999.0 -9999.0 -9999.0 nan nan nan nan nan nan nan nan nan nan nan nan nan nan nan nan nan nan -9999.0
nan nan nan nan nan nan nan nan nan nan nan nan nan nan nan nan nan nan nan nan nan nan nan nan nan nan nan nan nan nan nan nan 21.2 22.0 23.0 23.7 24.0 24.3 23.9 23.2 nan 24.8 24.5 24.6 24.5 24.4 24.3 24.2 24.2 24.2 24.4 24.6 24.8 25.0 25.2 25.5 25.7 26.0 26.1 -9999.0 -9999.0 -9999.0 -9999.0 -9999.0 -9999.0 -9999.0 -9999.0 -9999.0 -9999.0 -9999.0 -9999.0 -9999.0 nan nan nan nan nan nan nan nan nan nan nan nan nan nan nan nan nan -9999.0
nan nan nan nan nan nan nan nan nan nan nan nan nan nan nan nan nan nan nan nan nan nan nan nan nan nan nan nan nan 13.6 nan nan 23.6 23.6 23.5 23.8 24.3 24.7 25.1 nan nan 24.2 24.4 24.5 24.5 24.4 24.3 24.2 24.2 24.3 24.4 24.6 24.8 25.0 25.2 25.5 25.8 26.0 26.0 -9999.0 -9999.0 -9999.0 -9999.0 -9999.0 -9999.0 -9999.0 -9999.0 -9999.0 -9999.0 -9999.0 -9999.0 -9999.0 -9999.0 -9999.0 nan nan nan nan nan nan nan nan nan nan nan nan nan nan nan -9999.0
nan nan nan nan nan nan nan nan nan nan nan nan nan nan nan nan nan nan nan nan nan nan nan nan nan nan nan nan nan 11.7 11.7 nan 23.8 23.9 22.0 21.1 23.5 24.6 24.6 23.9 nan 24.1 24.4 24.6 24.6 24.5 24.3 24.2 24.2 24.3 24.4 24.6 24.8 25.0 25.3 25.6 25.9 26.1 -9999.0 -9999.0 -9999.0 -9999.0 -9999.0 -9999.0 -9999.0 -9999.0 -9999.0 -9999.0 -9999.0 -9999.0 -9999.0 -9999.0 -9999.0 -9999.0 -9999.0 nan nan nan nan nan nan nan nan nan nan nan nan nan nan -9999.0
nan nan nan nan nan nan nan nan nan nan nan nan nan nan nan nan nan nan nan nan nan nan nan nan nan nan nan nan nan 12.3 23.6 23.7 24.0 24.1 24.4 nan 12.3 24.0 24.2 24.4 nan 23.5 24.6 24.8 24.8 24.6 24.4 24.3 24.2 24.3 24.5 24.6 24.9 25.1 25.4 25.7 26.1 26.4 -9999.0 -9999.0 -9999.0 -9999.0 -9999.0 -9999.0 -9999.0 -9999.0 -9999.0 -9999.0 -9999.0 -9999.0 -9999.0 -9999.0 -9999.0 -9999.0 -9999.0 -9999.0 nan nan nan nan nan nan nan nan nan nan nan nan nan -9999.0
nan nan nan nan nan nan nan nan nan nan nan nan nan nan nan nan nan nan nan nan nan nan nan nan nan nan nan nan nan nan 23.0 23.6 23.9 24.3 23.1 nan nan 23.7 23.8 25.0 nan 20.8 22.9 24.7 24.9 24.7 24.5 24.3 24.3 24.3 24.5 24.7 25.0 25.3 25.6 25.9 26.3 26.7 -9999.0 -9999.0 -9999.0 -9999.0 -9999.0 -9999.0 -9999.0 -9999.0 -9999.0 -9999.0 -9999.0 -9999.0 -9999.0 -9999.0 -9999.0 -9999.0 -9999.0 -9999.0 -9999.0 nan nan nan nan nan nan nan nan nan nan nan nan -9999.0
nan nan nan nan nan nan nan nan nan nan nan nan nan nan nan nan nan nan nan nan nan nan nan nan nan nan nan nan nan nan 21.1 23.6 24.0 24.3 21.5 nan 13.7 18.3 20.9 12.8 19.7 16.3 19.5 24.2 24.9 24.8 24.6 24.4 24.3 24.4 24.5 24.8 25.1 25.5 25.8 26.2 26.6 27.0 -9999.0 -9999.0 -9999.0 -9999.0 -9999.0 -9999.0 -9999.0 -9999.0 -9999.0 -9999.0 -9999.0 -9999.0 -9999.0 -9999.0 -9999.0 -9999.0 -9999.0 -9999.0 -9999.0 -9999.0 nan nan nan nan nan nan nan nan nan nan nan -9999.0
nan nan nan nan nan nan nan nan nan nan nan nan nan nan nan nan nan nan nan nan nan nan nan nan nan nan nan nan nan nan 21.5 23.1 23.9 24.1 23.0 13.7 nan 21.2 17.1 13.4 16.9 nan 24.7 25.1 25.0 24.9 24.7 24.5 24.4 24.5 24.6 24.9 25.3 25.7 26.1 26.5 26.7 23.9 -9999.0 -9999.0 -9999.0 -9999.0 -9999.0 -9999.0 -9999.0 -9999.0 -9999.0 -9999.0 -9999.0 -9999.0 -9999.0 -9999.0 -9999.0 -9999.0 -9999.0 -9999.0 -9999.0 -9999.0 -9999.0 -9999.0 nan nan nan nan nan nan nan nan nan -9999.0
nan nan nan nan nan nan nan nan nan nan nan nan nan nan nan nan nan nan nan nan nan nan nan nan nan nan nan nan nan nan nan 23.6 23.7 23.8 24.1 nan nan 16.5 16.7 14.5 nan nan 24.8 25.0 25.0 24.9 24.8 24.6 24.5 24.6 24.8 25.0 25.4 25.9 26.4 26.9 27.1 25.7 -9999.0 -9999.0 -9999.0 -9999.0 -9999.0 -9999.0 -9999.0 -9999.0 -9999.0 -9999.0 -9999.0 nan nan nan -9999.0 -9999.0 -9999.0 -9999.0 -9999.0 -9999.0 -9999.0 -9999.0 -9999.0 -9999.0 -9999.0 -9999.0 -9999.0 nan nan nan -9999.0 -9999.0
nan nan nan nan nan nan nan nan nan nan nan nan nan nan nan nan nan nan nan nan nan nan nan nan nan nan nan nan nan nan nan 22.5 23.4 23.7 24.2 nan 12.6 14.3 21.6 13.1 nan nan 24.7 24.9 24.9 24.9 24.8 24.7 24.6 24.7 24.9 25.2 25.6 26.1 26.8 27.5 27.8 26.4 -9999.0 -9999.0 -9999.0 -9999.0 -9999.0 -9999.0 -9999.0 -9999.0 -9999.0 -9999.0 -9999.0 nan nan nan nan nan -9999.0 -9999.0 -9999.0 -9999.0 -9999.0 -9999.0 -9999.0 -9999.0 -9999.0 -9999.0 -9999.0 -9999.0 -9999.0 -9999.0 -9999.0 -9999.0
nan nan nan nan nan nan nan nan nan nan nan nan nan nan nan nan nan nan nan nan nan nan nan nan nan nan nan nan nan nan nan 13.5 23.4 23.7 24.1 23.9 22.3 17.3 13.5 11.1 13.4 nan 24.6 24.7 24.8 24.8 24.8 24.8 24.7 24.8 25.0 25.4 25.9 26.5 27.2 27.9 28.6 27.3 -9999.0 -9999.0 -9999.0 -9999.0 -9999.0 -9999.0 -9999.0 -9999.0 -9999.0 -9999.0 -9999.0 -9999.0 -9999.0 -9999.0 -9999.0 -9999.0 -9999.0 -9999.0 -9999.0 -9999.0 -9999.0 -9999.0 -9999.0 -9999.0 -9999.0 -9999.0 -9999.0 -9999.0 -9999.0 -9999.0 -9999.0 -9999.0
nan nan nan nan nan nan nan nan nan nan nan nan nan nan nan nan nan nan nan nan nan nan nan nan nan nan nan nan nan nan nan 13.5 23.1 23.8 24.3 24.6 24.8 nan 15.1 17.7 11.0 nan 24.5 24.7 24.8 24.8 24.8 24.8 24.8 24.9 25.1 25.5 26.0 26.7 27.4 28.2 29.0 27.4 -9999.0 -9999.0 -9999.0 -9999.0 -9999.0 -9999.0 -9999.0 -9999.0 -9999.0 -9999.0 -9999.0 -9999.0 -9999.0 -9999.0 -9999.0 -9999.0 -9999.0 -9999.0 -9999.0 -9999.0 -9999.0 -9999.0 -9999.0 -9999.0 -9999.0 -9999.0 -9999.0 -9999.0 -9999.0 -9999.0 -9999.0 -9999.0
nan nan nan nan nan nan nan nan nan nan nan nan nan nan nan nan nan nan nan nan nan nan nan nan nan nan nan nan nan nan nan 13.5 21.1 23.5 24.4 24.7 24.8 nan nan 15.9 12.7 nan nan 24.8 24.8 24.7 24.8 24.9 24.9 25.0 25.2 25.6 26.1 26.7 27.5 28.6 29.3 25.0 -9999.0 -9999.0 -9999.0 -9999.0 -9999.0 -9999.0 -9999.0 -9999.0 -9999.0 -9999.0 -9999.0 -9999.0 -9999.0 -9999.0 -9999.0 -9999.0 -9999.0 -9999.0 -9999.0 -9999.0 -9999.0 -9999.0 -9999.0 -9999.0 -9999.0 -9999.0 -9999.0 -9999.0 -9999.0 -9999.0 -9999.0 -9999.0
nan nan nan nan nan nan nan nan nan nan nan nan nan nan nan nan nan nan nan nan nan nan nan nan nan nan nan nan nan nan nan nan 12.9 23.9 24.3 24.7 nan nan nan 17.1 12.5 14.9 nan nan 24.4 24.6 24.7 24.8 25.0 25.1 25.4 25.7 26.1 26.8 27.7 28.9 29.7 29.8 -9999.0 -9999.0 -9999.0 -9999.0 -9999.0 -9999.0 -9999.0 -9999.0 -9999.0 -9999.0 -9999.0 -9999.0 -9999.0 -9999.0 -9999.0 -9999.0 -9999.0 -9999.0 -9999.0 -9999.0 -9999.0 -9999.0 -9999.0 -9999.0 nan nan nan -9999.0 -9999.0 -9999.0 -9999.0 -9999.0
nan nan nan nan nan nan nan nan nan nan nan nan nan nan nan nan nan nan nan nan nan nan nan nan nan nan nan nan nan nan nan nan 23.5 23.8 24.2 24.7 nan nan nan nan 14.1 13.9 23.1 nan 23.8 24.6 24.8 24.9 25.0 25.2 25.5 25.9 26.3 26.9 27.9 29.1 30.2 30.9 -9999.0 -9999.0 -9999.0 -9999.0 -9999.0 -9999.0 -9999.0 -9999.0 -9999.0 -9999.0 -9999.0 -9999.0 -9999.0 -9999.0 -9999.0 -9999.0 -9999.0 -9999.0 -9999.0 -9999.0 -9999.0 -9999.0 nan nan nan nan nan nan nan nan -9999.0 -9999.0
nan nan nan nan nan nan nan nan nan nan nan nan nan nan nan nan nan nan nan nan nan nan nan nan nan nan nan nan nan nan nan nan nan 23.9 24.4 25.0 nan nan nan nan 18.4 16.0 20.7 16.1 nan 24.7 24.9 25.0 25.1 25.3 25.6 26.0 26.4 27.0 28.0 29.3 30.4 31.3 -9999.0 -9999.0 -9999.0 -9999.0 -9999.0 -9999.0 -9999.0 -9999.0 -9999.0 -9999.0 -9999.0 nan nan nan nan nan nan nan nan nan nan nan nan nan nan nan nan nan nan nan nan nan
nan nan nan nan nan nan nan nan nan nan nan nan nan nan nan nan nan nan nan nan nan nan nan nan nan nan nan nan nan nan nan nan nan 24.1 24.6 25.2 25.1 nan nan nan 23.9 16.4 18.4 24.0 nan nan 24.5 24.7 25.0 25.2 25.5 25.8 26.2 26.9 27.9 29.2 30.4 31.6 -9999.0 -9999.0 -9999.0 -9999.0 -9999.0 -9999.0 -9999.0 -9999.0 -9999.0 -9999.0 nan nan nan nan nan nan nan nan nan nan nan nan nan nan nan nan nan nan nan nan nan nan
