data/output/RUN203/ECOSPACE/ECOSPACE_in_PAR3/PAR-VarZ-VarK/PAR-VarZ-VarK_2001_03.asc
ncols        93
nrows        151 
xllcorner    -123.80739
yllcorner    48.29471 
cellsize     0.013497347 
NODATA_value  0.0
[rows 80 to 119 of 151, columns 0 to 89 of 93]
nan nan nan nan nan nan nan nan nan nan nan nan nan nan nan nan nan nan nan nan nan nan nan 24.4 23.3 25.3 26.7 27.5 27.1 26.5 25.9 25.4 24.9 24.4 24.0 23.6 23.2 22.8 22.5 22.1 21.9 21.5 21.2 21.0 20.5 20.1 19.7 19.2 18.7 18.1 17.5 17.0 16.4 15.9 nan nan nan nan nan nan nan nan nan nan nan nan 12.8 13.1 13.3 13.4 nan 13.0 13.0 13.1 13.2 13.3 13.3 13.0 12.9 13.0 13.3 13.5 13.5 nan nan nan nan nan nan nan
nan nan nan nan nan nan nan nan nan nan nan nan nan nan nan nan nan nan nan nan nan nan nan nan nan nan 27.7 27.7 27.5 27.0 26.5 25.9 25.4 24.9 24.4 23.8 23.4 23.0 22.7 22.3 22.0 21.7 21.3 21.0 20.7 20.3 20.0 19.6 19.1 18.5 18.0 17.5 16.9 16.3 15.7 nan nan nan nan nan nan nan nan nan nan nan 13.1 13.3 nan nan nan nan nan 13.2 13.4 13.6 nan 13.3 13.3 13.5 13.8 14.1 nan nan nan nan nan nan nan nan
nan nan nan nan nan nan nan nan nan nan nan nan nan nan nan nan nan nan nan nan nan nan nan nan nan nan nan 27.8 27.4 27.5 27.0 26.4 25.8 25.2 24.7 24.1 23.7 23.4 22.9 22.5 22.1 21.8 21.5 21.2 20.8 20.4 20.1 19.8 19.5 19.0 18.5 17.9 17.3 16.7 16.1 15.5 nan nan nan nan nan nan nan nan nan 13.1 13.6 nan nan nan nan nan nan 13.2 13.5 13.6 nan 13.5 13.9 14.1 14.2 nan nan nan nan nan nan nan nan nan
nan nan nan nan nan nan nan nan nan nan nan nan nan nan nan nan nan nan nan nan nan nan nan nan nan nan nan nan 26.6 27.4 27.5 26.9 26.2 25.5 24.9 24.4 24.0 23.5 23.0 22.5 22.1 21.8 21.5 21.2 20.9 20.6 20.3 20.0 19.7 19.4 19.0 18.4 17.8 17.1 16.5 15.9 15.4 nan nan nan nan nan nan nan nan 13.2 13.6 nan nan nan nan nan nan 13.2 13.6 13.8 14.2 14.5 14.4 14.3 nan nan nan nan nan nan nan nan nan nan
nan nan nan nan nan nan nan nan nan nan nan nan nan nan nan nan nan nan nan nan nan nan nan nan nan nan nan nan nan 8.9 27.6 27.2 26.5 25.8 25.2 24.6 24.0 23.6 23.0 22.5 22.1 21.8 21.6 21.4 21.0 20.7 20.4 20.1 19.9 19.7 19.4 18.9 18.3 17.6 17.0 16.3 15.6 15.1 nan nan nan nan nan nan 13.3 13.5 13.8 nan 14.2 14.2 14.3 nan nan 13.4 13.8 14.1 14.5 15.0 nan nan nan nan nan nan nan nan nan nan nan nan
nan nan nan nan nan nan nan nan nan nan nan nan nan nan nan nan nan nan nan nan nan nan nan nan nan nan nan nan nan nan 9.6 27.1 26.8 26.0 25.2 24.6 24.1 23.5 22.9 22.4 22.0 21.7 21.6 21.4 21.1 20.8 20.5 20.3 20.1 19.9 19.8 19.4 18.8 18.1 17.5 16.7 16.1 15.5 nan nan nan nan nan 13.5 13.7 14.0 14.2 14.4 14.3 14.3 14.3 7.0 nan 13.5 14.0 14.4 14.7 14.9 nan nan nan nan nan nan nan nan nan nan nan nan
nan nan nan nan nan nan nan nan nan nan nan nan nan nan nan nan nan nan nan nan nan nan nan nan nan nan nan nan nan nan nan 25.8 26.4 26.0 25.2 24.6 24.0 23.4 22.9 22.4 21.9 21.6 21.5 21.3 21.1 20.9 20.6 20.4 20.3 20.2 20.1 19.8 19.2 18.6 18.0 17.3 16.6 16.1 15.5 nan nan 13.9 14.4 14.4 14.3 14.6 14.7 14.8 14.6 14.5 14.4 nan nan 13.8 14.3 14.7 14.9 14.9 nan nan nan nan nan nan nan nan nan nan nan nan
nan nan nan nan nan nan nan nan nan nan nan nan nan nan nan nan nan nan nan nan nan nan nan nan nan nan nan nan nan nan nan nan 26.6 25.8 25.0 24.4 23.8 23.2 22.7 22.3 21.9 21.6 21.4 21.2 21.0 20.8 20.7 20.6 20.6 20.5 20.3 20.0 19.6 19.1 18.5 17.9 17.3 16.8 16.2 15.5 15.1 15.0 15.1 nan 14.9 15.2 15.4 15.5 15.4 15.2 14.9 14.5 14.5 14.5 14.7 14.9 15.0 nan nan nan nan nan nan nan nan nan nan nan nan nan
nan nan nan nan nan nan nan nan nan nan nan nan nan nan nan nan nan nan nan nan nan nan nan nan nan nan nan nan nan nan 26.5 26.5 26.2 25.5 24.8 24.2 23.7 23.2 22.7 22.2 21.8 21.5 21.3 21.1 21.0 20.8 20.7 20.7 20.7 20.8 20.7 20.4 20.1 19.6 19.2 18.6 18.2 17.7 17.2 16.7 16.3 15.9 15.8 15.9 15.9 16.2 16.4 16.4 16.2 16.1 15.6 15.1 15.0 15.0 15.1 15.2 15.0 nan nan nan nan nan nan nan nan nan nan nan nan nan
nan nan nan nan nan nan nan nan nan nan nan nan nan nan nan nan nan nan nan nan nan nan nan nan nan nan nan nan nan nan nan nan 25.7 25.2 24.6 24.2 23.8 23.2 22.7 22.2 21.9 21.5 21.2 21.0 20.9 20.8 20.8 20.8 20.9 20.9 20.9 20.8 20.5 20.2 19.9 19.4 19.0 18.6 18.2 17.8 17.3 16.8 16.6 16.6 16.6 16.7 16.9 nan nan nan 15.8 15.5 15.4 15.2 15.2 15.2 nan nan nan nan nan nan nan nan nan nan nan nan nan nan
nan nan nan nan nan nan nan nan nan nan nan nan nan nan nan nan nan nan nan nan nan nan nan nan nan nan nan nan nan nan 9.1 8.4 25.2 25.0 24.7 24.4 24.0 23.5 22.9 22.4 22.0 21.6 21.3 21.0 20.9 20.9 20.9 20.9 21.0 21.1 21.1 21.1 21.0 20.8 20.5 20.2 19.9 19.5 19.0 18.6 18.0 17.5 17.1 16.9 nan nan nan nan nan nan nan 15.8 15.5 15.3 15.3 15.1 nan nan nan nan nan nan nan nan nan nan nan nan nan nan
nan nan nan nan nan nan nan nan nan nan nan nan nan nan nan nan nan nan nan nan nan nan nan nan nan nan nan nan nan nan 9.7 24.8 25.1 25.2 25.0 10.9 24.4 24.0 23.3 22.8 22.2 21.8 21.3 21.1 20.9 20.9 21.0 21.0 21.1 21.3 21.3 21.3 21.3 21.2 21.0 20.8 20.6 20.2 19.8 19.2 18.5 17.9 17.3 nan nan nan nan nan nan 15.4 15.6 15.7 15.5 15.3 15.2 nan nan nan nan nan nan nan nan nan nan nan nan nan nan nan
nan nan nan nan nan nan nan nan nan nan nan nan nan nan nan nan nan nan nan nan nan nan nan nan nan nan nan nan nan nan 9.2 23.7 25.2 25.4 nan nan nan 24.1 23.8 23.2 22.6 22.0 21.5 21.1 21.0 21.0 21.1 21.1 21.3 21.4 21.5 21.6 21.6 21.5 21.4 21.3 21.1 20.9 20.4 19.8 19.1 18.4 17.7 nan nan nan nan nan 15.6 15.6 15.5 15.5 15.3 15.1 nan nan nan nan nan nan nan nan nan nan nan nan nan nan nan nan
nan nan nan nan nan nan nan nan nan nan nan nan nan nan nan nan nan nan nan nan nan nan nan nan nan nan nan nan nan nan 9.1 9.0 24.6 25.2 nan nan nan 22.7 23.8 23.7 23.0 22.3 21.7 21.3 21.1 21.1 21.2 21.2 21.4 21.6 21.7 21.8 21.8 21.8 21.8 21.7 21.6 21.3 21.0 20.4 19.7 18.9 18.1 17.1 16.6 nan 15.7 15.8 15.8 15.7 15.5 15.3 nan nan nan nan nan nan nan nan nan nan nan nan nan nan nan nan nan nan
nan nan nan nan nan nan nan nan nan nan nan nan nan nan nan nan nan nan nan nan nan nan nan nan nan nan nan nan nan nan nan nan 24.7 21.0 nan nan nan nan 23.4 24.1 23.4 22.6 21.9 21.5 21.3 21.3 21.3 21.3 21.4 21.6 21.8 21.9 22.0 22.0 22.0 22.0 22.0 21.8 21.5 21.0 20.4 19.6 18.8 18.0 17.4 16.7 16.4 16.2 16.0 15.6 15.2 nan nan nan nan nan nan nan nan nan nan nan nan nan nan nan nan nan nan nan
nan nan nan nan nan nan nan nan nan nan nan nan nan nan nan nan nan nan nan nan nan nan nan nan nan nan nan nan nan nan nan nan nan 23.6 12.2 nan nan nan 8.7 24.6 23.8 22.9 22.2 21.7 21.5 21.4 21.5 21.5 21.5 21.6 21.8 21.9 22.0 22.1 22.2 22.2 22.2 22.1 21.9 21.5 21.0 20.4 19.6 18.9 18.2 17.5 16.9 16.5 16.1 15.6 15.1 nan nan nan nan nan nan nan nan nan nan nan nan nan nan nan nan nan nan nan
nan nan nan nan nan nan nan nan nan nan nan nan nan nan nan nan nan nan nan nan nan nan nan nan nan nan nan nan nan nan nan nan nan nan 12.4 22.3 nan nan nan nan 24.0 23.5 22.6 22.0 21.7 21.7 21.6 21.6 21.6 21.7 21.8 21.9 22.0 22.1 22.3 22.4 22.4 22.3 22.1 21.9 21.5 21.0 20.4 19.7 18.9 18.0 17.3 16.6 16.1 15.6 15.1 14.9 nan nan nan nan nan nan nan nan nan nan nan nan nan nan nan nan nan nan
nan nan nan nan nan nan nan nan nan nan nan nan nan nan nan nan nan nan nan nan nan nan nan nan nan nan nan nan nan nan nan nan nan nan nan 16.9 9.3 nan nan nan nan 22.9 23.1 22.4 22.0 21.9 21.8 21.8 21.7 21.8 21.9 22.0 22.1 22.1 22.3 22.4 22.5 22.5 22.4 22.2 21.9 21.5 20.9 20.1 19.3 18.3 17.4 16.6 16.0 15.5 15.1 15.0 14.9 6.8 nan nan nan nan nan nan nan nan nan nan nan nan nan nan nan nan
nan nan nan nan nan nan nan nan nan nan nan nan nan nan nan nan nan nan nan nan nan nan nan nan nan nan nan nan nan nan nan nan nan nan 10.9 13.6 23.0 23.0 nan 9.3 nan 22.0 23.2 22.7 22.3 22.0 22.0 21.9 21.8 21.9 22.0 22.0 22.1 22.2 22.3 22.5 22.6 22.7 22.6 22.4 22.2 21.8 21.1 20.3 19.4 18.3 17.3 16.6 16.0 15.5 15.1 15.1 15.0 15.0 nan nan nan nan nan nan nan nan nan nan nan nan nan nan nan nan
nan nan nan nan nan nan nan nan nan nan nan nan nan nan nan nan nan nan nan nan nan nan nan nan nan nan nan nan nan nan nan nan nan nan 23.2 22.4 22.9 19.2 10.5 21.0 22.1 19.0 22.5 23.1 22.7 22.4 22.2 22.1 22.0 21.9 22.0 22.1 22.1 22.2 22.3 22.5 22.6 22.8 22.8 22.7 22.4 22.0 21.2 20.3 19.3 18.1 17.0 16.7 16.2 15.7 15.3 15.2 15.1 15.2 15.4 nan nan nan nan nan nan nan nan nan nan nan nan nan nan nan
nan nan nan nan nan nan nan nan nan nan nan nan nan nan nan nan nan nan nan nan nan nan nan nan nan nan nan nan nan nan nan nan nan nan 23.4 23.4 23.0 22.3 19.2 nan 23.3 22.4 23.9 23.6 23.1 22.7 22.4 22.3 22.1 22.0 22.0 22.1 22.1 22.1 22.3 22.5 22.7 22.9 22.9 22.9 22.6 22.1 -9999.0 -9999.0 -9999.0 -9999.0 -9999.0 -9999.0 -9999.0 7.1 15.6 15.4 15.4 15.4 15.5 nan nan nan nan nan nan nan nan nan nan nan nan nan nan -9999.0
nan nan nan nan nan nan nan nan nan nan nan nan nan nan nan nan nan nan nan nan nan nan nan nan nan nan nan nan nan nan nan nan nan nan 23.5 23.4 23.5 23.5 23.4 nan nan 24.8 24.5 24.0 23.5 23.0 22.7 22.4 22.2 22.1 22.0 22.0 22.0 22.1 22.3 22.5 22.7 22.9 23.1 23.0 22.7 -9999.0 -9999.0 -9999.0 -9999.0 -9999.0 -9999.0 -9999.0 -9999.0 nan 7.9 15.7 15.7 15.4 nan nan nan nan nan nan nan nan nan nan nan nan nan nan nan -9999.0
nan nan nan nan nan nan nan nan nan nan nan nan nan nan nan nan nan nan nan nan nan nan nan nan nan nan nan nan nan nan nan nan nan nan 23.5 23.5 23.6 23.7 23.0 nan 20.6 22.5 24.7 24.3 23.8 23.4 23.0 22.7 22.4 22.1 22.0 21.9 21.9 22.0 22.3 22.5 22.8 23.1 23.2 23.2 22.7 -9999.0 -9999.0 -9999.0 -9999.0 -9999.0 -9999.0 -9999.0 -9999.0 -9999.0 -9999.0 nan 6.9 6.9 nan nan nan nan nan nan nan nan nan nan nan nan nan nan nan -9999.0
nan nan nan nan nan nan nan nan nan nan nan nan nan nan nan nan nan nan nan nan nan nan nan nan nan nan nan nan nan nan nan nan nan nan 23.4 23.5 23.7 19.7 19.6 13.4 22.0 20.2 24.4 24.6 24.1 23.6 23.2 22.8 22.5 22.2 22.0 21.9 21.9 22.0 22.3 22.6 22.9 23.2 23.4 23.2 -9999.0 -9999.0 -9999.0 -9999.0 -9999.0 -9999.0 -9999.0 -9999.0 -9999.0 -9999.0 -9999.0 nan nan nan nan nan nan nan nan nan nan nan nan nan nan nan nan nan nan -9999.0
nan nan nan nan nan nan nan nan nan nan nan nan nan nan nan nan nan nan nan nan nan nan nan nan nan nan nan nan nan nan nan nan 18.2 19.7 21.6 23.5 23.8 23.2 19.6 19.0 nan 24.9 24.9 24.7 24.3 23.8 23.4 22.9 22.5 22.2 22.0 21.9 21.8 22.0 22.3 22.7 23.0 23.4 23.5 -9999.0 -9999.0 -9999.0 -9999.0 -9999.0 -9999.0 -9999.0 -9999.0 -9999.0 -9999.0 -9999.0 -9999.0 -9999.0 nan nan nan nan nan nan nan nan nan nan nan nan nan nan nan nan nan -9999.0
nan nan nan nan nan nan nan nan nan nan nan nan nan nan nan nan nan nan nan nan nan nan nan nan nan nan nan nan nan 9.4 nan nan 22.9 23.0 23.7 22.8 23.8 24.0 23.6 nan nan 25.1 25.2 24.9 24.5 24.0 23.5 23.0 22.6 22.2 21.9 21.8 21.8 22.0 22.4 22.8 23.2 23.5 23.5 -9999.0 -9999.0 -9999.0 -9999.0 -9999.0 -9999.0 -9999.0 -9999.0 -9999.0 -9999.0 -9999.0 -9999.0 -9999.0 -9999.0 -9999.0 nan nan nan nan nan nan nan nan nan nan nan nan nan nan nan -9999.0
nan nan nan nan nan nan nan nan nan nan nan nan nan nan nan nan nan nan nan nan nan nan nan nan nan nan nan nan nan 8.6 8.6 nan 23.4 23.6 20.1 21.3 21.1 23.9 23.9 22.7 nan 25.2 25.4 25.1 24.6 24.1 23.6 23.1 22.6 22.2 21.9 21.9 21.9 22.1 22.4 22.9 23.3 23.7 -9999.0 -9999.0 -9999.0 -9999.0 -9999.0 -9999.0 -9999.0 -9999.0 -9999.0 -9999.0 -9999.0 -9999.0 -9999.0 -9999.0 -9999.0 -9999.0 -9999.0 nan nan nan nan nan nan nan nan nan nan nan nan nan nan -9999.0
nan nan nan nan nan nan nan nan nan nan nan nan nan nan nan nan nan nan nan nan nan nan nan nan nan nan nan nan nan 9.1 23.6 23.8 23.9 24.0 23.8 nan 8.6 23.0 24.0 24.2 nan 24.4 25.7 25.4 24.8 24.3 23.7 23.2 22.6 22.2 22.0 21.9 22.0 22.2 22.6 23.0 23.6 23.8 -9999.0 -9999.0 -9999.0 -9999.0 -9999.0 -9999.0 -9999.0 -9999.0 -9999.0 -9999.0 -9999.0 -9999.0 -9999.0 -9999.0 -9999.0 -9999.0 -9999.0 -9999.0 nan nan nan nan nan nan nan nan nan nan nan nan nan -9999.0
nan nan nan nan nan nan nan nan nan nan nan nan nan nan nan nan nan nan nan nan nan nan nan nan nan nan nan nan nan nan 22.4 23.9 24.0 24.1 19.8 nan nan 20.0 21.7 21.0 nan 21.3 23.1 25.5 25.0 24.4 23.9 23.3 22.7 22.3 22.1 22.0 22.2 22.4 22.9 23.3 23.8 24.1 -9999.0 -9999.0 -9999.0 -9999.0 -9999.0 -9999.0 -9999.0 -9999.0 -9999.0 -9999.0 -9999.0 -9999.0 -9999.0 -9999.0 -9999.0 -9999.0 -9999.0 -9999.0 -9999.0 nan nan nan nan nan nan nan nan nan nan nan nan -9999.0
nan nan nan nan nan nan nan nan nan nan nan nan nan nan nan nan nan nan nan nan nan nan nan nan nan nan nan nan nan nan 21.9 23.9 24.0 24.2 21.2 nan 9.4 17.8 20.4 12.4 19.8 17.7 19.5 24.8 25.2 24.6 24.0 23.4 22.8 22.4 22.2 22.1 22.3 22.6 23.2 23.6 24.0 24.2 -9999.0 -9999.0 -9999.0 -9999.0 -9999.0 -9999.0 -9999.0 -9999.0 -9999.0 -9999.0 -9999.0 -9999.0 -9999.0 -9999.0 -9999.0 -9999.0 -9999.0 -9999.0 -9999.0 -9999.0 nan nan nan nan nan nan nan nan nan nan nan -9999.0
nan nan nan nan nan nan nan nan nan nan nan nan nan nan nan nan nan nan nan nan nan nan nan nan nan nan nan nan nan nan 22.5 23.2 24.0 24.2 18.8 9.4 nan 21.8 15.1 10.8 16.8 nan 25.1 25.8 25.4 24.7 24.1 23.5 23.0 22.6 22.4 22.3 22.4 22.8 23.4 24.0 24.1 19.7 -9999.0 -9999.0 -9999.0 -9999.0 -9999.0 -9999.0 -9999.0 -9999.0 -9999.0 -9999.0 -9999.0 -9999.0 -9999.0 -9999.0 -9999.0 -9999.0 -9999.0 -9999.0 -9999.0 -9999.0 -9999.0 -9999.0 nan nan nan nan nan nan nan nan nan -9999.0
nan nan nan nan nan nan nan nan nan nan nan nan nan nan nan nan nan nan nan nan nan nan nan nan nan nan nan nan nan nan nan 23.4 23.9 24.0 23.0 nan nan 16.2 14.9 11.0 nan nan 25.9 25.9 25.6 25.0 24.4 23.8 23.3 22.9 22.6 22.5 22.6 23.1 23.7 24.5 24.3 22.3 -9999.0 -9999.0 -9999.0 -9999.0 -9999.0 -9999.0 -9999.0 -9999.0 -9999.0 -9999.0 -9999.0 nan nan nan -9999.0 -9999.0 -9999.0 -9999.0 -9999.0 -9999.0 -9999.0 -9999.0 -9999.0 -9999.0 -9999.0 -9999.0 -9999.0 nan nan nan -9999.0 -9999.0
nan nan nan nan nan nan nan nan nan nan nan nan nan nan nan nan nan nan nan nan nan nan nan nan nan nan nan nan nan nan nan 20.2 22.8 23.7 23.8 nan 9.4 12.7 20.6 10.8 nan nan 25.9 26.1 25.8 25.2 24.6 24.0 23.5 23.1 22.8 22.7 22.9 23.3 23.9 24.7 24.9 22.5 -9999.0 -9999.0 -9999.0 -9999.0 -9999.0 -9999.0 -9999.0 -9999.0 -9999.0 -9999.0 -9999.0 nan nan nan nan nan -9999.0 -9999.0 -9999.0 -9999.0 -9999.0 -9999.0 -9999.0 -9999.0 -9999.0 -9999.0 -9999.0 -9999.0 -9999.0 -9999.0 -9999.0 -9999.0
nan nan nan nan nan nan nan nan nan nan nan nan nan nan nan nan nan nan nan nan nan nan nan nan nan nan nan nan nan nan nan 9.2 22.6 23.5 21.7 19.5 19.7 15.1 12.7 10.2 11.2 nan 25.7 26.3 26.0 25.5 24.9 24.3 23.8 23.4 23.1 22.9 23.0 23.5 24.0 24.6 24.7 20.3 -9999.0 -9999.0 -9999.0 -9999.0 -9999.0 -9999.0 -9999.0 -9999.0 -9999.0 -9999.0 -9999.0 -9999.0 -9999.0 -9999.0 -9999.0 -9999.0 -9999.0 -9999.0 -9999.0 -9999.0 -9999.0 -9999.0 -9999.0 -9999.0 -9999.0 -9999.0 -9999.0 -9999.0 -9999.0 -9999.0 -9999.0 -9999.0
nan nan nan nan nan nan nan nan nan nan nan nan nan nan nan nan nan nan nan nan nan nan nan nan nan nan nan nan nan nan nan 9.2 18.0 23.6 23.7 23.7 23.2 nan 15.0 16.9 9.4 nan 25.8 26.3 26.1 25.7 25.1 24.6 24.1 23.7 23.3 23.1 23.2 23.6 24.2 24.5 24.7 21.5 -9999.0 -9999.0 -9999.0 -9999.0 -9999.0 -9999.0 -9999.0 -9999.0 -9999.0 -9999.0 -9999.0 -9999.0 -9999.0 -9999.0 -9999.0 -9999.0 -9999.0 -9999.0 -9999.0 -9999.0 -9999.0 -9999.0 -9999.0 -9999.0 -9999.0 -9999.0 -9999.0 -9999.0 -9999.0 -9999.0 -9999.0 -9999.0
nan nan nan nan nan nan nan nan nan nan nan nan nan nan nan nan nan nan nan nan nan nan nan nan nan nan nan nan nan nan nan 9.2 19.4 20.5 23.3 23.2 22.9 nan nan 14.9 10.3 nan nan 25.7 26.1 25.9 25.4 24.8 24.3 24.0 23.6 23.4 23.3 23.6 24.2 24.6 25.0 21.1 -9999.0 -9999.0 -9999.0 -9999.0 -9999.0 -9999.0 -9999.0 -9999.0 -9999.0 -9999.0 -9999.0 -9999.0 -9999.0 -9999.0 -9999.0 -9999.0 -9999.0 -9999.0 -9999.0 -9999.0 -9999.0 -9999.0 -9999.0 -9999.0 -9999.0 -9999.0 -9999.0 -9999.0 -9999.0 -9999.0 -9999.0 -9999.0
nan nan nan nan nan nan nan nan nan nan nan nan nan nan nan nan nan nan nan nan nan nan nan nan nan nan nan nan nan nan nan nan 9.0 22.6 22.8 22.8 nan nan nan 14.8 10.3 9.1 nan nan 25.3 26.1 25.7 25.1 24.6 24.2 23.9 23.6 23.5 23.7 24.2 24.6 25.2 21.6 -9999.0 -9999.0 -9999.0 -9999.0 -9999.0 -9999.0 -9999.0 -9999.0 -9999.0 -9999.0 -9999.0 -9999.0 -9999.0 -9999.0 -9999.0 -9999.0 -9999.0 -9999.0 -9999.0 -9999.0 -9999.0 -9999.0 -9999.0 -9999.0 nan nan nan -9999.0 -9999.0 -9999.0 -9999.0 -9999.0
nan nan nan nan nan nan nan nan nan nan nan nan nan nan nan nan nan nan nan nan nan nan nan nan nan nan nan nan nan nan nan nan 20.9 22.0 22.4 22.6 nan nan nan nan 11.8 9.1 16.8 nan 24.5 25.5 25.8 25.4 24.9 24.4 24.1 23.8 23.7 23.8 24.2 24.8 25.2 24.7 -9999.0 -9999.0 -9999.0 -9999.0 -9999.0 -9999.0 -9999.0 -9999.0 -9999.0 -9999.0 -9999.0 -9999.0 -9999.0 -9999.0 -9999.0 -9999.0 -9999.0 -9999.0 -9999.0 -9999.0 -9999.0 -9999.0 nan nan nan nan nan nan nan nan -9999.0 -9999.0
nan nan nan nan nan nan nan nan nan nan nan nan nan nan nan nan nan nan nan nan nan nan nan nan nan nan nan nan nan nan nan nan nan 22.1 22.4 22.6 nan nan nan nan 15.6 10.1 12.2 11.9 nan 25.9 26.0 25.7 25.2 24.8 24.4 24.0 23.9 23.9 24.2 24.9 25.4 25.2 -9999.0 -9999.0 -9999.0 -9999.0 -9999.0 -9999.0 -9999.0 -9999.0 -9999.0 -9999.0 -9999.0 nan nan nan nan nan nan nan nan nan nan nan nan nan nan nan nan nan nan nan nan nan
nan nan nan nan nan nan nan nan nan nan nan nan nan nan nan nan nan nan nan nan nan nan nan nan nan nan nan nan nan nan nan nan nan 22.3 22.6 22.7 22.6 nan nan nan 21.7 11.9 11.0 20.4 nan nan 25.8 25.9 25.6 25.2 24.8 24.4 24.1 24.1 24.4 25.0 25.6 26.1 -9999.0 -9999.0 -9999.0 -9999.0 -9999.0 -9999.0 -9999.0 -9999.0 -9999.0 -9999.0 nan nan nan nan nan nan nan nan nan nan nan nan nan nan nan nan nan nan nan nan nan nan
