data/output/RUN203/ECOSPACE/ECOSPACE_in_PAR3/PAR-VarZ-VarK/PAR-VarZ-VarK_2001_06.asc
ncols        93
nrows        151 
xllcorner    -123.80739
yllcorner    48.29471 
cellsize     0.013497347 
NODATA_value  0.0
[rows 80 to 119 of 151, columns 0 to 89 of 93]
nan nan nan nan nan nan nan nan nan nan nan nan nan nan nan nan nan nan nan nan nan nan nan 32.7 31.4 32.3 34.7 34.2 32.8 31.3 30.0 28.9 27.9 27.0 26.3 25.7 25.2 24.8 24.6 24.4 24.2 23.9 23.4 22.6 21.9 21.2 20.6 20.0 19.4 18.8 18.2 17.6 17.0 16.6 nan nan nan nan nan nan nan nan nan nan nan nan 14.6 14.7 14.7 14.7 nan 14.5 14.4 14.4 14.4 14.4 14.4 14.2 14.2 14.4 14.8 14.9 14.7 nan nan nan nan nan nan nan
nan nan nan nan nan nan nan nan nan nan nan nan nan nan nan nan nan nan nan nan nan nan nan nan nan nan 35.2 34.9 33.9 32.5 31.2 29.9 28.8 27.9 27.0 26.4 25.8 25.4 25.1 24.9 24.7 24.4 23.9 23.2 22.4 21.7 21.0 20.5 19.9 19.3 18.7 18.0 17.4 16.9 16.4 nan nan nan nan nan nan nan nan nan nan nan 14.8 14.8 nan nan nan nan nan 14.5 14.5 14.5 nan 14.3 14.4 14.7 14.9 15.1 nan nan nan nan nan nan nan nan
nan nan nan nan nan nan nan nan nan nan nan nan nan nan nan nan nan nan nan nan nan nan nan nan nan nan nan 35.3 34.7 33.7 32.4 31.0 29.8 28.8 27.9 27.2 26.5 26.1 25.7 25.5 25.2 25.0 24.5 23.8 23.0 22.2 21.5 21.0 20.4 19.9 19.2 18.5 17.8 17.2 16.7 16.3 nan nan nan nan nan nan nan nan nan 14.9 15.0 nan nan nan nan nan nan 14.5 14.5 14.5 nan 14.4 14.6 14.9 15.1 nan nan nan nan nan nan nan nan nan
nan nan nan nan nan nan nan nan nan nan nan nan nan nan nan nan nan nan nan nan nan nan nan nan nan nan nan nan 33.1 34.1 33.6 32.3 31.0 29.9 28.9 28.1 27.4 26.8 26.4 26.0 25.7 25.4 25.0 24.3 23.5 22.7 22.0 21.4 20.9 20.4 19.8 19.1 18.3 17.6 17.1 16.6 16.3 nan nan nan nan nan nan nan nan 15.0 15.0 nan nan nan nan nan nan 14.6 14.6 14.6 14.9 15.1 15.0 15.0 nan nan nan nan nan nan nan nan nan nan
nan nan nan nan nan nan nan nan nan nan nan nan nan nan nan nan nan nan nan nan nan nan nan nan nan nan nan nan nan 16.4 34.7 33.6 32.2 31.0 29.9 29.0 28.2 27.6 27.0 26.6 26.2 25.9 25.4 24.8 24.0 23.2 22.5 21.9 21.4 20.9 20.3 19.7 18.9 18.2 17.6 17.0 16.6 16.3 nan nan nan nan nan nan 15.1 15.1 15.1 nan 15.2 15.1 15.1 nan nan 14.6 14.7 14.9 15.2 15.6 nan nan nan nan nan nan nan nan nan nan nan nan
nan nan nan nan nan nan nan nan nan nan nan nan nan nan nan nan nan nan nan nan nan nan nan nan nan nan nan nan nan nan 17.0 34.4 33.3 32.1 31.0 30.0 29.1 28.4 27.7 27.2 26.8 26.4 25.9 25.3 24.6 23.8 23.0 22.3 21.8 21.3 20.8 20.2 19.5 18.8 18.1 17.5 17.0 16.6 nan nan nan nan nan 15.2 15.2 15.2 15.2 15.3 15.2 15.2 15.1 10.6 nan 14.7 14.9 15.1 15.3 15.4 nan nan nan nan nan nan nan nan nan nan nan nan
nan nan nan nan nan nan nan nan nan nan nan nan nan nan nan nan nan nan nan nan nan nan nan nan nan nan nan nan nan nan nan 32.4 34.1 33.2 32.1 31.0 30.1 29.3 28.5 27.8 27.3 26.8 26.3 25.8 25.2 24.5 23.6 22.9 22.3 21.8 21.3 20.8 20.1 19.5 18.7 18.1 17.5 17.0 16.4 nan nan 15.5 15.6 15.5 15.4 15.4 15.4 15.4 15.3 15.2 15.1 nan nan 14.9 15.1 15.2 15.4 15.4 nan nan nan nan nan nan nan nan nan nan nan nan
nan nan nan nan nan nan nan nan nan nan nan nan nan nan nan nan nan nan nan nan nan nan nan nan nan nan nan nan nan nan nan nan 34.9 34.2 33.2 32.1 31.1 30.1 29.3 28.5 27.9 27.3 26.8 26.3 25.8 25.0 24.2 23.4 22.8 22.3 21.9 21.3 20.8 20.1 19.4 18.6 18.0 17.4 16.9 16.3 16.0 15.9 15.9 nan 15.6 15.6 15.7 15.6 15.6 15.5 15.4 15.2 15.2 15.3 15.3 15.4 15.5 nan nan nan nan nan nan nan nan nan nan nan nan nan
nan nan nan nan nan nan nan nan nan nan nan nan nan nan nan nan nan nan nan nan nan nan nan nan nan nan nan nan nan nan 34.3 34.7 35.1 34.8 34.1 33.1 32.1 31.1 30.1 29.3 28.6 28.0 27.4 26.8 26.3 25.5 24.8 24.0 23.4 22.9 22.4 21.9 21.3 20.8 20.0 19.3 18.6 17.9 17.4 16.8 16.5 16.2 16.1 16.0 16.0 16.0 16.0 16.0 15.9 15.8 15.7 15.5 15.4 15.4 15.4 15.5 15.5 nan nan nan nan nan nan nan nan nan nan nan nan nan
nan nan nan nan nan nan nan nan nan nan nan nan nan nan nan nan nan nan nan nan nan nan nan nan nan nan nan nan nan nan nan nan 35.0 35.0 34.6 34.0 33.0 32.1 31.1 30.2 29.4 28.6 27.9 27.4 26.8 26.1 25.3 24.5 23.9 23.3 22.8 22.3 21.8 21.3 20.7 20.0 19.3 18.6 17.9 17.4 16.9 16.6 16.5 16.4 16.3 16.2 16.2 nan nan nan 15.8 15.7 15.6 15.5 15.6 15.6 nan nan nan nan nan nan nan nan nan nan nan nan nan nan
nan nan nan nan nan nan nan nan nan nan nan nan nan nan nan nan nan nan nan nan nan nan nan nan nan nan nan nan nan nan 18.7 16.9 35.0 35.1 34.8 34.5 33.8 33.1 32.1 31.1 30.1 29.3 28.6 27.9 27.3 26.5 25.8 25.1 24.4 23.8 23.2 22.7 22.2 21.7 21.2 20.6 19.9 19.2 18.5 17.9 17.4 17.0 16.7 16.6 nan nan nan nan nan nan nan 15.9 15.8 15.7 15.6 15.6 nan nan nan nan nan nan nan nan nan nan nan nan nan nan
nan nan nan nan nan nan nan nan nan nan nan nan nan nan nan nan nan nan nan nan nan nan nan nan nan nan nan nan nan nan 17.9 34.4 35.1 35.6 35.4 19.1 34.7 34.2 33.0 31.9 30.9 30.0 29.2 28.5 27.8 27.0 26.2 25.5 24.9 24.2 23.6 23.0 22.5 22.1 21.6 21.0 20.4 19.8 19.1 18.4 17.8 17.3 16.9 nan nan nan nan nan nan 15.9 15.9 16.0 15.8 15.7 15.7 nan nan nan nan nan nan nan nan nan nan nan nan nan nan nan
nan nan nan nan nan nan nan nan nan nan nan nan nan nan nan nan nan nan nan nan nan nan nan nan nan nan nan nan nan nan 18.8 33.3 35.3 35.9 nan nan nan 34.3 33.7 32.6 31.6 30.7 29.8 29.1 28.2 27.4 26.5 25.8 25.2 24.6 23.9 23.3 22.8 22.3 21.9 21.4 20.9 20.2 19.5 18.9 18.2 17.7 17.2 nan nan nan nan nan 16.0 16.0 15.9 15.9 15.8 15.7 nan nan nan nan nan nan nan nan nan nan nan nan nan nan nan nan
nan nan nan nan nan nan nan nan nan nan nan nan nan nan nan nan nan nan nan nan nan nan nan nan nan nan nan nan nan nan 18.6 16.9 35.9 36.0 nan nan nan 32.2 34.1 33.2 32.3 31.4 30.5 29.6 28.7 27.7 26.8 26.0 25.4 24.7 24.1 23.5 23.0 22.6 22.1 21.6 21.1 20.6 19.9 19.2 18.5 17.9 17.4 16.7 16.4 nan 16.1 16.1 16.1 16.0 16.0 15.8 nan nan nan nan nan nan nan nan nan nan nan nan nan nan nan nan nan nan
nan nan nan nan nan nan nan nan nan nan nan nan nan nan nan nan nan nan nan nan nan nan nan nan nan nan nan nan nan nan nan nan 35.8 30.4 nan nan nan nan 34.1 33.8 33.2 32.2 31.2 30.2 29.1 28.0 27.0 26.2 25.6 24.9 24.3 23.7 23.2 22.7 22.3 21.8 21.4 20.9 20.3 19.6 18.9 18.2 17.6 17.0 16.7 16.5 16.3 16.1 16.1 16.0 15.9 nan nan nan nan nan nan nan nan nan nan nan nan nan nan nan nan nan nan nan
nan nan nan nan nan nan nan nan nan nan nan nan nan nan nan nan nan nan nan nan nan nan nan nan nan nan nan nan nan nan nan nan nan 30.1 17.5 nan nan nan 17.1 34.8 34.2 33.2 32.1 30.9 29.6 28.4 27.3 26.4 25.7 25.1 24.4 23.8 23.3 22.9 22.4 22.0 21.5 21.1 20.5 19.9 19.2 18.5 17.9 17.3 16.9 16.6 16.3 16.2 16.0 16.0 15.7 nan nan nan nan nan nan nan nan nan nan nan nan nan nan nan nan nan nan nan
nan nan nan nan nan nan nan nan nan nan nan nan nan nan nan nan nan nan nan nan nan nan nan nan nan nan nan nan nan nan nan nan nan nan 19.1 32.1 nan nan nan nan 35.1 34.5 33.1 31.7 30.2 28.8 27.6 26.6 25.9 25.2 24.5 24.0 23.5 23.0 22.5 22.1 21.7 21.2 20.7 20.1 19.5 18.8 18.2 17.6 17.1 16.7 16.4 16.2 16.1 16.0 15.9 15.6 nan nan nan nan nan nan nan nan nan nan nan nan nan nan nan nan nan nan
nan nan nan nan nan nan nan nan nan nan nan nan nan nan nan nan nan nan nan nan nan nan nan nan nan nan nan nan nan nan nan nan nan nan nan 24.2 18.9 nan nan nan nan 33.3 33.6 32.2 30.7 29.2 27.9 26.9 26.0 25.3 24.6 24.0 23.5 23.1 22.7 22.3 21.9 21.4 20.9 20.3 19.7 19.0 18.4 17.7 17.2 16.8 16.5 16.2 16.1 15.9 15.9 15.8 15.7 10.9 nan nan nan nan nan nan nan nan nan nan nan nan nan nan nan nan
nan nan nan nan nan nan nan nan nan nan nan nan nan nan nan nan nan nan nan nan nan nan nan nan nan nan nan nan nan nan nan nan nan nan 19.0 23.6 33.6 33.3 nan 19.0 nan 30.5 33.4 32.5 31.1 29.6 28.2 27.1 26.2 25.5 24.7 24.1 23.6 23.2 22.8 22.4 22.0 21.6 21.0 20.5 19.9 19.2 18.5 17.8 17.2 16.8 16.5 16.3 16.2 16.0 15.8 15.8 15.7 15.6 nan nan nan nan nan nan nan nan nan nan nan nan nan nan nan nan
nan nan nan nan nan nan nan nan nan nan nan nan nan nan nan nan nan nan nan nan nan nan nan nan nan nan nan nan nan nan nan nan nan nan 33.5 33.7 34.4 33.0 21.3 30.7 31.9 28.2 33.5 32.9 31.5 30.0 28.6 27.4 26.4 25.6 24.8 24.2 23.6 23.2 22.8 22.5 22.1 21.7 21.2 20.6 20.0 19.3 18.5 17.8 17.2 16.7 16.0 15.6 15.1 15.9 15.8 15.8 15.8 15.7 15.8 nan nan nan nan nan nan nan nan nan nan nan nan nan nan nan
nan nan nan nan nan nan nan nan nan nan nan nan nan nan nan nan nan nan nan nan nan nan nan nan nan nan nan nan nan nan nan nan nan nan 33.9 34.2 34.3 34.1 33.1 nan 32.8 32.5 34.5 33.5 32.0 30.5 29.0 27.7 26.6 25.7 24.9 24.2 23.7 23.2 22.9 22.5 22.2 21.9 21.4 20.8 20.1 19.3 -9999.0 -9999.0 -9999.0 -9999.0 -9999.0 -9999.0 -9999.0 11.9 16.0 15.8 15.8 15.7 15.7 nan nan nan nan nan nan nan nan nan nan nan nan nan nan -9999.0
nan nan nan nan nan nan nan nan nan nan nan nan nan nan nan nan nan nan nan nan nan nan nan nan nan nan nan nan nan nan nan nan nan nan 33.9 34.1 34.1 34.0 34.0 nan nan 34.9 34.9 33.8 32.4 30.8 29.4 28.0 26.8 25.8 24.9 24.2 23.6 23.2 22.9 22.6 22.4 22.0 21.5 20.9 20.2 -9999.0 -9999.0 -9999.0 -9999.0 -9999.0 -9999.0 -9999.0 -9999.0 nan 14.4 15.9 15.9 15.4 nan nan nan nan nan nan nan nan nan nan nan nan nan nan nan -9999.0
nan nan nan nan nan nan nan nan nan nan nan nan nan nan nan nan nan nan nan nan nan nan nan nan nan nan nan nan nan nan nan nan nan nan 33.6 33.6 33.7 34.0 34.4 nan 27.5 32.7 35.1 33.9 32.5 31.0 29.6 28.2 27.0 25.9 25.0 24.2 23.6 23.2 22.9 22.7 22.5 22.2 21.7 21.1 20.2 -9999.0 -9999.0 -9999.0 -9999.0 -9999.0 -9999.0 -9999.0 -9999.0 -9999.0 -9999.0 nan 11.6 11.6 nan nan nan nan nan nan nan nan nan nan nan nan nan nan nan -9999.0
nan nan nan nan nan nan nan nan nan nan nan nan nan nan nan nan nan nan nan nan nan nan nan nan nan nan nan nan nan nan nan nan nan nan 33.2 33.3 33.8 33.9 31.1 21.1 31.0 28.7 34.4 33.7 32.5 31.1 29.7 28.4 27.1 25.9 25.0 24.2 23.6 23.2 23.0 22.8 22.6 22.3 21.9 21.2 -9999.0 -9999.0 -9999.0 -9999.0 -9999.0 -9999.0 -9999.0 -9999.0 -9999.0 -9999.0 -9999.0 nan nan nan nan nan nan nan nan nan nan nan nan nan nan nan nan nan nan -9999.0
nan nan nan nan nan nan nan nan nan nan nan nan nan nan nan nan nan nan nan nan nan nan nan nan nan nan nan nan nan nan nan nan 30.1 31.0 32.7 33.5 34.3 35.4 35.2 34.7 nan 35.0 34.4 33.6 32.5 31.1 29.8 28.5 27.2 26.0 25.0 24.3 23.7 23.3 23.1 22.9 22.8 22.6 22.2 -9999.0 -9999.0 -9999.0 -9999.0 -9999.0 -9999.0 -9999.0 -9999.0 -9999.0 -9999.0 -9999.0 -9999.0 -9999.0 nan nan nan nan nan nan nan nan nan nan nan nan nan nan nan nan nan -9999.0
nan nan nan nan nan nan nan nan nan nan nan nan nan nan nan nan nan nan nan nan nan nan nan nan nan nan nan nan nan 18.8 nan nan 33.2 33.3 33.3 33.7 34.8 36.1 36.9 nan nan 34.5 34.3 33.7 32.6 31.3 29.9 28.6 27.3 26.1 25.1 24.4 23.8 23.4 23.2 23.1 23.1 23.0 22.5 -9999.0 -9999.0 -9999.0 -9999.0 -9999.0 -9999.0 -9999.0 -9999.0 -9999.0 -9999.0 -9999.0 -9999.0 -9999.0 -9999.0 -9999.0 nan nan nan nan nan nan nan nan nan nan nan nan nan nan nan -9999.0
nan nan nan nan nan nan nan nan nan nan nan nan nan nan nan nan nan nan nan nan nan nan nan nan nan nan nan nan nan 16.1 16.2 nan 33.5 33.8 31.7 30.2 33.5 35.8 36.1 34.3 nan 34.5 34.6 34.0 32.9 31.5 30.1 28.8 27.5 26.2 25.2 24.5 23.9 23.6 23.5 23.5 23.5 23.5 -9999.0 -9999.0 -9999.0 -9999.0 -9999.0 -9999.0 -9999.0 -9999.0 -9999.0 -9999.0 -9999.0 -9999.0 -9999.0 -9999.0 -9999.0 -9999.0 -9999.0 nan nan nan nan nan nan nan nan nan nan nan nan nan nan -9999.0
nan nan nan nan nan nan nan nan nan nan nan nan nan nan nan nan nan nan nan nan nan nan nan nan nan nan nan nan nan 17.0 33.1 33.3 33.8 34.2 34.8 nan 17.2 35.2 35.6 35.9 nan 33.8 35.1 34.4 33.3 31.9 30.4 29.0 27.7 26.5 25.5 24.7 24.2 23.9 23.9 23.8 24.0 24.0 -9999.0 -9999.0 -9999.0 -9999.0 -9999.0 -9999.0 -9999.0 -9999.0 -9999.0 -9999.0 -9999.0 -9999.0 -9999.0 -9999.0 -9999.0 -9999.0 -9999.0 -9999.0 nan nan nan nan nan nan nan nan nan nan nan nan nan -9999.0
nan nan nan nan nan nan nan nan nan nan nan nan nan nan nan nan nan nan nan nan nan nan nan nan nan nan nan nan nan nan 32.3 33.1 33.8 34.5 32.5 nan nan 34.5 35.4 36.4 nan 30.4 32.6 34.5 33.6 32.2 30.8 29.4 28.0 26.8 25.8 25.0 24.5 24.3 24.3 24.2 24.5 24.4 -9999.0 -9999.0 -9999.0 -9999.0 -9999.0 -9999.0 -9999.0 -9999.0 -9999.0 -9999.0 -9999.0 -9999.0 -9999.0 -9999.0 -9999.0 -9999.0 -9999.0 -9999.0 -9999.0 nan nan nan nan nan nan nan nan nan nan nan nan -9999.0
nan nan nan nan nan nan nan nan nan nan nan nan nan nan nan nan nan nan nan nan nan nan nan nan nan nan nan nan nan nan 29.9 33.2 33.8 34.5 30.7 nan 19.1 27.4 31.9 19.5 30.5 25.0 27.7 33.7 33.8 32.5 31.1 29.8 28.4 27.2 26.2 25.4 25.0 24.8 24.7 24.7 24.8 24.0 -9999.0 -9999.0 -9999.0 -9999.0 -9999.0 -9999.0 -9999.0 -9999.0 -9999.0 -9999.0 -9999.0 -9999.0 -9999.0 -9999.0 -9999.0 -9999.0 -9999.0 -9999.0 -9999.0 -9999.0 nan nan nan nan nan nan nan nan nan nan nan -9999.0
nan nan nan nan nan nan nan nan nan nan nan nan nan nan nan nan nan nan nan nan nan nan nan nan nan nan nan nan nan nan 30.4 32.6 33.7 34.3 32.9 19.1 nan 32.1 25.6 18.9 26.5 nan 35.3 35.0 34.1 32.9 31.5 30.1 28.8 27.6 26.6 25.9 25.4 25.2 25.2 25.1 23.5 18.0 -9999.0 -9999.0 -9999.0 -9999.0 -9999.0 -9999.0 -9999.0 -9999.0 -9999.0 -9999.0 -9999.0 -9999.0 -9999.0 -9999.0 -9999.0 -9999.0 -9999.0 -9999.0 -9999.0 -9999.0 -9999.0 -9999.0 nan nan nan nan nan nan nan nan nan -9999.0
nan nan nan nan nan nan nan nan nan nan nan nan nan nan nan nan nan nan nan nan nan nan nan nan nan nan nan nan nan nan nan 33.0 33.5 34.1 34.7 nan nan 25.3 25.6 22.5 nan nan 35.5 35.2 34.3 33.2 31.9 30.6 29.3 28.1 27.2 26.5 26.0 25.8 25.8 25.7 23.6 20.6 -9999.0 -9999.0 -9999.0 -9999.0 -9999.0 -9999.0 -9999.0 -9999.0 -9999.0 -9999.0 -9999.0 nan nan nan -9999.0 -9999.0 -9999.0 -9999.0 -9999.0 -9999.0 -9999.0 -9999.0 -9999.0 -9999.0 -9999.0 -9999.0 -9999.0 nan nan nan -9999.0 -9999.0
nan nan nan nan nan nan nan nan nan nan nan nan nan nan nan nan nan nan nan nan nan nan nan nan nan nan nan nan nan nan nan 31.8 33.3 34.1 35.1 nan 18.0 22.4 33.5 20.2 nan nan 35.6 35.3 34.6 33.6 32.4 31.1 29.9 28.7 27.8 27.1 26.6 26.4 26.4 26.6 26.6 22.3 -9999.0 -9999.0 -9999.0 -9999.0 -9999.0 -9999.0 -9999.0 -9999.0 -9999.0 -9999.0 -9999.0 nan nan nan nan nan -9999.0 -9999.0 -9999.0 -9999.0 -9999.0 -9999.0 -9999.0 -9999.0 -9999.0 -9999.0 -9999.0 -9999.0 -9999.0 -9999.0 -9999.0 -9999.0
nan nan nan nan nan nan nan nan nan nan nan nan nan nan nan nan nan nan nan nan nan nan nan nan nan nan nan nan nan nan nan 18.7 33.2 34.2 35.0 33.2 30.5 25.4 20.9 17.5 21.2 nan 35.7 35.5 34.9 34.0 32.8 31.6 30.4 29.3 28.4 27.7 27.2 26.9 26.9 27.0 26.9 20.1 -9999.0 -9999.0 -9999.0 -9999.0 -9999.0 -9999.0 -9999.0 -9999.0 -9999.0 -9999.0 -9999.0 -9999.0 -9999.0 -9999.0 -9999.0 -9999.0 -9999.0 -9999.0 -9999.0 -9999.0 -9999.0 -9999.0 -9999.0 -9999.0 -9999.0 -9999.0 -9999.0 -9999.0 -9999.0 -9999.0 -9999.0 -9999.0
nan nan nan nan nan nan nan nan nan nan nan nan nan nan nan nan nan nan nan nan nan nan nan nan nan nan nan nan nan nan nan 18.7 32.8 34.2 35.3 35.9 35.6 nan 22.9 27.2 17.3 nan 35.8 35.9 35.3 34.4 33.4 32.2 31.0 29.9 29.0 28.4 27.9 27.6 27.5 27.5 27.3 22.1 -9999.0 -9999.0 -9999.0 -9999.0 -9999.0 -9999.0 -9999.0 -9999.0 -9999.0 -9999.0 -9999.0 -9999.0 -9999.0 -9999.0 -9999.0 -9999.0 -9999.0 -9999.0 -9999.0 -9999.0 -9999.0 -9999.0 -9999.0 -9999.0 -9999.0 -9999.0 -9999.0 -9999.0 -9999.0 -9999.0 -9999.0 -9999.0
nan nan nan nan nan nan nan nan nan nan nan nan nan nan nan nan nan nan nan nan nan nan nan nan nan nan nan nan nan nan nan 18.7 30.0 33.2 35.1 35.8 35.7 nan nan 24.6 20.0 nan nan 36.2 35.9 34.9 33.9 32.8 31.6 30.6 29.8 29.0 28.5 28.3 28.1 28.0 28.0 21.0 -9999.0 -9999.0 -9999.0 -9999.0 -9999.0 -9999.0 -9999.0 -9999.0 -9999.0 -9999.0 -9999.0 -9999.0 -9999.0 -9999.0 -9999.0 -9999.0 -9999.0 -9999.0 -9999.0 -9999.0 -9999.0 -9999.0 -9999.0 -9999.0 -9999.0 -9999.0 -9999.0 -9999.0 -9999.0 -9999.0 -9999.0 -9999.0
nan nan nan nan nan nan nan nan nan nan nan nan nan nan nan nan nan nan nan nan nan nan nan nan nan nan nan nan nan nan nan nan 17.9 34.0 35.0 35.8 nan nan nan 26.1 19.6 21.2 nan nan 35.6 35.2 34.4 33.3 32.2 31.2 30.5 29.8 29.2 29.0 28.9 28.8 28.6 27.2 -9999.0 -9999.0 -9999.0 -9999.0 -9999.0 -9999.0 -9999.0 -9999.0 -9999.0 -9999.0 -9999.0 -9999.0 -9999.0 -9999.0 -9999.0 -9999.0 -9999.0 -9999.0 -9999.0 -9999.0 -9999.0 -9999.0 -9999.0 -9999.0 nan nan nan -9999.0 -9999.0 -9999.0 -9999.0 -9999.0
nan nan nan nan nan nan nan nan nan nan nan nan nan nan nan nan nan nan nan nan nan nan nan nan nan nan nan nan nan nan nan nan 32.4 33.6 34.6 35.4 nan nan nan nan 22.0 21.1 34.7 nan 34.7 35.9 35.2 34.0 32.9 32.0 31.2 30.5 30.0 29.8 29.7 29.6 29.4 28.7 -9999.0 -9999.0 -9999.0 -9999.0 -9999.0 -9999.0 -9999.0 -9999.0 -9999.0 -9999.0 -9999.0 -9999.0 -9999.0 -9999.0 -9999.0 -9999.0 -9999.0 -9999.0 -9999.0 -9999.0 -9999.0 -9999.0 nan nan nan nan nan nan nan nan -9999.0 -9999.0
nan nan nan nan nan nan nan nan nan nan nan nan nan nan nan nan nan nan nan nan nan nan nan nan nan nan nan nan nan nan nan nan nan 33.7 34.8 35.6 nan nan nan nan 28.5 23.9 29.2 23.5 nan 36.5 36.2 34.8 33.7 32.8 32.1 31.3 30.7 30.5 30.4 30.5 30.3 29.9 -9999.0 -9999.0 -9999.0 -9999.0 -9999.0 -9999.0 -9999.0 -9999.0 -9999.0 -9999.0 -9999.0 nan nan nan nan nan nan nan nan nan nan nan nan nan nan nan nan nan nan nan nan nan
nan nan nan nan nan nan nan nan nan nan nan nan nan nan nan nan nan nan nan nan nan nan nan nan nan nan nan nan nan nan nan nan nan 33.8 34.8 36.2 36.1 nan nan nan 37.2 25.0 27.0 37.0 nan nan 35.9 35.2 34.3 33.6 32.9 32.1 31.5 31.1 31.1 31.2 31.1 31.2 -9999.0 -9999.0 -9999.0 -9999.0 -9999.0 -9999.0 -9999.0 -9999.0 -9999.0 -9999.0 nan nan nan nan nan nan nan nan nan nan nan nan nan nan nan nan nan nan nan nan nan nan
