data/output/RUN203/ECOSPACE/ECOSPACE_in_PAR3/PAR-VarZ-VarK/PAR-VarZ-VarK_2017_06.asc
ncols        93
nrows        151 
xllcorner    -123.80739
yllcorner    48.29471 
cellsize     0.013497347 
NODATA_value  0.0
[rows 80 to 119 of 151, columns 0 to 89 of 93]
nan nan nan nan nan nan nan nan nan nan nan nan nan nan nan nan nan nan nan nan nan nan nan 28.3 28.1 28.0 29.3 29.6 29.1 28.4 27.5 26.5 25.5 24.6 23.6 22.7 21.9 21.2 20.5 20.0 19.6 19.2 18.8 18.3 17.8 17.4 17.1 16.9 16.7 16.5 16.3 16.1 15.8 15.7 nan nan nan nan nan nan nan nan nan nan nan nan 13.2 13.2 13.3 13.2 nan 13.0 13.0 12.9 12.9 12.9 12.9 12.7 12.6 12.8 13.1 13.2 13.1 nan nan nan nan nan nan nan
nan nan nan nan nan nan nan nan nan nan nan nan nan nan nan nan nan nan nan nan nan nan nan nan nan nan 29.8 29.7 29.4 28.9 28.1 27.2 26.2 25.3 24.3 23.3 22.4 21.6 20.9 20.3 19.8 19.3 18.9 18.5 18.0 17.5 17.2 17.0 16.7 16.5 16.3 16.1 15.9 15.7 15.4 nan nan nan nan nan nan nan nan nan nan nan 13.4 13.4 nan nan nan nan nan 13.0 13.0 13.0 nan 12.7 12.8 13.0 13.2 13.3 nan nan nan nan nan nan nan nan
nan nan nan nan nan nan nan nan nan nan nan nan nan nan nan nan nan nan nan nan nan nan nan nan nan nan nan 29.7 29.4 29.2 28.7 27.8 26.9 26.0 25.0 24.0 22.9 22.0 21.2 20.6 20.0 19.5 19.0 18.5 18.1 17.6 17.3 17.0 16.8 16.5 16.3 16.1 15.8 15.6 15.5 15.3 nan nan nan nan nan nan nan nan nan 13.4 13.5 nan nan nan nan nan nan 13.0 13.0 13.0 nan 12.9 13.0 13.2 13.3 nan nan nan nan nan nan nan nan nan
nan nan nan nan nan nan nan nan nan nan nan nan nan nan nan nan nan nan nan nan nan nan nan nan nan nan nan nan 27.5 28.8 29.0 28.4 27.6 26.7 25.7 24.6 23.5 22.5 21.6 20.9 20.2 19.6 19.1 18.6 18.2 17.7 17.3 17.0 16.8 16.5 16.3 16.1 15.8 15.6 15.5 15.4 15.2 nan nan nan nan nan nan nan nan 13.5 13.6 nan nan nan nan nan nan 13.0 13.0 13.1 13.2 13.4 13.3 13.2 nan nan nan nan nan nan nan nan nan nan
nan nan nan nan nan nan nan nan nan nan nan nan nan nan nan nan nan nan nan nan nan nan nan nan nan nan nan nan nan 15.9 29.4 29.0 28.1 27.2 26.2 25.1 24.0 23.0 22.0 21.2 20.5 19.8 19.2 18.7 18.3 17.8 17.4 17.1 16.8 16.5 16.3 16.1 15.9 15.7 15.6 15.4 15.3 15.1 nan nan nan nan nan nan 13.6 13.6 13.6 nan 13.6 13.5 13.5 nan nan 13.0 13.1 13.2 13.5 13.8 nan nan nan nan nan nan nan nan nan nan nan nan
nan nan nan nan nan nan nan nan nan nan nan nan nan nan nan nan nan nan nan nan nan nan nan nan nan nan nan nan nan nan 16.2 29.2 28.6 27.8 26.8 25.6 24.5 23.5 22.5 21.6 20.8 20.0 19.4 18.8 18.3 17.9 17.5 17.1 16.8 16.5 16.3 16.2 16.0 15.8 15.7 15.6 15.4 15.3 nan nan nan nan nan 13.7 13.7 13.8 13.7 13.7 13.7 13.6 13.5 10.2 nan 13.1 13.2 13.4 13.6 13.6 nan nan nan nan nan nan nan nan nan nan nan nan
nan nan nan nan nan nan nan nan nan nan nan nan nan nan nan nan nan nan nan nan nan nan nan nan nan nan nan nan nan nan nan 26.1 28.5 28.2 27.3 26.2 25.1 24.0 23.0 22.0 21.1 20.3 19.6 18.9 18.4 18.0 17.5 17.2 16.8 16.6 16.4 16.2 16.1 15.9 15.9 15.8 15.6 15.5 15.2 nan nan 14.1 14.2 14.1 13.9 13.9 13.9 13.9 13.8 13.7 13.6 nan nan 13.2 13.3 13.5 13.6 13.6 nan nan nan nan nan nan nan nan nan nan nan nan
nan nan nan nan nan nan nan nan nan nan nan nan nan nan nan nan nan nan nan nan nan nan nan nan nan nan nan nan nan nan nan nan 29.1 28.5 27.7 26.8 25.7 24.6 23.5 22.5 21.5 20.6 19.8 19.1 18.5 18.0 17.6 17.2 16.9 16.7 16.5 16.3 16.2 16.1 15.9 15.8 15.7 15.6 15.4 15.0 14.7 14.6 14.5 nan 14.1 14.1 14.2 14.2 14.1 14.0 13.9 13.7 13.5 13.5 13.5 13.5 13.6 nan nan nan nan nan nan nan nan nan nan nan nan nan
nan nan nan nan nan nan nan nan nan nan nan nan nan nan nan nan nan nan nan nan nan nan nan nan nan nan nan nan nan nan 27.8 28.1 28.9 28.5 28.0 27.3 26.3 25.2 24.0 23.0 21.9 21.0 20.1 19.4 18.7 18.1 17.7 17.3 17.0 16.8 16.6 16.4 16.3 16.2 16.1 15.9 15.8 15.6 15.4 15.1 14.9 14.7 14.6 14.6 14.6 14.4 14.5 14.4 14.4 14.3 14.1 13.9 13.6 13.5 13.6 13.6 13.6 nan nan nan nan nan nan nan nan nan nan nan nan nan
nan nan nan nan nan nan nan nan nan nan nan nan nan nan nan nan nan nan nan nan nan nan nan nan nan nan nan nan nan nan nan nan 28.5 28.3 28.0 27.6 26.9 25.9 24.7 23.5 22.4 21.4 20.5 19.6 18.9 18.3 17.8 17.4 17.1 16.9 16.7 16.6 16.5 16.4 16.3 16.1 16.0 15.8 15.6 15.3 15.1 15.0 14.9 14.9 14.7 14.5 14.5 nan nan nan 14.2 14.1 13.8 13.6 13.6 13.7 nan nan nan nan nan nan nan nan nan nan nan nan nan nan
nan nan nan nan nan nan nan nan nan nan nan nan nan nan nan nan nan nan nan nan nan nan nan nan nan nan nan nan nan nan 18.4 16.6 28.4 28.2 27.9 27.7 27.3 26.6 25.4 24.1 23.0 21.9 20.9 19.9 19.1 18.5 18.0 17.5 17.2 17.0 16.8 16.7 16.6 16.5 16.4 16.3 16.2 16.0 15.8 15.6 15.4 15.2 15.1 15.0 nan nan nan nan nan nan nan 14.2 13.9 13.7 13.7 13.7 nan nan nan nan nan nan nan nan nan nan nan nan nan nan
nan nan nan nan nan nan nan nan nan nan nan nan nan nan nan nan nan nan nan nan nan nan nan nan nan nan nan nan nan nan 16.9 27.3 28.2 28.3 27.9 17.1 27.4 27.4 26.1 24.8 23.6 22.4 21.3 20.3 19.4 18.7 18.1 17.7 17.3 17.1 16.9 16.8 16.7 16.6 16.5 16.5 16.4 16.3 16.1 15.8 15.6 15.3 15.1 nan nan nan nan nan nan 14.1 14.2 14.2 13.9 13.8 13.8 nan nan nan nan nan nan nan nan nan nan nan nan nan nan nan
nan nan nan nan nan nan nan nan nan nan nan nan nan nan nan nan nan nan nan nan nan nan nan nan nan nan nan nan nan nan 18.5 26.1 28.1 28.2 nan nan nan 27.1 26.4 25.2 24.1 22.9 21.8 20.7 19.7 18.9 18.3 17.8 17.4 17.2 17.0 16.9 16.8 16.7 16.7 16.6 16.6 16.5 16.3 16.0 15.8 15.5 15.3 nan nan nan nan nan 14.2 14.1 14.1 14.1 13.9 13.8 nan nan nan nan nan nan nan nan nan nan nan nan nan nan nan nan
nan nan nan nan nan nan nan nan nan nan nan nan nan nan nan nan nan nan nan nan nan nan nan nan nan nan nan nan nan nan 18.4 15.9 28.5 28.2 nan nan nan 24.9 26.2 25.5 24.6 23.4 22.2 21.1 20.1 19.2 18.5 18.0 17.6 17.3 17.1 17.0 16.9 16.9 16.8 16.8 16.7 16.6 16.4 16.2 15.9 15.6 15.4 14.9 14.6 nan 14.2 14.2 14.2 14.1 14.1 14.0 nan nan nan nan nan nan nan nan nan nan nan nan nan nan nan nan nan nan
nan nan nan nan nan nan nan nan nan nan nan nan nan nan nan nan nan nan nan nan nan nan nan nan nan nan nan nan nan nan nan nan 28.4 23.6 nan nan nan nan 25.6 25.8 25.1 24.0 22.7 21.5 20.4 19.4 18.7 18.2 17.8 17.5 17.3 17.1 17.0 17.0 16.9 16.9 16.8 16.7 16.5 16.3 16.0 15.7 15.3 15.0 14.8 14.5 14.4 14.2 14.1 14.1 13.9 nan nan nan nan nan nan nan nan nan nan nan nan nan nan nan nan nan nan nan
nan nan nan nan nan nan nan nan nan nan nan nan nan nan nan nan nan nan nan nan nan nan nan nan nan nan nan nan nan nan nan nan nan 22.0 12.3 nan nan nan 16.2 26.1 25.7 24.6 23.1 21.8 20.6 19.6 18.9 18.4 18.0 17.7 17.5 17.3 17.2 17.1 17.0 17.0 16.9 16.8 16.6 16.3 16.0 15.8 15.4 15.1 14.9 14.6 14.4 14.3 14.2 14.0 13.8 nan nan nan nan nan nan nan nan nan nan nan nan nan nan nan nan nan nan nan
nan nan nan nan nan nan nan nan nan nan nan nan nan nan nan nan nan nan nan nan nan nan nan nan nan nan nan nan nan nan nan nan nan nan 14.3 22.5 nan nan nan nan 25.9 25.2 23.4 22.0 20.8 19.8 19.1 18.5 18.2 17.9 17.7 17.5 17.3 17.2 17.2 17.1 17.0 16.8 16.6 16.3 16.1 15.8 15.5 15.2 14.9 14.7 14.5 14.3 14.2 14.0 13.9 13.7 nan nan nan nan nan nan nan nan nan nan nan nan nan nan nan nan nan nan
nan nan nan nan nan nan nan nan nan nan nan nan nan nan nan nan nan nan nan nan nan nan nan nan nan nan nan nan nan nan nan nan nan nan nan 16.9 18.1 nan nan nan nan 23.8 23.5 22.1 21.0 20.0 19.3 18.7 18.4 18.1 17.9 17.7 17.5 17.4 17.3 17.2 17.0 16.8 16.6 16.3 16.0 15.8 15.4 15.2 14.9 14.7 14.5 14.4 14.2 14.0 13.9 13.8 13.7 10.4 nan nan nan nan nan nan nan nan nan nan nan nan nan nan nan nan
nan nan nan nan nan nan nan nan nan nan nan nan nan nan nan nan nan nan nan nan nan nan nan nan nan nan nan nan nan nan nan nan nan nan 16.1 19.0 23.6 23.4 nan 18.0 nan 21.1 23.1 22.1 21.0 20.1 19.4 18.9 18.6 18.3 18.0 17.8 17.7 17.5 17.4 17.2 17.0 16.8 16.5 16.3 16.0 15.7 15.4 15.1 14.9 14.7 14.5 14.4 14.2 14.0 13.8 13.8 13.7 13.6 nan nan nan nan nan nan nan nan nan nan nan nan nan nan nan nan
nan nan nan nan nan nan nan nan nan nan nan nan nan nan nan nan nan nan nan nan nan nan nan nan nan nan nan nan nan nan nan nan nan nan 23.6 23.9 24.1 23.6 17.3 20.8 22.0 19.7 22.8 21.9 21.0 20.2 19.5 19.0 18.7 18.4 18.2 18.0 17.8 17.7 17.5 17.3 17.0 16.8 16.5 16.2 15.9 15.6 15.3 15.0 14.8 14.5 14.0 13.9 13.7 14.1 13.8 13.8 13.7 13.6 13.6 nan nan nan nan nan nan nan nan nan nan nan nan nan nan nan
nan nan nan nan nan nan nan nan nan nan nan nan nan nan nan nan nan nan nan nan nan nan nan nan nan nan nan nan nan nan nan nan nan nan 23.9 24.0 24.0 23.9 23.9 nan 22.9 22.2 22.6 21.8 20.9 20.2 19.6 19.2 18.8 18.5 18.3 18.1 17.9 17.8 17.6 17.3 17.0 16.8 16.5 16.2 15.8 15.5 -9999.0 -9999.0 -9999.0 -9999.0 -9999.0 -9999.0 -9999.0 11.5 13.9 13.6 13.7 13.6 13.6 nan nan nan nan nan nan nan nan nan nan nan nan nan nan -9999.0
nan nan nan nan nan nan nan nan nan nan nan nan nan nan nan nan nan nan nan nan nan nan nan nan nan nan nan nan nan nan nan nan nan nan 23.8 23.9 23.8 23.5 23.4 nan nan 23.3 22.6 21.7 20.9 20.3 19.7 19.2 18.9 18.7 18.5 18.3 18.1 17.9 17.6 17.4 17.1 16.8 16.5 16.1 15.8 -9999.0 -9999.0 -9999.0 -9999.0 -9999.0 -9999.0 -9999.0 -9999.0 nan 14.1 13.8 13.8 13.3 nan nan nan nan nan nan nan nan nan nan nan nan nan nan nan -9999.0
nan nan nan nan nan nan nan nan nan nan nan nan nan nan nan nan nan nan nan nan nan nan nan nan nan nan nan nan nan nan nan nan nan nan 23.5 23.5 23.4 23.4 23.6 nan 18.5 22.0 22.5 21.7 20.9 20.3 19.8 19.4 19.0 18.8 18.6 18.4 18.1 17.9 17.7 17.5 17.2 16.8 16.5 16.1 15.8 -9999.0 -9999.0 -9999.0 -9999.0 -9999.0 -9999.0 -9999.0 -9999.0 -9999.0 -9999.0 nan 11.1 11.1 nan nan nan nan nan nan nan nan nan nan nan nan nan nan nan -9999.0
nan nan nan nan nan nan nan nan nan nan nan nan nan nan nan nan nan nan nan nan nan nan nan nan nan nan nan nan nan nan nan nan nan nan 23.3 23.2 23.4 23.9 21.5 15.0 21.1 19.3 22.3 21.6 20.9 20.4 19.9 19.5 19.1 18.9 18.6 18.4 18.2 18.1 17.9 17.6 17.3 17.0 16.6 16.2 -9999.0 -9999.0 -9999.0 -9999.0 -9999.0 -9999.0 -9999.0 -9999.0 -9999.0 -9999.0 -9999.0 nan nan nan nan nan nan nan nan nan nan nan nan nan nan nan nan nan nan -9999.0
nan nan nan nan nan nan nan nan nan nan nan nan nan nan nan nan nan nan nan nan nan nan nan nan nan nan nan nan nan nan nan nan 22.0 22.6 23.1 23.4 23.9 24.6 24.8 24.3 nan 23.1 22.2 21.6 21.0 20.5 20.0 19.6 19.2 19.0 18.7 18.5 18.4 18.2 18.1 17.8 17.5 17.2 16.8 -9999.0 -9999.0 -9999.0 -9999.0 -9999.0 -9999.0 -9999.0 -9999.0 -9999.0 -9999.0 -9999.0 -9999.0 -9999.0 nan nan nan nan nan nan nan nan nan nan nan nan nan nan nan nan nan -9999.0
nan nan nan nan nan nan nan nan nan nan nan nan nan nan nan nan nan nan nan nan nan nan nan nan nan nan nan nan nan 18.1 nan nan 23.0 23.1 23.2 23.4 24.3 25.2 25.6 nan nan 22.5 22.1 21.6 21.1 20.6 20.1 19.7 19.4 19.1 18.8 18.7 18.6 18.5 18.4 18.1 17.9 17.5 17.1 -9999.0 -9999.0 -9999.0 -9999.0 -9999.0 -9999.0 -9999.0 -9999.0 -9999.0 -9999.0 -9999.0 -9999.0 -9999.0 -9999.0 -9999.0 nan nan nan nan nan nan nan nan nan nan nan nan nan nan nan -9999.0
nan nan nan nan nan nan nan nan nan nan nan nan nan nan nan nan nan nan nan nan nan nan nan nan nan nan nan nan nan 14.6 14.6 nan 23.2 23.5 22.2 20.8 23.4 24.9 25.1 23.8 nan 22.4 22.2 21.9 21.4 20.9 20.4 19.9 19.5 19.2 19.0 18.9 18.8 18.7 18.6 18.4 18.2 17.9 -9999.0 -9999.0 -9999.0 -9999.0 -9999.0 -9999.0 -9999.0 -9999.0 -9999.0 -9999.0 -9999.0 -9999.0 -9999.0 -9999.0 -9999.0 -9999.0 -9999.0 nan nan nan nan nan nan nan nan nan nan nan nan nan nan -9999.0
nan nan nan nan nan nan nan nan nan nan nan nan nan nan nan nan nan nan nan nan nan nan nan nan nan nan nan nan nan 15.4 23.0 23.1 23.4 23.7 24.1 nan 16.2 24.5 24.6 24.5 nan 22.6 22.8 22.3 21.7 21.1 20.6 20.1 19.7 19.4 19.2 19.1 19.0 19.0 18.9 18.8 18.6 18.3 -9999.0 -9999.0 -9999.0 -9999.0 -9999.0 -9999.0 -9999.0 -9999.0 -9999.0 -9999.0 -9999.0 -9999.0 -9999.0 -9999.0 -9999.0 -9999.0 -9999.0 -9999.0 nan nan nan nan nan nan nan nan nan nan nan nan nan -9999.0
nan nan nan nan nan nan nan nan nan nan nan nan nan nan nan nan nan nan nan nan nan nan nan nan nan nan nan nan nan nan 22.8 23.0 23.4 23.8 23.2 nan nan 24.1 24.3 24.9 nan 20.2 21.8 22.3 21.9 21.4 20.8 20.3 19.9 19.6 19.4 19.3 19.2 19.2 19.2 19.2 19.1 18.8 -9999.0 -9999.0 -9999.0 -9999.0 -9999.0 -9999.0 -9999.0 -9999.0 -9999.0 -9999.0 -9999.0 -9999.0 -9999.0 -9999.0 -9999.0 -9999.0 -9999.0 -9999.0 -9999.0 nan nan nan nan nan nan nan nan nan nan nan nan -9999.0
nan nan nan nan nan nan nan nan nan nan nan nan nan nan nan nan nan nan nan nan nan nan nan nan nan nan nan nan nan nan 20.6 23.0 23.3 23.8 21.0 nan 18.2 19.3 21.8 13.3 20.2 16.3 18.5 21.8 22.0 21.5 21.0 20.5 20.1 19.8 19.6 19.5 19.5 19.6 19.7 19.7 19.6 18.9 -9999.0 -9999.0 -9999.0 -9999.0 -9999.0 -9999.0 -9999.0 -9999.0 -9999.0 -9999.0 -9999.0 -9999.0 -9999.0 -9999.0 -9999.0 -9999.0 -9999.0 -9999.0 -9999.0 -9999.0 nan nan nan nan nan nan nan nan nan nan nan -9999.0
nan nan nan nan nan nan nan nan nan nan nan nan nan nan nan nan nan nan nan nan nan nan nan nan nan nan nan nan nan nan 20.9 22.7 23.3 23.7 23.4 18.2 nan 22.0 18.6 14.4 17.6 nan 22.9 23.0 22.4 21.8 21.2 20.8 20.4 20.1 19.9 19.8 19.8 19.9 20.2 20.3 19.9 14.9 -9999.0 -9999.0 -9999.0 -9999.0 -9999.0 -9999.0 -9999.0 -9999.0 -9999.0 -9999.0 -9999.0 -9999.0 -9999.0 -9999.0 -9999.0 -9999.0 -9999.0 -9999.0 -9999.0 -9999.0 -9999.0 -9999.0 nan nan nan nan nan nan nan nan nan -9999.0
nan nan nan nan nan nan nan nan nan nan nan nan nan nan nan nan nan nan nan nan nan nan nan nan nan nan nan nan nan nan nan 23.0 23.3 23.6 24.0 nan nan 17.5 18.1 17.1 nan nan 23.4 23.2 22.7 22.1 21.6 21.1 20.7 20.5 20.3 20.2 20.2 20.4 20.7 20.8 20.2 17.0 -9999.0 -9999.0 -9999.0 -9999.0 -9999.0 -9999.0 -9999.0 -9999.0 -9999.0 -9999.0 -9999.0 nan nan nan -9999.0 -9999.0 -9999.0 -9999.0 -9999.0 -9999.0 -9999.0 -9999.0 -9999.0 -9999.0 -9999.0 -9999.0 -9999.0 nan nan nan -9999.0 -9999.0
nan nan nan nan nan nan nan nan nan nan nan nan nan nan nan nan nan nan nan nan nan nan nan nan nan nan nan nan nan nan nan 22.7 23.2 23.7 24.1 nan 15.7 16.5 22.9 15.2 nan nan 23.5 23.4 23.0 22.5 21.9 21.4 21.1 20.8 20.6 20.5 20.6 20.8 21.1 21.4 21.3 16.9 -9999.0 -9999.0 -9999.0 -9999.0 -9999.0 -9999.0 -9999.0 -9999.0 -9999.0 -9999.0 -9999.0 nan nan nan nan nan -9999.0 -9999.0 -9999.0 -9999.0 -9999.0 -9999.0 -9999.0 -9999.0 -9999.0 -9999.0 -9999.0 -9999.0 -9999.0 -9999.0 -9999.0 -9999.0
nan nan nan nan nan nan nan nan nan nan nan nan nan nan nan nan nan nan nan nan nan nan nan nan nan nan nan nan nan nan nan 18.0 23.2 23.6 24.2 23.3 20.6 19.5 14.7 12.1 16.2 nan 23.6 23.6 23.3 22.8 22.3 21.8 21.4 21.1 21.0 20.9 21.0 21.2 21.5 21.8 22.2 17.0 -9999.0 -9999.0 -9999.0 -9999.0 -9999.0 -9999.0 -9999.0 -9999.0 -9999.0 -9999.0 -9999.0 -9999.0 -9999.0 -9999.0 -9999.0 -9999.0 -9999.0 -9999.0 -9999.0 -9999.0 -9999.0 -9999.0 -9999.0 -9999.0 -9999.0 -9999.0 -9999.0 -9999.0 -9999.0 -9999.0 -9999.0 -9999.0
nan nan nan nan nan nan nan nan nan nan nan nan nan nan nan nan nan nan nan nan nan nan nan nan nan nan nan nan nan nan nan 18.0 23.1 23.6 24.3 24.7 24.6 nan 15.5 18.3 11.8 nan 23.6 23.8 23.6 23.2 22.7 22.2 21.8 21.5 21.4 21.3 21.3 21.6 21.9 22.2 22.2 17.5 -9999.0 -9999.0 -9999.0 -9999.0 -9999.0 -9999.0 -9999.0 -9999.0 -9999.0 -9999.0 -9999.0 -9999.0 -9999.0 -9999.0 -9999.0 -9999.0 -9999.0 -9999.0 -9999.0 -9999.0 -9999.0 -9999.0 -9999.0 -9999.0 -9999.0 -9999.0 -9999.0 -9999.0 -9999.0 -9999.0 -9999.0 -9999.0
nan nan nan nan nan nan nan nan nan nan nan nan nan nan nan nan nan nan nan nan nan nan nan nan nan nan nan nan nan nan nan 18.1 21.3 23.4 24.2 24.7 24.7 nan nan 16.9 15.1 nan nan 23.9 23.8 23.4 23.0 22.6 22.2 21.9 21.8 21.7 21.7 21.9 22.2 22.5 22.5 17.0 -9999.0 -9999.0 -9999.0 -9999.0 -9999.0 -9999.0 -9999.0 -9999.0 -9999.0 -9999.0 -9999.0 -9999.0 -9999.0 -9999.0 -9999.0 -9999.0 -9999.0 -9999.0 -9999.0 -9999.0 -9999.0 -9999.0 -9999.0 -9999.0 -9999.0 -9999.0 -9999.0 -9999.0 -9999.0 -9999.0 -9999.0 -9999.0
nan nan nan nan nan nan nan nan nan nan nan nan nan nan nan nan nan nan nan nan nan nan nan nan nan nan nan nan nan nan nan nan 17.0 23.7 24.3 24.8 nan nan nan 18.5 14.0 17.5 nan nan 23.5 23.6 23.3 22.9 22.6 22.3 22.1 22.0 22.0 22.2 22.4 22.7 23.0 21.5 -9999.0 -9999.0 -9999.0 -9999.0 -9999.0 -9999.0 -9999.0 -9999.0 -9999.0 -9999.0 -9999.0 -9999.0 -9999.0 -9999.0 -9999.0 -9999.0 -9999.0 -9999.0 -9999.0 -9999.0 -9999.0 -9999.0 -9999.0 -9999.0 nan nan nan -9999.0 -9999.0 -9999.0 -9999.0 -9999.0
nan nan nan nan nan nan nan nan nan nan nan nan nan nan nan nan nan nan nan nan nan nan nan nan nan nan nan nan nan nan nan nan 23.1 23.7 24.2 24.8 nan nan nan nan 16.1 17.4 26.8 nan 23.3 23.8 23.7 23.3 23.0 22.7 22.5 22.4 22.4 22.5 22.8 23.0 23.2 23.4 -9999.0 -9999.0 -9999.0 -9999.0 -9999.0 -9999.0 -9999.0 -9999.0 -9999.0 -9999.0 -9999.0 -9999.0 -9999.0 -9999.0 -9999.0 -9999.0 -9999.0 -9999.0 -9999.0 -9999.0 -9999.0 -9999.0 nan nan nan nan nan nan nan nan -9999.0 -9999.0
nan nan nan nan nan nan nan nan nan nan nan nan nan nan nan nan nan nan nan nan nan nan nan nan nan nan nan nan nan nan nan nan nan 23.7 24.3 24.9 nan nan nan nan 20.2 20.1 24.5 20.0 nan 24.0 24.2 23.8 23.5 23.1 22.9 22.7 22.7 22.8 23.0 23.3 23.5 23.8 -9999.0 -9999.0 -9999.0 -9999.0 -9999.0 -9999.0 -9999.0 -9999.0 -9999.0 -9999.0 -9999.0 nan nan nan nan nan nan nan nan nan nan nan nan nan nan nan nan nan nan nan nan nan
nan nan nan nan nan nan nan nan nan nan nan nan nan nan nan nan nan nan nan nan nan nan nan nan nan nan nan nan nan nan nan nan nan 23.7 24.3 25.2 25.2 nan nan nan 24.9 20.8 21.7 26.7 nan nan 24.1 24.0 23.7 23.4 23.2 23.1 23.0 23.1 23.3 23.5 23.7 24.1 -9999.0 -9999.0 -9999.0 -9999.0 -9999.0 -9999.0 -9999.0 -9999.0 -9999.0 -9999.0 nan nan nan nan nan nan nan nan nan nan nan nan nan nan nan nan nan nan nan nan nan nan
