data/output/RUN203/ECOSPACE/ECOSPACE_in_PAR3/PAR-VarZ-VarK/PAR-VarZ-VarK_2001_05.asc
ncols        93
nrows        151 
xllcorner    -123.80739
yllcorner    48.29471 
cellsize     0.013497347 
NODATA_value  0.0
[rows 80 to 119 of 151, columns 0 to 89 of 93]
nan nan nan nan nan nan nan nan nan nan nan nan nan nan nan nan nan nan nan nan nan nan nan 39.3 38.7 38.3 40.4 41.3 41.4 41.5 41.4 41.3 41.1 40.8 40.4 39.8 39.1 38.4 37.5 36.5 35.5 34.4 33.4 32.3 31.1 30.0 29.1 28.1 27.1 26.1 24.8 23.5 22.4 21.7 nan nan nan nan nan nan nan nan nan nan nan nan 17.5 17.8 17.9 18.0 nan 17.7 17.6 17.7 17.7 17.8 17.7 17.5 17.5 17.8 18.3 18.5 18.4 nan nan nan nan nan nan nan
nan nan nan nan nan nan nan nan nan nan nan nan nan nan nan nan nan nan nan nan nan nan nan nan nan nan 41.1 41.2 41.5 41.7 41.7 41.6 41.4 41.0 40.6 39.9 39.3 38.6 37.8 36.8 35.9 35.1 34.1 33.2 32.1 31.0 30.0 29.0 28.0 27.0 25.7 24.4 23.2 22.2 21.3 nan nan nan nan nan nan nan nan nan nan nan 17.9 18.0 nan nan nan nan nan 17.9 17.9 18.0 nan 17.6 17.8 18.4 18.9 19.1 nan nan nan nan nan nan nan nan
nan nan nan nan nan nan nan nan nan nan nan nan nan nan nan nan nan nan nan nan nan nan nan nan nan nan nan 41.3 41.1 41.7 41.8 41.8 41.6 41.2 40.5 39.9 39.2 38.5 37.7 37.0 36.1 35.4 34.7 33.9 33.0 32.0 30.9 29.9 29.0 28.0 26.7 25.4 24.1 22.9 21.8 21.1 nan nan nan nan nan nan nan nan nan 17.9 18.4 nan nan nan nan nan nan 17.9 18.0 18.0 nan 17.9 18.4 18.9 19.2 nan nan nan nan nan nan nan nan nan
nan nan nan nan nan nan nan nan nan nan nan nan nan nan nan nan nan nan nan nan nan nan nan nan nan nan nan nan 39.2 40.8 41.9 41.9 41.7 41.2 40.4 39.7 39.1 38.4 37.7 36.9 36.3 35.7 35.1 34.4 33.6 32.7 31.7 30.8 29.9 28.9 27.7 26.4 25.1 23.8 22.7 21.8 21.0 nan nan nan nan nan nan nan nan 18.0 18.5 nan nan nan nan nan nan 17.9 18.0 18.2 18.6 19.1 19.1 19.1 nan nan nan nan nan nan nan nan nan nan
nan nan nan nan nan nan nan nan nan nan nan nan nan nan nan nan nan nan nan nan nan nan nan nan nan nan nan nan nan 16.5 41.8 41.9 41.7 41.0 40.2 39.6 38.9 38.2 37.6 36.8 36.2 35.7 35.2 34.7 34.1 33.3 32.5 31.6 30.7 29.8 28.8 27.4 26.1 24.9 23.7 22.6 21.6 20.9 nan nan nan nan nan nan 18.0 18.3 18.5 nan 18.9 18.9 18.9 nan nan 18.0 18.2 18.5 19.1 19.9 nan nan nan nan nan nan nan nan nan nan nan nan
nan nan nan nan nan nan nan nan nan nan nan nan nan nan nan nan nan nan nan nan nan nan nan nan nan nan nan nan nan nan 17.4 41.4 41.4 40.8 40.2 39.5 38.8 38.1 37.5 36.8 36.2 35.7 35.2 34.8 34.4 33.8 33.2 32.3 31.5 30.7 29.7 28.5 27.2 26.0 24.8 23.6 22.6 21.8 nan nan nan nan nan 18.1 18.3 18.5 18.7 18.9 18.9 18.9 18.9 12.0 nan 18.1 18.5 18.9 19.4 19.8 nan nan nan nan nan nan nan nan nan nan nan nan
nan nan nan nan nan nan nan nan nan nan nan nan nan nan nan nan nan nan nan nan nan nan nan nan nan nan nan nan nan nan nan 38.7 40.7 40.7 40.0 39.4 38.7 38.0 37.4 36.7 36.1 35.6 35.1 34.8 34.5 34.2 33.7 33.0 32.2 31.5 30.6 29.5 28.4 27.2 25.9 24.7 23.6 22.5 21.4 nan nan 18.7 18.9 18.8 18.7 18.9 19.1 19.1 19.1 19.0 19.0 nan nan 18.4 18.8 19.2 19.6 19.8 nan nan nan nan nan nan nan nan nan nan nan nan
nan nan nan nan nan nan nan nan nan nan nan nan nan nan nan nan nan nan nan nan nan nan nan nan nan nan nan nan nan nan nan nan 41.0 40.5 39.9 39.2 38.5 37.9 37.2 36.5 35.9 35.5 35.1 34.7 34.5 34.2 33.9 33.4 32.7 32.0 31.2 30.4 29.4 28.2 27.0 25.5 24.2 23.1 22.2 20.7 20.0 19.9 19.7 nan 19.2 19.5 19.7 19.8 19.8 19.7 19.5 19.2 19.1 19.1 19.2 19.4 19.7 nan nan nan nan nan nan nan nan nan nan nan nan nan
nan nan nan nan nan nan nan nan nan nan nan nan nan nan nan nan nan nan nan nan nan nan nan nan nan nan nan nan nan nan 40.0 40.2 40.4 40.0 39.6 39.1 38.5 37.8 37.0 36.3 35.8 35.3 35.0 34.8 34.5 34.2 33.9 33.5 33.0 32.3 31.8 31.1 30.3 29.3 28.0 26.6 25.1 23.8 22.7 21.6 20.9 20.3 20.2 20.3 20.3 20.3 20.6 20.7 20.6 20.5 20.2 19.7 19.5 19.4 19.5 19.7 19.7 nan nan nan nan nan nan nan nan nan nan nan nan nan
nan nan nan nan nan nan nan nan nan nan nan nan nan nan nan nan nan nan nan nan nan nan nan nan nan nan nan nan nan nan nan nan 39.8 39.6 39.3 39.1 38.6 37.8 37.0 36.2 35.7 35.3 34.9 34.7 34.4 34.1 33.8 33.5 33.1 32.6 32.2 31.7 31.1 30.2 29.2 27.8 26.4 25.0 23.8 22.7 21.8 21.1 20.9 20.9 20.8 20.7 20.8 nan nan nan 20.3 20.0 19.8 19.6 19.6 19.8 nan nan nan nan nan nan nan nan nan nan nan nan nan nan
nan nan nan nan nan nan nan nan nan nan nan nan nan nan nan nan nan nan nan nan nan nan nan nan nan nan nan nan nan nan 18.0 16.4 39.1 39.2 39.0 38.8 38.6 38.0 37.2 36.5 35.8 35.3 34.9 34.5 34.3 34.0 33.7 33.5 33.2 32.9 32.6 32.2 31.8 31.1 30.3 29.1 27.8 26.3 24.9 23.7 22.7 22.0 21.5 21.2 nan nan nan nan nan nan nan 20.3 20.0 19.8 19.8 19.8 nan nan nan nan nan nan nan nan nan nan nan nan nan nan
nan nan nan nan nan nan nan nan nan nan nan nan nan nan nan nan nan nan nan nan nan nan nan nan nan nan nan nan nan nan 18.0 38.4 39.2 39.6 39.4 19.6 38.5 38.2 37.4 36.7 36.0 35.4 34.9 34.5 34.2 33.9 33.7 33.4 33.2 33.1 32.9 32.6 32.3 31.8 31.0 30.2 29.0 27.4 25.9 24.6 23.4 22.6 21.9 nan nan nan nan nan nan 19.8 20.0 20.3 20.0 19.9 19.9 nan nan nan nan nan nan nan nan nan nan nan nan nan nan nan
nan nan nan nan nan nan nan nan nan nan nan nan nan nan nan nan nan nan nan nan nan nan nan nan nan nan nan nan nan nan 18.0 37.2 39.3 40.0 nan nan nan 37.7 37.5 37.0 36.3 35.6 35.0 34.5 34.1 33.8 33.6 33.4 33.3 33.3 33.2 33.0 32.7 32.2 31.7 31.0 30.0 28.5 26.9 25.5 24.2 23.2 22.5 nan nan nan nan nan 19.9 19.9 20.0 20.1 19.9 19.8 nan nan nan nan nan nan nan nan nan nan nan nan nan nan nan nan
nan nan nan nan nan nan nan nan nan nan nan nan nan nan nan nan nan nan nan nan nan nan nan nan nan nan nan nan nan nan 17.8 16.8 39.2 40.0 nan nan nan 35.4 37.2 37.0 36.5 35.8 35.2 34.6 34.2 33.8 33.6 33.5 33.4 33.4 33.4 33.3 33.0 32.7 32.3 31.7 30.7 29.3 27.7 26.2 24.8 23.6 22.7 21.2 20.5 nan 19.8 19.9 20.0 19.9 19.9 19.9 nan nan nan nan nan nan nan nan nan nan nan nan nan nan nan nan nan nan
nan nan nan nan nan nan nan nan nan nan nan nan nan nan nan nan nan nan nan nan nan nan nan nan nan nan nan nan nan nan nan nan 39.0 33.1 nan nan nan nan 36.5 37.1 37.0 36.2 35.5 34.8 34.4 34.0 33.7 33.6 33.5 33.5 33.5 33.5 33.4 33.1 32.8 32.3 31.4 30.0 28.5 27.0 25.5 24.1 22.9 21.9 21.1 20.5 20.2 19.9 19.8 19.8 19.6 nan nan nan nan nan nan nan nan nan nan nan nan nan nan nan nan nan nan nan
nan nan nan nan nan nan nan nan nan nan nan nan nan nan nan nan nan nan nan nan nan nan nan nan nan nan nan nan nan nan nan nan nan 34.4 18.6 nan nan nan 16.7 37.9 37.6 36.7 35.8 35.2 34.7 34.3 33.9 33.7 33.5 33.5 33.6 33.7 33.7 33.5 33.3 32.7 31.9 30.6 29.1 27.6 26.2 24.8 23.5 22.4 21.5 20.8 20.3 20.0 19.8 19.7 19.5 nan nan nan nan nan nan nan nan nan nan nan nan nan nan nan nan nan nan nan
nan nan nan nan nan nan nan nan nan nan nan nan nan nan nan nan nan nan nan nan nan nan nan nan nan nan nan nan nan nan nan nan nan nan 20.1 33.7 nan nan nan nan 37.6 37.3 36.2 35.5 35.0 34.5 34.1 33.8 33.6 33.6 33.7 33.8 33.9 33.8 33.5 33.0 32.2 31.1 29.8 28.3 26.8 25.4 24.1 22.9 21.9 21.0 20.4 20.0 19.8 19.6 19.6 19.3 nan nan nan nan nan nan nan nan nan nan nan nan nan nan nan nan nan nan
nan nan nan nan nan nan nan nan nan nan nan nan nan nan nan nan nan nan nan nan nan nan nan nan nan nan nan nan nan nan nan nan nan nan nan 26.0 18.2 nan nan nan nan 36.0 36.4 35.7 35.1 34.5 34.2 33.9 33.7 33.6 33.7 33.8 33.9 33.8 33.5 33.0 32.3 31.3 30.0 28.6 27.2 25.8 24.5 23.2 22.1 21.2 20.5 20.1 19.8 19.5 19.4 19.4 19.3 11.8 nan nan nan nan nan nan nan nan nan nan nan nan nan nan nan nan
nan nan nan nan nan nan nan nan nan nan nan nan nan nan nan nan nan nan nan nan nan nan nan nan nan nan nan nan nan nan nan nan nan nan 19.4 27.4 36.1 35.9 nan 18.3 nan 33.3 35.9 35.5 35.0 34.5 34.0 33.8 33.6 33.5 33.5 33.6 33.7 33.5 33.3 32.9 32.3 31.4 30.2 28.9 27.5 26.1 24.6 23.3 22.1 21.2 20.5 20.1 19.8 19.5 19.3 19.3 19.3 19.1 nan nan nan nan nan nan nan nan nan nan nan nan nan nan nan nan
nan nan nan nan nan nan nan nan nan nan nan nan nan nan nan nan nan nan nan nan nan nan nan nan nan nan nan nan nan nan nan nan nan nan 36.4 36.3 36.3 35.2 25.4 32.8 34.7 30.3 35.5 35.4 34.9 34.4 33.9 33.6 33.4 33.3 33.2 33.3 33.2 33.2 33.0 32.7 32.2 31.3 30.1 28.9 27.5 26.0 24.5 23.2 22.1 21.1 20.0 19.6 18.9 19.5 19.3 19.2 19.2 19.2 19.3 nan nan nan nan nan nan nan nan nan nan nan nan nan nan nan
nan nan nan nan nan nan nan nan nan nan nan nan nan nan nan nan nan nan nan nan nan nan nan nan nan nan nan nan nan nan nan nan nan nan 36.2 36.3 36.2 36.3 35.8 nan 35.2 33.7 35.8 35.4 34.9 34.3 33.7 33.3 33.1 33.0 32.9 32.8 32.8 32.7 32.7 32.5 32.0 31.2 30.1 28.9 27.5 25.9 -9999.0 -9999.0 -9999.0 -9999.0 -9999.0 -9999.0 -9999.0 12.6 19.4 19.1 19.2 19.1 19.2 nan nan nan nan nan nan nan nan nan nan nan nan nan nan -9999.0
nan nan nan nan nan nan nan nan nan nan nan nan nan nan nan nan nan nan nan nan nan nan nan nan nan nan nan nan nan nan nan nan nan nan 35.9 36.0 36.0 35.8 36.0 nan nan 36.2 35.9 35.4 34.8 34.2 33.7 33.1 32.8 32.6 32.5 32.5 32.4 32.4 32.3 32.1 31.7 31.0 29.9 28.8 27.2 -9999.0 -9999.0 -9999.0 -9999.0 -9999.0 -9999.0 -9999.0 -9999.0 nan 14.9 18.8 19.1 18.5 nan nan nan nan nan nan nan nan nan nan nan nan nan nan nan -9999.0
nan nan nan nan nan nan nan nan nan nan nan nan nan nan nan nan nan nan nan nan nan nan nan nan nan nan nan nan nan nan nan nan nan nan 35.6 35.5 35.5 35.8 36.2 nan 30.1 32.7 35.9 35.3 34.6 34.0 33.5 33.0 32.7 32.4 32.2 32.1 32.1 32.0 32.0 31.8 31.3 30.7 29.7 28.5 27.0 -9999.0 -9999.0 -9999.0 -9999.0 -9999.0 -9999.0 -9999.0 -9999.0 -9999.0 -9999.0 nan 12.2 12.3 nan nan nan nan nan nan nan nan nan nan nan nan nan nan nan -9999.0
nan nan nan nan nan nan nan nan nan nan nan nan nan nan nan nan nan nan nan nan nan nan nan nan nan nan nan nan nan nan nan nan nan nan 35.2 35.2 35.7 35.0 32.6 23.1 34.3 29.7 35.6 35.1 34.4 33.8 33.4 32.9 32.5 32.2 32.0 31.8 31.7 31.7 31.5 31.4 31.1 30.5 29.6 28.3 -9999.0 -9999.0 -9999.0 -9999.0 -9999.0 -9999.0 -9999.0 -9999.0 -9999.0 -9999.0 -9999.0 nan nan nan nan nan nan nan nan nan nan nan nan nan nan nan nan nan nan -9999.0
nan nan nan nan nan nan nan nan nan nan nan nan nan nan nan nan nan nan nan nan nan nan nan nan nan nan nan nan nan nan nan nan 32.7 34.2 35.1 35.7 36.4 37.2 37.0 34.3 nan 36.2 35.7 35.0 34.3 33.7 33.2 32.8 32.3 32.0 31.8 31.6 31.4 31.3 31.2 31.1 30.9 30.3 29.5 -9999.0 -9999.0 -9999.0 -9999.0 -9999.0 -9999.0 -9999.0 -9999.0 -9999.0 -9999.0 -9999.0 -9999.0 -9999.0 nan nan nan nan nan nan nan nan nan nan nan nan nan nan nan nan nan -9999.0
nan nan nan nan nan nan nan nan nan nan nan nan nan nan nan nan nan nan nan nan nan nan nan nan nan nan nan nan nan 18.1 nan nan 34.8 35.4 36.0 36.2 37.3 38.1 38.8 nan nan 36.0 35.6 35.1 34.4 33.6 33.1 32.6 32.1 31.7 31.5 31.3 31.2 31.0 30.9 30.8 30.6 30.2 29.5 -9999.0 -9999.0 -9999.0 -9999.0 -9999.0 -9999.0 -9999.0 -9999.0 -9999.0 -9999.0 -9999.0 -9999.0 -9999.0 -9999.0 -9999.0 nan nan nan nan nan nan nan nan nan nan nan nan nan nan nan -9999.0
nan nan nan nan nan nan nan nan nan nan nan nan nan nan nan nan nan nan nan nan nan nan nan nan nan nan nan nan nan 16.0 16.0 nan 35.8 36.6 34.4 33.5 36.2 38.5 38.6 37.5 nan 36.1 35.9 35.3 34.5 33.6 33.0 32.5 31.9 31.5 31.3 31.1 30.9 30.7 30.6 30.5 30.5 30.1 -9999.0 -9999.0 -9999.0 -9999.0 -9999.0 -9999.0 -9999.0 -9999.0 -9999.0 -9999.0 -9999.0 -9999.0 -9999.0 -9999.0 -9999.0 -9999.0 -9999.0 nan nan nan nan nan nan nan nan nan nan nan nan nan nan -9999.0
nan nan nan nan nan nan nan nan nan nan nan nan nan nan nan nan nan nan nan nan nan nan nan nan nan nan nan nan nan 16.8 35.5 35.8 36.5 37.4 38.5 nan 16.6 37.6 38.2 38.5 nan 36.1 36.7 35.8 34.7 33.7 33.0 32.4 32.0 31.6 31.2 30.9 30.7 30.5 30.4 30.4 30.4 30.2 -9999.0 -9999.0 -9999.0 -9999.0 -9999.0 -9999.0 -9999.0 -9999.0 -9999.0 -9999.0 -9999.0 -9999.0 -9999.0 -9999.0 -9999.0 -9999.0 -9999.0 -9999.0 nan nan nan nan nan nan nan nan nan nan nan nan nan -9999.0
nan nan nan nan nan nan nan nan nan nan nan nan nan nan nan nan nan nan nan nan nan nan nan nan nan nan nan nan nan nan 34.8 35.8 36.9 38.2 36.2 nan nan 36.6 37.6 38.3 nan 31.2 34.0 35.7 34.9 33.8 33.0 32.5 32.0 31.5 31.2 30.8 30.6 30.5 30.5 30.4 30.5 30.2 -9999.0 -9999.0 -9999.0 -9999.0 -9999.0 -9999.0 -9999.0 -9999.0 -9999.0 -9999.0 -9999.0 -9999.0 -9999.0 -9999.0 -9999.0 -9999.0 -9999.0 -9999.0 -9999.0 nan nan nan nan nan nan nan nan nan nan nan nan -9999.0
nan nan nan nan nan nan nan nan nan nan nan nan nan nan nan nan nan nan nan nan nan nan nan nan nan nan nan nan nan nan 32.7 35.8 37.1 38.5 35.3 nan 18.5 29.7 34.0 19.9 31.3 26.0 28.1 34.8 34.7 33.9 33.0 32.5 32.0 31.6 31.2 30.8 30.6 30.5 30.6 30.7 30.3 30.1 -9999.0 -9999.0 -9999.0 -9999.0 -9999.0 -9999.0 -9999.0 -9999.0 -9999.0 -9999.0 -9999.0 -9999.0 -9999.0 -9999.0 -9999.0 -9999.0 -9999.0 -9999.0 -9999.0 -9999.0 nan nan nan nan nan nan nan nan nan nan nan -9999.0
nan nan nan nan nan nan nan nan nan nan nan nan nan nan nan nan nan nan nan nan nan nan nan nan nan nan nan nan nan nan 33.1 35.2 37.1 38.3 36.1 18.5 nan 34.8 26.4 19.3 27.4 nan 35.6 35.9 34.9 34.0 33.2 32.6 32.1 31.7 31.2 30.9 30.8 30.7 31.0 31.1 27.9 22.8 -9999.0 -9999.0 -9999.0 -9999.0 -9999.0 -9999.0 -9999.0 -9999.0 -9999.0 -9999.0 -9999.0 -9999.0 -9999.0 -9999.0 -9999.0 -9999.0 -9999.0 -9999.0 -9999.0 -9999.0 -9999.0 -9999.0 nan nan nan nan nan nan nan nan nan -9999.0
nan nan nan nan nan nan nan nan nan nan nan nan nan nan nan nan nan nan nan nan nan nan nan nan nan nan nan nan nan nan nan 35.6 36.7 38.0 38.1 nan nan 26.6 25.9 21.7 nan nan 36.5 35.9 35.1 34.2 33.4 32.7 32.2 31.8 31.4 31.0 31.0 31.1 31.6 31.9 30.0 26.2 -9999.0 -9999.0 -9999.0 -9999.0 -9999.0 -9999.0 -9999.0 -9999.0 -9999.0 -9999.0 -9999.0 nan nan nan -9999.0 -9999.0 -9999.0 -9999.0 -9999.0 -9999.0 -9999.0 -9999.0 -9999.0 -9999.0 -9999.0 -9999.0 -9999.0 nan nan nan -9999.0 -9999.0
nan nan nan nan nan nan nan nan nan nan nan nan nan nan nan nan nan nan nan nan nan nan nan nan nan nan nan nan nan nan nan 34.4 36.0 37.6 39.0 nan 17.7 23.5 35.3 19.6 nan nan 36.7 36.1 35.4 34.4 33.5 32.8 32.4 31.9 31.5 31.2 31.2 31.5 32.1 32.6 32.2 27.8 -9999.0 -9999.0 -9999.0 -9999.0 -9999.0 -9999.0 -9999.0 -9999.0 -9999.0 -9999.0 -9999.0 nan nan nan nan nan -9999.0 -9999.0 -9999.0 -9999.0 -9999.0 -9999.0 -9999.0 -9999.0 -9999.0 -9999.0 -9999.0 -9999.0 -9999.0 -9999.0 -9999.0 -9999.0
nan nan nan nan nan nan nan nan nan nan nan nan nan nan nan nan nan nan nan nan nan nan nan nan nan nan nan nan nan nan nan 18.0 35.9 37.4 38.4 38.1 32.7 26.2 22.2 18.2 20.6 nan 36.5 36.5 35.6 34.7 33.8 33.1 32.6 32.1 31.7 31.5 31.4 31.8 32.4 32.7 32.0 25.2 -9999.0 -9999.0 -9999.0 -9999.0 -9999.0 -9999.0 -9999.0 -9999.0 -9999.0 -9999.0 -9999.0 -9999.0 -9999.0 -9999.0 -9999.0 -9999.0 -9999.0 -9999.0 -9999.0 -9999.0 -9999.0 -9999.0 -9999.0 -9999.0 -9999.0 -9999.0 -9999.0 -9999.0 -9999.0 -9999.0 -9999.0 -9999.0
nan nan nan nan nan nan nan nan nan nan nan nan nan nan nan nan nan nan nan nan nan nan nan nan nan nan nan nan nan nan nan 17.9 33.8 37.4 39.2 40.3 39.9 nan 25.3 29.1 17.5 nan 36.4 36.8 36.2 35.2 34.3 33.5 32.9 32.4 32.0 31.7 31.7 32.1 32.7 32.8 31.5 25.4 -9999.0 -9999.0 -9999.0 -9999.0 -9999.0 -9999.0 -9999.0 -9999.0 -9999.0 -9999.0 -9999.0 -9999.0 -9999.0 -9999.0 -9999.0 -9999.0 -9999.0 -9999.0 -9999.0 -9999.0 -9999.0 -9999.0 -9999.0 -9999.0 -9999.0 -9999.0 -9999.0 -9999.0 -9999.0 -9999.0 -9999.0 -9999.0
nan nan nan nan nan nan nan nan nan nan nan nan nan nan nan nan nan nan nan nan nan nan nan nan nan nan nan nan nan nan nan 18.0 32.5 36.0 38.6 39.5 39.7 nan nan 26.2 20.0 nan nan 36.8 36.8 35.8 34.8 34.0 33.3 32.8 32.3 32.1 32.0 32.3 33.0 33.0 32.5 23.1 -9999.0 -9999.0 -9999.0 -9999.0 -9999.0 -9999.0 -9999.0 -9999.0 -9999.0 -9999.0 -9999.0 -9999.0 -9999.0 -9999.0 -9999.0 -9999.0 -9999.0 -9999.0 -9999.0 -9999.0 -9999.0 -9999.0 -9999.0 -9999.0 -9999.0 -9999.0 -9999.0 -9999.0 -9999.0 -9999.0 -9999.0 -9999.0
nan nan nan nan nan nan nan nan nan nan nan nan nan nan nan nan nan nan nan nan nan nan nan nan nan nan nan nan nan nan nan nan 17.3 36.6 38.0 39.1 nan nan nan 27.5 19.6 19.6 nan nan 36.0 35.9 35.3 34.5 33.8 33.1 32.7 32.4 32.3 32.6 33.2 33.4 32.9 28.6 -9999.0 -9999.0 -9999.0 -9999.0 -9999.0 -9999.0 -9999.0 -9999.0 -9999.0 -9999.0 -9999.0 -9999.0 -9999.0 -9999.0 -9999.0 -9999.0 -9999.0 -9999.0 -9999.0 -9999.0 -9999.0 -9999.0 -9999.0 -9999.0 nan nan nan -9999.0 -9999.0 -9999.0 -9999.0 -9999.0
nan nan nan nan nan nan nan nan nan nan nan nan nan nan nan nan nan nan nan nan nan nan nan nan nan nan nan nan nan nan nan nan 35.1 36.1 37.5 38.9 nan nan nan nan 22.2 19.3 33.8 nan 35.2 36.1 35.8 35.0 34.2 33.6 33.1 32.8 32.7 33.0 33.5 33.8 33.6 32.4 -9999.0 -9999.0 -9999.0 -9999.0 -9999.0 -9999.0 -9999.0 -9999.0 -9999.0 -9999.0 -9999.0 -9999.0 -9999.0 -9999.0 -9999.0 -9999.0 -9999.0 -9999.0 -9999.0 -9999.0 -9999.0 -9999.0 nan nan nan nan nan nan nan nan -9999.0 -9999.0
nan nan nan nan nan nan nan nan nan nan nan nan nan nan nan nan nan nan nan nan nan nan nan nan nan nan nan nan nan nan nan nan nan 36.3 37.6 38.8 nan nan nan nan 29.6 21.5 26.3 23.2 nan 36.3 36.5 35.5 34.8 34.0 33.5 33.2 33.0 33.2 33.8 34.4 34.6 34.4 -9999.0 -9999.0 -9999.0 -9999.0 -9999.0 -9999.0 -9999.0 -9999.0 -9999.0 -9999.0 -9999.0 nan nan nan nan nan nan nan nan nan nan nan nan nan nan nan nan nan nan nan nan nan
nan nan nan nan nan nan nan nan nan nan nan nan nan nan nan nan nan nan nan nan nan nan nan nan nan nan nan nan nan nan nan nan nan 36.5 37.7 39.2 39.5 nan nan nan 40.2 23.9 23.6 38.9 nan nan 36.1 36.0 35.4 34.7 34.1 33.7 33.5 33.7 34.3 35.0 35.4 35.5 -9999.0 -9999.0 -9999.0 -9999.0 -9999.0 -9999.0 -9999.0 -9999.0 -9999.0 -9999.0 nan nan nan nan nan nan nan nan nan nan nan nan nan nan nan nan nan nan nan nan nan nan
