data/output/RUN203/ECOSPACE/ECOSPACE_in_PAR3/PAR-VarZ-VarK/PAR-VarZ-VarK_1989_04.asc
ncols        93
nrows        151 
xllcorner    -123.80739
yllcorner    48.29471 
cellsize     0.013497347 
NODATA_value  0.0
[rows 80 to 119 of 151, columns 0 to 89 of 93]
nan nan nan nan nan nan nan nan nan nan nan nan nan nan nan nan nan nan nan nan nan nan nan 39.0 38.4 38.7 40.3 40.8 40.0 39.0 38.1 37.3 36.8 36.5 36.3 36.2 36.2 36.0 36.0 35.7 35.6 35.6 35.4 35.3 34.8 33.9 32.8 31.2 29.7 28.6 27.4 26.3 25.3 24.7 nan nan nan nan nan nan nan nan nan nan nan nan 20.6 21.3 21.7 22.0 nan 21.6 21.6 21.8 22.0 22.4 22.5 22.3 22.2 22.8 23.7 24.1 24.2 nan nan nan nan nan nan nan
nan nan nan nan nan nan nan nan nan nan nan nan nan nan nan nan nan nan nan nan nan nan nan nan nan nan 41.2 41.0 40.4 39.5 38.6 37.8 37.2 36.8 36.5 36.3 36.3 36.1 35.8 35.4 35.4 35.3 35.2 35.1 34.8 34.1 32.9 31.7 30.4 29.2 28.0 27.0 26.0 25.1 24.4 nan nan nan nan nan nan nan nan nan nan nan 21.0 21.6 nan nan nan nan nan 22.1 22.4 22.9 nan 22.7 23.1 23.9 24.9 25.7 nan nan nan nan nan nan nan nan
nan nan nan nan nan nan nan nan nan nan nan nan nan nan nan nan nan nan nan nan nan nan nan nan nan nan nan 40.9 40.4 40.2 39.2 38.3 37.6 37.1 36.7 36.5 36.3 35.8 35.4 35.2 35.1 35.0 34.9 34.7 34.6 34.2 33.2 32.1 31.0 29.9 28.7 27.5 26.5 25.7 24.8 24.1 nan nan nan nan nan nan nan nan nan 20.9 21.6 nan nan nan nan nan nan 22.0 22.5 23.0 nan 23.2 24.4 25.2 25.9 nan nan nan nan nan nan nan nan nan
nan nan nan nan nan nan nan nan nan nan nan nan nan nan nan nan nan nan nan nan nan nan nan nan nan nan nan nan 38.7 40.0 39.8 38.8 38.0 37.5 37.0 36.4 36.1 35.5 35.5 35.3 35.0 34.8 34.8 34.7 34.6 34.1 33.5 32.8 31.6 30.5 29.3 28.1 27.1 26.2 25.4 24.5 23.9 nan nan nan nan nan nan nan nan 21.0 21.6 nan nan nan nan nan nan 22.1 22.7 23.4 24.5 25.4 25.8 26.0 nan nan nan nan nan nan nan nan nan nan
nan nan nan nan nan nan nan nan nan nan nan nan nan nan nan nan nan nan nan nan nan nan nan nan nan nan nan nan nan 14.9 40.6 39.6 38.6 37.8 37.1 36.7 36.3 36.0 35.9 35.6 35.2 35.0 34.9 34.8 34.8 34.6 34.3 33.5 32.4 31.2 30.1 29.0 28.0 27.0 26.0 25.1 24.3 23.9 nan nan nan nan nan nan 21.0 21.4 21.9 nan 22.7 22.9 23.3 nan nan 22.2 23.1 24.1 25.4 26.9 nan nan nan nan nan nan nan nan nan nan nan nan
nan nan nan nan nan nan nan nan nan nan nan nan nan nan nan nan nan nan nan nan nan nan nan nan nan nan nan nan nan nan 15.8 40.0 39.2 38.2 37.4 36.8 36.3 36.5 36.4 36.1 35.8 35.4 35.1 35.2 35.2 35.2 34.8 34.2 33.2 32.2 31.1 30.0 29.0 28.0 26.9 25.9 25.1 24.4 nan nan nan nan nan 21.2 21.6 22.2 22.6 22.8 22.9 23.0 23.3 12.4 nan 22.4 23.6 24.7 26.0 27.0 nan nan nan nan nan nan nan nan nan nan nan nan
nan nan nan nan nan nan nan nan nan nan nan nan nan nan nan nan nan nan nan nan nan nan nan nan nan nan nan nan nan nan nan 37.5 38.8 38.9 38.2 37.4 36.9 37.0 36.9 36.7 36.5 36.1 35.9 35.7 35.5 35.3 35.1 34.7 34.0 33.0 31.9 31.0 30.1 29.2 28.2 27.1 26.1 25.2 24.4 nan nan 21.9 22.6 22.6 22.7 23.2 23.6 23.7 23.6 23.6 23.6 nan nan 22.9 24.1 25.3 26.5 27.2 nan nan nan nan nan nan nan nan nan nan nan nan
nan nan nan nan nan nan nan nan nan nan nan nan nan nan nan nan nan nan nan nan nan nan nan nan nan nan nan nan nan nan nan nan 39.5 39.4 38.8 38.2 37.8 37.7 37.5 37.3 37.1 36.9 36.6 36.2 35.9 35.7 35.4 35.2 34.7 34.0 33.0 32.1 31.4 30.5 29.5 28.4 27.3 26.3 25.4 24.1 23.6 23.6 23.9 nan 23.5 24.3 25.0 25.2 25.1 25.0 24.5 23.8 23.8 24.1 24.8 25.8 26.8 nan nan nan nan nan nan nan nan nan nan nan nan nan
nan nan nan nan nan nan nan nan nan nan nan nan nan nan nan nan nan nan nan nan nan nan nan nan nan nan nan nan nan nan 39.0 39.1 38.9 39.1 39.0 38.7 38.4 38.1 38.1 37.6 37.6 37.4 37.2 36.9 36.5 36.2 35.9 35.7 35.2 34.6 34.1 33.5 32.9 32.1 31.2 30.0 28.8 27.7 26.8 25.9 25.2 24.7 24.8 25.3 25.4 26.1 26.9 27.0 26.8 26.5 25.6 24.8 24.6 24.9 25.5 26.4 27.0 nan nan nan nan nan nan nan nan nan nan nan nan nan
nan nan nan nan nan nan nan nan nan nan nan nan nan nan nan nan nan nan nan nan nan nan nan nan nan nan nan nan nan nan nan nan 38.6 38.7 38.7 38.7 38.6 38.5 38.4 38.1 38.0 38.0 37.8 37.5 37.0 36.7 36.4 36.1 35.6 35.1 34.7 34.5 34.2 33.8 32.9 31.7 30.5 29.4 28.3 27.5 26.6 26.0 26.0 26.5 26.6 27.0 27.6 nan nan nan 25.9 25.4 25.3 25.4 26.0 26.7 nan nan nan nan nan nan nan nan nan nan nan nan nan nan
nan nan nan nan nan nan nan nan nan nan nan nan nan nan nan nan nan nan nan nan nan nan nan nan nan nan nan nan nan nan 15.8 14.4 37.9 38.2 38.3 38.6 38.5 38.8 38.8 38.6 38.2 38.2 38.0 37.7 37.3 36.8 36.5 36.2 35.7 35.4 35.3 35.3 35.2 34.9 34.2 33.2 32.0 30.9 29.7 28.6 27.6 26.8 26.5 26.8 nan nan nan nan nan nan nan 25.8 25.6 25.8 26.3 26.7 nan nan nan nan nan nan nan nan nan nan nan nan nan nan
nan nan nan nan nan nan nan nan nan nan nan nan nan nan nan nan nan nan nan nan nan nan nan nan nan nan nan nan nan nan 16.2 36.8 37.8 38.5 38.5 18.1 38.2 38.9 39.0 38.9 38.5 38.4 38.2 38.0 37.4 36.9 36.6 36.3 36.0 35.7 35.8 35.9 35.9 35.9 35.3 34.5 33.5 32.3 30.9 29.5 28.3 27.3 26.7 nan nan nan nan nan nan 24.5 25.1 25.7 25.8 26.0 26.4 nan nan nan nan nan nan nan nan nan nan nan nan nan nan nan
nan nan nan nan nan nan nan nan nan nan nan nan nan nan nan nan nan nan nan nan nan nan nan nan nan nan nan nan nan nan 15.8 35.3 37.7 38.8 nan nan nan 38.3 39.2 39.1 38.8 38.5 38.5 38.2 37.5 37.0 36.6 36.2 35.8 35.6 36.0 36.3 36.6 36.5 36.3 35.7 34.8 33.7 32.3 30.8 29.4 28.1 27.4 nan nan nan nan nan 24.4 24.8 25.2 25.7 25.8 25.9 nan nan nan nan nan nan nan nan nan nan nan nan nan nan nan nan
nan nan nan nan nan nan nan nan nan nan nan nan nan nan nan nan nan nan nan nan nan nan nan nan nan nan nan nan nan nan 15.6 15.0 37.1 38.1 nan nan nan 36.7 37.5 39.2 39.1 38.7 38.4 38.3 37.7 37.1 36.7 36.3 36.1 35.9 36.0 36.4 36.9 37.1 36.9 36.5 35.8 34.8 33.6 32.1 30.6 29.3 28.1 26.3 25.6 nan 24.2 24.4 24.8 25.0 25.4 25.7 nan nan nan nan nan nan nan nan nan nan nan nan nan nan nan nan nan nan
nan nan nan nan nan nan nan nan nan nan nan nan nan nan nan nan nan nan nan nan nan nan nan nan nan nan nan nan nan nan nan nan 36.5 29.5 nan nan nan nan 36.5 38.3 39.1 38.9 38.4 38.2 37.8 37.3 36.8 36.4 35.9 35.6 35.8 36.3 36.8 37.2 37.3 37.0 36.5 35.7 34.6 33.3 31.9 30.4 29.1 27.8 26.9 25.8 25.3 25.0 25.1 25.2 25.2 nan nan nan nan nan nan nan nan nan nan nan nan nan nan nan nan nan nan nan
nan nan nan nan nan nan nan nan nan nan nan nan nan nan nan nan nan nan nan nan nan nan nan nan nan nan nan nan nan nan nan nan nan 34.4 19.0 nan nan nan 15.0 38.7 39.3 38.8 38.4 38.1 37.9 37.5 37.0 36.5 36.1 35.9 35.9 36.1 36.9 37.2 37.4 37.3 37.0 36.3 35.3 34.2 32.9 31.6 30.4 29.1 27.9 26.8 26.0 25.6 25.4 25.3 25.1 nan nan nan nan nan nan nan nan nan nan nan nan nan nan nan nan nan nan nan
nan nan nan nan nan nan nan nan nan nan nan nan nan nan nan nan nan nan nan nan nan nan nan nan nan nan nan nan nan nan nan nan nan nan 20.0 35.5 nan nan nan nan 39.1 39.5 38.8 38.2 38.1 37.6 37.1 36.7 36.3 36.0 35.8 36.0 36.7 37.1 37.7 37.6 37.3 36.8 36.1 35.2 34.0 32.7 31.5 30.2 28.9 27.7 26.7 26.0 25.5 25.2 25.1 25.0 nan nan nan nan nan nan nan nan nan nan nan nan nan nan nan nan nan nan
nan nan nan nan nan nan nan nan nan nan nan nan nan nan nan nan nan nan nan nan nan nan nan nan nan nan nan nan nan nan nan nan nan nan nan 27.7 16.1 nan nan nan nan 37.3 39.6 39.0 38.3 37.7 37.2 36.7 36.5 36.2 36.3 36.6 36.8 37.3 37.5 37.9 37.8 37.4 36.6 35.8 34.8 33.6 32.3 31.1 29.7 28.3 27.1 26.1 25.5 25.1 24.9 25.0 25.0 12.1 nan nan nan nan nan nan nan nan nan nan nan nan nan nan nan nan
nan nan nan nan nan nan nan nan nan nan nan nan nan nan nan nan nan nan nan nan nan nan nan nan nan nan nan nan nan nan nan nan nan nan 18.4 24.0 36.9 37.5 nan 16.2 nan 36.8 37.1 39.2 38.5 37.8 37.3 37.0 36.7 36.5 36.6 36.8 37.1 37.4 37.7 37.9 38.0 37.8 37.1 36.4 35.5 34.3 33.0 31.6 30.1 28.5 27.2 26.5 25.8 25.1 24.7 24.7 24.9 24.9 nan nan nan nan nan nan nan nan nan nan nan nan nan nan nan nan
nan nan nan nan nan nan nan nan nan nan nan nan nan nan nan nan nan nan nan nan nan nan nan nan nan nan nan nan nan nan nan nan nan nan 36.9 35.8 37.1 35.6 22.9 35.0 36.6 32.5 35.3 39.0 38.5 37.8 37.5 37.2 36.9 36.8 37.1 37.2 37.3 37.6 37.9 38.1 38.2 38.2 37.5 36.8 36.0 34.7 33.3 31.7 30.0 28.3 26.9 26.8 26.2 25.6 24.8 24.7 24.8 25.0 25.5 nan nan nan nan nan nan nan nan nan nan nan nan nan nan nan
nan nan nan nan nan nan nan nan nan nan nan nan nan nan nan nan nan nan nan nan nan nan nan nan nan nan nan nan nan nan nan nan nan nan 37.5 37.7 37.4 37.6 37.0 nan 38.1 34.3 37.1 39.2 38.6 37.8 37.6 37.4 37.1 37.0 37.1 37.2 37.4 37.6 37.8 38.1 38.2 38.1 37.7 37.2 36.3 35.0 -9999.0 -9999.0 -9999.0 -9999.0 -9999.0 -9999.0 -9999.0 12.4 25.0 24.8 25.0 25.1 25.3 nan nan nan nan nan nan nan nan nan nan nan nan nan nan -9999.0
nan nan nan nan nan nan nan nan nan nan nan nan nan nan nan nan nan nan nan nan nan nan nan nan nan nan nan nan nan nan nan nan nan nan 37.5 37.6 37.8 38.0 38.1 nan nan 38.5 39.3 39.3 38.4 37.7 37.2 37.0 36.9 36.9 37.1 37.3 37.5 37.7 37.9 38.1 38.2 38.1 37.7 37.3 36.3 -9999.0 -9999.0 -9999.0 -9999.0 -9999.0 -9999.0 -9999.0 -9999.0 nan 14.1 24.7 25.2 24.2 nan nan nan nan nan nan nan nan nan nan nan nan nan nan nan -9999.0
nan nan nan nan nan nan nan nan nan nan nan nan nan nan nan nan nan nan nan nan nan nan nan nan nan nan nan nan nan nan nan nan nan nan 37.4 37.4 37.5 37.5 37.0 nan 32.8 33.2 37.7 39.2 38.7 37.8 37.2 37.0 36.8 36.7 37.0 37.1 37.5 37.7 37.9 38.1 38.1 37.9 37.6 37.0 36.0 -9999.0 -9999.0 -9999.0 -9999.0 -9999.0 -9999.0 -9999.0 -9999.0 -9999.0 -9999.0 nan 12.2 12.2 nan nan nan nan nan nan nan nan nan nan nan nan nan nan nan -9999.0
nan nan nan nan nan nan nan nan nan nan nan nan nan nan nan nan nan nan nan nan nan nan nan nan nan nan nan nan nan nan nan nan nan nan 36.7 37.0 37.2 33.4 33.1 24.0 35.4 28.0 36.7 38.9 38.4 37.7 37.0 36.9 36.5 36.6 36.8 37.0 37.4 37.7 37.9 38.0 37.9 37.8 37.4 36.7 -9999.0 -9999.0 -9999.0 -9999.0 -9999.0 -9999.0 -9999.0 -9999.0 -9999.0 -9999.0 -9999.0 nan nan nan nan nan nan nan nan nan nan nan nan nan nan nan nan nan nan -9999.0
nan nan nan nan nan nan nan nan nan nan nan nan nan nan nan nan nan nan nan nan nan nan nan nan nan nan nan nan nan nan nan nan 31.9 33.8 34.2 36.8 37.4 37.3 33.4 33.7 nan 37.2 38.9 38.5 38.1 37.4 36.9 36.4 36.2 36.3 36.5 36.8 37.1 37.5 37.7 37.8 37.8 37.7 37.2 -9999.0 -9999.0 -9999.0 -9999.0 -9999.0 -9999.0 -9999.0 -9999.0 -9999.0 -9999.0 -9999.0 -9999.0 -9999.0 nan nan nan nan nan nan nan nan nan nan nan nan nan nan nan nan nan -9999.0
nan nan nan nan nan nan nan nan nan nan nan nan nan nan nan nan nan nan nan nan nan nan nan nan nan nan nan nan nan 16.0 nan nan 36.2 36.6 37.2 36.7 37.9 38.2 38.8 nan nan 38.2 38.7 38.6 38.0 37.3 36.8 36.3 36.3 36.3 36.4 36.5 36.9 37.3 37.5 37.6 37.8 37.6 36.9 -9999.0 -9999.0 -9999.0 -9999.0 -9999.0 -9999.0 -9999.0 -9999.0 -9999.0 -9999.0 -9999.0 -9999.0 -9999.0 -9999.0 -9999.0 nan nan nan nan nan nan nan nan nan nan nan nan nan nan nan -9999.0
nan nan nan nan nan nan nan nan nan nan nan nan nan nan nan nan nan nan nan nan nan nan nan nan nan nan nan nan nan 14.4 14.4 nan 37.2 37.5 33.8 34.5 35.5 38.4 38.9 38.0 nan 38.1 38.9 38.9 38.2 37.4 36.8 36.6 36.5 36.4 36.4 36.4 36.7 37.1 37.3 37.5 37.6 37.5 -9999.0 -9999.0 -9999.0 -9999.0 -9999.0 -9999.0 -9999.0 -9999.0 -9999.0 -9999.0 -9999.0 -9999.0 -9999.0 -9999.0 -9999.0 -9999.0 -9999.0 nan nan nan nan nan nan nan nan nan nan nan nan nan nan -9999.0
nan nan nan nan nan nan nan nan nan nan nan nan nan nan nan nan nan nan nan nan nan nan nan nan nan nan nan nan nan 15.2 36.5 37.0 37.4 37.9 37.9 nan 14.7 37.4 38.7 39.0 nan 35.8 38.2 38.7 38.1 37.5 37.0 36.5 36.3 36.2 36.2 36.3 36.7 37.1 37.4 37.5 37.6 37.5 -9999.0 -9999.0 -9999.0 -9999.0 -9999.0 -9999.0 -9999.0 -9999.0 -9999.0 -9999.0 -9999.0 -9999.0 -9999.0 -9999.0 -9999.0 -9999.0 -9999.0 -9999.0 nan nan nan nan nan nan nan nan nan nan nan nan nan -9999.0
nan nan nan nan nan nan nan nan nan nan nan nan nan nan nan nan nan nan nan nan nan nan nan nan nan nan nan nan nan nan 35.6 37.0 37.6 38.3 34.0 nan nan 35.5 37.2 37.7 nan 31.2 34.4 38.1 38.1 37.4 37.0 36.5 36.2 35.9 36.0 36.3 36.8 37.2 37.5 37.6 37.8 37.6 -9999.0 -9999.0 -9999.0 -9999.0 -9999.0 -9999.0 -9999.0 -9999.0 -9999.0 -9999.0 -9999.0 -9999.0 -9999.0 -9999.0 -9999.0 -9999.0 -9999.0 -9999.0 -9999.0 nan nan nan nan nan nan nan nan nan nan nan nan -9999.0
nan nan nan nan nan nan nan nan nan nan nan nan nan nan nan nan nan nan nan nan nan nan nan nan nan nan nan nan nan nan 34.2 37.1 37.8 38.6 34.7 nan 16.1 29.3 33.1 20.2 31.2 27.0 26.2 35.5 37.7 37.3 36.7 36.2 36.0 36.0 35.9 36.4 37.1 37.3 37.8 37.7 37.9 36.8 -9999.0 -9999.0 -9999.0 -9999.0 -9999.0 -9999.0 -9999.0 -9999.0 -9999.0 -9999.0 -9999.0 -9999.0 -9999.0 -9999.0 -9999.0 -9999.0 -9999.0 -9999.0 -9999.0 -9999.0 nan nan nan nan nan nan nan nan nan nan nan -9999.0
nan nan nan nan nan nan nan nan nan nan nan nan nan nan nan nan nan nan nan nan nan nan nan nan nan nan nan nan nan nan 34.8 36.5 37.8 38.6 34.0 16.1 nan 34.7 25.0 17.5 26.7 nan 35.7 37.8 37.5 37.0 36.4 36.0 35.8 35.9 36.0 36.5 37.0 37.5 37.9 37.7 36.7 30.0 -9999.0 -9999.0 -9999.0 -9999.0 -9999.0 -9999.0 -9999.0 -9999.0 -9999.0 -9999.0 -9999.0 -9999.0 -9999.0 -9999.0 -9999.0 -9999.0 -9999.0 -9999.0 -9999.0 -9999.0 -9999.0 -9999.0 nan nan nan nan nan nan nan nan nan -9999.0
nan nan nan nan nan nan nan nan nan nan nan nan nan nan nan nan nan nan nan nan nan nan nan nan nan nan nan nan nan nan nan 35.8 37.5 38.0 35.0 nan nan 26.4 24.5 20.1 nan nan 37.6 38.0 37.6 36.9 36.4 35.9 35.7 35.9 36.1 36.6 37.1 37.8 38.2 38.0 37.7 34.1 -9999.0 -9999.0 -9999.0 -9999.0 -9999.0 -9999.0 -9999.0 -9999.0 -9999.0 -9999.0 -9999.0 nan nan nan -9999.0 -9999.0 -9999.0 -9999.0 -9999.0 -9999.0 -9999.0 -9999.0 -9999.0 -9999.0 -9999.0 -9999.0 -9999.0 nan nan nan -9999.0 -9999.0
nan nan nan nan nan nan nan nan nan nan nan nan nan nan nan nan nan nan nan nan nan nan nan nan nan nan nan nan nan nan nan 33.4 36.0 37.8 38.6 nan 15.9 22.7 34.0 18.8 nan nan 37.5 37.8 37.4 36.7 36.3 36.0 35.9 36.2 36.5 36.8 37.2 38.0 38.4 38.3 38.6 34.2 -9999.0 -9999.0 -9999.0 -9999.0 -9999.0 -9999.0 -9999.0 -9999.0 -9999.0 -9999.0 -9999.0 nan nan nan nan nan -9999.0 -9999.0 -9999.0 -9999.0 -9999.0 -9999.0 -9999.0 -9999.0 -9999.0 -9999.0 -9999.0 -9999.0 -9999.0 -9999.0 -9999.0 -9999.0
nan nan nan nan nan nan nan nan nan nan nan nan nan nan nan nan nan nan nan nan nan nan nan nan nan nan nan nan nan nan nan 15.7 35.4 37.8 33.2 34.6 31.0 25.5 21.4 17.5 19.4 nan 36.5 37.5 37.3 36.8 36.3 36.0 35.9 36.2 36.6 37.0 37.4 38.3 38.7 38.3 37.6 30.8 -9999.0 -9999.0 -9999.0 -9999.0 -9999.0 -9999.0 -9999.0 -9999.0 -9999.0 -9999.0 -9999.0 -9999.0 -9999.0 -9999.0 -9999.0 -9999.0 -9999.0 -9999.0 -9999.0 -9999.0 -9999.0 -9999.0 -9999.0 -9999.0 -9999.0 -9999.0 -9999.0 -9999.0 -9999.0 -9999.0 -9999.0 -9999.0
nan nan nan nan nan nan nan nan nan nan nan nan nan nan nan nan nan nan nan nan nan nan nan nan nan nan nan nan nan nan nan 15.6 31.6 37.4 38.3 39.3 38.8 nan 25.0 28.2 16.5 nan 36.4 36.5 37.3 37.0 36.6 36.1 36.0 36.3 36.5 37.0 37.6 38.3 38.8 38.6 36.6 32.7 -9999.0 -9999.0 -9999.0 -9999.0 -9999.0 -9999.0 -9999.0 -9999.0 -9999.0 -9999.0 -9999.0 -9999.0 -9999.0 -9999.0 -9999.0 -9999.0 -9999.0 -9999.0 -9999.0 -9999.0 -9999.0 -9999.0 -9999.0 -9999.0 -9999.0 -9999.0 -9999.0 -9999.0 -9999.0 -9999.0 -9999.0 -9999.0
nan nan nan nan nan nan nan nan nan nan nan nan nan nan nan nan nan nan nan nan nan nan nan nan nan nan nan nan nan nan nan 15.7 32.0 35.5 38.5 39.0 39.1 nan nan 25.1 17.9 nan nan 36.7 37.4 37.1 36.8 36.4 36.2 36.3 36.7 37.1 37.7 38.3 39.1 38.9 37.3 29.0 -9999.0 -9999.0 -9999.0 -9999.0 -9999.0 -9999.0 -9999.0 -9999.0 -9999.0 -9999.0 -9999.0 -9999.0 -9999.0 -9999.0 -9999.0 -9999.0 -9999.0 -9999.0 -9999.0 -9999.0 -9999.0 -9999.0 -9999.0 -9999.0 -9999.0 -9999.0 -9999.0 -9999.0 -9999.0 -9999.0 -9999.0 -9999.0
nan nan nan nan nan nan nan nan nan nan nan nan nan nan nan nan nan nan nan nan nan nan nan nan nan nan nan nan nan nan nan nan 15.2 36.8 37.9 38.7 nan nan nan 25.4 17.8 16.4 nan nan 35.2 37.1 36.8 36.6 36.5 36.3 36.5 37.0 37.7 38.3 39.0 39.5 37.6 28.3 -9999.0 -9999.0 -9999.0 -9999.0 -9999.0 -9999.0 -9999.0 -9999.0 -9999.0 -9999.0 -9999.0 -9999.0 -9999.0 -9999.0 -9999.0 -9999.0 -9999.0 -9999.0 -9999.0 -9999.0 -9999.0 -9999.0 -9999.0 -9999.0 nan nan nan -9999.0 -9999.0 -9999.0 -9999.0 -9999.0
nan nan nan nan nan nan nan nan nan nan nan nan nan nan nan nan nan nan nan nan nan nan nan nan nan nan nan nan nan nan nan nan 33.6 36.1 37.5 38.5 nan nan nan nan 20.2 16.1 29.2 nan 34.0 34.5 37.0 36.7 36.4 36.4 36.7 37.2 37.8 38.3 39.1 39.6 39.6 34.8 -9999.0 -9999.0 -9999.0 -9999.0 -9999.0 -9999.0 -9999.0 -9999.0 -9999.0 -9999.0 -9999.0 -9999.0 -9999.0 -9999.0 -9999.0 -9999.0 -9999.0 -9999.0 -9999.0 -9999.0 -9999.0 -9999.0 nan nan nan nan nan nan nan nan -9999.0 -9999.0
nan nan nan nan nan nan nan nan nan nan nan nan nan nan nan nan nan nan nan nan nan nan nan nan nan nan nan nan nan nan nan nan nan 36.4 37.7 38.6 nan nan nan nan 26.7 18.0 22.0 20.4 nan 36.1 36.8 36.6 36.6 36.5 36.7 37.3 37.8 38.5 39.0 39.5 40.2 37.4 -9999.0 -9999.0 -9999.0 -9999.0 -9999.0 -9999.0 -9999.0 -9999.0 -9999.0 -9999.0 -9999.0 nan nan nan nan nan nan nan nan nan nan nan nan nan nan nan nan nan nan nan nan nan
nan nan nan nan nan nan nan nan nan nan nan nan nan nan nan nan nan nan nan nan nan nan nan nan nan nan nan nan nan nan nan nan nan 36.6 38.1 38.9 39.0 nan nan nan 36.8 20.5 20.0 34.8 nan nan 35.2 36.8 37.1 37.1 37.1 37.3 37.9 38.5 39.0 39.5 40.7 41.1 -9999.0 -9999.0 -9999.0 -9999.0 -9999.0 -9999.0 -9999.0 -9999.0 -9999.0 -9999.0 nan nan nan nan nan nan nan nan nan nan nan nan nan nan nan nan nan nan nan nan nan nan
