data/output/RUN203/ECOSPACE/ECOSPACE_in_PAR3/PAR-VarZ-VarK/PAR-VarZ-VarK_2004_05.asc
ncols        93
nrows        151 
xllcorner    -123.80739
yllcorner    48.29471 
cellsize     0.013497347 
NODATA_value  0.0
[rows 80 to 119 of 151, columns 0 to 89 of 93]
nan nan nan nan nan nan nan nan nan nan nan nan nan nan nan nan nan nan nan nan nan nan nan 40.1 39.7 38.6 41.9 41.7 40.6 39.2 37.9 36.8 35.8 34.6 33.4 32.1 30.7 29.2 27.5 25.9 24.4 23.1 22.0 21.0 20.1 19.3 18.7 18.3 18.0 17.8 17.7 17.7 17.7 17.7 nan nan nan nan nan nan nan nan nan nan nan nan 16.1 16.3 16.5 16.5 nan 16.1 16.1 16.2 16.3 16.5 16.5 16.2 16.1 16.3 16.6 16.8 16.7 nan nan nan nan nan nan nan
nan nan nan nan nan nan nan nan nan nan nan nan nan nan nan nan nan nan nan nan nan nan nan nan nan nan 42.4 42.4 41.6 40.5 39.2 38.0 36.7 35.4 34.1 32.7 31.1 29.4 27.7 26.0 24.5 23.2 22.1 21.1 20.2 19.4 18.8 18.4 18.0 17.8 17.6 17.6 17.6 17.7 17.6 nan nan nan nan nan nan nan nan nan nan nan 16.4 16.5 nan nan nan nan nan 16.4 16.6 16.8 nan 16.4 16.5 16.9 17.2 17.4 nan nan nan nan nan nan nan nan
nan nan nan nan nan nan nan nan nan nan nan nan nan nan nan nan nan nan nan nan nan nan nan nan nan nan nan 42.8 42.3 41.7 40.6 39.3 37.9 36.4 34.9 33.3 31.6 29.8 27.9 26.2 24.6 23.4 22.2 21.2 20.3 19.5 18.9 18.5 18.1 17.8 17.6 17.5 17.5 17.6 17.7 17.6 nan nan nan nan nan nan nan nan nan 16.4 16.7 nan nan nan nan nan nan 16.4 16.6 16.8 nan 16.6 17.1 17.4 17.6 nan nan nan nan nan nan nan nan nan
nan nan nan nan nan nan nan nan nan nan nan nan nan nan nan nan nan nan nan nan nan nan nan nan nan nan nan nan 40.3 41.8 42.0 40.8 39.2 37.5 35.8 34.0 32.0 30.0 28.1 26.3 24.8 23.5 22.4 21.4 20.4 19.6 19.0 18.6 18.2 17.9 17.7 17.6 17.5 17.5 17.6 17.6 17.6 nan nan nan nan nan nan nan nan 16.5 16.7 nan nan nan nan nan nan 16.4 16.7 16.9 17.2 17.5 17.5 17.6 nan nan nan nan nan nan nan nan nan nan
nan nan nan nan nan nan nan nan nan nan nan nan nan nan nan nan nan nan nan nan nan nan nan nan nan nan nan nan nan 16.6 42.9 42.1 40.5 38.7 36.7 34.7 32.5 30.4 28.4 26.5 25.0 23.7 22.5 21.5 20.6 19.8 19.2 18.7 18.3 18.0 17.8 17.7 17.6 17.6 17.6 17.7 17.6 17.5 nan nan nan nan nan nan 16.5 16.6 16.7 nan 17.1 17.0 17.1 nan nan 16.4 16.8 17.1 17.4 17.9 nan nan nan nan nan nan nan nan nan nan nan nan
nan nan nan nan nan nan nan nan nan nan nan nan nan nan nan nan nan nan nan nan nan nan nan nan nan nan nan nan nan nan 17.6 42.8 41.6 39.8 37.6 35.3 33.0 30.8 28.7 26.8 25.2 23.9 22.7 21.7 20.7 19.9 19.3 18.8 18.4 18.2 18.0 17.8 17.8 17.7 17.7 17.8 17.8 17.7 nan nan nan nan nan 16.6 16.6 16.8 16.9 17.0 17.0 17.0 17.0 10.9 nan 16.5 16.9 17.2 17.5 17.7 nan nan nan nan nan nan nan nan nan nan nan nan
nan nan nan nan nan nan nan nan nan nan nan nan nan nan nan nan nan nan nan nan nan nan nan nan nan nan nan nan nan nan nan 39.8 42.0 40.6 38.3 35.9 33.6 31.3 29.1 27.1 25.5 24.1 22.9 21.8 20.9 20.1 19.5 19.0 18.6 18.4 18.2 18.1 18.0 17.9 17.9 17.9 17.9 17.9 17.6 nan nan 16.9 17.0 17.0 16.9 17.0 17.1 17.2 17.1 17.0 17.0 nan nan 16.7 17.0 17.4 17.6 17.7 nan nan nan nan nan nan nan nan nan nan nan nan
nan nan nan nan nan nan nan nan nan nan nan nan nan nan nan nan nan nan nan nan nan nan nan nan nan nan nan nan nan nan nan nan 42.3 40.7 38.6 36.4 34.2 31.8 29.6 27.6 25.8 24.4 23.1 22.0 21.1 20.3 19.7 19.2 18.9 18.6 18.5 18.4 18.3 18.2 18.1 18.1 18.1 18.0 17.9 17.6 17.4 17.4 17.3 nan 17.1 17.3 17.5 17.5 17.5 17.4 17.3 17.1 17.0 17.1 17.2 17.5 17.6 nan nan nan nan nan nan nan nan nan nan nan nan nan
nan nan nan nan nan nan nan nan nan nan nan nan nan nan nan nan nan nan nan nan nan nan nan nan nan nan nan nan nan nan 40.9 41.5 41.6 40.3 38.5 36.7 34.7 32.4 30.1 28.0 26.2 24.7 23.4 22.3 21.3 20.6 20.0 19.5 19.1 18.9 18.8 18.7 18.6 18.5 18.4 18.4 18.3 18.2 18.1 17.9 17.7 17.6 17.5 17.6 17.6 17.7 17.9 17.9 17.9 17.9 17.6 17.3 17.2 17.3 17.4 17.6 17.6 nan nan nan nan nan nan nan nan nan nan nan nan nan
nan nan nan nan nan nan nan nan nan nan nan nan nan nan nan nan nan nan nan nan nan nan nan nan nan nan nan nan nan nan nan nan 40.7 39.7 38.2 36.8 35.3 33.2 30.8 28.6 26.7 25.1 23.7 22.5 21.6 20.8 20.2 19.7 19.4 19.2 19.1 19.0 18.9 18.9 18.8 18.7 18.6 18.5 18.3 18.2 18.0 17.8 17.8 17.9 17.8 17.9 17.9 nan nan nan 17.6 17.5 17.4 17.4 17.5 17.6 nan nan nan nan nan nan nan nan nan nan nan nan nan nan
nan nan nan nan nan nan nan nan nan nan nan nan nan nan nan nan nan nan nan nan nan nan nan nan nan nan nan nan nan nan 17.6 16.1 39.9 39.1 38.1 37.2 36.2 34.2 31.5 29.2 27.2 25.5 24.1 22.8 21.8 21.1 20.5 20.0 19.6 19.5 19.4 19.3 19.3 19.2 19.2 19.1 19.0 18.9 18.7 18.4 18.2 18.0 17.9 17.9 nan nan nan nan nan nan nan 17.7 17.5 17.5 17.5 17.5 nan nan nan nan nan nan nan nan nan nan nan nan nan nan
nan nan nan nan nan nan nan nan nan nan nan nan nan nan nan nan nan nan nan nan nan nan nan nan nan nan nan nan nan nan 17.7 39.0 39.3 39.1 38.4 19.1 37.4 35.2 32.2 29.8 27.8 26.0 24.5 23.2 22.1 21.3 20.7 20.2 19.9 19.8 19.7 19.6 19.6 19.6 19.6 19.5 19.4 19.2 19.0 18.7 18.4 18.2 18.0 nan nan nan nan nan nan 17.4 17.5 17.6 17.5 17.4 17.5 nan nan nan nan nan nan nan nan nan nan nan nan nan nan nan
nan nan nan nan nan nan nan nan nan nan nan nan nan nan nan nan nan nan nan nan nan nan nan nan nan nan nan nan nan nan 17.6 37.1 39.2 38.6 nan nan nan 34.7 32.9 30.6 28.5 26.6 25.0 23.6 22.5 21.6 21.0 20.5 20.1 20.0 19.9 19.9 19.9 19.9 19.8 19.8 19.7 19.6 19.3 19.0 18.6 18.3 18.1 nan nan nan nan nan 17.4 17.3 17.4 17.4 17.3 17.3 nan nan nan nan nan nan nan nan nan nan nan nan nan nan nan nan
nan nan nan nan nan nan nan nan nan nan nan nan nan nan nan nan nan nan nan nan nan nan nan nan nan nan nan nan nan nan 17.5 16.7 39.5 38.8 nan nan nan 32.0 33.8 31.6 29.6 27.5 25.7 24.1 22.9 21.9 21.2 20.7 20.3 20.1 20.1 20.0 20.0 20.0 20.0 20.0 19.9 19.8 19.5 19.2 18.8 18.5 18.2 17.7 17.5 nan 17.3 17.3 17.3 17.3 17.3 17.3 nan nan nan nan nan nan nan nan nan nan nan nan nan nan nan nan nan nan
nan nan nan nan nan nan nan nan nan nan nan nan nan nan nan nan nan nan nan nan nan nan nan nan nan nan nan nan nan nan nan nan 39.6 32.0 nan nan nan nan 34.0 33.0 31.1 28.5 26.4 24.7 23.3 22.2 21.4 20.9 20.5 20.3 20.2 20.1 20.1 20.1 20.1 20.1 20.1 20.0 19.7 19.4 19.0 18.6 18.2 17.9 17.7 17.6 17.4 17.3 17.2 17.2 17.0 nan nan nan nan nan nan nan nan nan nan nan nan nan nan nan nan nan nan nan
nan nan nan nan nan nan nan nan nan nan nan nan nan nan nan nan nan nan nan nan nan nan nan nan nan nan nan nan nan nan nan nan nan 32.2 16.5 nan nan nan 15.8 35.1 32.9 29.7 27.2 25.3 23.8 22.6 21.7 21.1 20.7 20.4 20.3 20.3 20.2 20.3 20.3 20.3 20.3 20.2 20.0 19.7 19.3 18.8 18.4 18.0 17.8 17.5 17.3 17.2 17.1 17.0 16.8 nan nan nan nan nan nan nan nan nan nan nan nan nan nan nan nan nan nan nan
nan nan nan nan nan nan nan nan nan nan nan nan nan nan nan nan nan nan nan nan nan nan nan nan nan nan nan nan nan nan nan nan nan nan 18.9 30.8 nan nan nan nan 33.5 30.9 27.9 25.9 24.3 23.1 22.2 21.5 21.0 20.7 20.6 20.5 20.5 20.5 20.5 20.6 20.5 20.4 20.2 19.9 19.5 19.1 18.6 18.2 17.8 17.5 17.2 17.1 17.0 16.9 16.9 16.5 nan nan nan nan nan nan nan nan nan nan nan nan nan nan nan nan nan nan
nan nan nan nan nan nan nan nan nan nan nan nan nan nan nan nan nan nan nan nan nan nan nan nan nan nan nan nan nan nan nan nan nan nan nan 22.1 17.1 nan nan nan nan 28.9 28.3 26.4 24.8 23.6 22.6 22.0 21.5 21.2 21.0 20.9 20.9 20.9 20.9 20.9 20.9 20.7 20.5 20.1 19.7 19.2 18.7 18.2 17.8 17.5 17.2 17.0 16.9 16.8 16.7 16.7 16.6 10.6 nan nan nan nan nan nan nan nan nan nan nan nan nan nan nan nan
nan nan nan nan nan nan nan nan nan nan nan nan nan nan nan nan nan nan nan nan nan nan nan nan nan nan nan nan nan nan nan nan nan nan 17.5 22.1 30.9 30.7 nan 16.8 nan 26.1 28.3 26.7 25.3 24.1 23.2 22.5 22.1 21.8 21.6 21.5 21.5 21.4 21.4 21.4 21.2 21.1 20.8 20.4 19.9 19.4 18.8 18.3 17.8 17.4 17.2 17.1 16.9 16.7 16.6 16.6 16.6 16.4 nan nan nan nan nan nan nan nan nan nan nan nan nan nan nan nan
nan nan nan nan nan nan nan nan nan nan nan nan nan nan nan nan nan nan nan nan nan nan nan nan nan nan nan nan nan nan nan nan nan nan 31.4 31.4 31.6 30.1 20.2 28.2 29.5 23.5 28.9 27.3 25.9 24.7 23.8 23.2 22.8 22.5 22.3 22.2 22.1 22.0 21.9 21.8 21.7 21.5 21.1 20.7 20.1 19.5 18.8 18.2 17.7 17.3 16.7 16.8 16.4 16.7 16.5 16.5 16.5 16.5 16.6 nan nan nan nan nan nan nan nan nan nan nan nan nan nan nan
nan nan nan nan nan nan nan nan nan nan nan nan nan nan nan nan nan nan nan nan nan nan nan nan nan nan nan nan nan nan nan nan nan nan 31.7 31.7 31.6 31.9 31.9 nan 30.6 28.7 29.7 28.1 26.6 25.4 24.5 24.0 23.5 23.3 23.1 23.0 22.8 22.7 22.5 22.4 22.2 21.9 21.5 20.9 20.2 19.5 -9999.0 -9999.0 -9999.0 -9999.0 -9999.0 -9999.0 -9999.0 11.3 16.5 16.4 16.5 16.4 16.4 nan nan nan nan nan nan nan nan nan nan nan nan nan nan -9999.0
nan nan nan nan nan nan nan nan nan nan nan nan nan nan nan nan nan nan nan nan nan nan nan nan nan nan nan nan nan nan nan nan nan nan 31.7 31.6 31.5 31.5 31.9 nan nan 31.5 30.4 28.8 27.3 26.2 25.3 24.8 24.4 24.1 24.0 23.8 23.7 23.5 23.3 23.1 22.8 22.4 21.9 21.2 20.4 -9999.0 -9999.0 -9999.0 -9999.0 -9999.0 -9999.0 -9999.0 -9999.0 nan 13.4 16.3 16.5 15.9 nan nan nan nan nan nan nan nan nan nan nan nan nan nan nan -9999.0
nan nan nan nan nan nan nan nan nan nan nan nan nan nan nan nan nan nan nan nan nan nan nan nan nan nan nan nan nan nan nan nan nan nan 31.5 31.4 31.4 31.6 32.5 nan 25.0 28.9 30.9 29.4 28.0 26.9 26.2 25.6 25.2 25.0 24.9 24.7 24.5 24.3 24.1 23.8 23.5 23.0 22.4 21.5 20.6 -9999.0 -9999.0 -9999.0 -9999.0 -9999.0 -9999.0 -9999.0 -9999.0 -9999.0 -9999.0 nan 11.0 11.0 nan nan nan nan nan nan nan nan nan nan nan nan nan nan nan -9999.0
nan nan nan nan nan nan nan nan nan nan nan nan nan nan nan nan nan nan nan nan nan nan nan nan nan nan nan nan nan nan nan nan nan nan 31.4 31.4 31.9 32.5 29.0 19.4 30.3 25.8 31.2 30.0 28.7 27.7 27.0 26.5 26.1 25.9 25.7 25.5 25.4 25.2 25.0 24.6 24.2 23.6 22.9 22.0 -9999.0 -9999.0 -9999.0 -9999.0 -9999.0 -9999.0 -9999.0 -9999.0 -9999.0 -9999.0 -9999.0 nan nan nan nan nan nan nan nan nan nan nan nan nan nan nan nan nan nan -9999.0
nan nan nan nan nan nan nan nan nan nan nan nan nan nan nan nan nan nan nan nan nan nan nan nan nan nan nan nan nan nan nan nan 29.9 30.5 31.7 32.2 32.8 33.7 34.3 32.0 nan 33.2 31.9 30.6 29.4 28.5 27.8 27.3 26.9 26.7 26.5 26.4 26.3 26.1 25.8 25.4 24.9 24.3 23.6 -9999.0 -9999.0 -9999.0 -9999.0 -9999.0 -9999.0 -9999.0 -9999.0 -9999.0 -9999.0 -9999.0 -9999.0 -9999.0 nan nan nan nan nan nan nan nan nan nan nan nan nan nan nan nan nan -9999.0
nan nan nan nan nan nan nan nan nan nan nan nan nan nan nan nan nan nan nan nan nan nan nan nan nan nan nan nan nan 17.2 nan nan 32.0 32.4 32.4 32.8 33.5 34.5 35.5 nan nan 33.0 32.5 31.4 30.2 29.2 28.5 28.0 27.7 27.5 27.4 27.3 27.1 27.0 26.6 26.2 25.7 25.2 24.4 -9999.0 -9999.0 -9999.0 -9999.0 -9999.0 -9999.0 -9999.0 -9999.0 -9999.0 -9999.0 -9999.0 -9999.0 -9999.0 -9999.0 -9999.0 nan nan nan nan nan nan nan nan nan nan nan nan nan nan nan -9999.0
nan nan nan nan nan nan nan nan nan nan nan nan nan nan nan nan nan nan nan nan nan nan nan nan nan nan nan nan nan 15.1 15.1 nan 32.5 33.0 31.0 29.5 32.5 34.5 35.0 34.1 nan 33.6 33.3 32.3 31.1 30.1 29.3 28.8 28.5 28.3 28.3 28.2 28.0 27.7 27.3 26.9 26.5 26.0 -9999.0 -9999.0 -9999.0 -9999.0 -9999.0 -9999.0 -9999.0 -9999.0 -9999.0 -9999.0 -9999.0 -9999.0 -9999.0 -9999.0 -9999.0 -9999.0 -9999.0 nan nan nan nan nan nan nan nan nan nan nan nan nan nan -9999.0
nan nan nan nan nan nan nan nan nan nan nan nan nan nan nan nan nan nan nan nan nan nan nan nan nan nan nan nan nan 15.9 32.6 32.7 33.1 33.5 34.2 nan 15.8 34.4 34.7 35.1 nan 33.5 34.6 33.5 32.2 30.9 30.1 29.5 29.2 29.1 29.1 29.1 28.8 28.4 28.0 27.6 27.2 26.8 -9999.0 -9999.0 -9999.0 -9999.0 -9999.0 -9999.0 -9999.0 -9999.0 -9999.0 -9999.0 -9999.0 -9999.0 -9999.0 -9999.0 -9999.0 -9999.0 -9999.0 -9999.0 nan nan nan nan nan nan nan nan nan nan nan nan nan -9999.0
nan nan nan nan nan nan nan nan nan nan nan nan nan nan nan nan nan nan nan nan nan nan nan nan nan nan nan nan nan nan 31.9 32.6 33.2 34.0 33.0 nan nan 34.0 34.7 36.1 nan 29.5 31.8 34.2 33.0 31.7 30.8 30.2 29.9 29.9 29.9 29.9 29.6 29.1 28.7 28.2 27.9 27.4 -9999.0 -9999.0 -9999.0 -9999.0 -9999.0 -9999.0 -9999.0 -9999.0 -9999.0 -9999.0 -9999.0 -9999.0 -9999.0 -9999.0 -9999.0 -9999.0 -9999.0 -9999.0 -9999.0 nan nan nan nan nan nan nan nan nan nan nan nan -9999.0
nan nan nan nan nan nan nan nan nan nan nan nan nan nan nan nan nan nan nan nan nan nan nan nan nan nan nan nan nan nan 29.1 32.8 33.4 34.2 30.5 nan 17.5 25.9 30.3 18.1 29.3 24.4 27.2 33.8 33.6 32.4 31.5 30.9 30.6 30.5 30.6 30.6 30.4 29.9 29.4 28.8 28.0 27.5 -9999.0 -9999.0 -9999.0 -9999.0 -9999.0 -9999.0 -9999.0 -9999.0 -9999.0 -9999.0 -9999.0 -9999.0 -9999.0 -9999.0 -9999.0 -9999.0 -9999.0 -9999.0 -9999.0 -9999.0 nan nan nan nan nan nan nan nan nan nan nan -9999.0
nan nan nan nan nan nan nan nan nan nan nan nan nan nan nan nan nan nan nan nan nan nan nan nan nan nan nan nan nan nan 29.9 32.1 33.5 34.2 33.5 17.5 nan 31.3 24.6 18.0 25.0 nan 35.0 35.2 34.2 33.2 32.2 31.6 31.3 31.2 31.3 31.2 31.1 30.6 30.1 29.2 27.8 20.5 -9999.0 -9999.0 -9999.0 -9999.0 -9999.0 -9999.0 -9999.0 -9999.0 -9999.0 -9999.0 -9999.0 -9999.0 -9999.0 -9999.0 -9999.0 -9999.0 -9999.0 -9999.0 -9999.0 -9999.0 -9999.0 -9999.0 nan nan nan nan nan nan nan nan nan -9999.0
nan nan nan nan nan nan nan nan nan nan nan nan nan nan nan nan nan nan nan nan nan nan nan nan nan nan nan nan nan nan nan 32.8 33.2 33.9 34.7 nan nan 23.9 23.7 20.7 nan nan 35.9 35.8 35.0 34.0 33.0 32.3 31.9 31.8 31.9 31.8 31.7 31.3 30.8 29.5 27.4 23.2 -9999.0 -9999.0 -9999.0 -9999.0 -9999.0 -9999.0 -9999.0 -9999.0 -9999.0 -9999.0 -9999.0 nan nan nan -9999.0 -9999.0 -9999.0 -9999.0 -9999.0 -9999.0 -9999.0 -9999.0 -9999.0 -9999.0 -9999.0 -9999.0 -9999.0 nan nan nan -9999.0 -9999.0
nan nan nan nan nan nan nan nan nan nan nan nan nan nan nan nan nan nan nan nan nan nan nan nan nan nan nan nan nan nan nan 31.9 33.1 33.8 34.9 nan 16.7 20.4 31.8 18.6 nan nan 36.3 36.4 35.7 34.9 33.9 33.2 32.7 32.5 32.4 32.4 32.2 31.8 31.4 30.6 29.8 25.4 -9999.0 -9999.0 -9999.0 -9999.0 -9999.0 -9999.0 -9999.0 -9999.0 -9999.0 -9999.0 -9999.0 nan nan nan nan nan -9999.0 -9999.0 -9999.0 -9999.0 -9999.0 -9999.0 -9999.0 -9999.0 -9999.0 -9999.0 -9999.0 -9999.0 -9999.0 -9999.0 -9999.0 -9999.0
nan nan nan nan nan nan nan nan nan nan nan nan nan nan nan nan nan nan nan nan nan nan nan nan nan nan nan nan nan nan nan 17.1 32.6 33.7 34.8 33.4 29.8 24.5 19.8 16.3 19.0 nan 36.5 36.9 36.3 35.6 34.8 34.0 33.5 33.2 33.1 33.0 32.7 32.2 31.7 30.8 30.1 22.9 -9999.0 -9999.0 -9999.0 -9999.0 -9999.0 -9999.0 -9999.0 -9999.0 -9999.0 -9999.0 -9999.0 -9999.0 -9999.0 -9999.0 -9999.0 -9999.0 -9999.0 -9999.0 -9999.0 -9999.0 -9999.0 -9999.0 -9999.0 -9999.0 -9999.0 -9999.0 -9999.0 -9999.0 -9999.0 -9999.0 -9999.0 -9999.0
nan nan nan nan nan nan nan nan nan nan nan nan nan nan nan nan nan nan nan nan nan nan nan nan nan nan nan nan nan nan nan 17.0 32.4 33.5 34.7 35.4 35.4 nan 22.3 26.3 16.0 nan 36.5 37.2 37.0 36.3 35.6 34.8 34.3 33.9 33.6 33.5 33.2 32.8 32.1 31.1 30.5 26.2 -9999.0 -9999.0 -9999.0 -9999.0 -9999.0 -9999.0 -9999.0 -9999.0 -9999.0 -9999.0 -9999.0 -9999.0 -9999.0 -9999.0 -9999.0 -9999.0 -9999.0 -9999.0 -9999.0 -9999.0 -9999.0 -9999.0 -9999.0 -9999.0 -9999.0 -9999.0 -9999.0 -9999.0 -9999.0 -9999.0 -9999.0 -9999.0
nan nan nan nan nan nan nan nan nan nan nan nan nan nan nan nan nan nan nan nan nan nan nan nan nan nan nan nan nan nan nan 17.1 29.0 32.7 34.3 35.0 35.1 nan nan 23.5 18.2 nan nan 37.4 37.8 37.2 36.5 35.7 35.0 34.5 34.2 34.0 33.7 33.3 32.6 31.7 31.0 26.1 -9999.0 -9999.0 -9999.0 -9999.0 -9999.0 -9999.0 -9999.0 -9999.0 -9999.0 -9999.0 -9999.0 -9999.0 -9999.0 -9999.0 -9999.0 -9999.0 -9999.0 -9999.0 -9999.0 -9999.0 -9999.0 -9999.0 -9999.0 -9999.0 -9999.0 -9999.0 -9999.0 -9999.0 -9999.0 -9999.0 -9999.0 -9999.0
nan nan nan nan nan nan nan nan nan nan nan nan nan nan nan nan nan nan nan nan nan nan nan nan nan nan nan nan nan nan nan nan 16.4 33.4 34.2 34.9 nan nan nan 24.3 18.0 19.3 nan nan 37.5 37.5 37.1 36.4 35.7 35.2 34.9 34.5 34.2 33.8 33.2 32.5 31.8 29.2 -9999.0 -9999.0 -9999.0 -9999.0 -9999.0 -9999.0 -9999.0 -9999.0 -9999.0 -9999.0 -9999.0 -9999.0 -9999.0 -9999.0 -9999.0 -9999.0 -9999.0 -9999.0 -9999.0 -9999.0 -9999.0 -9999.0 -9999.0 -9999.0 nan nan nan -9999.0 -9999.0 -9999.0 -9999.0 -9999.0
nan nan nan nan nan nan nan nan nan nan nan nan nan nan nan nan nan nan nan nan nan nan nan nan nan nan nan nan nan nan nan nan 31.8 33.0 34.0 34.8 nan nan nan nan 20.2 19.2 32.6 nan 36.2 37.7 37.7 36.9 36.3 35.8 35.3 34.9 34.5 34.2 33.8 33.1 32.5 31.4 -9999.0 -9999.0 -9999.0 -9999.0 -9999.0 -9999.0 -9999.0 -9999.0 -9999.0 -9999.0 -9999.0 -9999.0 -9999.0 -9999.0 -9999.0 -9999.0 -9999.0 -9999.0 -9999.0 -9999.0 -9999.0 -9999.0 nan nan nan nan nan nan nan nan -9999.0 -9999.0
nan nan nan nan nan nan nan nan nan nan nan nan nan nan nan nan nan nan nan nan nan nan nan nan nan nan nan nan nan nan nan nan nan 33.2 34.4 35.2 nan nan nan nan 26.8 21.5 26.9 21.8 nan 38.2 38.5 37.7 37.0 36.4 36.0 35.5 35.1 34.7 34.5 34.0 33.5 32.7 -9999.0 -9999.0 -9999.0 -9999.0 -9999.0 -9999.0 -9999.0 -9999.0 -9999.0 -9999.0 -9999.0 nan nan nan nan nan nan nan nan nan nan nan nan nan nan nan nan nan nan nan nan nan
nan nan nan nan nan nan nan nan nan nan nan nan nan nan nan nan nan nan nan nan nan nan nan nan nan nan nan nan nan nan nan nan nan 33.3 34.7 35.8 35.6 nan nan nan 35.0 23.1 24.2 35.8 nan nan 38.3 38.1 37.6 37.2 36.6 36.2 35.5 35.3 35.3 34.9 34.4 34.6 -9999.0 -9999.0 -9999.0 -9999.0 -9999.0 -9999.0 -9999.0 -9999.0 -9999.0 -9999.0 nan nan nan nan nan nan nan nan nan nan nan nan nan nan nan nan nan nan nan nan nan nan
