data/output/RUN203/ECOSPACE/ECOSPACE_in_PAR3/PAR-VarZ-VarK/PAR-VarZ-VarK_1989_06.asc
ncols        93
nrows        151 
xllcorner    -123.80739
yllcorner    48.29471 
cellsize     0.013497347 
NODATA_value  0.0
[rows 80 to 119 of 151, columns 0 to 89 of 93]
nan nan nan nan nan nan nan nan nan nan nan nan nan nan nan nan nan nan nan nan nan nan nan 32.4 32.1 31.9 33.2 33.5 33.3 32.9 32.4 32.0 31.6 31.2 30.6 30.0 29.2 28.6 27.8 27.3 26.8 26.4 26.0 25.5 24.9 24.4 23.8 23.2 22.7 22.0 21.4 20.9 20.4 20.2 nan nan nan nan nan nan nan nan nan nan nan nan 16.8 17.0 17.1 17.2 nan 16.8 16.8 16.8 16.8 16.8 16.8 16.6 16.5 16.8 17.3 17.4 17.1 nan nan nan nan nan nan nan
nan nan nan nan nan nan nan nan nan nan nan nan nan nan nan nan nan nan nan nan nan nan nan nan nan nan 33.2 33.2 33.3 33.1 32.8 32.4 31.9 31.5 30.9 30.4 29.7 28.9 28.2 27.5 27.0 26.5 26.1 25.6 25.1 24.5 24.0 23.4 22.9 22.4 21.7 21.1 20.7 20.4 19.9 nan nan nan nan nan nan nan nan nan nan nan 17.2 17.2 nan nan nan nan nan 16.9 17.0 17.1 nan 16.7 16.9 17.3 17.7 17.9 nan nan nan nan nan nan nan nan
nan nan nan nan nan nan nan nan nan nan nan nan nan nan nan nan nan nan nan nan nan nan nan nan nan nan nan 33.2 33.1 33.2 33.0 32.6 32.2 31.7 31.2 30.6 30.0 29.2 28.5 27.8 27.1 26.7 26.3 25.8 25.3 24.7 24.1 23.6 23.1 22.6 22.0 21.4 20.9 20.5 20.1 19.6 nan nan nan nan nan nan nan nan nan 17.2 17.6 nan nan nan nan nan nan 16.9 17.0 17.1 nan 16.9 17.3 17.7 18.0 nan nan nan nan nan nan nan nan nan
nan nan nan nan nan nan nan nan nan nan nan nan nan nan nan nan nan nan nan nan nan nan nan nan nan nan nan nan 30.9 32.7 33.2 32.9 32.5 32.0 31.5 30.9 30.2 29.5 28.7 28.0 27.4 26.8 26.4 26.0 25.4 24.8 24.3 23.8 23.3 22.8 22.3 21.7 21.2 20.8 20.4 20.0 19.5 nan nan nan nan nan nan nan nan 17.2 17.5 nan nan nan nan nan nan 17.0 17.1 17.2 17.6 18.0 17.8 17.9 nan nan nan nan nan nan nan nan nan nan
nan nan nan nan nan nan nan nan nan nan nan nan nan nan nan nan nan nan nan nan nan nan nan nan nan nan nan nan nan 17.0 33.4 33.3 32.9 32.3 31.7 31.1 30.4 29.6 28.9 28.2 27.5 27.0 26.5 26.1 25.5 24.9 24.4 23.8 23.4 22.9 22.5 22.0 21.5 21.1 20.7 20.3 19.8 19.5 nan nan nan nan nan nan 17.3 17.4 17.6 nan 17.8 17.8 17.8 nan nan 17.0 17.2 17.5 17.9 18.5 nan nan nan nan nan nan nan nan nan nan nan nan
nan nan nan nan nan nan nan nan nan nan nan nan nan nan nan nan nan nan nan nan nan nan nan nan nan nan nan nan nan nan 17.4 33.2 33.0 32.6 32.0 31.4 30.6 29.9 29.1 28.4 27.7 27.1 26.5 26.1 25.6 25.0 24.4 23.9 23.4 23.0 22.6 22.2 21.8 21.4 21.0 20.7 20.3 20.0 nan nan nan nan nan 17.4 17.5 17.7 17.8 17.9 17.9 17.8 17.7 12.1 nan 17.1 17.4 17.7 18.1 18.3 nan nan nan nan nan nan nan nan nan nan nan nan
nan nan nan nan nan nan nan nan nan nan nan nan nan nan nan nan nan nan nan nan nan nan nan nan nan nan nan nan nan nan nan 30.1 32.8 32.8 32.3 31.7 31.0 30.1 29.3 28.5 27.8 27.2 26.6 26.1 25.6 25.0 24.4 23.9 23.5 23.1 22.8 22.5 22.1 21.7 21.4 21.0 20.7 20.3 19.7 nan nan 17.9 18.0 18.0 17.9 18.0 18.1 18.1 18.1 18.0 17.8 nan nan 17.4 17.6 17.9 18.3 18.4 nan nan nan nan nan nan nan nan nan nan nan nan
nan nan nan nan nan nan nan nan nan nan nan nan nan nan nan nan nan nan nan nan nan nan nan nan nan nan nan nan nan nan nan nan 33.1 32.9 32.5 32.0 31.2 30.4 29.6 28.7 28.0 27.3 26.6 26.1 25.6 25.0 24.5 23.9 23.5 23.2 22.9 22.7 22.4 22.0 21.6 21.2 20.8 20.5 20.0 19.2 18.8 18.6 18.6 nan 18.3 18.4 18.6 18.6 18.6 18.5 18.2 18.0 17.9 17.9 17.9 18.1 18.3 nan nan nan nan nan nan nan nan nan nan nan nan nan
nan nan nan nan nan nan nan nan nan nan nan nan nan nan nan nan nan nan nan nan nan nan nan nan nan nan nan nan nan nan 31.6 31.5 32.5 32.6 32.4 32.0 31.4 30.6 29.8 28.9 28.1 27.4 26.7 26.1 25.6 25.1 24.5 24.0 23.5 23.2 23.0 22.9 22.6 22.4 22.1 21.6 21.2 20.7 20.2 19.7 19.4 19.1 19.0 19.1 19.0 19.0 19.2 19.3 19.2 19.1 18.8 18.4 18.2 18.1 18.1 18.3 18.4 nan nan nan nan nan nan nan nan nan nan nan nan nan
nan nan nan nan nan nan nan nan nan nan nan nan nan nan nan nan nan nan nan nan nan nan nan nan nan nan nan nan nan nan nan nan 31.9 32.0 32.1 31.9 31.5 30.8 30.0 29.1 28.3 27.6 26.9 26.2 25.6 25.1 24.5 24.0 23.6 23.3 23.1 23.0 22.9 22.7 22.5 22.1 21.8 21.3 20.8 20.4 19.9 19.6 19.5 19.5 19.4 19.4 19.5 nan nan nan 18.9 18.7 18.5 18.3 18.3 18.4 nan nan nan nan nan nan nan nan nan nan nan nan nan nan
nan nan nan nan nan nan nan nan nan nan nan nan nan nan nan nan nan nan nan nan nan nan nan nan nan nan nan nan nan nan 19.7 17.6 31.4 31.5 31.4 31.3 31.2 30.8 30.1 29.4 28.6 27.8 27.0 26.2 25.6 25.0 24.5 24.0 23.6 23.4 23.2 23.1 23.0 22.9 22.7 22.5 22.3 21.9 21.4 20.9 20.5 20.1 19.9 19.7 nan nan nan nan nan nan nan 19.0 18.6 18.4 18.4 18.4 nan nan nan nan nan nan nan nan nan nan nan nan nan nan
nan nan nan nan nan nan nan nan nan nan nan nan nan nan nan nan nan nan nan nan nan nan nan nan nan nan nan nan nan nan 18.0 30.5 31.1 31.5 31.2 18.6 31.0 31.1 30.3 29.6 28.8 28.0 27.1 26.3 25.6 25.0 24.5 24.0 23.7 23.5 23.3 23.2 23.1 23.0 22.8 22.7 22.5 22.2 21.9 21.4 21.0 20.6 20.1 nan nan nan nan nan nan 18.5 18.7 18.9 18.6 18.4 18.4 nan nan nan nan nan nan nan nan nan nan nan nan nan nan nan
nan nan nan nan nan nan nan nan nan nan nan nan nan nan nan nan nan nan nan nan nan nan nan nan nan nan nan nan nan nan 19.6 29.0 31.0 31.5 nan nan nan 30.7 30.3 29.7 29.0 28.2 27.3 26.5 25.6 25.0 24.5 24.1 23.8 23.6 23.4 23.3 23.1 23.0 22.9 22.7 22.6 22.4 22.1 21.8 21.3 20.9 20.5 nan nan nan nan nan 18.5 18.5 18.5 18.6 18.5 18.4 nan nan nan nan nan nan nan nan nan nan nan nan nan nan nan nan
nan nan nan nan nan nan nan nan nan nan nan nan nan nan nan nan nan nan nan nan nan nan nan nan nan nan nan nan nan nan 19.5 16.8 31.3 31.7 nan nan nan 28.5 30.0 29.6 29.1 28.4 27.6 26.6 25.8 25.1 24.6 24.2 23.9 23.7 23.5 23.3 23.1 23.0 22.9 22.8 22.7 22.5 22.3 22.0 21.6 21.0 20.4 19.4 18.9 nan 18.5 18.5 18.6 18.5 18.5 18.4 nan nan nan nan nan nan nan nan nan nan nan nan nan nan nan nan nan nan
nan nan nan nan nan nan nan nan nan nan nan nan nan nan nan nan nan nan nan nan nan nan nan nan nan nan nan nan nan nan nan nan 31.4 26.5 nan nan nan nan 29.5 29.6 29.4 28.7 27.8 26.9 26.0 25.3 24.8 24.4 24.0 23.8 23.5 23.3 23.1 23.0 22.9 22.8 22.8 22.7 22.5 22.3 21.9 21.3 20.5 19.8 19.3 19.0 18.8 18.6 18.5 18.4 18.2 nan nan nan nan nan nan nan nan nan nan nan nan nan nan nan nan nan nan nan
nan nan nan nan nan nan nan nan nan nan nan nan nan nan nan nan nan nan nan nan nan nan nan nan nan nan nan nan nan nan nan nan nan 26.1 15.7 nan nan nan 17.3 29.7 29.6 29.2 28.3 27.3 26.4 25.6 25.0 24.6 24.2 23.9 23.6 23.4 23.2 23.0 22.9 22.9 22.9 22.8 22.7 22.5 22.1 21.6 20.9 20.2 19.6 19.1 18.8 18.6 18.4 18.3 18.1 nan nan nan nan nan nan nan nan nan nan nan nan nan nan nan nan nan nan nan
nan nan nan nan nan nan nan nan nan nan nan nan nan nan nan nan nan nan nan nan nan nan nan nan nan nan nan nan nan nan nan nan nan nan 18.5 27.5 nan nan nan nan 29.6 29.9 28.9 27.8 26.9 26.1 25.4 24.8 24.4 24.1 23.7 23.4 23.2 23.1 23.0 23.0 22.9 22.9 22.8 22.6 22.3 21.8 21.2 20.5 19.9 19.3 18.9 18.6 18.4 18.3 18.2 18.0 nan nan nan nan nan nan nan nan nan nan nan nan nan nan nan nan nan nan
nan nan nan nan nan nan nan nan nan nan nan nan nan nan nan nan nan nan nan nan nan nan nan nan nan nan nan nan nan nan nan nan nan nan nan 21.4 19.6 nan nan nan nan 28.7 29.3 28.2 27.2 26.4 25.7 25.1 24.7 24.3 23.9 23.5 23.3 23.2 23.1 23.0 23.0 23.0 22.8 22.6 22.3 21.8 21.2 20.6 19.9 19.4 18.9 18.6 18.4 18.2 18.1 18.1 18.0 12.1 nan nan nan nan nan nan nan nan nan nan nan nan nan nan nan nan
nan nan nan nan nan nan nan nan nan nan nan nan nan nan nan nan nan nan nan nan nan nan nan nan nan nan nan nan nan nan nan nan nan nan 18.1 22.7 28.1 28.1 nan 19.6 nan 26.2 28.8 28.3 27.4 26.6 26.0 25.4 24.9 24.5 24.0 23.7 23.4 23.2 23.2 23.1 23.1 23.0 22.9 22.6 22.2 21.6 21.0 20.4 19.9 19.2 18.8 18.5 18.4 18.2 18.0 18.0 18.0 17.9 nan nan nan nan nan nan nan nan nan nan nan nan nan nan nan nan
nan nan nan nan nan nan nan nan nan nan nan nan nan nan nan nan nan nan nan nan nan nan nan nan nan nan nan nan nan nan nan nan nan nan 28.0 28.4 28.6 27.8 20.0 26.0 27.5 24.5 28.7 28.3 27.5 26.8 26.2 25.6 25.1 24.7 24.2 23.8 23.5 23.4 23.3 23.2 23.2 23.0 22.9 22.5 22.0 21.4 20.8 20.1 19.6 18.9 18.0 17.6 17.1 18.2 18.0 18.0 18.0 18.0 18.1 nan nan nan nan nan nan nan nan nan nan nan nan nan nan nan
nan nan nan nan nan nan nan nan nan nan nan nan nan nan nan nan nan nan nan nan nan nan nan nan nan nan nan nan nan nan nan nan nan nan 28.1 28.3 28.4 28.5 28.1 nan 27.5 27.4 28.9 28.4 27.7 27.0 26.4 25.8 25.3 24.8 24.4 24.0 23.8 23.6 23.5 23.4 23.3 23.1 22.8 22.4 21.8 21.2 -9999.0 -9999.0 -9999.0 -9999.0 -9999.0 -9999.0 -9999.0 13.2 18.1 18.0 18.1 17.9 18.1 nan nan nan nan nan nan nan nan nan nan nan nan nan nan -9999.0
nan nan nan nan nan nan nan nan nan nan nan nan nan nan nan nan nan nan nan nan nan nan nan nan nan nan nan nan nan nan nan nan nan nan 27.8 28.0 28.1 28.1 28.1 nan nan 28.8 29.0 28.5 27.8 27.1 26.5 26.0 25.6 25.1 24.6 24.3 24.1 23.9 23.7 23.6 23.5 23.2 22.8 22.3 21.7 -9999.0 -9999.0 -9999.0 -9999.0 -9999.0 -9999.0 -9999.0 -9999.0 nan 15.8 18.1 18.2 17.7 nan nan nan nan nan nan nan nan nan nan nan nan nan nan nan -9999.0
nan nan nan nan nan nan nan nan nan nan nan nan nan nan nan nan nan nan nan nan nan nan nan nan nan nan nan nan nan nan nan nan nan nan 27.5 27.6 27.7 27.9 28.1 nan 23.5 26.7 28.8 28.4 27.8 27.3 26.7 26.3 25.8 25.3 24.9 24.6 24.4 24.2 24.0 23.9 23.7 23.3 22.8 22.3 21.7 -9999.0 -9999.0 -9999.0 -9999.0 -9999.0 -9999.0 -9999.0 -9999.0 -9999.0 -9999.0 nan 12.8 12.9 nan nan nan nan nan nan nan nan nan nan nan nan nan nan nan -9999.0
nan nan nan nan nan nan nan nan nan nan nan nan nan nan nan nan nan nan nan nan nan nan nan nan nan nan nan nan nan nan nan nan nan nan 27.2 27.3 27.6 28.0 26.4 18.8 25.7 23.6 27.9 28.0 27.7 27.3 26.9 26.5 26.0 25.6 25.2 24.9 24.6 24.5 24.4 24.2 23.9 23.5 23.0 22.4 -9999.0 -9999.0 -9999.0 -9999.0 -9999.0 -9999.0 -9999.0 -9999.0 -9999.0 -9999.0 -9999.0 nan nan nan nan nan nan nan nan nan nan nan nan nan nan nan nan nan nan -9999.0
nan nan nan nan nan nan nan nan nan nan nan nan nan nan nan nan nan nan nan nan nan nan nan nan nan nan nan nan nan nan nan nan 24.7 25.8 26.9 27.4 28.1 29.1 29.5 28.9 nan 27.4 27.7 27.7 27.6 27.4 27.1 26.7 26.2 25.8 25.4 25.1 24.9 24.8 24.6 24.4 24.2 23.7 23.1 -9999.0 -9999.0 -9999.0 -9999.0 -9999.0 -9999.0 -9999.0 -9999.0 -9999.0 -9999.0 -9999.0 -9999.0 -9999.0 nan nan nan nan nan nan nan nan nan nan nan nan nan nan nan nan nan -9999.0
nan nan nan nan nan nan nan nan nan nan nan nan nan nan nan nan nan nan nan nan nan nan nan nan nan nan nan nan nan 19.4 nan nan 26.7 26.9 26.9 27.5 28.7 30.0 30.9 nan nan 27.2 27.6 27.7 27.7 27.5 27.2 26.9 26.5 26.0 25.7 25.4 25.1 25.0 24.9 24.7 24.4 24.0 23.4 -9999.0 -9999.0 -9999.0 -9999.0 -9999.0 -9999.0 -9999.0 -9999.0 -9999.0 -9999.0 -9999.0 -9999.0 -9999.0 -9999.0 -9999.0 nan nan nan nan nan nan nan nan nan nan nan nan nan nan nan -9999.0
nan nan nan nan nan nan nan nan nan nan nan nan nan nan nan nan nan nan nan nan nan nan nan nan nan nan nan nan nan 15.8 15.9 nan 26.9 27.4 26.5 25.2 27.4 29.6 30.1 29.6 nan 27.4 27.9 28.0 27.9 27.7 27.4 27.1 26.7 26.3 25.9 25.6 25.5 25.4 25.2 25.0 24.8 24.3 -9999.0 -9999.0 -9999.0 -9999.0 -9999.0 -9999.0 -9999.0 -9999.0 -9999.0 -9999.0 -9999.0 -9999.0 -9999.0 -9999.0 -9999.0 -9999.0 -9999.0 nan nan nan nan nan nan nan nan nan nan nan nan nan nan -9999.0
nan nan nan nan nan nan nan nan nan nan nan nan nan nan nan nan nan nan nan nan nan nan nan nan nan nan nan nan nan 16.6 26.3 26.6 27.1 27.8 28.8 nan 17.5 28.7 29.2 29.6 nan 27.0 28.3 28.4 28.3 27.9 27.6 27.3 26.9 26.5 26.2 26.0 25.8 25.7 25.6 25.4 25.2 24.9 -9999.0 -9999.0 -9999.0 -9999.0 -9999.0 -9999.0 -9999.0 -9999.0 -9999.0 -9999.0 -9999.0 -9999.0 -9999.0 -9999.0 -9999.0 -9999.0 -9999.0 -9999.0 nan nan nan nan nan nan nan nan nan nan nan nan nan -9999.0
nan nan nan nan nan nan nan nan nan nan nan nan nan nan nan nan nan nan nan nan nan nan nan nan nan nan nan nan nan nan 26.0 26.5 27.1 27.9 27.0 nan nan 28.0 28.5 29.5 nan 24.8 26.5 28.4 28.4 28.0 27.7 27.4 27.1 26.8 26.5 26.3 26.2 26.1 26.0 25.8 25.6 25.1 -9999.0 -9999.0 -9999.0 -9999.0 -9999.0 -9999.0 -9999.0 -9999.0 -9999.0 -9999.0 -9999.0 -9999.0 -9999.0 -9999.0 -9999.0 -9999.0 -9999.0 -9999.0 -9999.0 nan nan nan nan nan nan nan nan nan nan nan nan -9999.0
nan nan nan nan nan nan nan nan nan nan nan nan nan nan nan nan nan nan nan nan nan nan nan nan nan nan nan nan nan nan 24.0 26.3 27.1 27.9 25.5 nan 19.8 23.4 26.8 16.6 25.1 20.4 23.0 27.7 28.1 28.0 27.8 27.5 27.3 27.0 26.8 26.6 26.5 26.5 26.4 26.2 25.8 24.6 -9999.0 -9999.0 -9999.0 -9999.0 -9999.0 -9999.0 -9999.0 -9999.0 -9999.0 -9999.0 -9999.0 -9999.0 -9999.0 -9999.0 -9999.0 -9999.0 -9999.0 -9999.0 -9999.0 -9999.0 nan nan nan nan nan nan nan nan nan nan nan -9999.0
nan nan nan nan nan nan nan nan nan nan nan nan nan nan nan nan nan nan nan nan nan nan nan nan nan nan nan nan nan nan 24.1 26.1 27.1 27.8 27.4 19.8 nan 26.4 22.3 18.2 22.4 nan 27.8 28.0 28.0 27.9 27.7 27.6 27.4 27.2 27.0 26.9 26.8 26.7 26.6 26.3 24.2 18.2 -9999.0 -9999.0 -9999.0 -9999.0 -9999.0 -9999.0 -9999.0 -9999.0 -9999.0 -9999.0 -9999.0 -9999.0 -9999.0 -9999.0 -9999.0 -9999.0 -9999.0 -9999.0 -9999.0 -9999.0 -9999.0 -9999.0 nan nan nan nan nan nan nan nan nan -9999.0
nan nan nan nan nan nan nan nan nan nan nan nan nan nan nan nan nan nan nan nan nan nan nan nan nan nan nan nan nan nan nan 26.4 27.1 27.8 28.4 nan nan 22.5 22.8 22.0 nan nan 27.9 28.0 27.9 27.8 27.7 27.7 27.5 27.4 27.3 27.1 27.0 26.9 26.9 26.6 24.7 21.2 -9999.0 -9999.0 -9999.0 -9999.0 -9999.0 -9999.0 -9999.0 -9999.0 -9999.0 -9999.0 -9999.0 nan nan nan -9999.0 -9999.0 -9999.0 -9999.0 -9999.0 -9999.0 -9999.0 -9999.0 -9999.0 -9999.0 -9999.0 -9999.0 -9999.0 nan nan nan -9999.0 -9999.0
nan nan nan nan nan nan nan nan nan nan nan nan nan nan nan nan nan nan nan nan nan nan nan nan nan nan nan nan nan nan nan 25.7 26.8 27.7 28.6 nan 17.4 21.5 28.7 19.2 nan nan 27.9 28.0 27.9 27.8 27.7 27.7 27.7 27.6 27.5 27.4 27.3 27.2 27.2 27.4 27.0 22.0 -9999.0 -9999.0 -9999.0 -9999.0 -9999.0 -9999.0 -9999.0 -9999.0 -9999.0 -9999.0 -9999.0 nan nan nan nan nan -9999.0 -9999.0 -9999.0 -9999.0 -9999.0 -9999.0 -9999.0 -9999.0 -9999.0 -9999.0 -9999.0 -9999.0 -9999.0 -9999.0 -9999.0 -9999.0
nan nan nan nan nan nan nan nan nan nan nan nan nan nan nan nan nan nan nan nan nan nan nan nan nan nan nan nan nan nan nan 19.3 26.7 27.6 27.3 25.7 23.7 23.0 19.4 16.3 20.2 nan 27.5 27.8 27.9 27.8 27.8 27.8 27.9 27.9 27.8 27.7 27.6 27.6 27.7 27.9 27.8 21.6 -9999.0 -9999.0 -9999.0 -9999.0 -9999.0 -9999.0 -9999.0 -9999.0 -9999.0 -9999.0 -9999.0 -9999.0 -9999.0 -9999.0 -9999.0 -9999.0 -9999.0 -9999.0 -9999.0 -9999.0 -9999.0 -9999.0 -9999.0 -9999.0 -9999.0 -9999.0 -9999.0 -9999.0 -9999.0 -9999.0 -9999.0 -9999.0
nan nan nan nan nan nan nan nan nan nan nan nan nan nan nan nan nan nan nan nan nan nan nan nan nan nan nan nan nan nan nan 19.3 26.2 27.1 28.3 28.9 29.1 nan 19.8 23.4 15.7 nan 27.3 27.7 27.9 28.0 28.0 28.0 28.0 28.0 28.0 27.9 27.9 28.0 28.1 28.3 28.3 23.1 -9999.0 -9999.0 -9999.0 -9999.0 -9999.0 -9999.0 -9999.0 -9999.0 -9999.0 -9999.0 -9999.0 -9999.0 -9999.0 -9999.0 -9999.0 -9999.0 -9999.0 -9999.0 -9999.0 -9999.0 -9999.0 -9999.0 -9999.0 -9999.0 -9999.0 -9999.0 -9999.0 -9999.0 -9999.0 -9999.0 -9999.0 -9999.0
nan nan nan nan nan nan nan nan nan nan nan nan nan nan nan nan nan nan nan nan nan nan nan nan nan nan nan nan nan nan nan 19.3 24.5 26.5 28.0 28.9 29.1 nan nan 21.8 19.0 nan nan 27.6 28.0 28.0 28.2 28.2 28.3 28.3 28.1 28.1 28.1 28.3 28.5 28.7 29.0 22.8 -9999.0 -9999.0 -9999.0 -9999.0 -9999.0 -9999.0 -9999.0 -9999.0 -9999.0 -9999.0 -9999.0 -9999.0 -9999.0 -9999.0 -9999.0 -9999.0 -9999.0 -9999.0 -9999.0 -9999.0 -9999.0 -9999.0 -9999.0 -9999.0 -9999.0 -9999.0 -9999.0 -9999.0 -9999.0 -9999.0 -9999.0 -9999.0
nan nan nan nan nan nan nan nan nan nan nan nan nan nan nan nan nan nan nan nan nan nan nan nan nan nan nan nan nan nan nan nan 18.2 27.1 28.0 29.0 nan nan nan 22.8 17.4 19.2 nan nan 27.5 27.9 28.1 28.2 28.4 28.5 28.4 28.3 28.3 28.6 28.9 29.2 29.6 26.6 -9999.0 -9999.0 -9999.0 -9999.0 -9999.0 -9999.0 -9999.0 -9999.0 -9999.0 -9999.0 -9999.0 -9999.0 -9999.0 -9999.0 -9999.0 -9999.0 -9999.0 -9999.0 -9999.0 -9999.0 -9999.0 -9999.0 -9999.0 -9999.0 nan nan nan -9999.0 -9999.0 -9999.0 -9999.0 -9999.0
nan nan nan nan nan nan nan nan nan nan nan nan nan nan nan nan nan nan nan nan nan nan nan nan nan nan nan nan nan nan nan nan 26.3 27.0 27.9 28.9 nan nan nan nan 19.9 18.9 30.4 nan 26.6 27.6 28.1 28.3 28.6 28.7 28.6 28.5 28.5 28.8 29.2 29.6 30.0 29.0 -9999.0 -9999.0 -9999.0 -9999.0 -9999.0 -9999.0 -9999.0 -9999.0 -9999.0 -9999.0 -9999.0 -9999.0 -9999.0 -9999.0 -9999.0 -9999.0 -9999.0 -9999.0 -9999.0 -9999.0 -9999.0 -9999.0 nan nan nan nan nan nan nan nan -9999.0 -9999.0
nan nan nan nan nan nan nan nan nan nan nan nan nan nan nan nan nan nan nan nan nan nan nan nan nan nan nan nan nan nan nan nan nan 27.0 28.0 29.0 nan nan nan nan 24.2 21.6 26.5 22.3 nan 27.7 28.3 28.5 28.8 29.0 29.0 28.9 28.9 29.1 29.5 29.9 30.4 30.9 -9999.0 -9999.0 -9999.0 -9999.0 -9999.0 -9999.0 -9999.0 -9999.0 -9999.0 -9999.0 -9999.0 nan nan nan nan nan nan nan nan nan nan nan nan nan nan nan nan nan nan nan nan nan
nan nan nan nan nan nan nan nan nan nan nan nan nan nan nan nan nan nan nan nan nan nan nan nan nan nan nan nan nan nan nan nan nan 27.0 28.1 29.1 29.3 nan nan nan 29.6 23.0 23.1 32.2 nan nan 28.0 28.3 28.7 29.1 29.2 29.3 29.4 29.5 30.0 30.6 31.1 31.7 -9999.0 -9999.0 -9999.0 -9999.0 -9999.0 -9999.0 -9999.0 -9999.0 -9999.0 -9999.0 nan nan nan nan nan nan nan nan nan nan nan nan nan nan nan nan nan nan nan nan nan nan
