data/output/RUN203/ECOSPACE/ECOSPACE_in_PAR3/PAR-VarZ-VarK/PAR-VarZ-VarK_1994_07.asc
ncols        93
nrows        151 
xllcorner    -123.80739
yllcorner    48.29471 
cellsize     0.013497347 
NODATA_value  0.0
[rows 80 to 119 of 151, columns 0 to 89 of 93]
nan nan nan nan nan nan nan nan nan nan nan nan nan nan nan nan nan nan nan nan nan nan nan 28.6 27.1 28.7 30.9 31.0 30.5 29.9 29.1 28.2 27.4 26.7 26.0 25.3 24.7 24.2 23.9 23.6 23.4 23.2 23.0 22.8 22.6 22.4 22.2 22.0 21.8 21.6 21.3 21.0 20.6 20.3 nan nan nan nan nan nan nan nan nan nan nan nan 17.7 18.0 18.2 18.3 nan 17.9 17.9 18.0 18.1 18.3 18.3 18.0 18.0 18.3 18.6 18.8 18.7 nan nan nan nan nan nan nan
nan nan nan nan nan nan nan nan nan nan nan nan nan nan nan nan nan nan nan nan nan nan nan nan nan nan 30.8 30.9 30.8 30.3 29.6 28.7 27.8 26.9 26.1 25.4 24.7 24.2 23.8 23.6 23.4 23.2 23.0 22.7 22.5 22.4 22.2 22.1 21.9 21.6 21.4 21.1 20.7 20.3 20.0 nan nan nan nan nan nan nan nan nan nan nan 18.1 18.2 nan nan nan nan nan 18.2 18.4 18.6 nan 18.1 18.4 18.8 19.2 19.3 nan nan nan nan nan nan nan nan
nan nan nan nan nan nan nan nan nan nan nan nan nan nan nan nan nan nan nan nan nan nan nan nan nan nan nan 30.7 30.7 30.6 29.9 29.2 28.2 27.3 26.4 25.6 24.8 24.2 23.8 23.5 23.4 23.1 22.9 22.7 22.5 22.4 22.2 22.1 21.9 21.7 21.4 21.1 20.8 20.4 20.1 19.8 nan nan nan nan nan nan nan nan nan 18.1 18.5 nan nan nan nan nan nan 18.2 18.4 18.6 nan 18.4 18.9 19.3 19.6 nan nan nan nan nan nan nan nan nan
nan nan nan nan nan nan nan nan nan nan nan nan nan nan nan nan nan nan nan nan nan nan nan nan nan nan nan nan 28.5 30.2 30.3 29.7 28.7 27.7 26.7 25.8 24.9 24.3 23.8 23.5 23.3 23.1 22.9 22.6 22.5 22.4 22.2 22.1 21.9 21.7 21.5 21.2 20.9 20.5 20.2 20.0 19.9 nan nan nan nan nan nan nan nan 18.1 18.5 nan nan nan nan nan nan 18.2 18.5 18.7 19.1 19.4 19.5 19.5 nan nan nan nan nan nan nan nan nan nan
nan nan nan nan nan nan nan nan nan nan nan nan nan nan nan nan nan nan nan nan nan nan nan nan nan nan nan nan nan 17.1 30.5 30.1 29.2 28.2 27.2 26.1 25.2 24.4 23.9 23.6 23.3 23.1 22.8 22.6 22.4 22.3 22.2 22.1 22.0 21.8 21.6 21.4 21.1 20.8 20.4 20.2 20.0 19.8 nan nan nan nan nan nan 18.0 18.2 18.5 nan 18.9 18.9 19.1 nan nan 18.3 18.8 19.1 19.5 20.0 nan nan nan nan nan nan nan nan nan nan nan nan
nan nan nan nan nan nan nan nan nan nan nan nan nan nan nan nan nan nan nan nan nan nan nan nan nan nan nan nan nan nan 17.3 30.2 29.7 28.8 27.6 26.5 25.5 24.6 24.0 23.6 23.3 23.1 22.8 22.6 22.4 22.3 22.2 22.0 21.9 21.8 21.7 21.5 21.3 21.1 20.8 20.5 20.2 20.1 nan nan nan nan nan 18.1 18.3 18.5 18.7 18.8 18.9 18.9 19.0 13.2 nan 18.5 19.0 19.4 19.7 19.9 nan nan nan nan nan nan nan nan nan nan nan nan
nan nan nan nan nan nan nan nan nan nan nan nan nan nan nan nan nan nan nan nan nan nan nan nan nan nan nan nan nan nan nan 27.1 29.5 29.2 28.1 27.0 25.9 25.0 24.3 23.8 23.4 23.1 22.8 22.6 22.4 22.2 22.1 22.0 21.9 21.9 21.8 21.7 21.6 21.4 21.1 20.8 20.6 20.4 20.1 nan nan 18.6 18.9 18.8 18.7 18.9 19.0 19.1 19.1 19.1 19.1 nan nan 18.7 19.2 19.5 19.8 19.9 nan nan nan nan nan nan nan nan nan nan nan nan
nan nan nan nan nan nan nan nan nan nan nan nan nan nan nan nan nan nan nan nan nan nan nan nan nan nan nan nan nan nan nan nan 29.8 29.3 28.5 27.5 26.4 25.4 24.6 24.0 23.6 23.2 22.9 22.6 22.4 22.2 22.0 21.9 21.9 21.9 21.8 21.8 21.7 21.5 21.3 21.1 20.8 20.7 20.5 19.9 19.6 19.6 19.6 nan 19.2 19.4 19.7 19.8 19.8 19.8 19.6 19.3 19.3 19.3 19.4 19.6 19.8 nan nan nan nan nan nan nan nan nan nan nan nan nan
nan nan nan nan nan nan nan nan nan nan nan nan nan nan nan nan nan nan nan nan nan nan nan nan nan nan nan nan nan nan 28.5 29.0 29.7 29.4 28.8 28.1 27.0 26.0 25.0 24.3 23.8 23.4 23.0 22.7 22.4 22.2 22.0 21.9 21.8 21.8 21.8 21.7 21.7 21.5 21.4 21.2 21.0 20.9 20.7 20.4 20.2 20.0 20.1 20.3 20.2 20.3 20.5 20.6 20.5 20.5 20.1 19.6 19.4 19.4 19.5 19.6 19.6 nan nan nan nan nan nan nan nan nan nan nan nan nan
nan nan nan nan nan nan nan nan nan nan nan nan nan nan nan nan nan nan nan nan nan nan nan nan nan nan nan nan nan nan nan nan 29.3 29.3 29.0 28.5 27.6 26.6 25.6 24.8 24.1 23.6 23.1 22.8 22.5 22.2 22.0 21.8 21.7 21.7 21.6 21.6 21.6 21.5 21.4 21.3 21.2 21.1 21.0 20.9 20.7 20.7 20.8 20.9 20.7 20.6 20.8 nan nan nan 20.1 19.9 19.6 19.5 19.5 19.5 nan nan nan nan nan nan nan nan nan nan nan nan nan nan
nan nan nan nan nan nan nan nan nan nan nan nan nan nan nan nan nan nan nan nan nan nan nan nan nan nan nan nan nan nan 20.0 17.9 29.0 29.1 28.9 28.7 28.1 27.4 26.4 25.4 24.6 23.9 23.4 22.9 22.6 22.3 22.0 21.8 21.6 21.6 21.6 21.6 21.6 21.5 21.5 21.5 21.5 21.4 21.3 21.2 21.1 21.1 21.2 21.3 nan nan nan nan nan nan nan 20.1 19.6 19.4 19.4 19.3 nan nan nan nan nan nan nan nan nan nan nan nan nan nan
nan nan nan nan nan nan nan nan nan nan nan nan nan nan nan nan nan nan nan nan nan nan nan nan nan nan nan nan nan nan 17.9 28.3 29.0 29.2 28.9 18.3 28.8 28.4 27.0 25.9 25.1 24.4 23.7 23.2 22.8 22.4 22.1 21.8 21.6 21.5 21.5 21.6 21.6 21.6 21.6 21.6 21.6 21.6 21.5 21.5 21.4 21.4 21.4 nan nan nan nan nan nan 19.7 19.8 19.9 19.5 19.3 19.2 nan nan nan nan nan nan nan nan nan nan nan nan nan nan nan
nan nan nan nan nan nan nan nan nan nan nan nan nan nan nan nan nan nan nan nan nan nan nan nan nan nan nan nan nan nan 20.1 27.4 29.1 29.3 nan nan nan 27.8 27.2 26.3 25.5 24.8 24.1 23.5 23.0 22.6 22.2 21.9 21.7 21.6 21.6 21.6 21.6 21.6 21.6 21.6 21.7 21.7 21.7 21.7 21.6 21.6 21.6 nan nan nan nan nan 19.7 19.7 19.5 19.4 19.2 19.1 nan nan nan nan nan nan nan nan nan nan nan nan nan nan nan nan
nan nan nan nan nan nan nan nan nan nan nan nan nan nan nan nan nan nan nan nan nan nan nan nan nan nan nan nan nan nan 20.0 16.9 29.3 29.5 nan nan nan 25.2 26.9 26.4 25.8 25.2 24.5 23.9 23.4 22.9 22.5 22.1 21.8 21.6 21.6 21.6 21.5 21.5 21.6 21.6 21.7 21.8 21.8 21.8 21.8 21.7 21.6 20.9 20.5 nan 19.7 19.7 19.7 19.5 19.3 19.1 nan nan nan nan nan nan nan nan nan nan nan nan nan nan nan nan nan nan
nan nan nan nan nan nan nan nan nan nan nan nan nan nan nan nan nan nan nan nan nan nan nan nan nan nan nan nan nan nan nan nan 29.4 25.5 nan nan nan nan 26.5 26.5 26.2 25.6 25.0 24.3 23.8 23.3 22.8 22.3 22.0 21.7 21.6 21.6 21.5 21.5 21.5 21.6 21.7 21.8 21.9 21.9 21.8 21.7 21.5 21.2 20.9 20.4 20.0 19.8 19.5 19.2 18.9 nan nan nan nan nan nan nan nan nan nan nan nan nan nan nan nan nan nan nan
nan nan nan nan nan nan nan nan nan nan nan nan nan nan nan nan nan nan nan nan nan nan nan nan nan nan nan nan nan nan nan nan nan 23.5 13.7 nan nan nan 17.5 26.7 26.6 26.2 25.6 24.9 24.3 23.7 23.1 22.6 22.2 21.9 21.7 21.6 21.5 21.5 21.5 21.5 21.6 21.8 21.9 22.0 22.0 21.9 21.7 21.4 21.0 20.5 20.1 19.8 19.4 19.1 18.7 nan nan nan nan nan nan nan nan nan nan nan nan nan nan nan nan nan nan nan
nan nan nan nan nan nan nan nan nan nan nan nan nan nan nan nan nan nan nan nan nan nan nan nan nan nan nan nan nan nan nan nan nan nan 16.2 25.0 nan nan nan nan 26.7 26.9 26.3 25.6 25.0 24.3 23.6 23.0 22.4 22.0 21.8 21.6 21.5 21.4 21.4 21.5 21.6 21.7 21.9 22.0 22.1 22.1 21.9 21.6 21.1 20.6 20.2 19.7 19.3 19.0 18.6 18.4 nan nan nan nan nan nan nan nan nan nan nan nan nan nan nan nan nan nan
nan nan nan nan nan nan nan nan nan nan nan nan nan nan nan nan nan nan nan nan nan nan nan nan nan nan nan nan nan nan nan nan nan nan nan 19.4 20.2 nan nan nan nan 26.3 26.9 26.2 25.5 24.8 24.1 23.4 22.8 22.3 21.9 21.7 21.5 21.4 21.4 21.5 21.6 21.7 21.9 22.1 22.1 22.1 21.9 21.6 21.1 20.6 20.2 19.7 19.3 18.9 18.5 18.4 18.2 12.8 nan nan nan nan nan nan nan nan nan nan nan nan nan nan nan nan
nan nan nan nan nan nan nan nan nan nan nan nan nan nan nan nan nan nan nan nan nan nan nan nan nan nan nan nan nan nan nan nan nan nan 18.1 22.5 27.2 27.1 nan 20.2 nan 23.7 27.2 26.8 26.2 25.5 24.7 23.9 23.1 22.6 22.1 21.8 21.6 21.5 21.5 21.5 21.6 21.8 22.0 22.1 22.2 22.2 21.9 21.5 21.0 20.4 20.1 19.7 19.4 18.9 18.4 18.3 18.2 18.1 nan nan nan nan nan nan nan nan nan nan nan nan nan nan nan nan
nan nan nan nan nan nan nan nan nan nan nan nan nan nan nan nan nan nan nan nan nan nan nan nan nan nan nan nan nan nan nan nan nan nan 27.0 27.4 27.8 27.9 20.4 24.3 25.8 23.3 27.9 27.3 26.8 26.1 25.3 24.4 23.6 23.0 22.5 22.1 21.8 21.7 21.6 21.7 21.8 21.9 22.1 22.2 22.2 22.1 21.8 21.3 20.7 20.1 19.5 19.6 19.3 19.0 18.4 18.2 18.2 18.2 18.2 nan nan nan nan nan nan nan nan nan nan nan nan nan nan nan
nan nan nan nan nan nan nan nan nan nan nan nan nan nan nan nan nan nan nan nan nan nan nan nan nan nan nan nan nan nan nan nan nan nan 27.2 27.6 27.8 27.9 27.9 nan 25.7 26.3 27.9 27.7 27.3 26.6 25.8 25.0 24.1 23.4 22.8 22.4 22.1 21.9 21.9 21.9 22.0 22.1 22.2 22.3 22.2 22.0 -9999.0 -9999.0 -9999.0 -9999.0 -9999.0 -9999.0 -9999.0 14.0 18.4 18.2 18.2 18.1 18.2 nan nan nan nan nan nan nan nan nan nan nan nan nan nan -9999.0
nan nan nan nan nan nan nan nan nan nan nan nan nan nan nan nan nan nan nan nan nan nan nan nan nan nan nan nan nan nan nan nan nan nan 27.1 27.4 27.6 27.6 27.6 nan nan 27.4 27.9 27.8 27.6 27.0 26.3 25.4 24.6 23.9 23.2 22.7 22.4 22.2 22.1 22.2 22.2 22.3 22.4 22.4 22.2 -9999.0 -9999.0 -9999.0 -9999.0 -9999.0 -9999.0 -9999.0 -9999.0 nan 16.7 18.1 18.2 17.6 nan nan nan nan nan nan nan nan nan nan nan nan nan nan nan -9999.0
nan nan nan nan nan nan nan nan nan nan nan nan nan nan nan nan nan nan nan nan nan nan nan nan nan nan nan nan nan nan nan nan nan nan 26.9 27.1 27.2 27.4 27.9 nan 22.9 26.1 28.0 28.0 27.8 27.3 26.6 25.8 24.9 24.2 23.5 23.1 22.7 22.5 22.4 22.5 22.5 22.5 22.5 22.4 22.2 -9999.0 -9999.0 -9999.0 -9999.0 -9999.0 -9999.0 -9999.0 -9999.0 -9999.0 -9999.0 nan 13.5 13.5 nan nan nan nan nan nan nan nan nan nan nan nan nan nan nan -9999.0
nan nan nan nan nan nan nan nan nan nan nan nan nan nan nan nan nan nan nan nan nan nan nan nan nan nan nan nan nan nan nan nan nan nan 26.7 26.9 27.2 27.8 26.8 18.8 25.3 23.8 28.2 28.1 27.9 27.5 26.8 26.0 25.2 24.5 23.8 23.4 23.0 22.8 22.7 22.7 22.8 22.8 22.7 22.6 -9999.0 -9999.0 -9999.0 -9999.0 -9999.0 -9999.0 -9999.0 -9999.0 -9999.0 -9999.0 -9999.0 nan nan nan nan nan nan nan nan nan nan nan nan nan nan nan nan nan nan -9999.0
nan nan nan nan nan nan nan nan nan nan nan nan nan nan nan nan nan nan nan nan nan nan nan nan nan nan nan nan nan nan nan nan 25.7 26.5 26.8 27.2 27.8 28.7 29.2 29.2 nan 28.4 28.3 28.2 28.0 27.5 27.0 26.2 25.5 24.7 24.1 23.6 23.3 23.1 23.0 23.0 23.0 23.0 22.9 -9999.0 -9999.0 -9999.0 -9999.0 -9999.0 -9999.0 -9999.0 -9999.0 -9999.0 -9999.0 -9999.0 -9999.0 -9999.0 nan nan nan nan nan nan nan nan nan nan nan nan nan nan nan nan nan -9999.0
nan nan nan nan nan nan nan nan nan nan nan nan nan nan nan nan nan nan nan nan nan nan nan nan nan nan nan nan nan 20.2 nan nan 26.6 26.9 27.0 27.5 28.4 29.4 30.3 nan nan 27.9 28.2 28.2 28.0 27.6 27.1 26.4 25.6 24.9 24.4 23.9 23.6 23.4 23.3 23.3 23.3 23.3 23.2 -9999.0 -9999.0 -9999.0 -9999.0 -9999.0 -9999.0 -9999.0 -9999.0 -9999.0 -9999.0 -9999.0 -9999.0 -9999.0 -9999.0 -9999.0 nan nan nan nan nan nan nan nan nan nan nan nan nan nan nan -9999.0
nan nan nan nan nan nan nan nan nan nan nan nan nan nan nan nan nan nan nan nan nan nan nan nan nan nan nan nan nan 16.4 16.5 nan 26.9 27.4 26.3 24.7 27.8 29.1 29.6 29.2 nan 27.7 28.1 28.3 28.1 27.7 27.1 26.4 25.8 25.1 24.6 24.1 23.9 23.7 23.6 23.6 23.6 23.7 -9999.0 -9999.0 -9999.0 -9999.0 -9999.0 -9999.0 -9999.0 -9999.0 -9999.0 -9999.0 -9999.0 -9999.0 -9999.0 -9999.0 -9999.0 -9999.0 -9999.0 nan nan nan nan nan nan nan nan nan nan nan nan nan nan -9999.0
nan nan nan nan nan nan nan nan nan nan nan nan nan nan nan nan nan nan nan nan nan nan nan nan nan nan nan nan nan 17.3 26.5 26.7 27.2 27.8 28.5 nan 18.3 28.6 28.9 29.3 nan 28.1 28.7 28.7 28.3 27.8 27.2 26.5 25.9 25.3 24.8 24.4 24.2 24.0 24.0 24.1 24.2 24.1 -9999.0 -9999.0 -9999.0 -9999.0 -9999.0 -9999.0 -9999.0 -9999.0 -9999.0 -9999.0 -9999.0 -9999.0 -9999.0 -9999.0 -9999.0 -9999.0 -9999.0 -9999.0 nan nan nan nan nan nan nan nan nan nan nan nan nan -9999.0
nan nan nan nan nan nan nan nan nan nan nan nan nan nan nan nan nan nan nan nan nan nan nan nan nan nan nan nan nan nan 26.2 26.6 27.2 28.0 27.9 nan nan 28.4 28.9 28.8 nan 26.4 28.2 28.9 28.4 27.8 27.2 26.6 26.0 25.5 25.0 24.7 24.5 24.4 24.5 24.5 24.6 24.6 -9999.0 -9999.0 -9999.0 -9999.0 -9999.0 -9999.0 -9999.0 -9999.0 -9999.0 -9999.0 -9999.0 -9999.0 -9999.0 -9999.0 -9999.0 -9999.0 -9999.0 -9999.0 -9999.0 nan nan nan nan nan nan nan nan nan nan nan nan -9999.0
nan nan nan nan nan nan nan nan nan nan nan nan nan nan nan nan nan nan nan nan nan nan nan nan nan nan nan nan nan nan 24.0 26.5 27.2 28.0 25.9 nan 20.6 24.0 26.1 17.3 25.1 20.6 23.8 28.5 28.2 27.7 27.2 26.7 26.1 25.6 25.3 25.0 24.9 24.9 25.0 25.2 25.2 25.1 -9999.0 -9999.0 -9999.0 -9999.0 -9999.0 -9999.0 -9999.0 -9999.0 -9999.0 -9999.0 -9999.0 -9999.0 -9999.0 -9999.0 -9999.0 -9999.0 -9999.0 -9999.0 -9999.0 -9999.0 nan nan nan nan nan nan nan nan nan nan nan -9999.0
nan nan nan nan nan nan nan nan nan nan nan nan nan nan nan nan nan nan nan nan nan nan nan nan nan nan nan nan nan nan 24.0 26.2 27.2 27.9 28.0 20.6 nan 25.9 22.1 18.0 21.7 nan 28.4 28.5 28.1 27.7 27.2 26.7 26.2 25.8 25.5 25.3 25.2 25.4 25.6 25.7 25.4 21.1 -9999.0 -9999.0 -9999.0 -9999.0 -9999.0 -9999.0 -9999.0 -9999.0 -9999.0 -9999.0 -9999.0 -9999.0 -9999.0 -9999.0 -9999.0 -9999.0 -9999.0 -9999.0 -9999.0 -9999.0 -9999.0 -9999.0 nan nan nan nan nan nan nan nan nan -9999.0
nan nan nan nan nan nan nan nan nan nan nan nan nan nan nan nan nan nan nan nan nan nan nan nan nan nan nan nan nan nan nan 26.5 27.2 27.9 28.5 nan nan 21.4 22.1 21.1 nan nan 28.4 28.3 27.9 27.6 27.2 26.7 26.3 26.0 25.8 25.6 25.7 25.9 26.1 26.4 25.1 22.8 -9999.0 -9999.0 -9999.0 -9999.0 -9999.0 -9999.0 -9999.0 -9999.0 -9999.0 -9999.0 -9999.0 nan nan nan -9999.0 -9999.0 -9999.0 -9999.0 -9999.0 -9999.0 -9999.0 -9999.0 -9999.0 -9999.0 -9999.0 -9999.0 -9999.0 nan nan nan -9999.0 -9999.0
nan nan nan nan nan nan nan nan nan nan nan nan nan nan nan nan nan nan nan nan nan nan nan nan nan nan nan nan nan nan nan 26.2 27.0 27.8 28.6 nan 18.0 20.7 27.3 18.8 nan nan 28.2 28.1 27.8 27.5 27.1 26.8 26.4 26.1 26.0 26.0 26.1 26.4 26.8 27.3 27.7 23.7 -9999.0 -9999.0 -9999.0 -9999.0 -9999.0 -9999.0 -9999.0 -9999.0 -9999.0 -9999.0 -9999.0 nan nan nan nan nan -9999.0 -9999.0 -9999.0 -9999.0 -9999.0 -9999.0 -9999.0 -9999.0 -9999.0 -9999.0 -9999.0 -9999.0 -9999.0 -9999.0 -9999.0 -9999.0
nan nan nan nan nan nan nan nan nan nan nan nan nan nan nan nan nan nan nan nan nan nan nan nan nan nan nan nan nan nan nan 20.2 26.9 27.7 28.7 28.7 27.1 23.9 18.1 14.5 19.2 nan 27.9 27.9 27.7 27.5 27.1 26.8 26.5 26.3 26.3 26.4 26.6 26.9 27.3 27.8 28.6 24.2 -9999.0 -9999.0 -9999.0 -9999.0 -9999.0 -9999.0 -9999.0 -9999.0 -9999.0 -9999.0 -9999.0 -9999.0 -9999.0 -9999.0 -9999.0 -9999.0 -9999.0 -9999.0 -9999.0 -9999.0 -9999.0 -9999.0 -9999.0 -9999.0 -9999.0 -9999.0 -9999.0 -9999.0 -9999.0 -9999.0 -9999.0 -9999.0
nan nan nan nan nan nan nan nan nan nan nan nan nan nan nan nan nan nan nan nan nan nan nan nan nan nan nan nan nan nan nan 20.1 26.7 27.7 28.6 29.0 29.0 nan 18.8 21.8 14.9 nan 27.8 27.9 27.8 27.5 27.2 26.9 26.6 26.5 26.5 26.6 26.9 27.3 27.7 28.3 28.9 25.0 -9999.0 -9999.0 -9999.0 -9999.0 -9999.0 -9999.0 -9999.0 -9999.0 -9999.0 -9999.0 -9999.0 -9999.0 -9999.0 -9999.0 -9999.0 -9999.0 -9999.0 -9999.0 -9999.0 -9999.0 -9999.0 -9999.0 -9999.0 -9999.0 -9999.0 -9999.0 -9999.0 -9999.0 -9999.0 -9999.0 -9999.0 -9999.0
nan nan nan nan nan nan nan nan nan nan nan nan nan nan nan nan nan nan nan nan nan nan nan nan nan nan nan nan nan nan nan 20.1 24.9 27.4 28.4 29.0 29.1 nan nan 20.5 19.1 nan nan 27.9 27.9 27.5 27.2 27.0 26.8 26.7 26.8 26.9 27.2 27.7 28.2 28.8 29.4 23.7 -9999.0 -9999.0 -9999.0 -9999.0 -9999.0 -9999.0 -9999.0 -9999.0 -9999.0 -9999.0 -9999.0 -9999.0 -9999.0 -9999.0 -9999.0 -9999.0 -9999.0 -9999.0 -9999.0 -9999.0 -9999.0 -9999.0 -9999.0 -9999.0 -9999.0 -9999.0 -9999.0 -9999.0 -9999.0 -9999.0 -9999.0 -9999.0
nan nan nan nan nan nan nan nan nan nan nan nan nan nan nan nan nan nan nan nan nan nan nan nan nan nan nan nan nan nan nan nan 19.0 27.5 28.3 29.0 nan nan nan 22.8 18.0 22.2 nan nan 27.5 27.3 27.2 27.0 26.8 26.8 27.0 27.2 27.5 28.0 28.6 29.2 29.8 29.2 -9999.0 -9999.0 -9999.0 -9999.0 -9999.0 -9999.0 -9999.0 -9999.0 -9999.0 -9999.0 -9999.0 -9999.0 -9999.0 -9999.0 -9999.0 -9999.0 -9999.0 -9999.0 -9999.0 -9999.0 -9999.0 -9999.0 -9999.0 -9999.0 nan nan nan -9999.0 -9999.0 -9999.0 -9999.0 -9999.0
nan nan nan nan nan nan nan nan nan nan nan nan nan nan nan nan nan nan nan nan nan nan nan nan nan nan nan nan nan nan nan nan 26.5 27.3 28.1 28.9 nan nan nan nan 20.1 22.1 31.6 nan 27.0 27.3 27.3 27.1 26.9 26.8 27.0 27.4 27.8 28.4 29.0 29.6 30.1 30.5 -9999.0 -9999.0 -9999.0 -9999.0 -9999.0 -9999.0 -9999.0 -9999.0 -9999.0 -9999.0 -9999.0 -9999.0 -9999.0 -9999.0 -9999.0 -9999.0 -9999.0 -9999.0 -9999.0 -9999.0 -9999.0 -9999.0 nan nan nan nan nan nan nan nan -9999.0 -9999.0
nan nan nan nan nan nan nan nan nan nan nan nan nan nan nan nan nan nan nan nan nan nan nan nan nan nan nan nan nan nan nan nan nan 27.4 28.3 29.0 nan nan nan nan 24.1 24.9 30.8 22.3 nan 27.6 27.7 27.3 27.1 26.9 27.0 27.3 27.9 28.6 29.3 30.0 30.3 31.0 -9999.0 -9999.0 -9999.0 -9999.0 -9999.0 -9999.0 -9999.0 -9999.0 -9999.0 -9999.0 -9999.0 nan nan nan nan nan nan nan nan nan nan nan nan nan nan nan nan nan nan nan nan nan
nan nan nan nan nan nan nan nan nan nan nan nan nan nan nan nan nan nan nan nan nan nan nan nan nan nan nan nan nan nan nan nan nan 27.4 28.2 29.3 29.4 nan nan nan 29.3 25.7 28.2 31.4 nan nan 27.4 27.3 27.1 27.0 27.0 27.2 27.8 28.6 29.5 30.2 30.6 31.3 -9999.0 -9999.0 -9999.0 -9999.0 -9999.0 -9999.0 -9999.0 -9999.0 -9999.0 -9999.0 nan nan nan nan nan nan nan nan nan nan nan nan nan nan nan nan nan nan nan nan nan nan
