data/output/RUN203/ECOSPACE/ECOSPACE_in_PAR3/PAR-VarZ-VarK/PAR-VarZ-VarK_2005_05.asc
ncols        93
nrows        151 
xllcorner    -123.80739
yllcorner    48.29471 
cellsize     0.013497347 
NODATA_value  0.0
[rows 80 to 119 of 151, columns 0 to 89 of 93]
nan nan nan nan nan nan nan nan nan nan nan nan nan nan nan nan nan nan nan nan nan nan nan 32.1 30.6 32.6 34.7 35.0 34.0 32.8 31.6 30.4 29.3 28.2 27.3 26.5 25.7 24.9 24.3 23.5 22.7 22.0 21.2 20.4 19.8 19.0 18.3 17.6 17.0 16.4 15.9 15.5 15.4 15.2 nan nan nan nan nan nan nan nan nan nan nan nan 14.3 14.5 14.6 14.6 nan 14.3 14.2 14.3 14.3 14.4 14.3 14.2 14.1 14.3 14.6 14.7 14.6 nan nan nan nan nan nan nan
nan nan nan nan nan nan nan nan nan nan nan nan nan nan nan nan nan nan nan nan nan nan nan nan nan nan 35.9 35.6 34.9 33.9 32.7 31.5 30.3 29.2 28.1 27.2 26.4 25.5 24.9 24.1 23.4 22.5 21.8 20.9 20.5 19.7 18.9 18.1 17.4 16.7 16.2 15.7 15.5 15.3 15.0 nan nan nan nan nan nan nan nan nan nan nan 14.6 14.6 nan nan nan nan nan 14.4 14.5 14.6 nan 14.3 14.4 14.7 14.9 15.0 nan nan nan nan nan nan nan nan
nan nan nan nan nan nan nan nan nan nan nan nan nan nan nan nan nan nan nan nan nan nan nan nan nan nan nan 35.9 35.3 34.9 33.7 32.3 31.2 30.0 28.9 28.0 27.2 26.3 25.2 24.6 24.0 23.2 22.5 21.7 21.0 20.3 19.4 18.6 17.9 17.1 16.5 16.0 15.6 15.4 15.2 15.1 nan nan nan nan nan nan nan nan nan 14.6 14.9 nan nan nan nan nan nan 14.4 14.5 14.6 nan 14.5 14.7 15.0 15.1 nan nan nan nan nan nan nan nan nan
nan nan nan nan nan nan nan nan nan nan nan nan nan nan nan nan nan nan nan nan nan nan nan nan nan nan nan nan 33.6 34.7 34.8 33.6 32.4 31.1 29.8 28.8 27.9 26.9 25.9 25.2 24.4 23.8 23.1 22.5 21.7 20.9 20.0 19.1 18.3 17.6 17.0 16.4 15.9 15.6 15.3 15.2 15.1 nan nan nan nan nan nan nan nan 14.7 14.8 nan nan nan nan nan nan 14.5 14.6 14.7 15.0 15.3 15.2 15.1 nan nan nan nan nan nan nan nan nan nan
nan nan nan nan nan nan nan nan nan nan nan nan nan nan nan nan nan nan nan nan nan nan nan nan nan nan nan nan nan 14.9 35.5 34.7 33.4 32.2 31.0 29.8 28.7 27.6 26.5 25.7 25.0 24.4 23.9 23.2 22.4 21.6 20.6 19.7 18.8 18.1 17.4 16.9 16.3 15.9 15.6 15.4 15.2 15.2 nan nan nan nan nan nan 14.7 14.8 14.8 nan 14.9 14.9 14.9 nan nan 14.5 14.7 14.9 15.2 15.6 nan nan nan nan nan nan nan nan nan nan nan nan
nan nan nan nan nan nan nan nan nan nan nan nan nan nan nan nan nan nan nan nan nan nan nan nan nan nan nan nan nan nan 15.7 35.1 34.4 33.2 32.0 30.8 29.7 28.5 27.4 26.5 25.8 25.2 24.7 23.9 23.2 22.2 21.3 20.3 19.4 18.6 17.9 17.3 16.8 16.3 15.9 15.6 15.4 15.4 nan nan nan nan nan 14.8 14.8 14.8 14.9 14.9 14.9 14.9 14.9 10.0 nan 14.6 14.9 15.1 15.3 15.4 nan nan nan nan nan nan nan nan nan nan nan nan
nan nan nan nan nan nan nan nan nan nan nan nan nan nan nan nan nan nan nan nan nan nan nan nan nan nan nan nan nan nan nan 32.2 34.2 34.2 33.1 31.9 30.7 29.5 28.4 27.5 26.6 26.0 25.4 24.7 23.9 22.9 21.9 20.9 20.0 19.2 18.5 17.9 17.3 16.8 16.3 15.9 15.7 15.6 15.4 nan nan 14.9 15.1 15.0 14.9 14.9 15.0 15.0 14.9 14.9 14.9 nan nan 14.9 15.1 15.2 15.4 15.4 nan nan nan nan nan nan nan nan nan nan nan nan
nan nan nan nan nan nan nan nan nan nan nan nan nan nan nan nan nan nan nan nan nan nan nan nan nan nan nan nan nan nan nan nan 35.3 34.7 33.9 32.9 31.8 30.6 29.4 28.4 27.6 26.9 26.2 25.5 24.7 23.7 22.7 21.7 20.8 19.9 19.2 18.6 18.0 17.4 16.8 16.4 16.0 15.8 15.7 15.4 15.3 15.2 15.2 nan 15.0 15.1 15.2 15.2 15.2 15.1 15.1 15.1 15.1 15.2 15.2 15.3 15.4 nan nan nan nan nan nan nan nan nan nan nan nan nan
nan nan nan nan nan nan nan nan nan nan nan nan nan nan nan nan nan nan nan nan nan nan nan nan nan nan nan nan nan nan 34.5 34.9 35.4 35.0 34.4 33.8 32.9 31.8 30.6 29.5 28.6 27.8 27.0 26.3 25.5 24.5 23.5 22.5 21.5 20.7 19.9 19.3 18.7 18.1 17.5 16.9 16.5 16.1 15.8 15.6 15.4 15.3 15.2 15.3 15.3 15.4 15.5 15.5 15.5 15.5 15.4 15.2 15.3 15.3 15.3 15.4 15.4 nan nan nan nan nan nan nan nan nan nan nan nan nan
nan nan nan nan nan nan nan nan nan nan nan nan nan nan nan nan nan nan nan nan nan nan nan nan nan nan nan nan nan nan nan nan 34.9 34.8 34.6 34.3 33.6 32.7 31.6 30.6 29.6 28.7 27.9 27.1 26.2 25.2 24.2 23.2 22.2 21.4 20.6 20.0 19.4 18.7 18.1 17.5 17.0 16.6 16.3 16.0 15.7 15.5 15.5 15.5 15.5 15.5 15.6 nan nan nan 15.4 15.4 15.4 15.4 15.4 15.4 nan nan nan nan nan nan nan nan nan nan nan nan nan nan
nan nan nan nan nan nan nan nan nan nan nan nan nan nan nan nan nan nan nan nan nan nan nan nan nan nan nan nan nan nan 16.4 14.9 34.5 34.6 34.5 34.5 34.1 33.6 32.6 31.7 30.6 29.6 28.6 27.8 26.9 26.0 25.0 24.0 23.0 22.2 21.4 20.7 20.1 19.4 18.8 18.1 17.6 17.2 16.8 16.4 16.1 15.8 15.7 15.7 nan nan nan nan nan nan nan 15.5 15.4 15.4 15.4 15.3 nan nan nan nan nan nan nan nan nan nan nan nan nan nan
nan nan nan nan nan nan nan nan nan nan nan nan nan nan nan nan nan nan nan nan nan nan nan nan nan nan nan nan nan nan 16.2 33.8 34.5 35.1 34.9 17.8 34.6 34.7 33.8 32.7 31.5 30.4 29.4 28.4 27.6 26.7 25.7 24.7 23.7 22.8 22.1 21.4 20.7 20.1 19.4 18.8 18.2 17.7 17.2 16.8 16.4 16.1 15.9 nan nan nan nan nan nan 15.3 15.4 15.6 15.5 15.4 15.4 nan nan nan nan nan nan nan nan nan nan nan nan nan nan nan
nan nan nan nan nan nan nan nan nan nan nan nan nan nan nan nan nan nan nan nan nan nan nan nan nan nan nan nan nan nan 16.4 31.8 34.7 35.5 nan nan nan 35.0 34.7 33.6 32.3 31.0 30.0 29.0 28.2 27.3 26.4 25.4 24.4 23.4 22.6 22.0 21.3 20.7 20.0 19.4 18.7 18.2 17.7 17.2 16.7 16.4 16.1 nan nan nan nan nan 15.4 15.4 15.5 15.6 15.5 15.3 nan nan nan nan nan nan nan nan nan nan nan nan nan nan nan nan
nan nan nan nan nan nan nan nan nan nan nan nan nan nan nan nan nan nan nan nan nan nan nan nan nan nan nan nan nan nan 16.3 15.4 35.0 35.5 nan nan nan 32.1 34.5 34.2 33.0 31.8 30.6 29.6 28.7 27.9 27.0 26.1 25.0 24.0 23.2 22.5 21.9 21.2 20.5 19.9 19.2 18.7 18.1 17.6 17.1 16.7 16.3 15.7 15.4 nan 15.2 15.3 15.4 15.4 15.5 15.5 nan nan nan nan nan nan nan nan nan nan nan nan nan nan nan nan nan nan
nan nan nan nan nan nan nan nan nan nan nan nan nan nan nan nan nan nan nan nan nan nan nan nan nan nan nan nan nan nan nan nan 35.2 28.3 nan nan nan nan 33.0 34.0 33.5 32.4 31.2 30.1 29.2 28.4 27.6 26.8 25.8 24.7 23.8 23.0 22.4 21.7 21.1 20.4 19.8 19.2 18.6 18.1 17.6 17.0 16.5 16.1 15.8 15.6 15.5 15.3 15.3 15.3 15.3 nan nan nan nan nan nan nan nan nan nan nan nan nan nan nan nan nan nan nan
nan nan nan nan nan nan nan nan nan nan nan nan nan nan nan nan nan nan nan nan nan nan nan nan nan nan nan nan nan nan nan nan nan 30.0 16.5 nan nan nan 15.4 35.2 34.7 33.3 32.0 31.0 29.9 29.0 28.2 27.5 26.6 25.5 24.5 23.6 22.9 22.2 21.6 20.9 20.3 19.6 19.1 18.5 18.0 17.4 16.9 16.4 16.0 15.7 15.5 15.4 15.3 15.3 15.1 nan nan nan nan nan nan nan nan nan nan nan nan nan nan nan nan nan nan nan
nan nan nan nan nan nan nan nan nan nan nan nan nan nan nan nan nan nan nan nan nan nan nan nan nan nan nan nan nan nan nan nan nan nan 17.8 31.6 nan nan nan nan 35.5 35.0 33.2 31.9 30.8 29.8 28.9 28.1 27.2 26.2 25.1 24.3 23.5 22.8 22.2 21.5 20.8 20.1 19.5 19.0 18.4 17.8 17.2 16.7 16.2 15.8 15.6 15.4 15.3 15.3 15.3 15.0 nan nan nan nan nan nan nan nan nan nan nan nan nan nan nan nan nan nan
nan nan nan nan nan nan nan nan nan nan nan nan nan nan nan nan nan nan nan nan nan nan nan nan nan nan nan nan nan nan nan nan nan nan nan 23.4 16.7 nan nan nan nan 33.8 34.2 32.8 31.6 30.6 29.6 28.7 27.8 26.8 25.7 24.8 24.1 23.4 22.7 22.0 21.2 20.5 19.9 19.3 18.7 18.1 17.4 16.8 16.3 15.9 15.6 15.4 15.3 15.2 15.2 15.2 15.1 10.1 nan nan nan nan nan nan nan nan nan nan nan nan nan nan nan nan
nan nan nan nan nan nan nan nan nan nan nan nan nan nan nan nan nan nan nan nan nan nan nan nan nan nan nan nan nan nan nan nan nan nan 17.8 22.8 33.4 33.1 nan 16.9 nan 31.4 33.5 33.5 32.3 31.2 30.2 29.3 28.3 27.3 26.2 25.3 24.5 23.9 23.2 22.4 21.6 20.9 20.3 19.7 19.0 18.3 17.5 16.9 16.4 15.9 15.6 15.4 15.3 15.2 15.1 15.1 15.1 15.0 nan nan nan nan nan nan nan nan nan nan nan nan nan nan nan nan
nan nan nan nan nan nan nan nan nan nan nan nan nan nan nan nan nan nan nan nan nan nan nan nan nan nan nan nan nan nan nan nan nan nan 33.2 33.9 33.7 31.7 19.7 30.9 33.0 28.5 33.6 34.0 33.0 31.9 30.7 29.7 28.7 27.6 26.7 25.6 24.7 24.0 23.4 22.6 21.9 21.2 20.6 19.9 19.1 18.3 17.5 16.9 16.3 15.8 15.0 14.8 14.2 15.1 15.0 15.1 15.1 15.1 15.2 nan nan nan nan nan nan nan nan nan nan nan nan nan nan nan
nan nan nan nan nan nan nan nan nan nan nan nan nan nan nan nan nan nan nan nan nan nan nan nan nan nan nan nan nan nan nan nan nan nan 33.3 33.8 33.7 33.5 31.7 nan 33.7 32.9 35.0 34.5 33.5 32.4 31.1 30.1 29.0 27.9 27.0 26.0 25.2 24.4 23.6 22.8 22.0 21.4 20.8 20.0 19.1 18.2 -9999.0 -9999.0 -9999.0 -9999.0 -9999.0 -9999.0 -9999.0 10.9 15.1 14.9 15.1 15.0 15.1 nan nan nan nan nan nan nan nan nan nan nan nan nan nan -9999.0
nan nan nan nan nan nan nan nan nan nan nan nan nan nan nan nan nan nan nan nan nan nan nan nan nan nan nan nan nan nan nan nan nan nan 33.2 33.5 33.4 33.3 33.2 nan nan 35.4 35.5 34.8 33.8 32.6 31.4 30.2 29.1 28.1 27.3 26.5 25.5 24.6 23.7 22.9 22.3 21.6 20.9 20.0 19.0 -9999.0 -9999.0 -9999.0 -9999.0 -9999.0 -9999.0 -9999.0 -9999.0 nan 13.1 14.5 15.0 14.5 nan nan nan nan nan nan nan nan nan nan nan nan nan nan nan -9999.0
nan nan nan nan nan nan nan nan nan nan nan nan nan nan nan nan nan nan nan nan nan nan nan nan nan nan nan nan nan nan nan nan nan nan 33.0 33.0 33.0 33.1 33.3 nan 28.0 32.5 35.4 34.8 33.8 32.7 31.6 30.4 29.3 28.3 27.5 26.6 25.7 24.7 23.9 23.1 22.4 21.7 21.0 20.0 19.0 -9999.0 -9999.0 -9999.0 -9999.0 -9999.0 -9999.0 -9999.0 -9999.0 -9999.0 -9999.0 nan 10.6 10.6 nan nan nan nan nan nan nan nan nan nan nan nan nan nan nan -9999.0
nan nan nan nan nan nan nan nan nan nan nan nan nan nan nan nan nan nan nan nan nan nan nan nan nan nan nan nan nan nan nan nan nan nan 32.6 32.7 33.1 32.7 30.0 20.4 31.1 27.7 34.2 34.5 33.6 32.6 31.6 30.5 29.3 28.4 27.4 26.6 25.8 24.8 24.0 23.2 22.6 21.9 21.1 20.1 -9999.0 -9999.0 -9999.0 -9999.0 -9999.0 -9999.0 -9999.0 -9999.0 -9999.0 -9999.0 -9999.0 nan nan nan nan nan nan nan nan nan nan nan nan nan nan nan nan nan nan -9999.0
nan nan nan nan nan nan nan nan nan nan nan nan nan nan nan nan nan nan nan nan nan nan nan nan nan nan nan nan nan nan nan nan 28.3 29.4 31.5 32.9 33.5 34.2 33.0 32.3 nan 34.2 34.4 34.1 33.4 32.5 31.4 30.2 29.1 28.3 27.4 26.5 25.8 24.8 23.9 23.3 22.7 22.0 21.3 -9999.0 -9999.0 -9999.0 -9999.0 -9999.0 -9999.0 -9999.0 -9999.0 -9999.0 -9999.0 -9999.0 -9999.0 -9999.0 nan nan nan nan nan nan nan nan nan nan nan nan nan nan nan nan nan -9999.0
nan nan nan nan nan nan nan nan nan nan nan nan nan nan nan nan nan nan nan nan nan nan nan nan nan nan nan nan nan 16.6 nan nan 32.2 32.7 32.6 32.8 33.9 34.7 35.4 nan nan 33.9 34.1 33.9 33.2 32.2 31.0 29.9 28.9 28.1 27.2 26.5 25.7 24.8 24.0 23.4 22.8 22.2 21.5 -9999.0 -9999.0 -9999.0 -9999.0 -9999.0 -9999.0 -9999.0 -9999.0 -9999.0 -9999.0 -9999.0 -9999.0 -9999.0 -9999.0 -9999.0 nan nan nan nan nan nan nan nan nan nan nan nan nan nan nan -9999.0
nan nan nan nan nan nan nan nan nan nan nan nan nan nan nan nan nan nan nan nan nan nan nan nan nan nan nan nan nan 14.6 14.7 nan 32.7 33.1 30.6 29.6 32.2 34.6 35.0 33.7 nan 34.0 34.3 34.0 33.1 31.9 30.7 29.5 28.7 27.8 27.1 26.4 25.5 24.7 24.1 23.4 23.0 22.6 -9999.0 -9999.0 -9999.0 -9999.0 -9999.0 -9999.0 -9999.0 -9999.0 -9999.0 -9999.0 -9999.0 -9999.0 -9999.0 -9999.0 -9999.0 -9999.0 -9999.0 nan nan nan nan nan nan nan nan nan nan nan nan nan nan -9999.0
nan nan nan nan nan nan nan nan nan nan nan nan nan nan nan nan nan nan nan nan nan nan nan nan nan nan nan nan nan 15.5 32.4 32.7 33.0 33.4 33.9 nan 15.4 34.2 34.6 35.0 nan 32.5 34.6 34.1 32.9 31.6 30.4 29.2 28.4 27.6 27.0 26.2 25.5 24.8 24.2 23.6 23.3 23.1 -9999.0 -9999.0 -9999.0 -9999.0 -9999.0 -9999.0 -9999.0 -9999.0 -9999.0 -9999.0 -9999.0 -9999.0 -9999.0 -9999.0 -9999.0 -9999.0 -9999.0 -9999.0 nan nan nan nan nan nan nan nan nan nan nan nan nan -9999.0
nan nan nan nan nan nan nan nan nan nan nan nan nan nan nan nan nan nan nan nan nan nan nan nan nan nan nan nan nan nan 31.5 32.7 33.2 33.8 31.0 nan nan 33.4 33.9 35.5 nan 28.9 31.2 33.4 32.5 31.2 30.0 29.0 28.1 27.4 26.8 26.2 25.5 24.9 24.4 23.9 23.8 23.6 -9999.0 -9999.0 -9999.0 -9999.0 -9999.0 -9999.0 -9999.0 -9999.0 -9999.0 -9999.0 -9999.0 -9999.0 -9999.0 -9999.0 -9999.0 -9999.0 -9999.0 -9999.0 -9999.0 nan nan nan nan nan nan nan nan nan nan nan nan -9999.0
nan nan nan nan nan nan nan nan nan nan nan nan nan nan nan nan nan nan nan nan nan nan nan nan nan nan nan nan nan nan 29.6 32.8 33.2 33.8 29.8 nan 17.0 25.5 30.0 17.6 28.0 23.3 25.9 32.2 32.1 30.8 29.7 28.7 28.0 27.3 26.8 26.2 25.7 25.0 24.6 24.1 24.0 23.9 -9999.0 -9999.0 -9999.0 -9999.0 -9999.0 -9999.0 -9999.0 -9999.0 -9999.0 -9999.0 -9999.0 -9999.0 -9999.0 -9999.0 -9999.0 -9999.0 -9999.0 -9999.0 -9999.0 -9999.0 nan nan nan nan nan nan nan nan nan nan nan -9999.0
nan nan nan nan nan nan nan nan nan nan nan nan nan nan nan nan nan nan nan nan nan nan nan nan nan nan nan nan nan nan 30.0 32.1 33.1 33.5 31.3 16.9 nan 30.9 23.6 17.0 24.5 nan 33.4 32.9 31.7 30.5 29.5 28.6 27.9 27.3 26.8 26.3 25.8 25.3 25.0 24.2 22.7 18.9 -9999.0 -9999.0 -9999.0 -9999.0 -9999.0 -9999.0 -9999.0 -9999.0 -9999.0 -9999.0 -9999.0 -9999.0 -9999.0 -9999.0 -9999.0 -9999.0 -9999.0 -9999.0 -9999.0 -9999.0 -9999.0 -9999.0 nan nan nan nan nan nan nan nan nan -9999.0
nan nan nan nan nan nan nan nan nan nan nan nan nan nan nan nan nan nan nan nan nan nan nan nan nan nan nan nan nan nan nan 32.3 32.8 33.3 33.4 nan nan 23.9 23.6 19.9 nan nan 33.5 32.6 31.5 30.4 29.3 28.5 27.8 27.3 26.8 26.4 26.0 25.7 25.5 24.8 23.2 20.2 -9999.0 -9999.0 -9999.0 -9999.0 -9999.0 -9999.0 -9999.0 -9999.0 -9999.0 -9999.0 -9999.0 nan nan nan -9999.0 -9999.0 -9999.0 -9999.0 -9999.0 -9999.0 -9999.0 -9999.0 -9999.0 -9999.0 -9999.0 -9999.0 -9999.0 nan nan nan -9999.0 -9999.0
nan nan nan nan nan nan nan nan nan nan nan nan nan nan nan nan nan nan nan nan nan nan nan nan nan nan nan nan nan nan nan 30.3 32.5 33.4 34.1 nan 16.3 20.6 32.0 17.8 nan nan 33.3 32.6 31.5 30.4 29.3 28.5 27.9 27.4 27.0 26.7 26.3 26.0 26.0 25.9 25.8 20.5 -9999.0 -9999.0 -9999.0 -9999.0 -9999.0 -9999.0 -9999.0 -9999.0 -9999.0 -9999.0 -9999.0 nan nan nan nan nan -9999.0 -9999.0 -9999.0 -9999.0 -9999.0 -9999.0 -9999.0 -9999.0 -9999.0 -9999.0 -9999.0 -9999.0 -9999.0 -9999.0 -9999.0 -9999.0
nan nan nan nan nan nan nan nan nan nan nan nan nan nan nan nan nan nan nan nan nan nan nan nan nan nan nan nan nan nan nan 16.6 32.4 33.5 32.7 30.6 26.9 23.7 19.9 16.0 18.2 nan 32.8 32.5 31.6 30.5 29.4 28.6 28.0 27.5 27.2 26.9 26.6 26.4 26.3 26.1 25.5 18.3 -9999.0 -9999.0 -9999.0 -9999.0 -9999.0 -9999.0 -9999.0 -9999.0 -9999.0 -9999.0 -9999.0 -9999.0 -9999.0 -9999.0 -9999.0 -9999.0 -9999.0 -9999.0 -9999.0 -9999.0 -9999.0 -9999.0 -9999.0 -9999.0 -9999.0 -9999.0 -9999.0 -9999.0 -9999.0 -9999.0 -9999.0 -9999.0
nan nan nan nan nan nan nan nan nan nan nan nan nan nan nan nan nan nan nan nan nan nan nan nan nan nan nan nan nan nan nan 16.6 30.3 33.2 34.5 35.1 34.6 nan 22.2 26.1 15.4 nan 33.0 33.0 32.1 30.9 29.8 28.9 28.3 27.8 27.4 27.2 26.9 26.8 26.6 26.4 26.1 21.4 -9999.0 -9999.0 -9999.0 -9999.0 -9999.0 -9999.0 -9999.0 -9999.0 -9999.0 -9999.0 -9999.0 -9999.0 -9999.0 -9999.0 -9999.0 -9999.0 -9999.0 -9999.0 -9999.0 -9999.0 -9999.0 -9999.0 -9999.0 -9999.0 -9999.0 -9999.0 -9999.0 -9999.0 -9999.0 -9999.0 -9999.0 -9999.0
nan nan nan nan nan nan nan nan nan nan nan nan nan nan nan nan nan nan nan nan nan nan nan nan nan nan nan nan nan nan nan 16.7 28.7 32.0 34.3 34.9 35.0 nan nan 23.4 17.5 nan nan 33.2 32.6 31.4 30.2 29.3 28.6 28.1 27.7 27.4 27.2 27.1 27.0 27.0 26.9 21.2 -9999.0 -9999.0 -9999.0 -9999.0 -9999.0 -9999.0 -9999.0 -9999.0 -9999.0 -9999.0 -9999.0 -9999.0 -9999.0 -9999.0 -9999.0 -9999.0 -9999.0 -9999.0 -9999.0 -9999.0 -9999.0 -9999.0 -9999.0 -9999.0 -9999.0 -9999.0 -9999.0 -9999.0 -9999.0 -9999.0 -9999.0 -9999.0
nan nan nan nan nan nan nan nan nan nan nan nan nan nan nan nan nan nan nan nan nan nan nan nan nan nan nan nan nan nan nan nan 16.1 33.5 34.3 34.9 nan nan nan 23.5 17.2 17.6 nan nan 32.0 31.6 30.6 29.7 29.0 28.5 28.1 27.8 27.6 27.5 27.5 27.5 27.4 24.4 -9999.0 -9999.0 -9999.0 -9999.0 -9999.0 -9999.0 -9999.0 -9999.0 -9999.0 -9999.0 -9999.0 -9999.0 -9999.0 -9999.0 -9999.0 -9999.0 -9999.0 -9999.0 -9999.0 -9999.0 -9999.0 -9999.0 -9999.0 -9999.0 nan nan nan -9999.0 -9999.0 -9999.0 -9999.0 -9999.0
nan nan nan nan nan nan nan nan nan nan nan nan nan nan nan nan nan nan nan nan nan nan nan nan nan nan nan nan nan nan nan nan 31.9 33.1 34.1 35.0 nan nan nan nan 19.6 17.7 30.1 nan 30.0 32.0 31.2 30.2 29.5 28.9 28.5 28.3 28.1 28.0 28.0 27.7 27.6 26.4 -9999.0 -9999.0 -9999.0 -9999.0 -9999.0 -9999.0 -9999.0 -9999.0 -9999.0 -9999.0 -9999.0 -9999.0 -9999.0 -9999.0 -9999.0 -9999.0 -9999.0 -9999.0 -9999.0 -9999.0 -9999.0 -9999.0 nan nan nan nan nan nan nan nan -9999.0 -9999.0
nan nan nan nan nan nan nan nan nan nan nan nan nan nan nan nan nan nan nan nan nan nan nan nan nan nan nan nan nan nan nan nan nan 33.3 34.5 35.4 nan nan nan nan 25.7 19.6 24.6 21.1 nan 32.5 32.1 30.8 30.1 29.5 29.1 28.8 28.7 28.6 28.5 28.6 28.4 28.6 -9999.0 -9999.0 -9999.0 -9999.0 -9999.0 -9999.0 -9999.0 -9999.0 -9999.0 -9999.0 -9999.0 nan nan nan nan nan nan nan nan nan nan nan nan nan nan nan nan nan nan nan nan nan
nan nan nan nan nan nan nan nan nan nan nan nan nan nan nan nan nan nan nan nan nan nan nan nan nan nan nan nan nan nan nan nan nan 33.5 34.8 35.7 35.6 nan nan nan 34.2 21.2 21.8 33.3 nan nan 31.5 31.3 30.7 30.2 29.8 29.5 29.3 29.2 29.2 29.5 29.8 30.3 -9999.0 -9999.0 -9999.0 -9999.0 -9999.0 -9999.0 -9999.0 -9999.0 -9999.0 -9999.0 nan nan nan nan nan nan nan nan nan nan nan nan nan nan nan nan nan nan nan nan nan nan
