data/output/RUN203/ECOSPACE/ECOSPACE_in_PAR3/PAR-VarZ-VarK/PAR-VarZ-VarK_1984_05.asc
ncols        93
nrows        151 
xllcorner    -123.80739
yllcorner    48.29471 
cellsize     0.013497347 
NODATA_value  0.0
[rows 80 to 119 of 151, columns 0 to 89 of 93]
nan nan nan nan nan nan nan nan nan nan nan nan nan nan nan nan nan nan nan nan nan nan nan 32.5 31.8 31.8 33.5 34.1 33.3 32.2 31.2 30.2 29.5 28.7 27.9 27.0 25.9 24.7 23.5 22.6 21.7 21.0 20.2 19.5 18.9 18.3 17.9 17.4 17.0 16.7 16.5 16.4 16.4 16.2 nan nan nan nan nan nan nan nan nan nan nan nan 13.9 14.1 14.2 14.2 nan 13.9 13.9 14.0 14.0 14.1 14.1 14.0 13.9 14.1 14.5 14.7 14.6 nan nan nan nan nan nan nan
nan nan nan nan nan nan nan nan nan nan nan nan nan nan nan nan nan nan nan nan nan nan nan nan nan nan 35.0 34.7 34.2 33.2 32.2 31.1 30.3 29.5 28.5 27.6 26.4 25.1 23.9 22.8 21.8 21.0 20.1 19.5 18.8 18.3 17.9 17.5 17.1 16.9 16.6 16.5 16.4 16.2 15.9 nan nan nan nan nan nan nan nan nan nan nan 14.2 14.2 nan nan nan nan nan 14.0 14.2 14.3 nan 14.1 14.2 14.6 14.9 15.1 nan nan nan nan nan nan nan nan
nan nan nan nan nan nan nan nan nan nan nan nan nan nan nan nan nan nan nan nan nan nan nan nan nan nan nan 35.1 34.6 34.3 33.3 32.2 31.2 30.2 29.2 28.1 26.8 25.5 24.2 23.1 22.0 21.1 20.2 19.6 18.9 18.2 17.9 17.5 17.3 17.0 16.8 16.6 16.5 16.4 16.1 15.8 nan nan nan nan nan nan nan nan nan 14.2 14.5 nan nan nan nan nan nan 14.0 14.2 14.3 nan 14.3 14.6 14.9 15.2 nan nan nan nan nan nan nan nan nan
nan nan nan nan nan nan nan nan nan nan nan nan nan nan nan nan nan nan nan nan nan nan nan nan nan nan nan nan 33.0 34.1 34.4 33.4 32.2 31.1 29.9 28.6 27.3 25.8 24.5 23.3 22.2 21.3 20.4 19.7 19.0 18.4 18.0 17.7 17.4 17.1 16.9 16.8 16.6 16.5 16.4 16.0 15.8 nan nan nan nan nan nan nan nan 14.2 14.4 nan nan nan nan nan nan 14.0 14.2 14.4 14.8 15.2 15.1 15.1 nan nan nan nan nan nan nan nan nan nan
nan nan nan nan nan nan nan nan nan nan nan nan nan nan nan nan nan nan nan nan nan nan nan nan nan nan nan nan nan 14.7 35.1 34.5 33.2 32.0 30.7 29.4 27.8 26.3 24.9 23.6 22.5 21.6 20.7 19.9 19.2 18.7 18.2 17.8 17.6 17.4 17.2 17.0 16.9 16.8 16.6 16.3 16.0 15.8 nan nan nan nan nan nan 14.3 14.4 14.5 nan 14.7 14.6 14.6 nan nan 14.1 14.3 14.6 15.0 15.6 nan nan nan nan nan nan nan nan nan nan nan nan
nan nan nan nan nan nan nan nan nan nan nan nan nan nan nan nan nan nan nan nan nan nan nan nan nan nan nan nan nan nan 15.5 35.0 34.0 32.8 31.4 29.9 28.4 26.9 25.4 24.0 22.8 21.9 21.0 20.2 19.5 19.0 18.5 18.1 18.0 17.7 17.5 17.4 17.2 17.0 16.9 16.6 16.3 16.0 nan nan nan nan nan 14.4 14.5 14.6 14.7 14.7 14.7 14.6 14.6 9.9 nan 14.2 14.5 14.8 15.2 15.4 nan nan nan nan nan nan nan nan nan nan nan nan
nan nan nan nan nan nan nan nan nan nan nan nan nan nan nan nan nan nan nan nan nan nan nan nan nan nan nan nan nan nan nan 32.2 33.9 33.5 32.2 30.7 29.1 27.5 26.0 24.5 23.3 22.2 21.2 20.5 19.8 19.4 18.9 18.5 18.3 18.1 18.0 17.8 17.6 17.5 17.2 17.0 16.7 16.4 16.0 nan nan 14.8 15.0 14.9 14.8 14.9 14.9 14.9 14.9 14.8 14.7 nan nan 14.4 14.7 15.0 15.4 15.4 nan nan nan nan nan nan nan nan nan nan nan nan
nan nan nan nan nan nan nan nan nan nan nan nan nan nan nan nan nan nan nan nan nan nan nan nan nan nan nan nan nan nan nan nan 35.0 34.1 32.9 31.4 29.8 28.2 26.5 25.0 23.7 22.6 21.6 20.8 20.2 19.7 19.3 19.0 18.8 18.6 18.4 18.2 18.1 17.9 17.7 17.5 17.1 16.8 16.4 15.9 15.6 15.4 15.4 nan 15.1 15.2 15.3 15.3 15.3 15.1 14.9 14.7 14.7 14.8 14.9 15.2 15.4 nan nan nan nan nan nan nan nan nan nan nan nan nan
nan nan nan nan nan nan nan nan nan nan nan nan nan nan nan nan nan nan nan nan nan nan nan nan nan nan nan nan nan nan 34.8 34.7 35.0 34.3 33.3 32.1 30.7 29.0 27.2 25.6 24.2 23.0 22.0 21.2 20.6 20.1 19.7 19.5 19.2 19.1 18.9 18.7 18.6 18.5 18.2 18.0 17.6 17.1 16.7 16.4 16.0 15.8 15.8 15.8 15.7 15.7 15.9 15.9 15.8 15.6 15.3 15.0 15.0 15.1 15.2 15.4 15.5 nan nan nan nan nan nan nan nan nan nan nan nan nan
nan nan nan nan nan nan nan nan nan nan nan nan nan nan nan nan nan nan nan nan nan nan nan nan nan nan nan nan nan nan nan nan 34.7 34.3 33.5 32.7 31.3 29.6 27.8 26.2 24.8 23.6 22.5 21.7 21.0 20.5 20.2 19.9 19.7 19.5 19.4 19.2 19.1 19.0 18.8 18.5 18.2 17.7 17.3 16.8 16.5 16.2 16.2 16.2 16.1 16.0 16.1 nan nan nan 15.4 15.3 15.3 15.3 15.4 15.5 nan nan nan nan nan nan nan nan nan nan nan nan nan nan
nan nan nan nan nan nan nan nan nan nan nan nan nan nan nan nan nan nan nan nan nan nan nan nan nan nan nan nan nan nan 16.0 14.6 34.3 34.2 33.8 33.2 32.1 30.6 28.7 27.1 25.6 24.2 23.1 22.2 21.5 21.0 20.6 20.4 20.2 20.0 19.8 19.7 19.6 19.5 19.3 19.1 18.8 18.3 17.9 17.4 16.9 16.6 16.5 16.5 nan nan nan nan nan nan nan 15.6 15.5 15.5 15.6 15.5 nan nan nan nan nan nan nan nan nan nan nan nan nan nan
nan nan nan nan nan nan nan nan nan nan nan nan nan nan nan nan nan nan nan nan nan nan nan nan nan nan nan nan nan nan 16.0 33.3 34.3 34.4 34.1 17.3 32.9 31.6 29.7 28.0 26.4 25.0 23.8 22.8 22.1 21.5 21.1 20.8 20.6 20.5 20.3 20.2 20.1 20.0 19.8 19.5 19.2 18.9 18.4 17.9 17.4 17.0 16.7 nan nan nan nan nan nan 15.4 15.5 15.7 15.6 15.6 15.6 nan nan nan nan nan nan nan nan nan nan nan nan nan nan nan
nan nan nan nan nan nan nan nan nan nan nan nan nan nan nan nan nan nan nan nan nan nan nan nan nan nan nan nan nan nan 16.0 32.0 34.4 34.6 nan nan nan 31.5 30.6 29.0 27.3 25.8 24.6 23.5 22.7 22.0 21.6 21.3 21.1 21.0 20.9 20.7 20.6 20.5 20.3 20.1 19.7 19.3 18.8 18.3 17.8 17.3 16.9 nan nan nan nan nan 15.5 15.5 15.6 15.8 15.7 15.6 nan nan nan nan nan nan nan nan nan nan nan nan nan nan nan nan
nan nan nan nan nan nan nan nan nan nan nan nan nan nan nan nan nan nan nan nan nan nan nan nan nan nan nan nan nan nan 15.9 15.1 34.6 34.6 nan nan nan 29.0 30.9 30.0 28.4 26.8 25.4 24.3 23.4 22.6 22.1 21.8 21.6 21.5 21.4 21.2 21.2 21.1 20.9 20.6 20.2 19.8 19.3 18.7 18.2 17.6 17.0 16.3 16.1 nan 15.6 15.6 15.6 15.6 15.7 15.7 nan nan nan nan nan nan nan nan nan nan nan nan nan nan nan nan nan nan
nan nan nan nan nan nan nan nan nan nan nan nan nan nan nan nan nan nan nan nan nan nan nan nan nan nan nan nan nan nan nan nan 35.0 27.1 nan nan nan nan 30.3 30.8 29.6 27.9 26.3 25.1 24.1 23.3 22.7 22.3 22.0 22.0 21.9 21.8 21.8 21.7 21.5 21.2 20.8 20.3 19.8 19.2 18.6 17.9 17.2 16.7 16.5 16.2 15.9 15.8 15.7 15.7 15.6 nan nan nan nan nan nan nan nan nan nan nan nan nan nan nan nan nan nan nan
nan nan nan nan nan nan nan nan nan nan nan nan nan nan nan nan nan nan nan nan nan nan nan nan nan nan nan nan nan nan nan nan nan 29.2 15.3 nan nan nan 14.7 32.3 31.0 29.1 27.4 26.0 24.9 24.0 23.4 23.0 22.7 22.5 22.4 22.4 22.3 22.3 22.1 21.8 21.5 20.9 20.4 19.8 19.1 18.4 17.7 17.2 16.7 16.3 16.0 15.9 15.8 15.7 15.5 nan nan nan nan nan nan nan nan nan nan nan nan nan nan nan nan nan nan nan
nan nan nan nan nan nan nan nan nan nan nan nan nan nan nan nan nan nan nan nan nan nan nan nan nan nan nan nan nan nan nan nan nan nan 16.3 29.1 nan nan nan nan 31.6 30.3 28.4 26.9 25.7 24.8 24.1 23.6 23.2 23.0 22.9 22.9 22.8 22.7 22.6 22.3 22.0 21.5 20.9 20.3 19.6 18.9 18.1 17.5 17.0 16.5 16.2 15.9 15.8 15.6 15.5 15.2 nan nan nan nan nan nan nan nan nan nan nan nan nan nan nan nan nan nan
nan nan nan nan nan nan nan nan nan nan nan nan nan nan nan nan nan nan nan nan nan nan nan nan nan nan nan nan nan nan nan nan nan nan nan 21.5 16.0 nan nan nan nan 29.0 29.1 27.6 26.4 25.3 24.6 24.1 23.8 23.5 23.4 23.3 23.2 23.1 22.9 22.6 22.3 21.9 21.4 20.7 20.0 19.2 18.4 17.8 17.2 16.6 16.2 15.9 15.7 15.5 15.4 15.3 15.2 9.9 nan nan nan nan nan nan nan nan nan nan nan nan nan nan nan nan
nan nan nan nan nan nan nan nan nan nan nan nan nan nan nan nan nan nan nan nan nan nan nan nan nan nan nan nan nan nan nan nan nan nan 16.8 18.9 30.4 30.3 nan 16.0 nan 26.9 29.1 28.0 26.9 25.9 25.1 24.5 24.1 23.9 23.7 23.6 23.5 23.4 23.2 22.9 22.6 22.2 21.7 21.0 20.3 19.5 18.6 18.0 17.3 16.7 16.3 16.0 15.7 15.4 15.2 15.2 15.1 15.0 nan nan nan nan nan nan nan nan nan nan nan nan nan nan nan nan
nan nan nan nan nan nan nan nan nan nan nan nan nan nan nan nan nan nan nan nan nan nan nan nan nan nan nan nan nan nan nan nan nan nan 30.7 30.8 31.0 27.5 16.5 27.0 28.4 23.3 28.8 28.5 27.4 26.3 25.5 24.9 24.4 24.1 23.9 23.8 23.6 23.5 23.4 23.1 22.8 22.5 21.9 21.1 20.4 19.6 18.7 18.0 17.3 16.6 15.9 16.0 15.5 15.6 15.2 15.1 15.1 15.1 15.2 nan nan nan nan nan nan nan nan nan nan nan nan nan nan nan
nan nan nan nan nan nan nan nan nan nan nan nan nan nan nan nan nan nan nan nan nan nan nan nan nan nan nan nan nan nan nan nan nan nan 30.9 31.1 31.2 30.9 28.7 nan 30.1 28.9 30.2 29.0 27.9 26.8 25.9 25.3 24.8 24.4 24.1 23.9 23.7 23.6 23.5 23.3 23.0 22.7 22.1 21.3 20.5 19.6 -9999.0 -9999.0 -9999.0 -9999.0 -9999.0 -9999.0 -9999.0 10.6 15.2 15.0 15.1 15.0 15.1 nan nan nan nan nan nan nan nan nan nan nan nan nan nan -9999.0
nan nan nan nan nan nan nan nan nan nan nan nan nan nan nan nan nan nan nan nan nan nan nan nan nan nan nan nan nan nan nan nan nan nan 30.9 31.0 31.0 31.0 31.1 nan nan 31.6 30.6 29.4 28.3 27.2 26.3 25.6 25.0 24.6 24.3 24.1 23.9 23.7 23.6 23.4 23.2 22.8 22.2 21.5 20.6 -9999.0 -9999.0 -9999.0 -9999.0 -9999.0 -9999.0 -9999.0 -9999.0 nan 12.6 15.0 15.1 14.4 nan nan nan nan nan nan nan nan nan nan nan nan nan nan nan -9999.0
nan nan nan nan nan nan nan nan nan nan nan nan nan nan nan nan nan nan nan nan nan nan nan nan nan nan nan nan nan nan nan nan nan nan 30.8 30.8 30.9 31.1 31.2 nan 24.7 27.9 31.0 29.9 28.6 27.5 26.6 25.9 25.3 24.8 24.5 24.3 24.0 23.9 23.7 23.5 23.3 22.9 22.4 21.6 20.6 -9999.0 -9999.0 -9999.0 -9999.0 -9999.0 -9999.0 -9999.0 -9999.0 -9999.0 -9999.0 nan 10.3 10.3 nan nan nan nan nan nan nan nan nan nan nan nan nan nan nan -9999.0
nan nan nan nan nan nan nan nan nan nan nan nan nan nan nan nan nan nan nan nan nan nan nan nan nan nan nan nan nan nan nan nan nan nan 30.5 30.6 31.1 29.0 27.0 17.6 28.0 24.4 30.7 30.0 28.9 27.8 26.8 26.1 25.6 25.1 24.8 24.5 24.3 24.1 23.9 23.7 23.4 23.1 22.6 21.7 -9999.0 -9999.0 -9999.0 -9999.0 -9999.0 -9999.0 -9999.0 -9999.0 -9999.0 -9999.0 -9999.0 nan nan nan nan nan nan nan nan nan nan nan nan nan nan nan nan nan nan -9999.0
nan nan nan nan nan nan nan nan nan nan nan nan nan nan nan nan nan nan nan nan nan nan nan nan nan nan nan nan nan nan nan nan 25.7 26.7 29.0 31.0 31.6 32.1 31.1 28.8 nan 32.1 31.1 30.2 29.0 28.0 27.0 26.4 25.9 25.4 25.0 24.7 24.5 24.3 24.1 23.9 23.7 23.4 22.6 -9999.0 -9999.0 -9999.0 -9999.0 -9999.0 -9999.0 -9999.0 -9999.0 -9999.0 -9999.0 -9999.0 -9999.0 -9999.0 nan nan nan nan nan nan nan nan nan nan nan nan nan nan nan nan nan -9999.0
nan nan nan nan nan nan nan nan nan nan nan nan nan nan nan nan nan nan nan nan nan nan nan nan nan nan nan nan nan 15.9 nan nan 30.5 30.6 30.8 31.0 32.0 32.8 33.3 nan nan 31.8 31.2 30.3 29.2 28.1 27.3 26.6 26.1 25.7 25.3 25.0 24.8 24.6 24.4 24.2 24.0 23.5 22.8 -9999.0 -9999.0 -9999.0 -9999.0 -9999.0 -9999.0 -9999.0 -9999.0 -9999.0 -9999.0 -9999.0 -9999.0 -9999.0 -9999.0 -9999.0 nan nan nan nan nan nan nan nan nan nan nan nan nan nan nan -9999.0
nan nan nan nan nan nan nan nan nan nan nan nan nan nan nan nan nan nan nan nan nan nan nan nan nan nan nan nan nan 13.9 13.9 nan 30.9 31.2 28.7 28.1 29.8 32.7 33.0 31.3 nan 32.0 31.5 30.6 29.5 28.4 27.5 26.9 26.4 26.0 25.7 25.4 25.2 24.9 24.7 24.5 24.2 23.8 -9999.0 -9999.0 -9999.0 -9999.0 -9999.0 -9999.0 -9999.0 -9999.0 -9999.0 -9999.0 -9999.0 -9999.0 -9999.0 -9999.0 -9999.0 -9999.0 -9999.0 nan nan nan nan nan nan nan nan nan nan nan nan nan nan -9999.0
nan nan nan nan nan nan nan nan nan nan nan nan nan nan nan nan nan nan nan nan nan nan nan nan nan nan nan nan nan 14.7 30.8 30.9 31.3 31.6 32.0 nan 14.6 32.3 32.6 32.7 nan 30.3 31.9 31.0 29.8 28.7 27.8 27.2 26.7 26.3 26.0 25.8 25.5 25.3 25.1 24.8 24.5 24.0 -9999.0 -9999.0 -9999.0 -9999.0 -9999.0 -9999.0 -9999.0 -9999.0 -9999.0 -9999.0 -9999.0 -9999.0 -9999.0 -9999.0 -9999.0 -9999.0 -9999.0 -9999.0 nan nan nan nan nan nan nan nan nan nan nan nan nan -9999.0
nan nan nan nan nan nan nan nan nan nan nan nan nan nan nan nan nan nan nan nan nan nan nan nan nan nan nan nan nan nan 30.0 30.9 31.5 32.0 28.9 nan nan 30.7 31.5 31.1 nan 26.2 27.8 31.1 30.1 29.0 28.1 27.5 27.1 26.7 26.4 26.1 26.0 25.8 25.5 25.1 24.7 24.3 -9999.0 -9999.0 -9999.0 -9999.0 -9999.0 -9999.0 -9999.0 -9999.0 -9999.0 -9999.0 -9999.0 -9999.0 -9999.0 -9999.0 -9999.0 -9999.0 -9999.0 -9999.0 -9999.0 nan nan nan nan nan nan nan nan nan nan nan nan -9999.0
nan nan nan nan nan nan nan nan nan nan nan nan nan nan nan nan nan nan nan nan nan nan nan nan nan nan nan nan nan nan 28.2 30.9 31.6 32.1 28.5 nan 16.1 24.2 27.4 15.6 24.6 21.0 23.8 30.1 30.5 29.5 28.6 27.9 27.5 27.1 26.7 26.5 26.4 26.2 25.9 25.3 24.9 24.1 -9999.0 -9999.0 -9999.0 -9999.0 -9999.0 -9999.0 -9999.0 -9999.0 -9999.0 -9999.0 -9999.0 -9999.0 -9999.0 -9999.0 -9999.0 -9999.0 -9999.0 -9999.0 -9999.0 -9999.0 nan nan nan nan nan nan nan nan nan nan nan -9999.0
nan nan nan nan nan nan nan nan nan nan nan nan nan nan nan nan nan nan nan nan nan nan nan nan nan nan nan nan nan nan 28.8 30.5 31.5 32.0 29.1 16.1 nan 28.8 20.5 14.0 21.4 nan 32.0 31.9 30.9 29.9 29.1 28.4 27.8 27.3 27.1 27.0 26.9 26.6 26.2 25.6 24.4 19.0 -9999.0 -9999.0 -9999.0 -9999.0 -9999.0 -9999.0 -9999.0 -9999.0 -9999.0 -9999.0 -9999.0 -9999.0 -9999.0 -9999.0 -9999.0 -9999.0 -9999.0 -9999.0 -9999.0 -9999.0 -9999.0 -9999.0 nan nan nan nan nan nan nan nan nan -9999.0
nan nan nan nan nan nan nan nan nan nan nan nan nan nan nan nan nan nan nan nan nan nan nan nan nan nan nan nan nan nan nan 30.8 31.2 31.7 32.1 nan nan 21.5 20.7 16.5 nan nan 32.8 32.2 31.3 30.4 29.6 28.9 28.3 27.8 27.6 27.5 27.2 27.0 26.6 26.0 23.5 20.9 -9999.0 -9999.0 -9999.0 -9999.0 -9999.0 -9999.0 -9999.0 -9999.0 -9999.0 -9999.0 -9999.0 nan nan nan -9999.0 -9999.0 -9999.0 -9999.0 -9999.0 -9999.0 -9999.0 -9999.0 -9999.0 -9999.0 -9999.0 -9999.0 -9999.0 nan nan nan -9999.0 -9999.0
nan nan nan nan nan nan nan nan nan nan nan nan nan nan nan nan nan nan nan nan nan nan nan nan nan nan nan nan nan nan nan 28.8 30.8 31.5 32.3 nan 15.3 18.3 28.5 15.3 nan nan 33.0 32.6 31.8 30.9 30.1 29.5 28.8 28.4 28.1 27.9 27.6 27.4 27.1 26.6 25.5 22.0 -9999.0 -9999.0 -9999.0 -9999.0 -9999.0 -9999.0 -9999.0 -9999.0 -9999.0 -9999.0 -9999.0 nan nan nan nan nan -9999.0 -9999.0 -9999.0 -9999.0 -9999.0 -9999.0 -9999.0 -9999.0 -9999.0 -9999.0 -9999.0 -9999.0 -9999.0 -9999.0 -9999.0 -9999.0
nan nan nan nan nan nan nan nan nan nan nan nan nan nan nan nan nan nan nan nan nan nan nan nan nan nan nan nan nan nan nan 15.7 30.8 31.6 30.8 28.9 26.6 21.5 17.2 14.0 15.8 nan 32.6 33.0 32.3 31.5 30.7 30.0 29.5 29.0 28.6 28.3 28.1 27.8 27.4 26.8 25.9 20.9 -9999.0 -9999.0 -9999.0 -9999.0 -9999.0 -9999.0 -9999.0 -9999.0 -9999.0 -9999.0 -9999.0 -9999.0 -9999.0 -9999.0 -9999.0 -9999.0 -9999.0 -9999.0 -9999.0 -9999.0 -9999.0 -9999.0 -9999.0 -9999.0 -9999.0 -9999.0 -9999.0 -9999.0 -9999.0 -9999.0 -9999.0 -9999.0
nan nan nan nan nan nan nan nan nan nan nan nan nan nan nan nan nan nan nan nan nan nan nan nan nan nan nan nan nan nan nan 15.7 28.6 31.6 32.5 33.0 32.9 nan 20.1 23.1 13.2 nan 32.8 33.4 32.9 32.1 31.4 30.7 30.1 29.6 29.2 28.8 28.5 28.2 27.8 27.0 26.3 22.9 -9999.0 -9999.0 -9999.0 -9999.0 -9999.0 -9999.0 -9999.0 -9999.0 -9999.0 -9999.0 -9999.0 -9999.0 -9999.0 -9999.0 -9999.0 -9999.0 -9999.0 -9999.0 -9999.0 -9999.0 -9999.0 -9999.0 -9999.0 -9999.0 -9999.0 -9999.0 -9999.0 -9999.0 -9999.0 -9999.0 -9999.0 -9999.0
nan nan nan nan nan nan nan nan nan nan nan nan nan nan nan nan nan nan nan nan nan nan nan nan nan nan nan nan nan nan nan 15.8 26.9 29.7 32.4 32.7 32.7 nan nan 20.4 14.7 nan nan 33.6 33.5 32.7 32.0 31.3 30.7 30.3 29.8 29.3 29.0 28.7 28.3 27.6 27.0 22.7 -9999.0 -9999.0 -9999.0 -9999.0 -9999.0 -9999.0 -9999.0 -9999.0 -9999.0 -9999.0 -9999.0 -9999.0 -9999.0 -9999.0 -9999.0 -9999.0 -9999.0 -9999.0 -9999.0 -9999.0 -9999.0 -9999.0 -9999.0 -9999.0 -9999.0 -9999.0 -9999.0 -9999.0 -9999.0 -9999.0 -9999.0 -9999.0
nan nan nan nan nan nan nan nan nan nan nan nan nan nan nan nan nan nan nan nan nan nan nan nan nan nan nan nan nan nan nan nan 15.2 31.4 32.1 32.6 nan nan nan 20.5 14.6 13.9 nan nan 33.0 33.1 32.6 31.9 31.4 30.9 30.4 29.9 29.5 29.1 28.8 28.2 27.8 24.3 -9999.0 -9999.0 -9999.0 -9999.0 -9999.0 -9999.0 -9999.0 -9999.0 -9999.0 -9999.0 -9999.0 -9999.0 -9999.0 -9999.0 -9999.0 -9999.0 -9999.0 -9999.0 -9999.0 -9999.0 -9999.0 -9999.0 -9999.0 -9999.0 nan nan nan -9999.0 -9999.0 -9999.0 -9999.0 -9999.0
nan nan nan nan nan nan nan nan nan nan nan nan nan nan nan nan nan nan nan nan nan nan nan nan nan nan nan nan nan nan nan nan 30.0 31.1 32.0 32.6 nan nan nan nan 16.6 13.8 25.1 nan 31.3 33.3 33.2 32.5 32.0 31.4 31.0 30.5 30.0 29.6 29.3 28.9 28.6 26.6 -9999.0 -9999.0 -9999.0 -9999.0 -9999.0 -9999.0 -9999.0 -9999.0 -9999.0 -9999.0 -9999.0 -9999.0 -9999.0 -9999.0 -9999.0 -9999.0 -9999.0 -9999.0 -9999.0 -9999.0 -9999.0 -9999.0 nan nan nan nan nan nan nan nan -9999.0 -9999.0
nan nan nan nan nan nan nan nan nan nan nan nan nan nan nan nan nan nan nan nan nan nan nan nan nan nan nan nan nan nan nan nan nan 31.5 32.3 32.8 nan nan nan nan 22.0 15.5 19.0 19.6 nan 34.0 33.9 33.2 32.7 32.1 31.7 31.1 30.6 30.2 29.8 29.6 29.2 27.8 -9999.0 -9999.0 -9999.0 -9999.0 -9999.0 -9999.0 -9999.0 -9999.0 -9999.0 -9999.0 -9999.0 nan nan nan nan nan nan nan nan nan nan nan nan nan nan nan nan nan nan nan nan nan
nan nan nan nan nan nan nan nan nan nan nan nan nan nan nan nan nan nan nan nan nan nan nan nan nan nan nan nan nan nan nan nan nan 31.8 32.6 33.1 33.0 nan nan nan 30.8 17.8 17.4 29.3 nan nan 33.5 33.7 33.3 32.8 32.3 31.8 31.4 30.9 30.5 30.3 29.9 29.5 -9999.0 -9999.0 -9999.0 -9999.0 -9999.0 -9999.0 -9999.0 -9999.0 -9999.0 -9999.0 nan nan nan nan nan nan nan nan nan nan nan nan nan nan nan nan nan nan nan nan nan nan
