data/output/RUN203/ECOSPACE/ECOSPACE_in_PAR3/PAR-VarZ-VarK/PAR-VarZ-VarK_1983_07.asc
ncols        93
nrows        151 
xllcorner    -123.80739
yllcorner    48.29471 
cellsize     0.013497347 
NODATA_value  0.0
[rows 80 to 119 of 151, columns 0 to 89 of 93]
nan nan nan nan nan nan nan nan nan nan nan nan nan nan nan nan nan nan nan nan nan nan nan 24.0 23.7 23.9 25.6 24.9 23.6 22.5 21.5 20.8 20.2 19.7 19.2 18.7 18.2 17.6 17.0 16.4 16.0 15.6 15.2 15.0 14.8 14.7 14.6 14.6 14.7 14.7 14.7 14.8 14.6 14.5 nan nan nan nan nan nan nan nan nan nan nan nan 12.7 12.7 12.7 12.7 nan 12.5 12.5 12.5 12.5 12.6 12.5 12.4 12.4 12.6 12.9 13.0 12.8 nan nan nan nan nan nan nan
nan nan nan nan nan nan nan nan nan nan nan nan nan nan nan nan nan nan nan nan nan nan nan nan nan nan 26.3 25.8 24.7 23.5 22.5 21.6 20.9 20.3 19.8 19.2 18.6 17.9 17.2 16.6 16.0 15.6 15.2 14.9 14.7 14.6 14.5 14.5 14.6 14.7 14.7 14.8 14.7 14.6 14.3 nan nan nan nan nan nan nan nan nan nan nan 12.8 12.8 nan nan nan nan nan 12.6 12.6 12.7 nan 12.5 12.6 12.9 13.1 13.1 nan nan nan nan nan nan nan nan
nan nan nan nan nan nan nan nan nan nan nan nan nan nan nan nan nan nan nan nan nan nan nan nan nan nan nan 26.3 25.4 24.6 23.6 22.6 21.8 21.0 20.4 19.8 19.0 18.2 17.5 16.7 16.1 15.6 15.2 14.9 14.7 14.5 14.4 14.4 14.5 14.6 14.7 14.8 14.7 14.7 14.4 14.1 nan nan nan nan nan nan nan nan nan 12.9 12.9 nan nan nan nan nan nan 12.6 12.7 12.7 nan 12.6 12.8 13.1 13.2 nan nan nan nan nan nan nan nan nan
nan nan nan nan nan nan nan nan nan nan nan nan nan nan nan nan nan nan nan nan nan nan nan nan nan nan nan nan 24.0 25.1 24.7 23.7 22.8 22.0 21.2 20.3 19.5 18.6 17.7 16.9 16.3 15.7 15.3 14.9 14.7 14.5 14.4 14.4 14.5 14.6 14.6 14.7 14.8 14.7 14.5 14.2 13.9 nan nan nan nan nan nan nan nan 12.9 12.9 nan nan nan nan nan nan 12.6 12.7 12.8 13.1 13.4 13.2 13.1 nan nan nan nan nan nan nan nan nan nan
nan nan nan nan nan nan nan nan nan nan nan nan nan nan nan nan nan nan nan nan nan nan nan nan nan nan nan nan nan 14.0 25.7 25.0 24.0 23.0 22.0 21.0 20.0 18.9 18.0 17.1 16.5 15.9 15.4 15.0 14.7 14.5 14.4 14.4 14.4 14.5 14.6 14.7 14.8 14.7 14.6 14.3 14.0 13.8 nan nan nan nan nan nan 12.9 12.9 12.9 nan 12.9 12.9 12.9 nan nan 12.7 12.9 13.1 13.5 13.9 nan nan nan nan nan nan nan nan nan nan nan nan
nan nan nan nan nan nan nan nan nan nan nan nan nan nan nan nan nan nan nan nan nan nan nan nan nan nan nan nan nan nan 14.3 25.7 25.1 24.1 22.9 21.7 20.5 19.3 18.3 17.4 16.7 16.0 15.5 15.1 14.8 14.6 14.5 14.4 14.5 14.5 14.6 14.7 14.7 14.7 14.6 14.4 14.2 13.9 nan nan nan nan nan 13.0 13.0 13.0 12.9 13.0 12.9 12.9 12.9 9.4 nan 12.8 13.0 13.3 13.6 13.7 nan nan nan nan nan nan nan nan nan nan nan nan
nan nan nan nan nan nan nan nan nan nan nan nan nan nan nan nan nan nan nan nan nan nan nan nan nan nan nan nan nan nan nan 23.3 25.5 25.0 23.9 22.5 21.1 19.9 18.7 17.8 17.0 16.3 15.7 15.3 15.0 14.8 14.6 14.5 14.5 14.6 14.6 14.6 14.7 14.7 14.6 14.5 14.2 13.9 13.6 nan nan 13.2 13.2 13.2 13.1 13.0 13.0 13.0 12.9 12.9 12.9 nan nan 13.0 13.2 13.4 13.7 13.6 nan nan nan nan nan nan nan nan nan nan nan nan
nan nan nan nan nan nan nan nan nan nan nan nan nan nan nan nan nan nan nan nan nan nan nan nan nan nan nan nan nan nan nan nan 26.3 25.6 24.6 23.3 21.9 20.5 19.3 18.2 17.3 16.6 16.0 15.6 15.2 14.9 14.8 14.6 14.6 14.6 14.6 14.7 14.7 14.7 14.7 14.6 14.3 14.0 13.7 13.5 13.4 13.4 13.3 nan 13.1 13.1 13.1 13.1 13.1 13.0 13.0 13.0 13.1 13.2 13.3 13.5 13.6 nan nan nan nan nan nan nan nan nan nan nan nan nan
nan nan nan nan nan nan nan nan nan nan nan nan nan nan nan nan nan nan nan nan nan nan nan nan nan nan nan nan nan nan 25.4 25.9 26.3 25.9 25.0 23.9 22.6 21.3 19.9 18.8 17.8 17.0 16.3 15.8 15.4 15.1 14.9 14.8 14.7 14.7 14.7 14.7 14.7 14.7 14.7 14.6 14.4 14.1 13.9 13.8 13.6 13.5 13.4 13.4 13.3 13.3 13.3 13.3 13.2 13.2 13.1 13.0 13.1 13.3 13.4 13.6 13.6 nan nan nan nan nan nan nan nan nan nan nan nan nan
nan nan nan nan nan nan nan nan nan nan nan nan nan nan nan nan nan nan nan nan nan nan nan nan nan nan nan nan nan nan nan nan 26.0 25.8 25.1 24.3 23.3 22.1 20.6 19.4 18.3 17.4 16.7 16.1 15.7 15.4 15.1 14.9 14.9 14.8 14.8 14.8 14.7 14.7 14.7 14.6 14.4 14.2 14.1 13.9 13.8 13.6 13.6 13.6 13.5 13.4 13.4 nan nan nan 13.1 13.1 13.2 13.3 13.5 13.6 nan nan nan nan nan nan nan nan nan nan nan nan nan nan
nan nan nan nan nan nan nan nan nan nan nan nan nan nan nan nan nan nan nan nan nan nan nan nan nan nan nan nan nan nan 16.3 14.7 26.0 25.8 25.2 24.7 24.0 22.9 21.4 20.0 18.9 17.9 17.1 16.5 16.0 15.6 15.3 15.1 15.0 14.9 14.8 14.8 14.7 14.7 14.6 14.6 14.5 14.3 14.2 14.0 13.9 13.7 13.6 13.6 nan nan nan nan nan nan nan 13.3 13.4 13.5 13.6 13.6 nan nan nan nan nan nan nan nan nan nan nan nan nan nan
nan nan nan nan nan nan nan nan nan nan nan nan nan nan nan nan nan nan nan nan nan nan nan nan nan nan nan nan nan nan 15.0 25.6 26.0 26.0 25.4 15.3 24.6 23.6 21.9 20.6 19.4 18.4 17.5 16.8 16.3 15.9 15.6 15.3 15.1 15.0 14.9 14.9 14.8 14.7 14.6 14.6 14.5 14.3 14.2 14.1 13.9 13.8 13.7 nan nan nan nan nan nan 13.2 13.4 13.5 13.5 13.6 13.6 nan nan nan nan nan nan nan nan nan nan nan nan nan nan nan
nan nan nan nan nan nan nan nan nan nan nan nan nan nan nan nan nan nan nan nan nan nan nan nan nan nan nan nan nan nan 16.4 24.1 26.2 25.8 nan nan nan 23.3 22.3 21.1 20.0 18.9 18.0 17.2 16.6 16.1 15.8 15.5 15.3 15.1 15.1 15.0 14.9 14.8 14.7 14.6 14.5 14.4 14.2 14.1 13.9 13.8 13.7 nan nan nan nan nan 13.4 13.5 13.6 13.8 13.7 13.7 nan nan nan nan nan nan nan nan nan nan nan nan nan nan nan nan
nan nan nan nan nan nan nan nan nan nan nan nan nan nan nan nan nan nan nan nan nan nan nan nan nan nan nan nan nan nan 16.3 14.4 26.7 26.0 nan nan nan 21.5 22.6 21.7 20.6 19.5 18.4 17.5 16.8 16.3 16.0 15.7 15.5 15.3 15.2 15.1 15.0 14.9 14.8 14.7 14.6 14.4 14.3 14.1 13.9 13.8 13.7 13.6 13.5 nan 13.5 13.5 13.7 13.8 13.9 14.0 nan nan nan nan nan nan nan nan nan nan nan nan nan nan nan nan nan nan
nan nan nan nan nan nan nan nan nan nan nan nan nan nan nan nan nan nan nan nan nan nan nan nan nan nan nan nan nan nan nan nan 26.9 21.9 nan nan nan nan 22.5 22.4 21.5 20.1 18.9 17.9 17.1 16.6 16.2 15.9 15.7 15.5 15.4 15.3 15.1 15.1 14.9 14.8 14.7 14.5 14.3 14.2 14.0 13.9 13.8 13.7 13.7 13.7 13.7 13.8 13.9 14.0 14.1 nan nan nan nan nan nan nan nan nan nan nan nan nan nan nan nan nan nan nan
nan nan nan nan nan nan nan nan nan nan nan nan nan nan nan nan nan nan nan nan nan nan nan nan nan nan nan nan nan nan nan nan nan 19.9 11.8 nan nan nan 14.2 23.4 22.4 20.9 19.5 18.3 17.5 16.8 16.4 16.1 15.9 15.7 15.6 15.5 15.4 15.3 15.1 15.0 14.9 14.7 14.5 14.3 14.2 14.0 13.9 13.9 13.8 13.9 13.9 14.0 14.1 14.1 14.0 nan nan nan nan nan nan nan nan nan nan nan nan nan nan nan nan nan nan nan
nan nan nan nan nan nan nan nan nan nan nan nan nan nan nan nan nan nan nan nan nan nan nan nan nan nan nan nan nan nan nan nan nan nan 14.6 20.9 nan nan nan nan 22.8 21.5 19.8 18.6 17.8 17.1 16.7 16.4 16.1 16.0 15.8 15.7 15.6 15.5 15.4 15.2 15.1 14.9 14.7 14.5 14.4 14.2 14.1 14.0 14.0 14.0 14.0 14.1 14.2 14.2 14.1 13.9 nan nan nan nan nan nan nan nan nan nan nan nan nan nan nan nan nan nan
nan nan nan nan nan nan nan nan nan nan nan nan nan nan nan nan nan nan nan nan nan nan nan nan nan nan nan nan nan nan nan nan nan nan nan 15.8 15.8 nan nan nan nan 20.5 20.1 18.9 18.0 17.4 16.9 16.6 16.4 16.3 16.1 16.0 15.9 15.8 15.7 15.5 15.4 15.2 15.0 14.8 14.6 14.5 14.4 14.3 14.2 14.2 14.2 14.2 14.2 14.2 14.1 14.1 13.9 9.9 nan nan nan nan nan nan nan nan nan nan nan nan nan nan nan nan
nan nan nan nan nan nan nan nan nan nan nan nan nan nan nan nan nan nan nan nan nan nan nan nan nan nan nan nan nan nan nan nan nan nan 14.2 16.9 21.2 21.0 nan 15.7 nan 18.3 20.3 19.2 18.3 17.6 17.2 16.9 16.7 16.6 16.5 16.4 16.3 16.2 16.0 15.9 15.7 15.5 15.3 15.1 14.9 14.8 14.6 14.5 14.4 14.3 14.3 14.3 14.2 14.2 14.1 14.0 14.0 13.9 nan nan nan nan nan nan nan nan nan nan nan nan nan nan nan nan
nan nan nan nan nan nan nan nan nan nan nan nan nan nan nan nan nan nan nan nan nan nan nan nan nan nan nan nan nan nan nan nan nan nan 21.4 21.7 22.0 21.6 15.7 18.8 19.7 17.3 20.4 19.3 18.5 17.9 17.5 17.2 17.1 17.0 16.9 16.8 16.7 16.6 16.4 16.3 16.1 15.9 15.7 15.5 15.2 15.0 14.8 14.6 14.5 14.3 13.8 13.7 13.4 14.3 14.1 14.0 14.0 14.0 14.0 nan nan nan nan nan nan nan nan nan nan nan nan nan nan nan
nan nan nan nan nan nan nan nan nan nan nan nan nan nan nan nan nan nan nan nan nan nan nan nan nan nan nan nan nan nan nan nan nan nan 21.8 22.1 22.1 22.0 22.1 nan 20.5 20.1 20.3 19.5 18.7 18.1 17.7 17.5 17.4 17.3 17.3 17.2 17.1 17.0 16.9 16.8 16.6 16.4 16.1 15.8 15.5 15.2 -9999.0 -9999.0 -9999.0 -9999.0 -9999.0 -9999.0 -9999.0 10.9 14.2 14.0 14.0 13.9 13.9 nan nan nan nan nan nan nan nan nan nan nan nan nan nan -9999.0
nan nan nan nan nan nan nan nan nan nan nan nan nan nan nan nan nan nan nan nan nan nan nan nan nan nan nan nan nan nan nan nan nan nan 22.0 22.2 22.1 21.8 21.7 nan nan 21.3 20.5 19.6 18.8 18.2 17.9 17.8 17.7 17.7 17.7 17.7 17.6 17.5 17.5 17.3 17.1 16.8 16.5 16.2 15.8 -9999.0 -9999.0 -9999.0 -9999.0 -9999.0 -9999.0 -9999.0 -9999.0 nan 13.1 14.2 14.2 13.7 nan nan nan nan nan nan nan nan nan nan nan nan nan nan nan -9999.0
nan nan nan nan nan nan nan nan nan nan nan nan nan nan nan nan nan nan nan nan nan nan nan nan nan nan nan nan nan nan nan nan nan nan 21.9 21.9 21.8 21.7 22.0 nan 16.8 20.2 20.6 19.6 18.9 18.4 18.1 18.0 18.0 18.0 18.1 18.1 18.1 18.1 18.0 17.9 17.7 17.4 17.0 16.6 16.1 -9999.0 -9999.0 -9999.0 -9999.0 -9999.0 -9999.0 -9999.0 -9999.0 -9999.0 -9999.0 nan 10.6 10.6 nan nan nan nan nan nan nan nan nan nan nan nan nan nan nan -9999.0
nan nan nan nan nan nan nan nan nan nan nan nan nan nan nan nan nan nan nan nan nan nan nan nan nan nan nan nan nan nan nan nan nan nan 21.7 21.6 21.7 22.2 20.4 13.5 19.5 17.7 20.4 19.6 18.9 18.5 18.2 18.2 18.2 18.3 18.4 18.5 18.6 18.6 18.6 18.5 18.3 18.0 17.5 17.0 -9999.0 -9999.0 -9999.0 -9999.0 -9999.0 -9999.0 -9999.0 -9999.0 -9999.0 -9999.0 -9999.0 nan nan nan nan nan nan nan nan nan nan nan nan nan nan nan nan nan nan -9999.0
nan nan nan nan nan nan nan nan nan nan nan nan nan nan nan nan nan nan nan nan nan nan nan nan nan nan nan nan nan nan nan nan 21.0 21.2 21.6 21.8 22.2 22.9 23.2 23.0 nan 21.3 20.4 19.6 19.0 18.5 18.3 18.3 18.3 18.4 18.6 18.8 19.0 19.1 19.2 19.2 19.0 18.6 18.1 -9999.0 -9999.0 -9999.0 -9999.0 -9999.0 -9999.0 -9999.0 -9999.0 -9999.0 -9999.0 -9999.0 -9999.0 -9999.0 nan nan nan nan nan nan nan nan nan nan nan nan nan nan nan nan nan -9999.0
nan nan nan nan nan nan nan nan nan nan nan nan nan nan nan nan nan nan nan nan nan nan nan nan nan nan nan nan nan 16.0 nan nan 21.8 21.8 21.7 22.0 22.6 23.5 24.1 nan nan 21.2 20.5 19.8 19.1 18.6 18.4 18.3 18.4 18.5 18.6 18.9 19.2 19.5 19.7 19.7 19.6 19.2 18.8 -9999.0 -9999.0 -9999.0 -9999.0 -9999.0 -9999.0 -9999.0 -9999.0 -9999.0 -9999.0 -9999.0 -9999.0 -9999.0 -9999.0 -9999.0 nan nan nan nan nan nan nan nan nan nan nan nan nan nan nan -9999.0
nan nan nan nan nan nan nan nan nan nan nan nan nan nan nan nan nan nan nan nan nan nan nan nan nan nan nan nan nan 13.2 13.2 nan 22.2 22.3 21.1 19.3 22.2 23.3 23.6 22.8 nan 21.2 20.7 20.0 19.3 18.8 18.5 18.4 18.4 18.5 18.7 19.0 19.3 19.7 20.0 20.1 20.1 19.9 -9999.0 -9999.0 -9999.0 -9999.0 -9999.0 -9999.0 -9999.0 -9999.0 -9999.0 -9999.0 -9999.0 -9999.0 -9999.0 -9999.0 -9999.0 -9999.0 -9999.0 nan nan nan nan nan nan nan nan nan nan nan nan nan nan -9999.0
nan nan nan nan nan nan nan nan nan nan nan nan nan nan nan nan nan nan nan nan nan nan nan nan nan nan nan nan nan 13.9 22.2 22.3 22.6 22.7 22.9 nan 14.4 23.1 23.2 23.2 nan 21.0 21.0 20.3 19.6 19.0 18.7 18.5 18.5 18.5 18.7 19.1 19.5 19.9 20.3 20.5 20.6 20.4 -9999.0 -9999.0 -9999.0 -9999.0 -9999.0 -9999.0 -9999.0 -9999.0 -9999.0 -9999.0 -9999.0 -9999.0 -9999.0 -9999.0 -9999.0 -9999.0 -9999.0 -9999.0 nan nan nan nan nan nan nan nan nan nan nan nan nan -9999.0
nan nan nan nan nan nan nan nan nan nan nan nan nan nan nan nan nan nan nan nan nan nan nan nan nan nan nan nan nan nan 22.0 22.2 22.5 22.9 22.3 nan nan 22.9 23.2 22.6 nan 18.9 19.9 20.3 19.8 19.3 18.9 18.7 18.6 18.7 18.9 19.2 19.7 20.2 20.7 21.0 21.2 21.0 -9999.0 -9999.0 -9999.0 -9999.0 -9999.0 -9999.0 -9999.0 -9999.0 -9999.0 -9999.0 -9999.0 -9999.0 -9999.0 -9999.0 -9999.0 -9999.0 -9999.0 -9999.0 -9999.0 nan nan nan nan nan nan nan nan nan nan nan nan -9999.0
nan nan nan nan nan nan nan nan nan nan nan nan nan nan nan nan nan nan nan nan nan nan nan nan nan nan nan nan nan nan 20.0 22.2 22.5 22.9 20.4 nan 16.2 17.9 20.0 12.3 19.2 15.0 17.0 19.6 19.9 19.5 19.1 18.9 18.8 18.8 19.0 19.4 19.9 20.4 21.0 21.5 21.5 20.4 -9999.0 -9999.0 -9999.0 -9999.0 -9999.0 -9999.0 -9999.0 -9999.0 -9999.0 -9999.0 -9999.0 -9999.0 -9999.0 -9999.0 -9999.0 -9999.0 -9999.0 -9999.0 -9999.0 -9999.0 nan nan nan nan nan nan nan nan nan nan nan -9999.0
nan nan nan nan nan nan nan nan nan nan nan nan nan nan nan nan nan nan nan nan nan nan nan nan nan nan nan nan nan nan 20.2 21.9 22.5 22.8 22.5 16.1 nan 20.6 17.3 14.2 17.0 nan 21.3 21.0 20.4 19.8 19.4 19.2 19.0 19.1 19.3 19.6 20.1 20.7 21.3 21.7 20.9 16.4 -9999.0 -9999.0 -9999.0 -9999.0 -9999.0 -9999.0 -9999.0 -9999.0 -9999.0 -9999.0 -9999.0 -9999.0 -9999.0 -9999.0 -9999.0 -9999.0 -9999.0 -9999.0 -9999.0 -9999.0 -9999.0 -9999.0 nan nan nan nan nan nan nan nan nan -9999.0
nan nan nan nan nan nan nan nan nan nan nan nan nan nan nan nan nan nan nan nan nan nan nan nan nan nan nan nan nan nan nan 22.3 22.5 22.8 23.0 nan nan 17.0 17.0 16.9 nan nan 21.8 21.4 20.9 20.3 19.8 19.5 19.4 19.4 19.6 19.9 20.4 20.9 21.5 22.0 21.5 18.3 -9999.0 -9999.0 -9999.0 -9999.0 -9999.0 -9999.0 -9999.0 -9999.0 -9999.0 -9999.0 -9999.0 nan nan nan -9999.0 -9999.0 -9999.0 -9999.0 -9999.0 -9999.0 -9999.0 -9999.0 -9999.0 -9999.0 -9999.0 -9999.0 -9999.0 nan nan nan -9999.0 -9999.0
nan nan nan nan nan nan nan nan nan nan nan nan nan nan nan nan nan nan nan nan nan nan nan nan nan nan nan nan nan nan nan 21.9 22.4 22.8 23.1 nan 14.1 16.6 21.4 15.3 nan nan 22.1 22.0 21.4 20.8 20.3 19.9 19.7 19.7 19.9 20.2 20.6 21.2 21.7 22.2 22.5 19.3 -9999.0 -9999.0 -9999.0 -9999.0 -9999.0 -9999.0 -9999.0 -9999.0 -9999.0 -9999.0 -9999.0 nan nan nan nan nan -9999.0 -9999.0 -9999.0 -9999.0 -9999.0 -9999.0 -9999.0 -9999.0 -9999.0 -9999.0 -9999.0 -9999.0 -9999.0 -9999.0 -9999.0 -9999.0
nan nan nan nan nan nan nan nan nan nan nan nan nan nan nan nan nan nan nan nan nan nan nan nan nan nan nan nan nan nan nan 16.0 22.4 22.7 23.1 22.5 20.4 18.5 14.1 12.0 15.2 nan 22.4 22.4 22.0 21.4 20.9 20.4 20.1 20.1 20.2 20.5 20.9 21.4 21.9 22.5 23.1 18.3 -9999.0 -9999.0 -9999.0 -9999.0 -9999.0 -9999.0 -9999.0 -9999.0 -9999.0 -9999.0 -9999.0 -9999.0 -9999.0 -9999.0 -9999.0 -9999.0 -9999.0 -9999.0 -9999.0 -9999.0 -9999.0 -9999.0 -9999.0 -9999.0 -9999.0 -9999.0 -9999.0 -9999.0 -9999.0 -9999.0 -9999.0 -9999.0
nan nan nan nan nan nan nan nan nan nan nan nan nan nan nan nan nan nan nan nan nan nan nan nan nan nan nan nan nan nan nan 16.0 22.3 22.8 23.2 23.5 23.6 nan 14.9 17.7 11.8 nan 22.5 22.7 22.5 22.1 21.5 21.0 20.6 20.5 20.6 20.8 21.2 21.6 22.1 22.6 23.0 18.3 -9999.0 -9999.0 -9999.0 -9999.0 -9999.0 -9999.0 -9999.0 -9999.0 -9999.0 -9999.0 -9999.0 -9999.0 -9999.0 -9999.0 -9999.0 -9999.0 -9999.0 -9999.0 -9999.0 -9999.0 -9999.0 -9999.0 -9999.0 -9999.0 -9999.0 -9999.0 -9999.0 -9999.0 -9999.0 -9999.0 -9999.0 -9999.0
nan nan nan nan nan nan nan nan nan nan nan nan nan nan nan nan nan nan nan nan nan nan nan nan nan nan nan nan nan nan nan 16.0 20.9 22.7 23.4 23.8 23.8 nan nan 16.5 14.5 nan nan 23.0 23.0 22.5 22.0 21.5 21.1 21.0 21.0 21.1 21.5 21.9 22.4 22.9 23.2 18.0 -9999.0 -9999.0 -9999.0 -9999.0 -9999.0 -9999.0 -9999.0 -9999.0 -9999.0 -9999.0 -9999.0 -9999.0 -9999.0 -9999.0 -9999.0 -9999.0 -9999.0 -9999.0 -9999.0 -9999.0 -9999.0 -9999.0 -9999.0 -9999.0 -9999.0 -9999.0 -9999.0 -9999.0 -9999.0 -9999.0 -9999.0 -9999.0
nan nan nan nan nan nan nan nan nan nan nan nan nan nan nan nan nan nan nan nan nan nan nan nan nan nan nan nan nan nan nan nan 15.1 23.0 23.5 24.1 nan nan nan 18.1 13.7 16.3 nan nan 22.5 22.7 22.3 21.9 21.6 21.4 21.4 21.5 21.9 22.3 22.7 23.2 23.6 23.6 -9999.0 -9999.0 -9999.0 -9999.0 -9999.0 -9999.0 -9999.0 -9999.0 -9999.0 -9999.0 -9999.0 -9999.0 -9999.0 -9999.0 -9999.0 -9999.0 -9999.0 -9999.0 -9999.0 -9999.0 -9999.0 -9999.0 -9999.0 -9999.0 nan nan nan -9999.0 -9999.0 -9999.0 -9999.0 -9999.0
nan nan nan nan nan nan nan nan nan nan nan nan nan nan nan nan nan nan nan nan nan nan nan nan nan nan nan nan nan nan nan nan 22.3 23.1 23.6 24.1 nan nan nan nan 15.9 16.5 24.9 nan 22.4 23.0 22.8 22.4 22.1 21.9 21.8 22.0 22.2 22.6 23.0 23.5 23.9 24.3 -9999.0 -9999.0 -9999.0 -9999.0 -9999.0 -9999.0 -9999.0 -9999.0 -9999.0 -9999.0 -9999.0 -9999.0 -9999.0 -9999.0 -9999.0 -9999.0 -9999.0 -9999.0 -9999.0 -9999.0 -9999.0 -9999.0 nan nan nan nan nan nan nan nan -9999.0 -9999.0
nan nan nan nan nan nan nan nan nan nan nan nan nan nan nan nan nan nan nan nan nan nan nan nan nan nan nan nan nan nan nan nan nan 23.1 23.8 24.5 nan nan nan nan 19.6 18.8 24.0 18.0 nan 23.5 23.8 23.2 22.8 22.5 22.4 22.4 22.6 23.0 23.4 23.8 24.2 24.9 -9999.0 -9999.0 -9999.0 -9999.0 -9999.0 -9999.0 -9999.0 -9999.0 -9999.0 -9999.0 -9999.0 nan nan nan nan nan nan nan nan nan nan nan nan nan nan nan nan nan nan nan nan nan
nan nan nan nan nan nan nan nan nan nan nan nan nan nan nan nan nan nan nan nan nan nan nan nan nan nan nan nan nan nan nan nan nan 23.2 23.9 24.8 24.5 nan nan nan 23.3 19.8 21.4 25.3 nan nan 23.6 23.5 23.2 22.8 22.7 22.8 23.0 23.2 23.7 24.1 24.6 25.3 -9999.0 -9999.0 -9999.0 -9999.0 -9999.0 -9999.0 -9999.0 -9999.0 -9999.0 -9999.0 nan nan nan nan nan nan nan nan nan nan nan nan nan nan nan nan nan nan nan nan nan nan
