data/output/RUN203/ECOSPACE/ECOSPACE_in_PAR3/PAR-VarZ-VarK/PAR-VarZ-VarK_2014_08.asc
ncols        93
nrows        151 
xllcorner    -123.80739
yllcorner    48.29471 
cellsize     0.013497347 
NODATA_value  0.0
[rows 80 to 119 of 151, columns 0 to 89 of 93]
nan nan nan nan nan nan nan nan nan nan nan nan nan nan nan nan nan nan nan nan nan nan nan 28.8 28.5 29.2 31.3 31.5 31.3 31.0 30.7 30.3 29.7 29.2 28.8 28.3 27.9 27.4 26.9 26.4 25.9 25.5 25.0 24.5 24.0 23.5 23.0 22.5 21.9 21.2 20.5 19.8 19.1 18.6 nan nan nan nan nan nan nan nan nan nan nan nan 15.8 15.9 15.9 15.9 nan 15.7 15.6 15.6 15.5 15.5 15.4 15.2 15.1 15.2 15.5 15.6 15.6 nan nan nan nan nan nan nan
nan nan nan nan nan nan nan nan nan nan nan nan nan nan nan nan nan nan nan nan nan nan nan nan nan nan 31.1 31.3 31.3 31.1 30.9 30.5 30.0 29.5 29.0 28.7 28.2 27.8 27.3 26.8 26.3 25.9 25.4 25.0 24.5 24.0 23.5 23.0 22.5 21.8 21.1 20.4 19.6 18.9 18.2 nan nan nan nan nan nan nan nan nan nan nan 16.0 16.0 nan nan nan nan nan 15.6 15.7 15.7 nan 15.3 15.3 15.5 15.7 15.9 nan nan nan nan nan nan nan nan
nan nan nan nan nan nan nan nan nan nan nan nan nan nan nan nan nan nan nan nan nan nan nan nan nan nan nan 31.1 31.1 31.2 31.0 30.7 30.3 29.8 29.3 29.0 28.5 28.1 27.6 27.1 26.6 26.2 25.8 25.3 24.9 24.4 24.1 23.6 23.1 22.5 21.8 21.0 20.2 19.3 18.6 17.9 nan nan nan nan nan nan nan nan nan 16.0 16.2 nan nan nan nan nan nan 15.7 15.7 15.7 nan 15.5 15.6 15.8 15.9 nan nan nan nan nan nan nan nan nan
nan nan nan nan nan nan nan nan nan nan nan nan nan nan nan nan nan nan nan nan nan nan nan nan nan nan nan nan 29.1 30.9 31.2 31.0 30.6 30.1 29.6 29.3 28.8 28.4 27.9 27.4 26.9 26.4 26.0 25.5 25.1 24.8 24.5 24.1 23.6 23.1 22.4 21.6 20.8 19.9 19.0 18.3 17.8 nan nan nan nan nan nan nan nan 16.1 16.2 nan nan nan nan nan nan 15.7 15.7 15.7 15.9 16.1 16.0 16.0 nan nan nan nan nan nan nan nan nan nan
nan nan nan nan nan nan nan nan nan nan nan nan nan nan nan nan nan nan nan nan nan nan nan nan nan nan nan nan nan 15.2 31.3 31.2 30.9 30.4 30.0 29.6 29.1 28.6 28.1 27.6 27.1 26.6 26.2 25.7 25.4 25.1 24.8 24.5 24.1 23.6 23.0 22.3 21.5 20.6 19.7 18.8 18.1 17.7 nan nan nan nan nan nan 16.1 16.2 16.3 nan 16.3 16.2 16.2 nan nan 15.7 15.8 15.9 16.1 16.4 nan nan nan nan nan nan nan nan nan nan nan nan
nan nan nan nan nan nan nan nan nan nan nan nan nan nan nan nan nan nan nan nan nan nan nan nan nan nan nan nan nan nan 15.7 31.2 31.1 30.8 30.3 29.9 29.4 28.8 28.3 27.8 27.3 26.8 26.3 25.9 25.5 25.3 25.1 24.8 24.5 24.1 23.6 22.9 22.2 21.4 20.5 19.5 18.6 18.0 nan nan nan nan nan 16.3 16.3 16.4 16.4 16.4 16.3 16.2 16.2 10.8 nan 15.7 15.9 16.1 16.2 16.4 nan nan nan nan nan nan nan nan nan nan nan nan
nan nan nan nan nan nan nan nan nan nan nan nan nan nan nan nan nan nan nan nan nan nan nan nan nan nan nan nan nan nan nan 29.0 31.0 30.9 30.5 30.1 29.6 29.0 28.5 27.9 27.4 26.9 26.4 26.0 25.7 25.5 25.2 25.0 24.8 24.4 24.0 23.4 22.8 22.0 21.2 20.2 19.2 18.4 17.7 nan nan 16.6 16.6 16.6 16.5 16.5 16.5 16.5 16.4 16.3 16.2 nan nan 15.9 16.1 16.2 16.4 16.4 nan nan nan nan nan nan nan nan nan nan nan nan
nan nan nan nan nan nan nan nan nan nan nan nan nan nan nan nan nan nan nan nan nan nan nan nan nan nan nan nan nan nan nan nan 31.2 31.0 30.7 30.2 29.7 29.2 28.6 28.1 27.5 27.0 26.5 26.1 25.8 25.5 25.3 25.2 25.0 24.6 24.2 23.8 23.2 22.6 21.8 20.9 19.9 19.0 18.2 17.5 17.2 17.1 17.0 nan 16.7 16.8 16.8 16.8 16.7 16.5 16.4 16.2 16.2 16.2 16.3 16.4 16.5 nan nan nan nan nan nan nan nan nan nan nan nan nan
nan nan nan nan nan nan nan nan nan nan nan nan nan nan nan nan nan nan nan nan nan nan nan nan nan nan nan nan nan nan 30.3 30.7 31.1 30.9 30.6 30.3 29.9 29.4 28.8 28.2 27.6 27.1 26.6 26.2 25.9 25.6 25.4 25.3 25.1 24.9 24.5 24.1 23.6 23.1 22.4 21.6 20.7 19.7 18.8 18.2 17.8 17.5 17.3 17.2 17.1 17.1 17.1 17.1 17.1 17.0 16.7 16.5 16.4 16.4 16.5 16.6 16.5 nan nan nan nan nan nan nan nan nan nan nan nan nan
nan nan nan nan nan nan nan nan nan nan nan nan nan nan nan nan nan nan nan nan nan nan nan nan nan nan nan nan nan nan nan nan 30.7 30.6 30.4 30.3 30.0 29.7 29.1 28.4 27.7 27.2 26.7 26.3 26.0 25.8 25.6 25.4 25.3 25.0 24.8 24.4 24.0 23.5 22.9 22.2 21.3 20.4 19.5 18.8 18.2 17.9 17.7 17.6 17.4 17.3 17.3 nan nan nan 16.9 16.7 16.6 16.5 16.6 16.6 nan nan nan nan nan nan nan nan nan nan nan nan nan nan
nan nan nan nan nan nan nan nan nan nan nan nan nan nan nan nan nan nan nan nan nan nan nan nan nan nan nan nan nan nan 17.2 15.6 30.2 30.1 30.0 30.1 30.2 30.0 29.4 28.7 28.0 27.3 26.9 26.5 26.1 25.9 25.7 25.5 25.4 25.2 24.9 24.6 24.2 23.8 23.3 22.6 21.8 21.0 20.1 19.3 18.7 18.2 18.0 17.8 nan nan nan nan nan nan nan 16.8 16.7 16.6 16.6 16.5 nan nan nan nan nan nan nan nan nan nan nan nan nan nan
nan nan nan nan nan nan nan nan nan nan nan nan nan nan nan nan nan nan nan nan nan nan nan nan nan nan nan nan nan nan 16.3 29.1 29.8 29.8 29.6 17.1 30.0 30.0 29.3 28.7 28.1 27.5 27.0 26.6 26.2 26.0 25.7 25.5 25.4 25.2 25.0 24.7 24.3 23.9 23.4 22.9 22.3 21.5 20.7 19.9 19.2 18.6 18.2 nan nan nan nan nan nan 16.8 16.8 16.8 16.6 16.6 16.5 nan nan nan nan nan nan nan nan nan nan nan nan nan nan nan
nan nan nan nan nan nan nan nan nan nan nan nan nan nan nan nan nan nan nan nan nan nan nan nan nan nan nan nan nan nan 17.2 27.8 29.6 29.6 nan nan nan 29.2 29.2 28.6 28.1 27.6 27.1 26.7 26.3 26.0 25.7 25.5 25.3 25.1 24.9 24.6 24.2 23.8 23.4 23.0 22.5 21.9 21.1 20.3 19.6 19.0 18.5 nan nan nan nan nan 16.9 16.9 16.7 16.6 16.6 16.5 nan nan nan nan nan nan nan nan nan nan nan nan nan nan nan nan
nan nan nan nan nan nan nan nan nan nan nan nan nan nan nan nan nan nan nan nan nan nan nan nan nan nan nan nan nan nan 17.1 15.3 29.9 30.0 nan nan nan 27.1 29.0 28.6 28.2 27.7 27.2 26.7 26.3 26.0 25.7 25.4 25.2 25.0 24.8 24.5 24.1 23.8 23.4 23.0 22.7 22.1 21.5 20.8 20.0 19.4 18.9 18.0 17.6 nan 17.1 17.0 16.9 16.8 16.6 16.6 nan nan nan nan nan nan nan nan nan nan nan nan nan nan nan nan nan nan
nan nan nan nan nan nan nan nan nan nan nan nan nan nan nan nan nan nan nan nan nan nan nan nan nan nan nan nan nan nan nan nan 30.0 25.9 nan nan nan nan 28.7 28.6 28.4 27.9 27.2 26.7 26.3 26.0 25.6 25.4 25.2 25.0 24.7 24.4 24.0 23.6 23.3 23.0 22.7 22.3 21.8 21.1 20.5 19.8 19.1 18.5 18.0 17.6 17.3 17.1 16.9 16.7 16.5 nan nan nan nan nan nan nan nan nan nan nan nan nan nan nan nan nan nan nan
nan nan nan nan nan nan nan nan nan nan nan nan nan nan nan nan nan nan nan nan nan nan nan nan nan nan nan nan nan nan nan nan nan 23.9 13.4 nan nan nan 15.6 29.0 28.8 28.2 27.5 26.9 26.4 26.0 25.6 25.3 25.1 24.9 24.6 24.3 23.9 23.5 23.2 23.0 22.7 22.3 21.9 21.5 21.0 20.3 19.6 19.0 18.4 17.9 17.5 17.2 16.9 16.8 16.5 nan nan nan nan nan nan nan nan nan nan nan nan nan nan nan nan nan nan nan
nan nan nan nan nan nan nan nan nan nan nan nan nan nan nan nan nan nan nan nan nan nan nan nan nan nan nan nan nan nan nan nan nan nan 15.3 25.3 nan nan nan nan 28.9 28.6 27.7 27.0 26.5 26.0 25.6 25.3 25.1 24.8 24.5 24.2 23.9 23.5 23.2 23.0 22.7 22.4 22.1 21.8 21.3 20.8 20.1 19.4 18.8 18.2 17.7 17.3 17.0 16.8 16.6 16.4 nan nan nan nan nan nan nan nan nan nan nan nan nan nan nan nan nan nan
nan nan nan nan nan nan nan nan nan nan nan nan nan nan nan nan nan nan nan nan nan nan nan nan nan nan nan nan nan nan nan nan nan nan nan 19.3 17.2 nan nan nan nan 27.6 27.8 27.1 26.5 26.0 25.6 25.3 25.0 24.8 24.5 24.2 23.9 23.6 23.3 23.0 22.8 22.5 22.3 22.0 21.7 21.2 20.6 19.8 19.1 18.5 17.9 17.5 17.2 16.9 16.6 16.5 16.4 10.8 nan nan nan nan nan nan nan nan nan nan nan nan nan nan nan nan
nan nan nan nan nan nan nan nan nan nan nan nan nan nan nan nan nan nan nan nan nan nan nan nan nan nan nan nan nan nan nan nan nan nan 16.8 22.1 28.0 28.0 nan 17.2 nan 24.8 27.8 27.2 26.6 26.1 25.7 25.3 25.0 24.8 24.5 24.3 24.0 23.7 23.4 23.2 22.9 22.7 22.5 22.3 22.1 21.6 21.0 20.2 19.4 18.7 18.2 17.8 17.5 17.0 16.6 16.5 16.4 16.3 nan nan nan nan nan nan nan nan nan nan nan nan nan nan nan nan
nan nan nan nan nan nan nan nan nan nan nan nan nan nan nan nan nan nan nan nan nan nan nan nan nan nan nan nan nan nan nan nan nan nan 28.1 28.2 28.5 27.2 19.7 24.9 26.6 23.9 28.0 27.3 26.7 26.2 25.8 25.4 25.1 24.8 24.6 24.3 24.1 23.8 23.6 23.4 23.2 23.0 22.9 22.7 22.4 21.9 21.1 20.3 19.4 18.8 18.2 18.2 17.8 17.3 16.7 16.6 16.5 16.4 16.4 nan nan nan nan nan nan nan nan nan nan nan nan nan nan nan
nan nan nan nan nan nan nan nan nan nan nan nan nan nan nan nan nan nan nan nan nan nan nan nan nan nan nan nan nan nan nan nan nan nan 28.1 28.3 28.3 28.4 28.3 nan 27.2 27.2 28.0 27.5 26.9 26.4 25.9 25.5 25.1 24.9 24.7 24.5 24.2 24.0 23.9 23.7 23.6 23.4 23.3 23.1 22.7 22.1 -9999.0 -9999.0 -9999.0 -9999.0 -9999.0 -9999.0 -9999.0 11.8 16.8 16.6 16.6 16.4 16.4 nan nan nan nan nan nan nan nan nan nan nan nan nan nan -9999.0
nan nan nan nan nan nan nan nan nan nan nan nan nan nan nan nan nan nan nan nan nan nan nan nan nan nan nan nan nan nan nan nan nan nan 28.0 28.1 28.0 27.9 28.0 nan nan 28.4 28.1 27.6 27.0 26.5 26.0 25.6 25.3 25.0 24.8 24.6 24.4 24.3 24.1 24.1 24.0 23.9 23.8 23.5 23.0 -9999.0 -9999.0 -9999.0 -9999.0 -9999.0 -9999.0 -9999.0 -9999.0 nan 13.8 16.7 16.7 15.9 nan nan nan nan nan nan nan nan nan nan nan nan nan nan nan -9999.0
nan nan nan nan nan nan nan nan nan nan nan nan nan nan nan nan nan nan nan nan nan nan nan nan nan nan nan nan nan nan nan nan nan nan 27.7 27.6 27.6 27.7 28.1 nan 23.2 26.9 28.2 27.6 27.1 26.6 26.1 25.7 25.4 25.2 25.0 24.8 24.6 24.5 24.5 24.5 24.5 24.4 24.2 23.8 23.1 -9999.0 -9999.0 -9999.0 -9999.0 -9999.0 -9999.0 -9999.0 -9999.0 -9999.0 -9999.0 nan 11.4 11.3 nan nan nan nan nan nan nan nan nan nan nan nan nan nan nan -9999.0
nan nan nan nan nan nan nan nan nan nan nan nan nan nan nan nan nan nan nan nan nan nan nan nan nan nan nan nan nan nan nan nan nan nan 27.3 27.3 27.6 28.0 25.3 17.6 26.0 23.4 28.0 27.6 27.0 26.6 26.1 25.7 25.5 25.3 25.1 24.9 24.8 24.8 24.8 24.8 24.8 24.8 24.5 23.9 -9999.0 -9999.0 -9999.0 -9999.0 -9999.0 -9999.0 -9999.0 -9999.0 -9999.0 -9999.0 -9999.0 nan nan nan nan nan nan nan nan nan nan nan nan nan nan nan nan nan nan -9999.0
nan nan nan nan nan nan nan nan nan nan nan nan nan nan nan nan nan nan nan nan nan nan nan nan nan nan nan nan nan nan nan nan 26.3 26.9 27.1 27.4 27.9 28.7 29.3 28.3 nan 28.8 28.1 27.6 27.1 26.7 26.2 25.9 25.6 25.4 25.1 25.0 25.0 25.0 25.1 25.1 25.1 25.0 24.6 -9999.0 -9999.0 -9999.0 -9999.0 -9999.0 -9999.0 -9999.0 -9999.0 -9999.0 -9999.0 -9999.0 -9999.0 -9999.0 nan nan nan nan nan nan nan nan nan nan nan nan nan nan nan nan nan -9999.0
nan nan nan nan nan nan nan nan nan nan nan nan nan nan nan nan nan nan nan nan nan nan nan nan nan nan nan nan nan 17.0 nan nan 27.3 27.3 27.1 27.4 28.1 29.0 29.6 nan nan 28.4 28.2 27.8 27.3 26.9 26.5 26.1 25.8 25.5 25.3 25.2 25.2 25.3 25.4 25.4 25.4 25.2 24.7 -9999.0 -9999.0 -9999.0 -9999.0 -9999.0 -9999.0 -9999.0 -9999.0 -9999.0 -9999.0 -9999.0 -9999.0 -9999.0 -9999.0 -9999.0 nan nan nan nan nan nan nan nan nan nan nan nan nan nan nan -9999.0
nan nan nan nan nan nan nan nan nan nan nan nan nan nan nan nan nan nan nan nan nan nan nan nan nan nan nan nan nan 14.4 14.5 nan 27.5 27.5 25.5 24.1 27.5 28.6 29.0 28.6 nan 28.3 28.4 28.1 27.7 27.2 26.7 26.3 26.0 25.6 25.4 25.4 25.4 25.5 25.6 25.6 25.5 25.4 -9999.0 -9999.0 -9999.0 -9999.0 -9999.0 -9999.0 -9999.0 -9999.0 -9999.0 -9999.0 -9999.0 -9999.0 -9999.0 -9999.0 -9999.0 -9999.0 -9999.0 nan nan nan nan nan nan nan nan nan nan nan nan nan nan -9999.0
nan nan nan nan nan nan nan nan nan nan nan nan nan nan nan nan nan nan nan nan nan nan nan nan nan nan nan nan nan 15.2 27.1 27.3 27.6 27.7 27.8 nan 15.4 28.3 28.6 29.0 nan 28.3 28.8 28.6 28.1 27.5 27.0 26.6 26.1 25.8 25.6 25.5 25.6 25.7 25.8 25.9 25.9 25.7 -9999.0 -9999.0 -9999.0 -9999.0 -9999.0 -9999.0 -9999.0 -9999.0 -9999.0 -9999.0 -9999.0 -9999.0 -9999.0 -9999.0 -9999.0 -9999.0 -9999.0 -9999.0 nan nan nan nan nan nan nan nan nan nan nan nan nan -9999.0
nan nan nan nan nan nan nan nan nan nan nan nan nan nan nan nan nan nan nan nan nan nan nan nan nan nan nan nan nan nan 26.6 27.1 27.4 27.7 26.7 nan nan 28.1 28.5 29.1 nan 25.1 27.5 28.7 28.4 27.8 27.2 26.8 26.3 26.0 25.8 25.7 25.8 25.9 26.0 26.1 26.2 26.2 -9999.0 -9999.0 -9999.0 -9999.0 -9999.0 -9999.0 -9999.0 -9999.0 -9999.0 -9999.0 -9999.0 -9999.0 -9999.0 -9999.0 -9999.0 -9999.0 -9999.0 -9999.0 -9999.0 nan nan nan nan nan nan nan nan nan nan nan nan -9999.0
nan nan nan nan nan nan nan nan nan nan nan nan nan nan nan nan nan nan nan nan nan nan nan nan nan nan nan nan nan nan 24.4 27.0 27.3 27.6 24.1 nan 17.2 22.0 25.1 15.1 23.6 19.5 23.4 28.4 28.5 28.0 27.5 27.0 26.5 26.2 26.0 25.9 26.0 26.1 26.2 26.4 26.5 26.6 -9999.0 -9999.0 -9999.0 -9999.0 -9999.0 -9999.0 -9999.0 -9999.0 -9999.0 -9999.0 -9999.0 -9999.0 -9999.0 -9999.0 -9999.0 -9999.0 -9999.0 -9999.0 -9999.0 -9999.0 nan nan nan nan nan nan nan nan nan nan nan -9999.0
nan nan nan nan nan nan nan nan nan nan nan nan nan nan nan nan nan nan nan nan nan nan nan nan nan nan nan nan nan nan 24.5 26.4 27.2 27.5 26.9 17.1 nan 25.4 20.4 15.3 20.1 nan 29.0 29.1 28.7 28.2 27.7 27.2 26.7 26.4 26.1 26.1 26.1 26.2 26.5 26.6 26.6 24.1 -9999.0 -9999.0 -9999.0 -9999.0 -9999.0 -9999.0 -9999.0 -9999.0 -9999.0 -9999.0 -9999.0 -9999.0 -9999.0 -9999.0 -9999.0 -9999.0 -9999.0 -9999.0 -9999.0 -9999.0 -9999.0 -9999.0 nan nan nan nan nan nan nan nan nan -9999.0
nan nan nan nan nan nan nan nan nan nan nan nan nan nan nan nan nan nan nan nan nan nan nan nan nan nan nan nan nan nan nan 26.9 27.2 27.5 27.9 nan nan 20.2 20.0 18.7 nan nan 29.2 29.2 28.9 28.5 27.9 27.4 26.9 26.6 26.4 26.3 26.3 26.5 26.9 27.2 27.4 25.9 -9999.0 -9999.0 -9999.0 -9999.0 -9999.0 -9999.0 -9999.0 -9999.0 -9999.0 -9999.0 -9999.0 nan nan nan -9999.0 -9999.0 -9999.0 -9999.0 -9999.0 -9999.0 -9999.0 -9999.0 -9999.0 -9999.0 -9999.0 -9999.0 -9999.0 nan nan nan -9999.0 -9999.0
nan nan nan nan nan nan nan nan nan nan nan nan nan nan nan nan nan nan nan nan nan nan nan nan nan nan nan nan nan nan nan 26.4 27.1 27.5 28.1 nan 15.7 18.3 25.9 16.6 nan nan 29.2 29.4 29.1 28.7 28.2 27.6 27.1 26.8 26.6 26.5 26.5 26.8 27.3 27.9 28.2 26.5 -9999.0 -9999.0 -9999.0 -9999.0 -9999.0 -9999.0 -9999.0 -9999.0 -9999.0 -9999.0 -9999.0 nan nan nan nan nan -9999.0 -9999.0 -9999.0 -9999.0 -9999.0 -9999.0 -9999.0 -9999.0 -9999.0 -9999.0 -9999.0 -9999.0 -9999.0 -9999.0 -9999.0 -9999.0
nan nan nan nan nan nan nan nan nan nan nan nan nan nan nan nan nan nan nan nan nan nan nan nan nan nan nan nan nan nan nan 17.0 27.0 27.6 28.4 28.4 26.8 21.8 16.6 13.4 16.9 nan 29.3 29.4 29.3 28.9 28.5 27.9 27.4 27.0 26.8 26.7 26.8 27.1 27.7 28.3 29.1 27.5 -9999.0 -9999.0 -9999.0 -9999.0 -9999.0 -9999.0 -9999.0 -9999.0 -9999.0 -9999.0 -9999.0 -9999.0 -9999.0 -9999.0 -9999.0 -9999.0 -9999.0 -9999.0 -9999.0 -9999.0 -9999.0 -9999.0 -9999.0 -9999.0 -9999.0 -9999.0 -9999.0 -9999.0 -9999.0 -9999.0 -9999.0 -9999.0
nan nan nan nan nan nan nan nan nan nan nan nan nan nan nan nan nan nan nan nan nan nan nan nan nan nan nan nan nan nan nan 16.9 26.9 27.5 28.3 28.6 28.7 nan 18.1 21.2 13.6 nan 29.3 29.6 29.5 29.1 28.7 28.1 27.6 27.2 27.0 27.0 27.1 27.4 28.0 28.7 29.6 28.2 -9999.0 -9999.0 -9999.0 -9999.0 -9999.0 -9999.0 -9999.0 -9999.0 -9999.0 -9999.0 -9999.0 -9999.0 -9999.0 -9999.0 -9999.0 -9999.0 -9999.0 -9999.0 -9999.0 -9999.0 -9999.0 -9999.0 -9999.0 -9999.0 -9999.0 -9999.0 -9999.0 -9999.0 -9999.0 -9999.0 -9999.0 -9999.0
nan nan nan nan nan nan nan nan nan nan nan nan nan nan nan nan nan nan nan nan nan nan nan nan nan nan nan nan nan nan nan 16.9 24.5 27.4 28.1 28.6 28.6 nan nan 19.5 17.0 nan nan 29.8 29.7 29.3 28.9 28.4 27.9 27.5 27.2 27.2 27.4 27.7 28.2 29.0 29.9 27.4 -9999.0 -9999.0 -9999.0 -9999.0 -9999.0 -9999.0 -9999.0 -9999.0 -9999.0 -9999.0 -9999.0 -9999.0 -9999.0 -9999.0 -9999.0 -9999.0 -9999.0 -9999.0 -9999.0 -9999.0 -9999.0 -9999.0 -9999.0 -9999.0 -9999.0 -9999.0 -9999.0 -9999.0 -9999.0 -9999.0 -9999.0 -9999.0
nan nan nan nan nan nan nan nan nan nan nan nan nan nan nan nan nan nan nan nan nan nan nan nan nan nan nan nan nan nan nan nan 16.1 27.5 28.1 28.6 nan nan nan 21.0 15.7 20.2 nan nan 29.5 29.3 29.0 28.5 28.1 27.7 27.5 27.5 27.7 28.0 28.5 29.3 29.9 30.2 -9999.0 -9999.0 -9999.0 -9999.0 -9999.0 -9999.0 -9999.0 -9999.0 -9999.0 -9999.0 -9999.0 -9999.0 -9999.0 -9999.0 -9999.0 -9999.0 -9999.0 -9999.0 -9999.0 -9999.0 -9999.0 -9999.0 -9999.0 -9999.0 nan nan nan -9999.0 -9999.0 -9999.0 -9999.0 -9999.0
nan nan nan nan nan nan nan nan nan nan nan nan nan nan nan nan nan nan nan nan nan nan nan nan nan nan nan nan nan nan nan nan 26.7 27.4 27.9 28.5 nan nan nan nan 18.0 18.9 29.4 nan 29.3 29.7 29.5 29.0 28.5 28.1 27.9 27.9 28.0 28.4 28.9 29.7 30.4 31.1 -9999.0 -9999.0 -9999.0 -9999.0 -9999.0 -9999.0 -9999.0 -9999.0 -9999.0 -9999.0 -9999.0 -9999.0 -9999.0 -9999.0 -9999.0 -9999.0 -9999.0 -9999.0 -9999.0 -9999.0 -9999.0 -9999.0 nan nan nan nan nan nan nan nan -9999.0 -9999.0
nan nan nan nan nan nan nan nan nan nan nan nan nan nan nan nan nan nan nan nan nan nan nan nan nan nan nan nan nan nan nan nan nan 27.4 28.1 28.8 nan nan nan nan 22.7 21.9 27.5 19.7 nan 30.2 30.0 29.3 28.8 28.4 28.3 28.2 28.4 28.7 29.2 29.8 30.6 31.5 -9999.0 -9999.0 -9999.0 -9999.0 -9999.0 -9999.0 -9999.0 -9999.0 -9999.0 -9999.0 -9999.0 nan nan nan nan nan nan nan nan nan nan nan nan nan nan nan nan nan nan nan nan nan
nan nan nan nan nan nan nan nan nan nan nan nan nan nan nan nan nan nan nan nan nan nan nan nan nan nan nan nan nan nan nan nan nan 27.5 28.1 29.1 29.0 nan nan nan 28.1 21.5 24.9 29.1 nan nan 29.8 29.4 28.9 28.6 28.5 28.5 28.5 28.8 29.4 30.1 31.0 31.7 -9999.0 -9999.0 -9999.0 -9999.0 -9999.0 -9999.0 -9999.0 -9999.0 -9999.0 -9999.0 nan nan nan nan nan nan nan nan nan nan nan nan nan nan nan nan nan nan nan nan nan nan
