data/output/RUN203/ECOSPACE/ECOSPACE_in_PAR3/PAR-VarZ-VarK/PAR-VarZ-VarK_2005_09.asc
ncols        93
nrows        151 
xllcorner    -123.80739
yllcorner    48.29471 
cellsize     0.013497347 
NODATA_value  0.0
[rows 80 to 119 of 151, columns 0 to 89 of 93]
nan nan nan nan nan nan nan nan nan nan nan nan nan nan nan nan nan nan nan nan nan nan nan 27.4 26.3 27.0 28.6 28.4 28.0 27.8 27.4 27.2 26.9 26.5 26.2 25.9 25.6 25.3 25.0 24.7 24.1 23.6 23.1 22.6 22.0 21.5 21.0 20.5 19.9 19.3 18.7 18.0 17.4 16.9 nan nan nan nan nan nan nan nan nan nan nan nan 13.8 14.0 14.1 14.2 nan 13.8 13.8 13.8 13.8 13.8 13.8 13.5 13.4 13.6 14.0 14.2 14.0 nan nan nan nan nan nan nan
nan nan nan nan nan nan nan nan nan nan nan nan nan nan nan nan nan nan nan nan nan nan nan nan nan nan 28.6 28.4 27.9 27.6 27.3 27.0 26.6 26.3 26.0 25.7 25.5 25.1 24.8 24.4 23.9 23.3 22.9 22.4 22.0 21.6 21.2 20.8 20.3 19.7 19.1 18.4 17.7 17.1 16.5 nan nan nan nan nan nan nan nan nan nan nan 14.0 14.2 nan nan nan nan nan 13.9 13.9 14.0 nan 13.6 13.7 14.0 14.4 14.7 nan nan nan nan nan nan nan nan
nan nan nan nan nan nan nan nan nan nan nan nan nan nan nan nan nan nan nan nan nan nan nan nan nan nan nan 28.1 27.8 27.5 27.2 26.9 26.5 26.1 25.9 25.6 25.3 25.0 24.6 24.2 23.6 23.1 22.7 22.3 22.0 21.7 21.4 21.1 20.7 20.1 19.5 18.8 18.1 17.4 16.8 16.2 nan nan nan nan nan nan nan nan nan 14.0 14.3 nan nan nan nan nan nan 13.9 14.0 14.0 nan 13.8 14.2 14.5 14.7 nan nan nan nan nan nan nan nan nan
nan nan nan nan nan nan nan nan nan nan nan nan nan nan nan nan nan nan nan nan nan nan nan nan nan nan nan nan 26.3 27.3 27.3 26.9 26.4 26.1 25.8 25.5 25.3 24.9 24.5 24.0 23.4 22.9 22.6 22.2 22.0 21.8 21.7 21.5 21.1 20.6 20.0 19.3 18.5 17.8 17.1 16.5 16.1 nan nan nan nan nan nan nan nan 14.1 14.3 nan nan nan nan nan nan 13.9 14.0 14.1 14.5 14.8 14.7 14.7 nan nan nan nan nan nan nan nan nan nan
nan nan nan nan nan nan nan nan nan nan nan nan nan nan nan nan nan nan nan nan nan nan nan nan nan nan nan nan nan 11.6 27.3 26.9 26.4 26.0 25.7 25.4 25.1 24.7 24.3 23.8 23.3 22.9 22.5 22.2 22.1 22.0 21.9 21.8 21.6 21.2 20.6 19.9 19.1 18.4 17.7 17.0 16.5 16.1 nan nan nan nan nan nan 14.1 14.2 14.4 nan 14.5 14.5 14.5 nan nan 13.9 14.2 14.4 14.8 15.3 nan nan nan nan nan nan nan nan nan nan nan nan
nan nan nan nan nan nan nan nan nan nan nan nan nan nan nan nan nan nan nan nan nan nan nan nan nan nan nan nan nan nan 12.1 26.8 26.4 25.9 25.6 25.2 24.8 24.5 24.0 23.6 23.2 22.8 22.5 22.3 22.2 22.2 22.1 22.1 22.0 21.7 21.2 20.6 19.9 19.1 18.4 17.7 17.1 16.6 nan nan nan nan nan 14.2 14.3 14.5 14.6 14.6 14.6 14.5 14.5 8.4 nan 14.0 14.3 14.6 15.0 15.2 nan nan nan nan nan nan nan nan nan nan nan nan
nan nan nan nan nan nan nan nan nan nan nan nan nan nan nan nan nan nan nan nan nan nan nan nan nan nan nan nan nan nan nan 25.0 26.1 25.8 25.4 25.0 24.6 24.2 23.8 23.5 23.1 22.8 22.6 22.4 22.3 22.3 22.3 22.3 22.3 22.2 21.8 21.3 20.7 20.0 19.1 18.4 17.7 17.0 16.2 nan nan 14.6 14.8 14.8 14.7 14.8 14.9 14.9 14.8 14.7 14.6 nan nan 14.3 14.6 14.9 15.1 15.2 nan nan nan nan nan nan nan nan nan nan nan nan
nan nan nan nan nan nan nan nan nan nan nan nan nan nan nan nan nan nan nan nan nan nan nan nan nan nan nan nan nan nan nan nan 26.0 25.6 25.1 24.8 24.5 24.1 23.7 23.3 23.0 22.8 22.6 22.4 22.4 22.4 22.5 22.5 22.5 22.5 22.3 22.0 21.5 20.8 20.0 19.1 18.2 17.5 16.8 15.9 15.4 15.3 15.3 nan 15.0 15.2 15.3 15.4 15.3 15.2 15.0 14.7 14.7 14.8 14.9 15.1 15.2 nan nan nan nan nan nan nan nan nan nan nan nan nan
nan nan nan nan nan nan nan nan nan nan nan nan nan nan nan nan nan nan nan nan nan nan nan nan nan nan nan nan nan nan 25.7 25.8 25.7 25.4 25.0 24.7 24.5 24.1 23.7 23.3 23.0 22.8 22.6 22.5 22.4 22.5 22.5 22.6 22.6 22.6 22.6 22.5 22.1 21.5 20.8 20.0 19.0 18.1 17.3 16.7 16.2 15.9 15.8 15.8 15.7 15.8 16.0 16.0 15.9 15.9 15.4 15.1 15.0 15.0 15.1 15.3 15.3 nan nan nan nan nan nan nan nan nan nan nan nan nan
nan nan nan nan nan nan nan nan nan nan nan nan nan nan nan nan nan nan nan nan nan nan nan nan nan nan nan nan nan nan nan nan 25.4 25.2 24.8 24.7 24.5 24.2 23.7 23.3 23.0 22.8 22.7 22.6 22.5 22.5 22.6 22.7 22.8 22.8 22.9 22.8 22.6 22.2 21.6 20.8 20.0 19.0 18.2 17.5 17.0 16.6 16.4 16.4 16.2 16.2 16.3 nan nan nan 15.6 15.4 15.2 15.2 15.3 15.4 nan nan nan nan nan nan nan nan nan nan nan nan nan nan
nan nan nan nan nan nan nan nan nan nan nan nan nan nan nan nan nan nan nan nan nan nan nan nan nan nan nan nan nan nan 12.6 11.4 25.0 25.0 24.9 24.8 24.7 24.4 23.9 23.4 23.1 22.9 22.8 22.7 22.6 22.6 22.7 22.8 22.9 23.0 23.1 23.0 22.9 22.6 22.2 21.5 20.7 19.9 19.0 18.2 17.6 17.1 16.8 16.7 nan nan nan nan nan nan nan 15.6 15.4 15.3 15.4 15.3 nan nan nan nan nan nan nan nan nan nan nan nan nan nan
nan nan nan nan nan nan nan nan nan nan nan nan nan nan nan nan nan nan nan nan nan nan nan nan nan nan nan nan nan nan 12.3 24.5 24.9 25.1 25.0 13.2 24.9 24.8 24.1 23.7 23.3 23.1 23.0 22.9 22.8 22.8 22.8 22.9 23.0 23.1 23.2 23.2 23.1 22.9 22.6 22.1 21.4 20.6 19.7 18.9 18.2 17.6 17.2 nan nan nan nan nan nan 15.3 15.4 15.6 15.4 15.3 15.3 nan nan nan nan nan nan nan nan nan nan nan nan nan nan nan
nan nan nan nan nan nan nan nan nan nan nan nan nan nan nan nan nan nan nan nan nan nan nan nan nan nan nan nan nan nan 12.6 23.4 24.9 25.2 nan nan nan 24.3 24.3 23.9 23.6 23.4 23.2 23.1 23.0 23.0 23.0 23.0 23.1 23.2 23.3 23.3 23.3 23.1 22.9 22.5 21.9 21.2 20.3 19.5 18.7 18.1 17.6 nan nan nan nan nan 15.5 15.4 15.4 15.5 15.3 15.2 nan nan nan nan nan nan nan nan nan nan nan nan nan nan nan nan
nan nan nan nan nan nan nan nan nan nan nan nan nan nan nan nan nan nan nan nan nan nan nan nan nan nan nan nan nan nan 12.5 11.5 24.7 25.1 nan nan nan 22.8 24.0 23.9 23.7 23.5 23.3 23.3 23.2 23.2 23.2 23.2 23.3 23.4 23.4 23.4 23.4 23.3 23.1 22.8 22.3 21.7 20.8 20.0 19.1 18.4 17.8 16.8 16.3 nan 15.5 15.6 15.6 15.5 15.4 15.4 nan nan nan nan nan nan nan nan nan nan nan nan nan nan nan nan nan nan
nan nan nan nan nan nan nan nan nan nan nan nan nan nan nan nan nan nan nan nan nan nan nan nan nan nan nan nan nan nan nan nan 24.6 21.5 nan nan nan nan 23.6 23.7 23.8 23.6 23.5 23.5 23.4 23.4 23.4 23.4 23.4 23.5 23.5 23.5 23.5 23.5 23.3 23.1 22.7 22.1 21.3 20.5 19.6 18.8 18.1 17.4 16.9 16.4 16.0 15.8 15.6 15.5 15.3 nan nan nan nan nan nan nan nan nan nan nan nan nan nan nan nan nan nan nan
nan nan nan nan nan nan nan nan nan nan nan nan nan nan nan nan nan nan nan nan nan nan nan nan nan nan nan nan nan nan nan nan nan 21.2 11.1 nan nan nan 11.5 23.9 24.0 23.8 23.7 23.6 23.6 23.6 23.5 23.5 23.6 23.6 23.7 23.7 23.7 23.6 23.5 23.3 23.0 22.5 21.8 21.1 20.3 19.5 18.8 18.0 17.4 16.9 16.4 16.0 15.8 15.5 15.2 nan nan nan nan nan nan nan nan nan nan nan nan nan nan nan nan nan nan nan
nan nan nan nan nan nan nan nan nan nan nan nan nan nan nan nan nan nan nan nan nan nan nan nan nan nan nan nan nan nan nan nan nan nan 11.5 21.8 nan nan nan nan 24.0 24.4 24.2 24.0 23.9 23.8 23.7 23.7 23.7 23.8 23.7 23.7 23.7 23.7 23.6 23.5 23.2 22.8 22.2 21.6 21.0 20.2 19.4 18.6 17.9 17.2 16.7 16.2 15.9 15.5 15.3 15.1 nan nan nan nan nan nan nan nan nan nan nan nan nan nan nan nan nan nan
nan nan nan nan nan nan nan nan nan nan nan nan nan nan nan nan nan nan nan nan nan nan nan nan nan nan nan nan nan nan nan nan nan nan nan 16.9 12.8 nan nan nan nan 23.5 24.4 24.1 24.0 24.0 23.9 23.9 23.8 23.8 23.8 23.7 23.8 23.7 23.7 23.5 23.2 22.9 22.4 22.0 21.5 20.8 19.9 19.1 18.3 17.5 17.0 16.5 16.0 15.6 15.4 15.2 15.1 8.4 nan nan nan nan nan nan nan nan nan nan nan nan nan nan nan nan
nan nan nan nan nan nan nan nan nan nan nan nan nan nan nan nan nan nan nan nan nan nan nan nan nan nan nan nan nan nan nan nan nan nan 13.5 16.5 24.5 24.7 nan 12.8 nan 21.5 24.3 24.3 24.2 24.2 24.0 23.9 23.8 23.8 23.7 23.7 23.7 23.7 23.6 23.5 23.3 23.0 22.7 22.3 21.8 21.1 20.3 19.4 18.5 17.8 17.2 16.7 16.3 15.8 15.4 15.3 15.2 15.1 nan nan nan nan nan nan nan nan nan nan nan nan nan nan nan nan
nan nan nan nan nan nan nan nan nan nan nan nan nan nan nan nan nan nan nan nan nan nan nan nan nan nan nan nan nan nan nan nan nan nan 24.7 24.6 24.8 22.4 13.8 21.7 22.9 20.3 24.4 24.4 24.3 24.2 24.0 23.8 23.7 23.6 23.6 23.6 23.6 23.7 23.6 23.5 23.3 23.1 22.8 22.4 22.0 21.3 20.4 19.4 18.5 17.7 17.0 16.8 16.5 16.1 15.5 15.4 15.3 15.2 15.2 nan nan nan nan nan nan nan nan nan nan nan nan nan nan nan
nan nan nan nan nan nan nan nan nan nan nan nan nan nan nan nan nan nan nan nan nan nan nan nan nan nan nan nan nan nan nan nan nan nan 24.6 24.7 24.8 24.2 22.5 nan 23.5 22.9 24.5 24.4 24.2 24.1 24.0 23.8 23.6 23.6 23.5 23.5 23.5 23.6 23.6 23.5 23.4 23.1 23.0 22.6 22.1 21.3 -9999.0 -9999.0 -9999.0 -9999.0 -9999.0 -9999.0 -9999.0 9.1 15.6 15.4 15.4 15.2 15.2 nan nan nan nan nan nan nan nan nan nan nan nan nan nan -9999.0
nan nan nan nan nan nan nan nan nan nan nan nan nan nan nan nan nan nan nan nan nan nan nan nan nan nan nan nan nan nan nan nan nan nan 24.4 24.6 24.7 24.8 24.6 nan nan 24.1 24.5 24.4 24.2 24.1 23.9 23.7 23.6 23.5 23.4 23.4 23.4 23.5 23.5 23.6 23.5 23.2 23.1 22.7 22.1 -9999.0 -9999.0 -9999.0 -9999.0 -9999.0 -9999.0 -9999.0 -9999.0 nan 10.4 15.1 15.0 14.3 nan nan nan nan nan nan nan nan nan nan nan nan nan nan nan -9999.0
nan nan nan nan nan nan nan nan nan nan nan nan nan nan nan nan nan nan nan nan nan nan nan nan nan nan nan nan nan nan nan nan nan nan 24.2 24.3 24.4 24.6 24.6 nan 20.2 22.6 24.6 24.4 24.2 24.0 23.8 23.6 23.5 23.4 23.4 23.3 23.4 23.5 23.6 23.6 23.6 23.4 23.1 22.6 22.0 -9999.0 -9999.0 -9999.0 -9999.0 -9999.0 -9999.0 -9999.0 -9999.0 -9999.0 -9999.0 nan 8.7 8.7 nan nan nan nan nan nan nan nan nan nan nan nan nan nan nan -9999.0
nan nan nan nan nan nan nan nan nan nan nan nan nan nan nan nan nan nan nan nan nan nan nan nan nan nan nan nan nan nan nan nan nan nan 24.0 24.1 24.5 22.9 21.4 14.6 22.1 19.6 24.2 24.3 24.1 23.9 23.6 23.4 23.3 23.3 23.2 23.2 23.3 23.4 23.6 23.6 23.6 23.5 23.1 22.6 -9999.0 -9999.0 -9999.0 -9999.0 -9999.0 -9999.0 -9999.0 -9999.0 -9999.0 -9999.0 -9999.0 nan nan nan nan nan nan nan nan nan nan nan nan nan nan nan nan nan nan -9999.0
nan nan nan nan nan nan nan nan nan nan nan nan nan nan nan nan nan nan nan nan nan nan nan nan nan nan nan nan nan nan nan nan 20.9 22.0 23.3 24.4 24.8 25.1 24.5 22.5 nan 24.4 24.3 24.1 23.9 23.7 23.4 23.3 23.2 23.1 23.1 23.1 23.2 23.4 23.6 23.8 23.8 23.6 23.2 -9999.0 -9999.0 -9999.0 -9999.0 -9999.0 -9999.0 -9999.0 -9999.0 -9999.0 -9999.0 -9999.0 -9999.0 -9999.0 nan nan nan nan nan nan nan nan nan nan nan nan nan nan nan nan nan -9999.0
nan nan nan nan nan nan nan nan nan nan nan nan nan nan nan nan nan nan nan nan nan nan nan nan nan nan nan nan nan 12.8 nan nan 23.9 24.1 24.4 24.5 25.1 25.6 25.8 nan nan 23.9 24.1 24.0 23.9 23.6 23.3 23.2 23.1 23.0 23.0 23.0 23.1 23.4 23.6 23.9 23.9 23.7 23.2 -9999.0 -9999.0 -9999.0 -9999.0 -9999.0 -9999.0 -9999.0 -9999.0 -9999.0 -9999.0 -9999.0 -9999.0 -9999.0 -9999.0 -9999.0 nan nan nan nan nan nan nan nan nan nan nan nan nan nan nan -9999.0
nan nan nan nan nan nan nan nan nan nan nan nan nan nan nan nan nan nan nan nan nan nan nan nan nan nan nan nan nan 11.2 11.2 nan 24.2 24.5 22.9 22.2 24.0 25.6 25.7 24.6 nan 24.1 24.2 24.2 23.9 23.5 23.2 23.0 23.0 22.9 22.8 22.9 23.1 23.4 23.8 24.0 24.0 23.8 -9999.0 -9999.0 -9999.0 -9999.0 -9999.0 -9999.0 -9999.0 -9999.0 -9999.0 -9999.0 -9999.0 -9999.0 -9999.0 -9999.0 -9999.0 -9999.0 -9999.0 nan nan nan nan nan nan nan nan nan nan nan nan nan nan -9999.0
nan nan nan nan nan nan nan nan nan nan nan nan nan nan nan nan nan nan nan nan nan nan nan nan nan nan nan nan nan 11.8 23.9 24.1 24.5 25.0 25.6 nan 11.7 25.1 25.4 25.5 nan 23.2 24.7 24.4 24.1 23.6 23.2 23.0 22.9 22.8 22.8 22.9 23.2 23.5 23.9 24.2 24.2 24.1 -9999.0 -9999.0 -9999.0 -9999.0 -9999.0 -9999.0 -9999.0 -9999.0 -9999.0 -9999.0 -9999.0 -9999.0 -9999.0 -9999.0 -9999.0 -9999.0 -9999.0 -9999.0 nan nan nan nan nan nan nan nan nan nan nan nan nan -9999.0
nan nan nan nan nan nan nan nan nan nan nan nan nan nan nan nan nan nan nan nan nan nan nan nan nan nan nan nan nan nan 23.4 24.0 24.6 25.3 23.5 nan nan 24.3 24.6 24.9 nan 21.0 22.7 24.3 24.1 23.6 23.2 22.9 22.7 22.7 22.7 23.0 23.3 23.7 24.1 24.4 24.5 24.4 -9999.0 -9999.0 -9999.0 -9999.0 -9999.0 -9999.0 -9999.0 -9999.0 -9999.0 -9999.0 -9999.0 -9999.0 -9999.0 -9999.0 -9999.0 -9999.0 -9999.0 -9999.0 -9999.0 nan nan nan nan nan nan nan nan nan nan nan nan -9999.0
nan nan nan nan nan nan nan nan nan nan nan nan nan nan nan nan nan nan nan nan nan nan nan nan nan nan nan nan nan nan 22.1 24.1 24.8 25.3 23.2 nan 12.9 19.3 22.1 12.3 19.5 16.6 19.1 23.5 24.1 23.6 23.2 22.8 22.7 22.7 22.8 23.1 23.5 23.9 24.3 24.6 24.8 24.3 -9999.0 -9999.0 -9999.0 -9999.0 -9999.0 -9999.0 -9999.0 -9999.0 -9999.0 -9999.0 -9999.0 -9999.0 -9999.0 -9999.0 -9999.0 -9999.0 -9999.0 -9999.0 -9999.0 -9999.0 nan nan nan nan nan nan nan nan nan nan nan -9999.0
nan nan nan nan nan nan nan nan nan nan nan nan nan nan nan nan nan nan nan nan nan nan nan nan nan nan nan nan nan nan 22.3 23.8 24.8 25.3 23.6 12.9 nan 22.4 17.1 12.0 16.8 nan 24.5 24.6 24.2 23.6 23.1 22.8 22.7 22.7 22.9 23.2 23.6 24.0 24.5 24.8 24.6 19.9 -9999.0 -9999.0 -9999.0 -9999.0 -9999.0 -9999.0 -9999.0 -9999.0 -9999.0 -9999.0 -9999.0 -9999.0 -9999.0 -9999.0 -9999.0 -9999.0 -9999.0 -9999.0 -9999.0 -9999.0 -9999.0 -9999.0 nan nan nan nan nan nan nan nan nan -9999.0
nan nan nan nan nan nan nan nan nan nan nan nan nan nan nan nan nan nan nan nan nan nan nan nan nan nan nan nan nan nan nan 24.1 24.5 25.0 25.6 nan nan 17.0 15.9 13.9 nan nan 24.7 24.6 24.2 23.7 23.2 22.9 22.7 22.8 23.0 23.4 23.7 24.1 24.7 25.1 24.8 22.0 -9999.0 -9999.0 -9999.0 -9999.0 -9999.0 -9999.0 -9999.0 -9999.0 -9999.0 -9999.0 -9999.0 nan nan nan -9999.0 -9999.0 -9999.0 -9999.0 -9999.0 -9999.0 -9999.0 -9999.0 -9999.0 -9999.0 -9999.0 -9999.0 -9999.0 nan nan nan -9999.0 -9999.0
nan nan nan nan nan nan nan nan nan nan nan nan nan nan nan nan nan nan nan nan nan nan nan nan nan nan nan nan nan nan nan 22.9 24.3 25.0 25.8 nan 12.2 14.6 22.0 12.5 nan nan 24.5 24.5 24.1 23.7 23.3 23.0 22.9 22.9 23.2 23.5 23.8 24.3 24.9 25.5 25.5 21.9 -9999.0 -9999.0 -9999.0 -9999.0 -9999.0 -9999.0 -9999.0 -9999.0 -9999.0 -9999.0 -9999.0 nan nan nan nan nan -9999.0 -9999.0 -9999.0 -9999.0 -9999.0 -9999.0 -9999.0 -9999.0 -9999.0 -9999.0 -9999.0 -9999.0 -9999.0 -9999.0 -9999.0 -9999.0
nan nan nan nan nan nan nan nan nan nan nan nan nan nan nan nan nan nan nan nan nan nan nan nan nan nan nan nan nan nan nan 12.8 24.3 24.9 25.2 24.6 23.2 17.1 13.7 11.1 12.9 nan 24.4 24.4 24.1 23.7 23.3 23.1 23.0 23.1 23.4 23.7 24.1 24.6 25.3 25.9 26.0 22.9 -9999.0 -9999.0 -9999.0 -9999.0 -9999.0 -9999.0 -9999.0 -9999.0 -9999.0 -9999.0 -9999.0 -9999.0 -9999.0 -9999.0 -9999.0 -9999.0 -9999.0 -9999.0 -9999.0 -9999.0 -9999.0 -9999.0 -9999.0 -9999.0 -9999.0 -9999.0 -9999.0 -9999.0 -9999.0 -9999.0 -9999.0 -9999.0
nan nan nan nan nan nan nan nan nan nan nan nan nan nan nan nan nan nan nan nan nan nan nan nan nan nan nan nan nan nan nan 12.8 23.8 24.8 25.6 25.9 26.1 nan 15.8 18.0 10.5 nan 24.2 24.4 24.2 23.9 23.5 23.2 23.2 23.3 23.6 23.9 24.3 24.8 25.4 26.1 26.4 23.7 -9999.0 -9999.0 -9999.0 -9999.0 -9999.0 -9999.0 -9999.0 -9999.0 -9999.0 -9999.0 -9999.0 -9999.0 -9999.0 -9999.0 -9999.0 -9999.0 -9999.0 -9999.0 -9999.0 -9999.0 -9999.0 -9999.0 -9999.0 -9999.0 -9999.0 -9999.0 -9999.0 -9999.0 -9999.0 -9999.0 -9999.0 -9999.0
nan nan nan nan nan nan nan nan nan nan nan nan nan nan nan nan nan nan nan nan nan nan nan nan nan nan nan nan nan nan nan 12.8 22.0 23.6 25.4 25.9 26.0 nan nan 15.9 12.1 nan nan 24.5 24.4 24.0 23.6 23.4 23.4 23.5 23.7 24.1 24.5 25.0 25.6 26.4 27.0 22.6 -9999.0 -9999.0 -9999.0 -9999.0 -9999.0 -9999.0 -9999.0 -9999.0 -9999.0 -9999.0 -9999.0 -9999.0 -9999.0 -9999.0 -9999.0 -9999.0 -9999.0 -9999.0 -9999.0 -9999.0 -9999.0 -9999.0 -9999.0 -9999.0 -9999.0 -9999.0 -9999.0 -9999.0 -9999.0 -9999.0 -9999.0 -9999.0
nan nan nan nan nan nan nan nan nan nan nan nan nan nan nan nan nan nan nan nan nan nan nan nan nan nan nan nan nan nan nan nan 12.4 24.7 25.3 25.8 nan nan nan 16.4 11.7 12.6 nan nan 24.0 23.9 23.7 23.5 23.5 23.6 23.8 24.2 24.6 25.1 25.8 26.7 27.2 26.6 -9999.0 -9999.0 -9999.0 -9999.0 -9999.0 -9999.0 -9999.0 -9999.0 -9999.0 -9999.0 -9999.0 -9999.0 -9999.0 -9999.0 -9999.0 -9999.0 -9999.0 -9999.0 -9999.0 -9999.0 -9999.0 -9999.0 -9999.0 -9999.0 nan nan nan -9999.0 -9999.0 -9999.0 -9999.0 -9999.0
nan nan nan nan nan nan nan nan nan nan nan nan nan nan nan nan nan nan nan nan nan nan nan nan nan nan nan nan nan nan nan nan 24.2 24.5 25.1 25.8 nan nan nan nan 13.1 12.3 21.1 nan 23.3 24.0 23.9 23.7 23.7 23.8 24.0 24.4 24.8 25.3 26.0 26.8 27.2 25.3 -9999.0 -9999.0 -9999.0 -9999.0 -9999.0 -9999.0 -9999.0 -9999.0 -9999.0 -9999.0 -9999.0 -9999.0 -9999.0 -9999.0 -9999.0 -9999.0 -9999.0 -9999.0 -9999.0 -9999.0 -9999.0 -9999.0 nan nan nan nan nan nan nan nan -9999.0 -9999.0
nan nan nan nan nan nan nan nan nan nan nan nan nan nan nan nan nan nan nan nan nan nan nan nan nan nan nan nan nan nan nan nan nan 24.6 25.3 26.0 nan nan nan nan 17.4 13.9 17.5 15.3 nan 24.3 24.2 23.9 23.8 24.0 24.2 24.6 24.9 25.5 26.1 26.9 27.3 27.5 -9999.0 -9999.0 -9999.0 -9999.0 -9999.0 -9999.0 -9999.0 -9999.0 -9999.0 -9999.0 -9999.0 nan nan nan nan nan nan nan nan nan nan nan nan nan nan nan nan nan nan nan nan nan
nan nan nan nan nan nan nan nan nan nan nan nan nan nan nan nan nan nan nan nan nan nan nan nan nan nan nan nan nan nan nan nan nan 24.9 25.4 26.0 26.0 nan nan nan 23.8 14.4 16.7 22.7 nan nan 23.8 23.8 23.8 24.0 24.2 24.5 25.0 25.5 26.1 26.9 27.5 28.0 -9999.0 -9999.0 -9999.0 -9999.0 -9999.0 -9999.0 -9999.0 -9999.0 -9999.0 -9999.0 nan nan nan nan nan nan nan nan nan nan nan nan nan nan nan nan nan nan nan nan nan nan
