data/output/RUN203/ECOSPACE/ECOSPACE_in_PAR3/PAR-VarZ-VarK/PAR-VarZ-VarK_1981_09.asc
ncols        93
nrows        151 
xllcorner    -123.80739
yllcorner    48.29471 
cellsize     0.013497347 
NODATA_value  0.0
[rows 80 to 119 of 151, columns 0 to 89 of 93]
nan nan nan nan nan nan nan nan nan nan nan nan nan nan nan nan nan nan nan nan nan nan nan 25.4 24.9 25.4 26.7 26.6 26.1 25.6 25.2 24.5 23.9 23.2 22.4 21.7 21.0 20.3 19.7 19.2 18.8 18.4 18.0 17.7 17.4 17.1 16.8 16.5 16.2 15.8 15.2 14.8 14.2 13.8 nan nan nan nan nan nan nan nan nan nan nan nan 10.8 11.0 11.1 11.1 nan 10.8 10.8 10.8 10.8 10.9 10.8 10.6 10.6 10.7 10.9 11.0 10.9 nan nan nan nan nan nan nan
nan nan nan nan nan nan nan nan nan nan nan nan nan nan nan nan nan nan nan nan nan nan nan nan nan nan 27.2 26.9 26.5 26.0 25.4 24.9 24.3 23.6 22.9 22.1 21.3 20.6 19.9 19.4 18.9 18.5 18.2 17.9 17.5 17.2 16.9 16.7 16.5 16.1 15.6 15.1 14.6 14.0 13.6 nan nan nan nan nan nan nan nan nan nan nan 11.1 11.1 nan nan nan nan nan 10.9 11.0 11.0 nan 10.7 10.8 11.0 11.2 11.4 nan nan nan nan nan nan nan nan
nan nan nan nan nan nan nan nan nan nan nan nan nan nan nan nan nan nan nan nan nan nan nan nan nan nan nan 27.1 26.6 26.4 25.9 25.3 24.7 23.9 23.2 22.4 21.7 20.9 20.3 19.8 19.2 18.8 18.5 18.1 17.7 17.4 17.1 16.9 16.8 16.5 16.1 15.6 15.1 14.5 13.9 13.5 nan nan nan nan nan nan nan nan nan 11.1 11.4 nan nan nan nan nan nan 10.9 11.0 11.0 nan 10.9 11.1 11.3 11.5 nan nan nan nan nan nan nan nan nan
nan nan nan nan nan nan nan nan nan nan nan nan nan nan nan nan nan nan nan nan nan nan nan nan nan nan nan nan 25.5 26.4 26.4 25.7 25.1 24.3 23.5 22.7 22.0 21.3 20.8 20.3 19.7 19.3 18.9 18.5 18.1 17.8 17.5 17.4 17.3 17.1 16.8 16.4 15.8 15.3 14.6 14.0 13.5 nan nan nan nan nan nan nan nan 11.1 11.4 nan nan nan nan nan nan 11.0 11.1 11.2 11.4 11.6 11.6 11.5 nan nan nan nan nan nan nan nan nan nan
nan nan nan nan nan nan nan nan nan nan nan nan nan nan nan nan nan nan nan nan nan nan nan nan nan nan nan nan nan 10.3 26.8 26.2 25.5 24.7 23.9 23.1 22.3 21.6 21.2 20.7 20.3 19.9 19.5 19.0 18.6 18.3 18.1 18.0 17.9 17.8 17.6 17.3 16.8 16.2 15.5 14.8 14.0 13.6 nan nan nan nan nan nan 11.2 11.3 11.5 nan 11.6 11.6 11.6 nan nan 11.0 11.2 11.4 11.6 12.0 nan nan nan nan nan nan nan nan nan nan nan nan
nan nan nan nan nan nan nan nan nan nan nan nan nan nan nan nan nan nan nan nan nan nan nan nan nan nan nan nan nan nan 10.9 26.5 26.0 25.2 24.3 23.5 22.7 21.9 21.3 21.0 20.7 20.4 20.0 19.6 19.2 18.9 18.8 18.7 18.7 18.6 18.5 18.2 17.8 17.2 16.5 15.7 14.9 14.2 nan nan nan nan nan 11.3 11.4 11.6 11.7 11.7 11.7 11.7 11.6 7.2 nan 11.1 11.4 11.6 11.8 11.9 nan nan nan nan nan nan nan nan nan nan nan nan
nan nan nan nan nan nan nan nan nan nan nan nan nan nan nan nan nan nan nan nan nan nan nan nan nan nan nan nan nan nan nan 25.0 26.0 25.6 24.6 23.9 23.1 22.3 21.7 21.3 20.9 20.7 20.3 20.0 19.8 19.6 19.4 19.4 19.3 19.2 19.1 19.0 18.7 18.1 17.4 16.6 15.7 14.7 13.8 nan nan 11.8 12.1 12.0 11.9 12.1 12.1 12.1 12.0 11.9 11.8 nan nan 11.4 11.6 11.8 12.0 12.0 nan nan nan nan nan nan nan nan nan nan nan nan
nan nan nan nan nan nan nan nan nan nan nan nan nan nan nan nan nan nan nan nan nan nan nan nan nan nan nan nan nan nan nan nan 26.6 25.9 25.1 24.3 23.5 22.7 22.1 21.7 21.4 21.1 20.7 20.5 20.3 20.1 19.9 19.8 19.6 19.6 19.6 19.5 19.2 18.7 18.1 17.3 16.4 15.3 14.4 13.3 13.0 12.8 12.8 nan 12.4 12.7 12.8 12.8 12.7 12.6 12.2 11.9 11.8 11.8 11.8 12.0 12.0 nan nan nan nan nan nan nan nan nan nan nan nan nan
nan nan nan nan nan nan nan nan nan nan nan nan nan nan nan nan nan nan nan nan nan nan nan nan nan nan nan nan nan nan 26.5 26.5 26.5 26.0 25.4 24.7 24.0 23.1 22.4 21.9 21.6 21.3 21.0 20.7 20.6 20.4 20.2 20.0 19.9 19.8 19.7 19.6 19.5 19.1 18.6 18.0 17.2 16.2 15.3 14.6 14.1 13.8 13.6 13.5 13.4 13.5 13.7 13.7 13.5 13.4 12.9 12.4 12.2 12.1 12.1 12.1 12.1 nan nan nan nan nan nan nan nan nan nan nan nan nan
nan nan nan nan nan nan nan nan nan nan nan nan nan nan nan nan nan nan nan nan nan nan nan nan nan nan nan nan nan nan nan nan 26.5 26.1 25.6 25.1 24.5 23.7 22.9 22.3 21.9 21.5 21.2 21.0 20.8 20.6 20.4 20.1 20.0 19.8 19.8 19.7 19.5 19.3 18.9 18.5 18.0 17.4 16.7 15.9 15.3 14.8 14.5 14.3 14.1 14.1 14.2 nan nan nan 13.2 12.9 12.5 12.3 12.2 12.2 nan nan nan nan nan nan nan nan nan nan nan nan nan nan
nan nan nan nan nan nan nan nan nan nan nan nan nan nan nan nan nan nan nan nan nan nan nan nan nan nan nan nan nan nan 10.9 10.1 26.2 26.1 25.8 25.5 24.9 24.2 23.4 22.7 22.2 21.8 21.5 21.2 21.0 20.8 20.4 20.1 19.9 19.8 19.6 19.6 19.4 19.2 19.0 18.8 18.5 18.0 17.5 16.8 16.0 15.3 14.9 14.7 nan nan nan nan nan nan nan 13.0 12.6 12.4 12.2 12.1 nan nan nan nan nan nan nan nan nan nan nan nan nan nan
nan nan nan nan nan nan nan nan nan nan nan nan nan nan nan nan nan nan nan nan nan nan nan nan nan nan nan nan nan nan 11.3 25.6 26.1 26.1 25.9 12.4 25.3 24.9 24.1 23.3 22.7 22.1 21.8 21.5 21.2 20.9 20.5 20.2 19.9 19.7 19.5 19.4 19.3 19.0 18.9 18.7 18.5 18.3 17.9 17.2 16.5 15.7 15.0 nan nan nan nan nan nan 12.7 12.7 12.7 12.5 12.3 12.2 nan nan nan nan nan nan nan nan nan nan nan nan nan nan nan
nan nan nan nan nan nan nan nan nan nan nan nan nan nan nan nan nan nan nan nan nan nan nan nan nan nan nan nan nan nan 11.0 24.3 26.0 26.1 nan nan nan 24.6 24.5 23.8 23.2 22.5 22.0 21.7 21.4 21.0 20.6 20.2 19.9 19.6 19.4 19.2 19.0 19.0 18.8 18.7 18.6 18.4 18.0 17.4 16.7 15.9 15.1 nan nan nan nan nan 12.9 12.7 12.5 12.3 12.2 12.1 nan nan nan nan nan nan nan nan nan nan nan nan nan nan nan nan
nan nan nan nan nan nan nan nan nan nan nan nan nan nan nan nan nan nan nan nan nan nan nan nan nan nan nan nan nan nan 10.9 10.7 26.2 25.9 nan nan nan 23.2 24.2 24.2 23.6 22.9 22.2 21.9 21.5 21.1 20.6 20.2 19.8 19.4 19.2 19.1 18.9 18.8 18.7 18.6 18.6 18.4 18.1 17.5 16.8 16.0 15.1 14.0 13.6 nan 13.1 13.0 12.8 12.5 12.1 11.9 nan nan nan nan nan nan nan nan nan nan nan nan nan nan nan nan nan nan
nan nan nan nan nan nan nan nan nan nan nan nan nan nan nan nan nan nan nan nan nan nan nan nan nan nan nan nan nan nan nan nan 26.1 20.7 nan nan nan nan 23.9 24.3 24.1 23.4 22.6 22.1 21.5 21.1 20.7 20.2 19.7 19.4 19.1 18.9 18.8 18.7 18.5 18.6 18.5 18.3 18.0 17.6 17.0 16.3 15.4 14.6 14.2 13.7 13.4 13.1 12.7 12.2 11.9 nan nan nan nan nan nan nan nan nan nan nan nan nan nan nan nan nan nan nan
nan nan nan nan nan nan nan nan nan nan nan nan nan nan nan nan nan nan nan nan nan nan nan nan nan nan nan nan nan nan nan nan nan 22.0 11.3 nan nan nan 10.2 24.9 24.6 23.8 23.0 22.3 21.7 21.1 20.5 20.0 19.6 19.1 18.9 18.7 18.5 18.4 18.4 18.4 18.3 18.3 18.0 17.7 17.1 16.5 15.8 15.1 14.6 14.0 13.5 13.0 12.5 12.1 11.8 nan nan nan nan nan nan nan nan nan nan nan nan nan nan nan nan nan nan nan
nan nan nan nan nan nan nan nan nan nan nan nan nan nan nan nan nan nan nan nan nan nan nan nan nan nan nan nan nan nan nan nan nan nan 11.9 21.6 nan nan nan nan 24.8 24.2 23.3 22.5 21.7 21.0 20.4 19.9 19.3 18.9 18.6 18.5 18.4 18.3 18.3 18.3 18.2 18.1 18.0 17.6 17.1 16.5 15.8 15.2 14.6 14.0 13.4 12.9 12.5 12.1 11.9 11.6 nan nan nan nan nan nan nan nan nan nan nan nan nan nan nan nan nan nan
nan nan nan nan nan nan nan nan nan nan nan nan nan nan nan nan nan nan nan nan nan nan nan nan nan nan nan nan nan nan nan nan nan nan nan 16.1 10.9 nan nan nan nan 23.1 23.5 22.6 21.7 21.0 20.3 19.7 19.3 18.9 18.5 18.3 18.2 18.2 18.2 18.2 18.1 18.0 17.8 17.5 17.0 16.4 15.8 15.2 14.5 13.9 13.3 12.9 12.5 12.1 11.8 11.7 11.6 7.0 nan nan nan nan nan nan nan nan nan nan nan nan nan nan nan nan
nan nan nan nan nan nan nan nan nan nan nan nan nan nan nan nan nan nan nan nan nan nan nan nan nan nan nan nan nan nan nan nan nan nan 11.9 14.0 22.2 22.0 nan 10.9 nan 21.8 23.0 22.5 21.7 20.9 20.2 19.7 19.2 18.8 18.5 18.3 18.2 18.1 18.1 18.0 18.0 17.8 17.6 17.3 16.8 16.3 15.7 15.2 14.4 13.8 13.2 12.9 12.5 12.1 11.8 11.7 11.6 11.6 nan nan nan nan nan nan nan nan nan nan nan nan nan nan nan nan
nan nan nan nan nan nan nan nan nan nan nan nan nan nan nan nan nan nan nan nan nan nan nan nan nan nan nan nan nan nan nan nan nan nan 22.9 22.7 22.7 21.6 11.6 20.3 21.6 19.0 22.5 22.4 21.6 20.8 20.1 19.6 19.1 18.7 18.4 18.2 18.1 18.0 18.0 17.9 17.8 17.6 17.4 17.0 16.6 16.1 15.6 14.9 14.2 13.6 12.9 12.9 12.5 12.3 11.9 11.8 11.7 11.7 11.7 nan nan nan nan nan nan nan nan nan nan nan nan nan nan nan
nan nan nan nan nan nan nan nan nan nan nan nan nan nan nan nan nan nan nan nan nan nan nan nan nan nan nan nan nan nan nan nan nan nan 23.0 22.9 22.7 22.5 21.4 nan 22.9 22.1 23.1 22.4 21.5 20.7 20.0 19.5 19.0 18.6 18.3 18.1 18.0 17.9 17.8 17.7 17.6 17.4 17.2 16.8 16.4 15.9 -9999.0 -9999.0 -9999.0 -9999.0 -9999.0 -9999.0 -9999.0 7.6 12.0 11.9 11.8 11.7 11.7 nan nan nan nan nan nan nan nan nan nan nan nan nan nan -9999.0
nan nan nan nan nan nan nan nan nan nan nan nan nan nan nan nan nan nan nan nan nan nan nan nan nan nan nan nan nan nan nan nan nan nan 22.9 22.8 22.6 22.4 22.2 nan nan 23.6 23.0 22.3 21.4 20.6 20.0 19.4 19.0 18.6 18.3 18.1 17.9 17.8 17.7 17.6 17.5 17.3 17.0 16.6 16.2 -9999.0 -9999.0 -9999.0 -9999.0 -9999.0 -9999.0 -9999.0 -9999.0 nan 8.8 11.9 11.8 11.4 nan nan nan nan nan nan nan nan nan nan nan nan nan nan nan -9999.0
nan nan nan nan nan nan nan nan nan nan nan nan nan nan nan nan nan nan nan nan nan nan nan nan nan nan nan nan nan nan nan nan nan nan 22.7 22.5 22.4 22.2 21.6 nan 19.0 20.8 22.7 22.0 21.2 20.5 19.9 19.4 18.9 18.6 18.3 18.0 17.9 17.8 17.6 17.5 17.3 17.1 16.8 16.4 16.0 -9999.0 -9999.0 -9999.0 -9999.0 -9999.0 -9999.0 -9999.0 -9999.0 -9999.0 -9999.0 nan 7.3 7.3 nan nan nan nan nan nan nan nan nan nan nan nan nan nan nan -9999.0
nan nan nan nan nan nan nan nan nan nan nan nan nan nan nan nan nan nan nan nan nan nan nan nan nan nan nan nan nan nan nan nan nan nan 22.3 22.2 22.2 20.0 19.5 12.8 20.7 18.4 22.3 21.8 21.1 20.4 19.8 19.3 18.9 18.5 18.2 18.0 17.8 17.7 17.6 17.5 17.2 17.0 16.6 16.3 -9999.0 -9999.0 -9999.0 -9999.0 -9999.0 -9999.0 -9999.0 -9999.0 -9999.0 -9999.0 -9999.0 nan nan nan nan nan nan nan nan nan nan nan nan nan nan nan nan nan nan -9999.0
nan nan nan nan nan nan nan nan nan nan nan nan nan nan nan nan nan nan nan nan nan nan nan nan nan nan nan nan nan nan nan nan 18.8 20.5 21.3 22.1 22.2 22.3 21.7 19.5 nan 23.0 22.3 21.7 21.0 20.4 19.8 19.2 18.8 18.4 18.0 17.8 17.7 17.6 17.5 17.4 17.3 17.0 16.7 -9999.0 -9999.0 -9999.0 -9999.0 -9999.0 -9999.0 -9999.0 -9999.0 -9999.0 -9999.0 -9999.0 -9999.0 -9999.0 nan nan nan nan nan nan nan nan nan nan nan nan nan nan nan nan nan -9999.0
nan nan nan nan nan nan nan nan nan nan nan nan nan nan nan nan nan nan nan nan nan nan nan nan nan nan nan nan nan 10.8 nan nan 22.4 22.2 22.2 21.9 22.5 22.5 22.5 nan nan 22.5 22.3 21.8 21.1 20.4 19.8 19.2 18.8 18.3 18.0 17.7 17.6 17.5 17.5 17.5 17.3 17.1 16.8 -9999.0 -9999.0 -9999.0 -9999.0 -9999.0 -9999.0 -9999.0 -9999.0 -9999.0 -9999.0 -9999.0 -9999.0 -9999.0 -9999.0 -9999.0 nan nan nan nan nan nan nan nan nan nan nan nan nan nan nan -9999.0
nan nan nan nan nan nan nan nan nan nan nan nan nan nan nan nan nan nan nan nan nan nan nan nan nan nan nan nan nan 9.6 9.6 nan 22.4 22.4 19.9 19.8 20.7 22.5 22.5 21.8 nan 22.7 22.6 22.0 21.2 20.4 19.7 19.2 18.8 18.3 18.0 17.7 17.6 17.5 17.6 17.5 17.5 17.2 -9999.0 -9999.0 -9999.0 -9999.0 -9999.0 -9999.0 -9999.0 -9999.0 -9999.0 -9999.0 -9999.0 -9999.0 -9999.0 -9999.0 -9999.0 -9999.0 -9999.0 nan nan nan nan nan nan nan nan nan nan nan nan nan nan -9999.0
nan nan nan nan nan nan nan nan nan nan nan nan nan nan nan nan nan nan nan nan nan nan nan nan nan nan nan nan nan 10.1 22.2 22.3 22.4 22.5 22.5 nan 9.9 22.0 22.3 22.2 nan 22.1 22.9 22.2 21.2 20.5 19.8 19.2 18.7 18.3 18.0 17.7 17.6 17.7 17.7 17.7 17.7 17.6 -9999.0 -9999.0 -9999.0 -9999.0 -9999.0 -9999.0 -9999.0 -9999.0 -9999.0 -9999.0 -9999.0 -9999.0 -9999.0 -9999.0 -9999.0 -9999.0 -9999.0 -9999.0 nan nan nan nan nan nan nan nan nan nan nan nan nan -9999.0
nan nan nan nan nan nan nan nan nan nan nan nan nan nan nan nan nan nan nan nan nan nan nan nan nan nan nan nan nan nan 21.5 22.2 22.4 22.6 20.4 nan nan 20.9 21.6 22.0 nan 19.0 20.6 22.1 21.3 20.5 19.8 19.2 18.7 18.3 18.0 17.8 17.7 17.8 17.9 18.0 18.0 18.0 -9999.0 -9999.0 -9999.0 -9999.0 -9999.0 -9999.0 -9999.0 -9999.0 -9999.0 -9999.0 -9999.0 -9999.0 -9999.0 -9999.0 -9999.0 -9999.0 -9999.0 -9999.0 -9999.0 nan nan nan nan nan nan nan nan nan nan nan nan -9999.0
nan nan nan nan nan nan nan nan nan nan nan nan nan nan nan nan nan nan nan nan nan nan nan nan nan nan nan nan nan nan 20.2 22.4 22.5 22.7 19.9 nan 10.9 16.3 18.9 11.1 17.2 14.7 17.3 21.6 21.3 20.5 19.8 19.2 18.8 18.4 18.1 17.9 17.9 18.0 18.2 18.3 18.4 18.3 -9999.0 -9999.0 -9999.0 -9999.0 -9999.0 -9999.0 -9999.0 -9999.0 -9999.0 -9999.0 -9999.0 -9999.0 -9999.0 -9999.0 -9999.0 -9999.0 -9999.0 -9999.0 -9999.0 -9999.0 nan nan nan nan nan nan nan nan nan nan nan -9999.0
nan nan nan nan nan nan nan nan nan nan nan nan nan nan nan nan nan nan nan nan nan nan nan nan nan nan nan nan nan nan 20.6 22.0 22.5 22.6 20.5 10.9 nan 19.6 14.9 10.6 14.6 nan 22.4 22.1 21.4 20.5 19.8 19.3 18.9 18.5 18.2 18.1 18.1 18.2 18.5 18.7 18.6 16.0 -9999.0 -9999.0 -9999.0 -9999.0 -9999.0 -9999.0 -9999.0 -9999.0 -9999.0 -9999.0 -9999.0 -9999.0 -9999.0 -9999.0 -9999.0 -9999.0 -9999.0 -9999.0 -9999.0 -9999.0 -9999.0 -9999.0 nan nan nan nan nan nan nan nan nan -9999.0
nan nan nan nan nan nan nan nan nan nan nan nan nan nan nan nan nan nan nan nan nan nan nan nan nan nan nan nan nan nan nan 22.0 22.3 22.4 22.2 nan nan 14.9 14.4 11.4 nan nan 22.4 22.0 21.4 20.7 20.0 19.5 19.1 18.8 18.5 18.4 18.4 18.6 18.9 19.3 19.3 17.2 -9999.0 -9999.0 -9999.0 -9999.0 -9999.0 -9999.0 -9999.0 -9999.0 -9999.0 -9999.0 -9999.0 nan nan nan -9999.0 -9999.0 -9999.0 -9999.0 -9999.0 -9999.0 -9999.0 -9999.0 -9999.0 -9999.0 -9999.0 -9999.0 -9999.0 nan nan nan -9999.0 -9999.0
nan nan nan nan nan nan nan nan nan nan nan nan nan nan nan nan nan nan nan nan nan nan nan nan nan nan nan nan nan nan nan 20.4 21.9 22.3 22.7 nan 10.4 12.5 19.2 11.0 nan nan 22.3 22.0 21.5 20.9 20.2 19.8 19.4 19.0 18.8 18.7 18.8 19.0 19.4 19.9 19.4 17.4 -9999.0 -9999.0 -9999.0 -9999.0 -9999.0 -9999.0 -9999.0 -9999.0 -9999.0 -9999.0 -9999.0 nan nan nan nan nan -9999.0 -9999.0 -9999.0 -9999.0 -9999.0 -9999.0 -9999.0 -9999.0 -9999.0 -9999.0 -9999.0 -9999.0 -9999.0 -9999.0 -9999.0 -9999.0
nan nan nan nan nan nan nan nan nan nan nan nan nan nan nan nan nan nan nan nan nan nan nan nan nan nan nan nan nan nan nan 10.8 22.1 22.3 21.7 21.1 19.7 15.6 11.9 9.5 10.9 nan 22.2 22.1 21.6 21.1 20.5 20.0 19.7 19.4 19.2 19.1 19.1 19.4 19.9 20.2 20.1 18.0 -9999.0 -9999.0 -9999.0 -9999.0 -9999.0 -9999.0 -9999.0 -9999.0 -9999.0 -9999.0 -9999.0 -9999.0 -9999.0 -9999.0 -9999.0 -9999.0 -9999.0 -9999.0 -9999.0 -9999.0 -9999.0 -9999.0 -9999.0 -9999.0 -9999.0 -9999.0 -9999.0 -9999.0 -9999.0 -9999.0 -9999.0 -9999.0
nan nan nan nan nan nan nan nan nan nan nan nan nan nan nan nan nan nan nan nan nan nan nan nan nan nan nan nan nan nan nan 10.8 20.2 22.4 22.7 22.7 22.7 nan 13.7 15.6 9.1 nan 22.1 22.2 21.9 21.4 20.9 20.4 20.0 19.7 19.5 19.5 19.6 19.9 20.3 20.7 20.8 18.7 -9999.0 -9999.0 -9999.0 -9999.0 -9999.0 -9999.0 -9999.0 -9999.0 -9999.0 -9999.0 -9999.0 -9999.0 -9999.0 -9999.0 -9999.0 -9999.0 -9999.0 -9999.0 -9999.0 -9999.0 -9999.0 -9999.0 -9999.0 -9999.0 -9999.0 -9999.0 -9999.0 -9999.0 -9999.0 -9999.0 -9999.0 -9999.0
nan nan nan nan nan nan nan nan nan nan nan nan nan nan nan nan nan nan nan nan nan nan nan nan nan nan nan nan nan nan nan 10.8 19.3 21.0 22.6 22.8 22.8 nan nan 13.8 10.3 nan nan 22.2 21.9 21.6 21.2 20.7 20.3 20.1 19.9 19.8 20.0 20.2 20.6 21.1 21.4 17.2 -9999.0 -9999.0 -9999.0 -9999.0 -9999.0 -9999.0 -9999.0 -9999.0 -9999.0 -9999.0 -9999.0 -9999.0 -9999.0 -9999.0 -9999.0 -9999.0 -9999.0 -9999.0 -9999.0 -9999.0 -9999.0 -9999.0 -9999.0 -9999.0 -9999.0 -9999.0 -9999.0 -9999.0 -9999.0 -9999.0 -9999.0 -9999.0
nan nan nan nan nan nan nan nan nan nan nan nan nan nan nan nan nan nan nan nan nan nan nan nan nan nan nan nan nan nan nan nan 10.5 22.3 22.5 22.8 nan nan nan 14.1 10.2 10.2 nan nan 21.7 21.6 21.4 21.0 20.7 20.4 20.2 20.2 20.3 20.5 21.0 21.5 21.9 21.1 -9999.0 -9999.0 -9999.0 -9999.0 -9999.0 -9999.0 -9999.0 -9999.0 -9999.0 -9999.0 -9999.0 -9999.0 -9999.0 -9999.0 -9999.0 -9999.0 -9999.0 -9999.0 -9999.0 -9999.0 -9999.0 -9999.0 -9999.0 -9999.0 nan nan nan -9999.0 -9999.0 -9999.0 -9999.0 -9999.0
nan nan nan nan nan nan nan nan nan nan nan nan nan nan nan nan nan nan nan nan nan nan nan nan nan nan nan nan nan nan nan nan 21.9 22.2 22.4 22.7 nan nan nan nan 11.6 10.3 17.9 nan 20.8 21.8 21.7 21.4 21.0 20.8 20.6 20.5 20.5 20.8 21.3 21.9 22.4 21.3 -9999.0 -9999.0 -9999.0 -9999.0 -9999.0 -9999.0 -9999.0 -9999.0 -9999.0 -9999.0 -9999.0 -9999.0 -9999.0 -9999.0 -9999.0 -9999.0 -9999.0 -9999.0 -9999.0 -9999.0 -9999.0 -9999.0 nan nan nan nan nan nan nan nan -9999.0 -9999.0
nan nan nan nan nan nan nan nan nan nan nan nan nan nan nan nan nan nan nan nan nan nan nan nan nan nan nan nan nan nan nan nan nan 22.4 22.6 22.8 nan nan nan nan 15.2 11.6 15.1 12.8 nan 22.0 22.0 21.6 21.4 21.1 21.0 20.9 20.9 21.1 21.5 22.1 22.7 22.9 -9999.0 -9999.0 -9999.0 -9999.0 -9999.0 -9999.0 -9999.0 -9999.0 -9999.0 -9999.0 -9999.0 nan nan nan nan nan nan nan nan nan nan nan nan nan nan nan nan nan nan nan nan nan
nan nan nan nan nan nan nan nan nan nan nan nan nan nan nan nan nan nan nan nan nan nan nan nan nan nan nan nan nan nan nan nan nan 22.6 22.8 23.0 22.9 nan nan nan 20.4 12.6 13.9 19.4 nan nan 21.8 21.7 21.5 21.3 21.2 21.1 21.1 21.3 21.7 22.3 22.8 23.2 -9999.0 -9999.0 -9999.0 -9999.0 -9999.0 -9999.0 -9999.0 -9999.0 -9999.0 -9999.0 nan nan nan nan nan nan nan nan nan nan nan nan nan nan nan nan nan nan nan nan nan nan
