data/output/RUN203/ECOSPACE/ECOSPACE_in_PAR3/PAR-VarZ-VarK/PAR-VarZ-VarK_1994_08.asc
ncols        93
nrows        151 
xllcorner    -123.80739
yllcorner    48.29471 
cellsize     0.013497347 
NODATA_value  0.0
[rows 80 to 119 of 151, columns 0 to 89 of 93]
nan nan nan nan nan nan nan nan nan nan nan nan nan nan nan nan nan nan nan nan nan nan nan 31.8 29.4 31.1 33.3 32.5 31.3 30.3 29.4 28.5 27.6 26.8 26.2 25.6 25.1 24.6 24.2 23.8 23.3 22.8 22.2 21.6 21.0 20.4 20.0 19.6 19.3 19.0 18.7 18.4 18.0 17.7 nan nan nan nan nan nan nan nan nan nan nan nan 15.2 15.4 15.4 15.5 nan 15.2 15.2 15.3 15.4 15.5 15.4 15.2 15.2 15.4 15.8 16.0 15.9 nan nan nan nan nan nan nan
nan nan nan nan nan nan nan nan nan nan nan nan nan nan nan nan nan nan nan nan nan nan nan nan nan nan 33.5 33.0 32.0 31.0 30.0 29.0 28.1 27.2 26.5 25.9 25.3 24.7 24.2 23.7 23.2 22.6 22.0 21.3 20.7 20.1 19.7 19.4 19.1 18.9 18.7 18.5 18.1 17.8 17.2 nan nan nan nan nan nan nan nan nan nan nan 15.4 15.5 nan nan nan nan nan 15.4 15.5 15.7 nan 15.3 15.4 15.8 16.1 16.3 nan nan nan nan nan nan nan nan
nan nan nan nan nan nan nan nan nan nan nan nan nan nan nan nan nan nan nan nan nan nan nan nan nan nan nan 33.3 32.5 31.7 30.7 29.6 28.6 27.7 26.9 26.2 25.6 24.9 24.3 23.7 23.0 22.4 21.7 21.0 20.4 19.9 19.5 19.2 19.0 18.8 18.7 18.5 18.2 17.9 17.5 17.0 nan nan nan nan nan nan nan nan nan 15.4 15.6 nan nan nan nan nan nan 15.4 15.5 15.6 nan 15.6 15.9 16.2 16.4 nan nan nan nan nan nan nan nan nan
nan nan nan nan nan nan nan nan nan nan nan nan nan nan nan nan nan nan nan nan nan nan nan nan nan nan nan nan 31.0 32.1 31.6 30.5 29.4 28.3 27.4 26.6 25.8 25.1 24.3 23.6 22.9 22.1 21.4 20.7 20.1 19.6 19.2 19.0 18.8 18.7 18.6 18.5 18.3 18.0 17.6 17.2 16.8 nan nan nan nan nan nan nan nan 15.5 15.6 nan nan nan nan nan nan 15.4 15.6 15.7 16.0 16.4 16.4 16.4 nan nan nan nan nan nan nan nan nan nan
nan nan nan nan nan nan nan nan nan nan nan nan nan nan nan nan nan nan nan nan nan nan nan nan nan nan nan nan nan 15.1 32.5 31.5 30.2 29.1 28.0 27.1 26.1 25.3 24.4 23.6 22.8 22.0 21.2 20.5 19.9 19.5 19.1 18.8 18.7 18.5 18.5 18.4 18.3 18.1 17.8 17.4 17.0 16.7 nan nan nan nan nan nan 15.5 15.6 15.7 nan 15.8 15.8 15.8 nan nan 15.4 15.7 15.9 16.3 16.8 nan nan nan nan nan nan nan nan nan nan nan nan
nan nan nan nan nan nan nan nan nan nan nan nan nan nan nan nan nan nan nan nan nan nan nan nan nan nan nan nan nan nan 15.7 32.2 31.1 29.8 28.7 27.6 26.5 25.5 24.5 23.6 22.7 21.9 21.1 20.4 19.8 19.3 19.0 18.7 18.5 18.4 18.4 18.4 18.3 18.2 17.9 17.6 17.2 16.8 nan nan nan nan nan 15.6 15.7 15.7 15.8 15.9 15.9 15.8 15.8 10.6 nan 15.5 15.8 16.1 16.5 16.7 nan nan nan nan nan nan nan nan nan nan nan nan
nan nan nan nan nan nan nan nan nan nan nan nan nan nan nan nan nan nan nan nan nan nan nan nan nan nan nan nan nan nan nan 29.5 31.5 30.5 29.2 28.0 26.9 25.8 24.7 23.7 22.8 21.9 21.0 20.3 19.7 19.2 18.9 18.6 18.4 18.3 18.3 18.3 18.3 18.2 18.1 17.7 17.3 16.9 16.4 nan nan 15.9 16.0 15.9 15.9 15.9 16.0 16.0 15.9 15.9 15.8 nan nan 15.7 16.0 16.3 16.6 16.7 nan nan nan nan nan nan nan nan nan nan nan nan
nan nan nan nan nan nan nan nan nan nan nan nan nan nan nan nan nan nan nan nan nan nan nan nan nan nan nan nan nan nan nan nan 32.1 31.0 29.7 28.5 27.3 26.1 25.0 23.9 22.9 21.9 21.0 20.3 19.7 19.2 18.8 18.5 18.4 18.2 18.2 18.2 18.3 18.3 18.2 17.9 17.5 17.1 16.7 16.4 16.3 16.2 16.3 nan 16.0 16.1 16.2 16.2 16.1 16.0 15.9 15.8 15.9 16.1 16.2 16.5 16.6 nan nan nan nan nan nan nan nan nan nan nan nan nan
nan nan nan nan nan nan nan nan nan nan nan nan nan nan nan nan nan nan nan nan nan nan nan nan nan nan nan nan nan nan 31.0 31.7 32.0 31.2 30.1 29.0 27.9 26.7 25.4 24.2 23.1 22.0 21.1 20.3 19.7 19.2 18.8 18.5 18.3 18.2 18.2 18.2 18.3 18.3 18.2 18.1 17.8 17.5 17.1 16.8 16.6 16.5 16.4 16.4 16.4 16.5 16.5 16.6 16.5 16.4 16.2 16.0 16.1 16.2 16.5 16.6 16.7 nan nan nan nan nan nan nan nan nan nan nan nan nan
nan nan nan nan nan nan nan nan nan nan nan nan nan nan nan nan nan nan nan nan nan nan nan nan nan nan nan nan nan nan nan nan 31.6 31.1 30.4 29.5 28.6 27.4 26.0 24.6 23.3 22.1 21.1 20.3 19.7 19.2 18.7 18.4 18.2 18.1 18.1 18.2 18.3 18.3 18.3 18.1 18.0 17.7 17.4 17.1 16.9 16.8 16.7 16.7 16.7 16.7 16.7 nan nan nan 16.3 16.2 16.3 16.4 16.6 16.7 nan nan nan nan nan nan nan nan nan nan nan nan nan nan
nan nan nan nan nan nan nan nan nan nan nan nan nan nan nan nan nan nan nan nan nan nan nan nan nan nan nan nan nan nan 16.9 15.3 31.3 31.1 30.6 30.0 29.4 28.3 26.7 25.1 23.7 22.4 21.3 20.4 19.7 19.2 18.7 18.4 18.1 18.1 18.1 18.2 18.3 18.3 18.3 18.2 18.0 17.8 17.6 17.3 17.1 17.0 16.9 16.9 nan nan nan nan nan nan nan 16.4 16.4 16.5 16.6 16.7 nan nan nan nan nan nan nan nan nan nan nan nan nan nan
nan nan nan nan nan nan nan nan nan nan nan nan nan nan nan nan nan nan nan nan nan nan nan nan nan nan nan nan nan nan 16.2 30.9 31.2 31.1 30.7 16.9 29.9 28.9 27.1 25.5 24.1 22.7 21.5 20.5 19.8 19.2 18.7 18.4 18.1 18.1 18.1 18.1 18.2 18.3 18.3 18.2 18.1 17.9 17.7 17.5 17.3 17.1 17.0 nan nan nan nan nan nan 16.2 16.4 16.5 16.5 16.6 16.6 nan nan nan nan nan nan nan nan nan nan nan nan nan nan nan
nan nan nan nan nan nan nan nan nan nan nan nan nan nan nan nan nan nan nan nan nan nan nan nan nan nan nan nan nan nan 16.9 29.5 31.2 31.0 nan nan nan 28.2 27.3 25.9 24.4 23.0 21.7 20.7 19.9 19.2 18.7 18.4 18.2 18.1 18.1 18.2 18.2 18.3 18.3 18.3 18.2 18.0 17.9 17.6 17.4 17.2 17.1 nan nan nan nan nan 16.3 16.4 16.4 16.5 16.5 16.5 nan nan nan nan nan nan nan nan nan nan nan nan nan nan nan nan
nan nan nan nan nan nan nan nan nan nan nan nan nan nan nan nan nan nan nan nan nan nan nan nan nan nan nan nan nan nan 16.9 15.4 31.7 31.2 nan nan nan 25.8 27.5 26.3 24.9 23.4 22.0 20.9 20.0 19.4 18.8 18.5 18.2 18.1 18.1 18.2 18.3 18.4 18.4 18.4 18.3 18.2 18.0 17.8 17.6 17.4 17.2 16.8 16.6 nan 16.4 16.5 16.5 16.5 16.5 16.5 nan nan nan nan nan nan nan nan nan nan nan nan nan nan nan nan nan nan
nan nan nan nan nan nan nan nan nan nan nan nan nan nan nan nan nan nan nan nan nan nan nan nan nan nan nan nan nan nan nan nan 31.8 26.2 nan nan nan nan 27.3 26.8 25.7 24.0 22.5 21.2 20.3 19.5 19.0 18.6 18.4 18.3 18.2 18.3 18.4 18.5 18.5 18.5 18.5 18.4 18.3 18.1 17.9 17.7 17.4 17.1 17.0 16.9 16.8 16.7 16.6 16.6 16.5 nan nan nan nan nan nan nan nan nan nan nan nan nan nan nan nan nan nan nan
nan nan nan nan nan nan nan nan nan nan nan nan nan nan nan nan nan nan nan nan nan nan nan nan nan nan nan nan nan nan nan nan nan 24.8 13.0 nan nan nan 15.0 27.6 26.5 24.8 23.1 21.6 20.5 19.7 19.2 18.8 18.5 18.4 18.4 18.4 18.5 18.6 18.7 18.7 18.7 18.7 18.6 18.5 18.3 18.0 17.8 17.5 17.3 17.1 17.0 16.8 16.7 16.6 16.5 nan nan nan nan nan nan nan nan nan nan nan nan nan nan nan nan nan nan nan
nan nan nan nan nan nan nan nan nan nan nan nan nan nan nan nan nan nan nan nan nan nan nan nan nan nan nan nan nan nan nan nan nan nan 15.9 24.4 nan nan nan nan 26.9 25.5 23.5 22.0 20.9 20.0 19.4 19.0 18.7 18.6 18.5 18.6 18.7 18.8 18.9 19.0 19.0 19.0 19.0 18.9 18.7 18.5 18.2 18.0 17.7 17.4 17.2 17.0 16.8 16.6 16.5 16.4 nan nan nan nan nan nan nan nan nan nan nan nan nan nan nan nan nan nan
nan nan nan nan nan nan nan nan nan nan nan nan nan nan nan nan nan nan nan nan nan nan nan nan nan nan nan nan nan nan nan nan nan nan nan 18.4 16.5 nan nan nan nan 24.6 23.9 22.4 21.2 20.2 19.6 19.1 18.9 18.8 18.7 18.7 18.8 19.0 19.1 19.2 19.3 19.4 19.4 19.4 19.2 19.0 18.7 18.3 18.0 17.7 17.4 17.1 16.9 16.7 16.6 16.5 16.4 10.7 nan nan nan nan nan nan nan nan nan nan nan nan nan nan nan nan
nan nan nan nan nan nan nan nan nan nan nan nan nan nan nan nan nan nan nan nan nan nan nan nan nan nan nan nan nan nan nan nan nan nan 15.9 19.6 25.8 25.7 nan 16.4 nan 22.0 24.1 22.7 21.5 20.5 19.8 19.3 19.0 18.9 18.8 18.9 19.0 19.1 19.3 19.5 19.7 19.8 19.9 19.8 19.7 19.4 19.0 18.6 18.2 17.9 17.6 17.4 17.1 16.8 16.6 16.5 16.5 16.4 nan nan nan nan nan nan nan nan nan nan nan nan nan nan nan nan
nan nan nan nan nan nan nan nan nan nan nan nan nan nan nan nan nan nan nan nan nan nan nan nan nan nan nan nan nan nan nan nan nan nan 26.0 26.1 26.5 25.0 17.7 23.3 24.4 20.8 24.4 22.8 21.7 20.7 20.0 19.5 19.2 19.0 18.9 19.0 19.1 19.3 19.5 19.8 20.0 20.1 20.2 20.2 20.0 19.7 19.3 18.9 18.3 17.9 17.5 17.6 17.4 17.1 16.6 16.5 16.5 16.5 16.5 nan nan nan nan nan nan nan nan nan nan nan nan nan nan nan
nan nan nan nan nan nan nan nan nan nan nan nan nan nan nan nan nan nan nan nan nan nan nan nan nan nan nan nan nan nan nan nan nan nan 26.2 26.4 26.4 26.3 26.0 nan 24.8 23.9 24.3 23.0 21.8 20.8 20.1 19.6 19.3 19.1 19.0 19.1 19.2 19.4 19.7 20.0 20.2 20.5 20.5 20.5 20.3 20.0 -9999.0 -9999.0 -9999.0 -9999.0 -9999.0 -9999.0 -9999.0 11.7 16.7 16.6 16.6 16.5 16.5 nan nan nan nan nan nan nan nan nan nan nan nan nan nan -9999.0
nan nan nan nan nan nan nan nan nan nan nan nan nan nan nan nan nan nan nan nan nan nan nan nan nan nan nan nan nan nan nan nan nan nan 26.2 26.2 26.0 25.8 25.7 nan nan 25.2 24.2 23.1 22.0 21.0 20.3 19.8 19.5 19.3 19.2 19.3 19.4 19.6 19.9 20.2 20.5 20.8 20.9 20.8 20.6 -9999.0 -9999.0 -9999.0 -9999.0 -9999.0 -9999.0 -9999.0 -9999.0 nan 13.8 16.6 16.6 15.7 nan nan nan nan nan nan nan nan nan nan nan nan nan nan nan -9999.0
nan nan nan nan nan nan nan nan nan nan nan nan nan nan nan nan nan nan nan nan nan nan nan nan nan nan nan nan nan nan nan nan nan nan 25.9 25.7 25.6 25.6 26.1 nan 20.3 22.8 24.2 23.1 22.0 21.1 20.4 19.9 19.6 19.5 19.4 19.5 19.6 19.9 20.2 20.6 20.9 21.1 21.2 21.1 20.8 -9999.0 -9999.0 -9999.0 -9999.0 -9999.0 -9999.0 -9999.0 -9999.0 -9999.0 -9999.0 nan 11.3 11.3 nan nan nan nan nan nan nan nan nan nan nan nan nan nan nan -9999.0
nan nan nan nan nan nan nan nan nan nan nan nan nan nan nan nan nan nan nan nan nan nan nan nan nan nan nan nan nan nan nan nan nan nan 25.5 25.5 25.7 26.2 23.5 15.9 24.2 20.5 24.2 23.1 22.0 21.2 20.5 20.1 19.8 19.6 19.6 19.7 19.9 20.2 20.5 20.9 21.3 21.5 21.5 21.3 -9999.0 -9999.0 -9999.0 -9999.0 -9999.0 -9999.0 -9999.0 -9999.0 -9999.0 -9999.0 -9999.0 nan nan nan nan nan nan nan nan nan nan nan nan nan nan nan nan nan nan -9999.0
nan nan nan nan nan nan nan nan nan nan nan nan nan nan nan nan nan nan nan nan nan nan nan nan nan nan nan nan nan nan nan nan 24.6 25.2 25.6 25.9 26.4 27.2 27.6 27.1 nan 25.5 24.2 23.1 22.2 21.3 20.7 20.2 19.9 19.8 19.8 19.9 20.2 20.5 20.9 21.4 21.7 21.9 21.9 -9999.0 -9999.0 -9999.0 -9999.0 -9999.0 -9999.0 -9999.0 -9999.0 -9999.0 -9999.0 -9999.0 -9999.0 -9999.0 nan nan nan nan nan nan nan nan nan nan nan nan nan nan nan nan nan -9999.0
nan nan nan nan nan nan nan nan nan nan nan nan nan nan nan nan nan nan nan nan nan nan nan nan nan nan nan nan nan 16.8 nan nan 26.2 26.3 26.1 26.3 27.1 27.9 28.5 nan nan 24.9 24.2 23.4 22.4 21.6 20.9 20.4 20.1 20.0 20.0 20.2 20.4 20.8 21.3 21.8 22.3 22.5 22.4 -9999.0 -9999.0 -9999.0 -9999.0 -9999.0 -9999.0 -9999.0 -9999.0 -9999.0 -9999.0 -9999.0 -9999.0 -9999.0 -9999.0 -9999.0 nan nan nan nan nan nan nan nan nan nan nan nan nan nan nan -9999.0
nan nan nan nan nan nan nan nan nan nan nan nan nan nan nan nan nan nan nan nan nan nan nan nan nan nan nan nan nan 14.3 14.3 nan 26.6 26.9 25.0 23.4 26.5 27.6 27.8 27.2 nan 24.7 24.3 23.6 22.8 21.9 21.2 20.7 20.4 20.2 20.3 20.4 20.7 21.2 21.7 22.3 22.8 23.0 -9999.0 -9999.0 -9999.0 -9999.0 -9999.0 -9999.0 -9999.0 -9999.0 -9999.0 -9999.0 -9999.0 -9999.0 -9999.0 -9999.0 -9999.0 -9999.0 -9999.0 nan nan nan nan nan nan nan nan nan nan nan nan nan nan -9999.0
nan nan nan nan nan nan nan nan nan nan nan nan nan nan nan nan nan nan nan nan nan nan nan nan nan nan nan nan nan 15.0 26.9 26.9 27.1 27.3 27.6 nan 15.1 27.3 27.3 27.4 nan 24.5 24.9 24.1 23.2 22.3 21.5 21.0 20.6 20.5 20.5 20.7 21.1 21.6 22.2 22.9 23.5 23.7 -9999.0 -9999.0 -9999.0 -9999.0 -9999.0 -9999.0 -9999.0 -9999.0 -9999.0 -9999.0 -9999.0 -9999.0 -9999.0 -9999.0 -9999.0 -9999.0 -9999.0 -9999.0 nan nan nan nan nan nan nan nan nan nan nan nan nan -9999.0
nan nan nan nan nan nan nan nan nan nan nan nan nan nan nan nan nan nan nan nan nan nan nan nan nan nan nan nan nan nan 26.5 26.8 27.1 27.5 26.8 nan nan 27.1 27.3 28.0 nan 22.0 23.3 24.3 23.5 22.7 21.9 21.3 20.9 20.8 20.8 21.0 21.4 22.0 22.7 23.5 24.1 24.4 -9999.0 -9999.0 -9999.0 -9999.0 -9999.0 -9999.0 -9999.0 -9999.0 -9999.0 -9999.0 -9999.0 -9999.0 -9999.0 -9999.0 -9999.0 -9999.0 -9999.0 -9999.0 -9999.0 nan nan nan nan nan nan nan nan nan nan nan nan -9999.0
nan nan nan nan nan nan nan nan nan nan nan nan nan nan nan nan nan nan nan nan nan nan nan nan nan nan nan nan nan nan 23.9 26.8 27.1 27.5 24.3 nan 16.9 21.6 23.6 14.5 22.4 18.0 20.6 23.9 23.8 23.0 22.2 21.6 21.2 21.0 21.1 21.4 21.8 22.5 23.2 24.0 24.6 25.0 -9999.0 -9999.0 -9999.0 -9999.0 -9999.0 -9999.0 -9999.0 -9999.0 -9999.0 -9999.0 -9999.0 -9999.0 -9999.0 -9999.0 -9999.0 -9999.0 -9999.0 -9999.0 -9999.0 -9999.0 nan nan nan nan nan nan nan nan nan nan nan -9999.0
nan nan nan nan nan nan nan nan nan nan nan nan nan nan nan nan nan nan nan nan nan nan nan nan nan nan nan nan nan nan 24.4 26.2 27.1 27.4 26.6 16.9 nan 24.4 19.7 15.0 19.4 nan 25.2 25.1 24.3 23.4 22.6 21.9 21.5 21.3 21.4 21.7 22.2 22.9 23.7 24.5 24.9 20.7 -9999.0 -9999.0 -9999.0 -9999.0 -9999.0 -9999.0 -9999.0 -9999.0 -9999.0 -9999.0 -9999.0 -9999.0 -9999.0 -9999.0 -9999.0 -9999.0 -9999.0 -9999.0 -9999.0 -9999.0 -9999.0 -9999.0 nan nan nan nan nan nan nan nan nan -9999.0
nan nan nan nan nan nan nan nan nan nan nan nan nan nan nan nan nan nan nan nan nan nan nan nan nan nan nan nan nan nan nan 26.9 27.1 27.3 27.7 nan nan 19.1 19.5 18.7 nan nan 25.7 25.5 24.7 23.9 23.1 22.4 21.9 21.7 21.7 22.0 22.5 23.2 24.1 25.0 25.4 22.9 -9999.0 -9999.0 -9999.0 -9999.0 -9999.0 -9999.0 -9999.0 -9999.0 -9999.0 -9999.0 -9999.0 nan nan nan -9999.0 -9999.0 -9999.0 -9999.0 -9999.0 -9999.0 -9999.0 -9999.0 -9999.0 -9999.0 -9999.0 -9999.0 -9999.0 nan nan nan -9999.0 -9999.0
nan nan nan nan nan nan nan nan nan nan nan nan nan nan nan nan nan nan nan nan nan nan nan nan nan nan nan nan nan nan nan 26.5 27.0 27.4 27.9 nan 15.2 17.3 25.3 16.2 nan nan 25.9 25.7 25.1 24.3 23.5 22.8 22.3 22.0 22.0 22.3 22.8 23.5 24.5 25.5 26.1 23.8 -9999.0 -9999.0 -9999.0 -9999.0 -9999.0 -9999.0 -9999.0 -9999.0 -9999.0 -9999.0 -9999.0 nan nan nan nan nan -9999.0 -9999.0 -9999.0 -9999.0 -9999.0 -9999.0 -9999.0 -9999.0 -9999.0 -9999.0 -9999.0 -9999.0 -9999.0 -9999.0 -9999.0 -9999.0
nan nan nan nan nan nan nan nan nan nan nan nan nan nan nan nan nan nan nan nan nan nan nan nan nan nan nan nan nan nan nan 16.8 27.0 27.4 27.4 27.6 26.3 21.5 15.9 13.0 15.8 nan 25.9 26.0 25.4 24.8 24.0 23.3 22.7 22.4 22.3 22.5 23.0 23.8 24.7 25.8 27.0 25.6 -9999.0 -9999.0 -9999.0 -9999.0 -9999.0 -9999.0 -9999.0 -9999.0 -9999.0 -9999.0 -9999.0 -9999.0 -9999.0 -9999.0 -9999.0 -9999.0 -9999.0 -9999.0 -9999.0 -9999.0 -9999.0 -9999.0 -9999.0 -9999.0 -9999.0 -9999.0 -9999.0 -9999.0 -9999.0 -9999.0 -9999.0 -9999.0
nan nan nan nan nan nan nan nan nan nan nan nan nan nan nan nan nan nan nan nan nan nan nan nan nan nan nan nan nan nan nan 16.8 26.9 27.5 28.2 28.5 28.8 nan 17.5 20.5 12.7 nan 26.0 26.2 25.9 25.2 24.5 23.8 23.2 22.8 22.6 22.8 23.2 24.0 24.9 26.1 27.4 25.3 -9999.0 -9999.0 -9999.0 -9999.0 -9999.0 -9999.0 -9999.0 -9999.0 -9999.0 -9999.0 -9999.0 -9999.0 -9999.0 -9999.0 -9999.0 -9999.0 -9999.0 -9999.0 -9999.0 -9999.0 -9999.0 -9999.0 -9999.0 -9999.0 -9999.0 -9999.0 -9999.0 -9999.0 -9999.0 -9999.0 -9999.0 -9999.0
nan nan nan nan nan nan nan nan nan nan nan nan nan nan nan nan nan nan nan nan nan nan nan nan nan nan nan nan nan nan nan 16.8 24.4 27.5 28.4 28.9 29.0 nan nan 18.7 15.1 nan nan 26.4 26.2 25.6 25.1 24.3 23.7 23.2 23.0 23.1 23.5 24.2 25.1 26.3 27.4 23.4 -9999.0 -9999.0 -9999.0 -9999.0 -9999.0 -9999.0 -9999.0 -9999.0 -9999.0 -9999.0 -9999.0 -9999.0 -9999.0 -9999.0 -9999.0 -9999.0 -9999.0 -9999.0 -9999.0 -9999.0 -9999.0 -9999.0 -9999.0 -9999.0 -9999.0 -9999.0 -9999.0 -9999.0 -9999.0 -9999.0 -9999.0 -9999.0
nan nan nan nan nan nan nan nan nan nan nan nan nan nan nan nan nan nan nan nan nan nan nan nan nan nan nan nan nan nan nan nan 16.0 27.9 28.5 29.1 nan nan nan 20.3 14.6 17.0 nan nan 25.9 25.8 25.3 24.7 24.1 23.7 23.4 23.5 23.8 24.4 25.2 26.5 27.7 27.9 -9999.0 -9999.0 -9999.0 -9999.0 -9999.0 -9999.0 -9999.0 -9999.0 -9999.0 -9999.0 -9999.0 -9999.0 -9999.0 -9999.0 -9999.0 -9999.0 -9999.0 -9999.0 -9999.0 -9999.0 -9999.0 -9999.0 -9999.0 -9999.0 nan nan nan -9999.0 -9999.0 -9999.0 -9999.0 -9999.0
nan nan nan nan nan nan nan nan nan nan nan nan nan nan nan nan nan nan nan nan nan nan nan nan nan nan nan nan nan nan nan nan 27.2 28.0 28.6 29.2 nan nan nan nan 17.3 16.7 26.6 nan 25.4 26.1 25.8 25.3 24.8 24.2 23.9 23.9 24.1 24.6 25.5 26.6 27.9 29.0 -9999.0 -9999.0 -9999.0 -9999.0 -9999.0 -9999.0 -9999.0 -9999.0 -9999.0 -9999.0 -9999.0 -9999.0 -9999.0 -9999.0 -9999.0 -9999.0 -9999.0 -9999.0 -9999.0 -9999.0 -9999.0 -9999.0 nan nan nan nan nan nan nan nan -9999.0 -9999.0
nan nan nan nan nan nan nan nan nan nan nan nan nan nan nan nan nan nan nan nan nan nan nan nan nan nan nan nan nan nan nan nan nan 28.2 28.9 29.6 nan nan nan nan 21.7 19.6 24.1 19.0 nan 26.8 26.7 25.9 25.3 24.7 24.4 24.2 24.4 24.8 25.6 26.6 27.8 29.1 -9999.0 -9999.0 -9999.0 -9999.0 -9999.0 -9999.0 -9999.0 -9999.0 -9999.0 -9999.0 -9999.0 nan nan nan nan nan nan nan nan nan nan nan nan nan nan nan nan nan nan nan nan nan
nan nan nan nan nan nan nan nan nan nan nan nan nan nan nan nan nan nan nan nan nan nan nan nan nan nan nan nan nan nan nan nan nan 28.3 29.0 29.9 29.8 nan nan nan 27.3 20.6 22.2 27.4 nan nan 26.5 26.0 25.5 25.0 24.7 24.5 24.6 25.0 25.6 26.6 27.8 29.0 -9999.0 -9999.0 -9999.0 -9999.0 -9999.0 -9999.0 -9999.0 -9999.0 -9999.0 -9999.0 nan nan nan nan nan nan nan nan nan nan nan nan nan nan nan nan nan nan nan nan nan nan
